-0.0307307   -0.0283338     0
-0.0383035   -0.0507678     0
0.0693344   -0.0283003     1
0.0621095   -0.0507038     1
0.170904   -0.0296729     2
0.160832   -0.0516231     2
0.267617   -0.0275957     3
0.26187   -0.050414     3
0.368444   -0.0291698     4
0.359178   -0.0508047     4
0.468652   -0.0300483     5
0.45933   -0.0511711     5
-0.43276   -0.0295579     6
-0.440574   -0.0521585     6
-0.332319   -0.03025     7
-0.340412   -0.0522765     7
-0.228784   -0.0306104     8
-0.240774   -0.0510078     8
-0.130182   -0.028623     9
-0.138387   -0.0507851     9
0.0271666   0.0721648     10
0.0176323   0.0499227     10
0.126309   0.0704685     11
0.118483   0.0480993     11
0.22936   0.0704136     12
0.216684   0.0504424     12
0.329235   0.070925     13
0.318194   0.0500896     13
0.426093   0.0709808     14
0.418894   0.0483704     14
0.527118   0.0704781     15
0.51683   0.0488264     15
-0.37398   0.0698626     16
-0.383087   0.0483991     16
-0.273296   0.0694956     17
-0.283867   0.0488892     17
-0.173013   0.0698869     18
-0.185229   0.04946     18
-0.0728958   0.0716997     19
-0.0832336   0.0506433     19
0.0846181   0.171637     20
0.0760769   0.149745     20
0.184018   0.170767     21
0.175932   0.148132     21
0.283161   0.17181     22
0.277291   0.148923     22
0.38322   0.172472     23
0.377232   0.149212     23
0.483867   0.17076     24
0.475041   0.14834     24
-0.417959   0.171607     25
-0.423815   0.148781     25
-0.317769   0.171064     26
-0.323927   0.147588     26
-0.219636   0.17091     27
-0.224124   0.147068     27
-0.115161   0.170067     28
-0.127566   0.149698     28
-0.0147799   0.170764     29
-0.0262252   0.150546     29
0.125818   0.271504     30
0.13464   0.248806     30
0.225509   0.271886     31
0.231735   0.249103     31
0.324346   0.269938     32
0.334428   0.248622     32
0.424892   0.270871     33
0.434246   0.249041     33
0.524925   0.270652     34
0.533916   0.248726     34
0.624878   0.271492     35
-0.367216   0.248113     35
-0.275324   0.270224     36
-0.267985   0.24772     36
-0.177046   0.267478     37
-0.165316   0.247279     37
-0.0753272   0.26939     38
-0.064135   0.248999     38
0.0270556   0.271783     39
0.0338094   0.248778     39
0.166768   0.371733     40
0.177305   0.350686     40
0.267278   0.371266     41
0.27581   0.349097     41
0.366789   0.370109     42
0.376383   0.348353     42
0.46739   0.371603     43
0.476352   0.349659     43
0.565982   0.3702     44
0.576281   0.349229     44
0.666924   0.370399     45
-0.323622   0.348645     45
-0.23198   0.369469     46
-0.22304   0.347284     46
-0.131905   0.369401     47
-0.124799   0.346552     47
-0.0321992   0.369949     48
-0.0234256   0.347793     48
0.068267   0.371584     49
0.0775755   0.349502     49
0.211493   0.472668     50
0.218665   0.449482     50
0.310833   0.471     51
0.318792   0.44841     51
0.40974   0.471153     52
0.418697   0.44873     52
0.510326   0.471958     53
0.518515   0.450005     53
0.609792   0.470415     54
0.619432   0.44878     54
0.712567   0.47092     55
-0.283006   0.447103     55
-0.191664   0.468578     56
-0.181487   0.447122     56
-0.0902983   0.469787     57
-0.0823403   0.447821     57
0.00922015   0.470363     58
0.0202289   0.449438     58
0.111843   0.47268     59
0.118864   0.450041     59
-0.216405   -0.427741     60
-0.208346   -0.450517     60
-0.117144   -0.428313     61
-0.109168   -0.450847     61
-0.0181107   -0.429066     62
-0.010516   -0.451341     62
0.0810796   -0.430042     63
0.0921582   -0.45101     63
0.183403   -0.429354     64
0.191742   -0.451632     64
0.284371   -0.428744     65
-0.708864   -0.451307     65
-0.6177   -0.429654     66
-0.609311   -0.452326     66
-0.518519   -0.429425     67
-0.510243   -0.451597     67
-0.419611   -0.429331     68
-0.409036   -0.450123     68
-0.318251   -0.42888     69
-0.306314   -0.449357     69
-0.174576   -0.327649     70
-0.166678   -0.349618     70
-0.0740595   -0.327512     71
-0.065963   -0.34953     71
0.0247423   -0.329365     72
0.0333566   -0.351981     72
0.124753   -0.330392     73
0.133265   -0.352173     73
0.224633   -0.329979     74
0.235311   -0.351504     74
0.324764   -0.329124     75
0.334001   -0.351073     75
-0.57288   -0.329324     76
-0.569715   -0.352706     76
-0.475169   -0.328678     77
-0.468195   -0.351557     77
-0.375053   -0.3281     78
-0.368405   -0.351527     78
-0.277178   -0.329376     79
-0.266592   -0.350015     79
-0.130829   -0.227467     80
-0.125174   -0.250499     80
-0.0333967   -0.229092     81
-0.0236652   -0.251185     81
0.0664315   -0.229289     82
0.0765273   -0.251309     82
0.167065   -0.229248     83
0.175311   -0.251368     83
0.265851   -0.230555     84
0.275784   -0.252437     84
0.365871   -0.228142     85
0.375193   -0.250562     85
-0.535341   -0.229469     86
-0.523173   -0.24928     86
-0.432432   -0.228679     87
-0.424678   -0.251371     87
-0.334523   -0.229231     88
-0.321442   -0.249059     88
-0.228818   -0.228407     89
-0.225346   -0.25175     89
-0.0885738   -0.1284     90
-0.0806169   -0.151173     90
0.011498   -0.128385     91
0.0196146   -0.15049     91
0.111186   -0.128854     92
0.11834   -0.151559     92
0.212518   -0.127777     93
0.216511   -0.15159     93
0.309567   -0.128594     94
0.315712   -0.151448     94
0.407804   -0.129261     95
0.416995   -0.15093     95
-0.49125   -0.129481     96
-0.482269   -0.15118     96
-0.392472   -0.129615     97
-0.380489   -0.149536     97
-0.288805   -0.129263     98
-0.281638   -0.151806     98
-0.189135   -0.128008     99
-0.181082   -0.150024     99
