0.4848420195558783   0.016617716810773186  3.6053077110436286e-05     
0.9696840391117566   0.019574994897598632  3.9680536360593442e-05     
1.454526058667635   0.019490856043012325  4.0815187584107885e-05     
1.9393680782235132   0.025935565119544835  5.1020795840329795e-05     
2.4242100977793917   0.036413539388903947  7.0974840596889025e-05     
2.9090521173352699   0.056271400741163798  0.0001090870743456214     
3.3938941368911482   0.099657359080878781  0.00020051440832671546     
3.8787361564470264   0.27464321740169252  0.00052044010099802269     
4.3635781760029051   1.00501737014552  0.0019219533351957337     
4.8484201955587833   92.489208416460635  0.010884302996783274     
5.3332622151146616   2.4330362745254253  0.005523409012855471     
5.8181042346705398   0.71091896553346385  0.0014081601955558743     
6.3029462542264181   0.34055437314605383  0.00066498017264865258     
6.7877882737822963   0.28959573581564184  0.00051572593221421521     
7.2726302933381746   0.2879978234933998  0.00050064602608065437     
7.7574723128940528   0.33882936259896925  0.00057460805703013709     
8.2423143324499311   0.48324637921216427  0.00083039823487963762     
8.7271563520058102   1.0780107406210692  0.0016978770920773466     
9.2119983715616875   2.9831073218144673  0.004348852060416361     
9.6968403911175667   73.352334623837076  0.035581299877210313     
10.181682410673444   9.8493951551110424  0.022275887173069407     
10.666524430229323   2.1329252181850595  0.0037386400798975879     
11.151366449785201   0.86437708468384983  0.0013508999974961444     
11.63620846934108   0.68296167384720807  0.00093776954105661211     
12.121050488896957   0.6176826135515742  0.0008113340107794833     
12.605892508452836   0.66476070541774626  0.00081430773243251152     
13.090734528008714   0.87812865539224737  0.0010532756617259417     
13.575576547564593   1.7860783762037923  0.0018540982499659386     
14.06041856712047   4.0791168168293364  0.0031490907483948775     
14.545260586676349   50.147854452506666  0.05926105194304274     
15.030102606232226   22.24924393751453  0.048281951385849984     
15.514944625788106   3.5469054101242331  0.0046222819141683736     
15.999786645343985   1.2459238959329003  0.0010827920099302681     
16.484628664899862   0.96654308082809629  0.00067694351312143528     
16.969470684455739   0.81697435245206865  0.00050439547063202257     
17.45431270401162   0.82578363685346617  0.00037480588720601545     
17.939154723567498   1.0347794463703985  0.00041575385040310019     
18.423996743123375   1.9735789588573065  0.00053005209844777004     
18.908838762679252   3.7392907871157707  0.0024508397840959115     
19.393680782235133   29.528245562713139  0.071766352578024803     
19.878522801791011   38.091138759437199  0.075491666544322544     
20.363364821346888   4.1401058497889227  0.0028665025143956809     
20.848206840902765   1.2426638970296606  0.0010345255198542858     
21.333048860458646   0.98806004147335699  0.00049804751994711634     
21.817890880014524   0.77975760096071056  0.00050575559422085619     
22.302732899570401   0.7432659061816296  0.00068274502530961928     
22.787574919126278   0.88921774677104732  0.001035210020634335     
23.272416938682159   1.6099372095783307  0.0020553588448387615     
23.757258958238037   2.4578877157609446  0.0064552398917227367     
24.242100977793914   14.537201927494613  0.068284081510823386     
24.726942997349795   54.556188317391957  0.091201715591974534     
25.211785016905672   3.4919287709633568  0.0064191520164475143     
25.69662703646155   0.86236271695555302  0.0030051488118433142     
26.181469056017427   0.75243790279988827  0.0017449649409416132     
26.666311075573308   0.54398701476564458  0.0015189673209138031     
27.151153095129185   0.48231905732628934  0.0016098717245873491     
27.635995114685063   0.55064151236357584  0.002090438875399215     
28.12083713424094   0.95294340264463456  0.0035006030905803519     
28.605679153796821   1.0774564713071723  0.007398391563413231     
29.090521173352698   5.4105807461228586  0.049764460382482422     
29.575363192908576   67.807267157753326  0.083083004566345701     
30.060205212464453   1.9112691692920299  0.011720193310494924     
30.545047232020334   0.3694713146511028  0.0035555592146155769     
31.029889251576211   0.40270867488130375  0.0021723927950334756     
31.514731271132089   0.25629592717686791  0.0017898008624897769     
31.99957329068797   0.20196261507411336  0.0016777580091326988     
32.484415310243847   0.21837293268090129  0.0020253688005625992     
32.969257329799724   0.35977100237306721  0.0029258584717528856     
33.454099349355602   0.28261755195842876  0.0043636881659235212     
33.938941368911479   1.2759076057126624  0.024269448161644923     
34.423783388467356   74.077335209033419  0.047920746240754225     
34.908625408023241   0.57987259168509446  0.0098491524208088632     
35.393467427579118   0.17452501673379139  0.001844199775856568     
35.878309447134995   0.14520435610815436  0.0010990070766269033     
36.363151466690873   0.09439842664460381  0.0009897262980235323     
36.84799348624675   0.084396951486918778  0.001006347768913473     
37.332835505802628   0.078069407925620844  0.00084796827699908771     
37.817677525358505   0.10457808773633301  0.00079552051310559521     
38.302519544914382   0.34477553306779135  0.0034171848903505415     
38.787361564470267   0.74277147345879276  0.008727532290311748     
39.272203584026144   71.56180233538949  0.031439580891917904     
39.757045603582021   1.2716160189470189  0.016496428178535015     
40.241887623137899   0.60289272463472281  0.006337263724923667     
40.726729642693776   0.12841506315195902  0.0014516818553449657     
41.211571662249654   0.16489629836549204  0.0014883242811124408     
41.696413681805531   0.24287450041486363  0.0024945872124652414     
42.181255701361415   0.19358426579229031  0.0015070657970149514     
42.666097720917293   0.23700819927259682  0.0024846266949993708     
43.15093974047317   1.0455545642409431  0.0072338234556286726     
43.635781760029047   1.9485655030906128  0.014863751868346105     
44.120623779584925   61.464867288770592  0.087907343152592469     
44.605465799140802   5.5637443929885373  0.052604733278394571     
45.090307818696679   1.6355671159673857  0.012907592497926516     
45.575149838252557   0.33693497504780674  0.0034035867951709666     
46.059991857808441   0.43255900915497481  0.0028371869556590543     
46.544833877364319   0.64249030178713611  0.0043870745452774981     
47.029675896920196   0.46393747577437504  0.0025995392655336958     
47.514517916476073   0.57386209215175081  0.0038495938117794031     
47.999359936031951   1.8491144943449949  0.007877343696720857     
48.484201955587828   3.1097984367652506  0.013258769889229978     
