0.44102683529415743   14.049305916139063  0.012562658841713477
0.88205367058831485   3.2618343070658866  0.002392373885356069
1.3230805058824724   0.15801859203223335  0.00042754415155852716
1.7641073411766297   5.6875082165208411e-06  1.1203384177862862e-07
2.205134176470787   0.045906663337231007  0.00027173650513531783
2.6461610117649448   0.74056959697509199  0.0062269954391501068
3.0871878470591021   0.80380230506624453  0.0064625951600225172
3.5282146823532594   4.3572262188323717e-05  9.1716878289069842e-07
3.9692415176474167   0.033049904135047615  0.0001946574709112641
4.410268352941574   0.10602299720852412  0.00074201496996712104
4.8512951882357314   0.042444478244171711  0.00026706599520536375
5.2923220235298896   8.5739098511375735e-05  1.7599247628041909e-06
5.7333488588240469   0.70502312328904561  0.0055468351551173434
6.1743756941182042   0.70684174986108651  0.0060434805438645569
6.6154025294123615   0.05416125633990425  0.00028124001792453926
7.0564293647065188   9.9249927421325601e-05  1.8765059934917891e-06
7.4974562000006761   0.083931086548351157  0.00030956687406498093
7.9384830352948335   2.4382627365338184  0.0024829537049231976
8.3795098705889917   14.702718461166927  0.012395102973489195
8.8205367058831481   192.5600366028668  0.0027641371322538967
9.2615635411773063   12.164701220612331  0.011103114645964466
9.7025903764714627   3.952780506022168  0.0023496386798231401
10.143617211765621   0.26693113934216331  0.0005672340930297584
10.584644047059779   0.00022605048178817102  4.1104217768259001e-06
11.025670882353936   0.037523427138198701  0.00024609795103809996
11.466697717648094   0.72343938314015318  0.0057218661735817409
11.90772455294225   0.83846886046625664  0.006820692267864838
12.348751388236408   0.00064310800962370621  1.2839530389961059e-05
12.789778223530565   0.024946071322981439  0.00016236632932517177
13.230805058824723   0.10085048741139967  0.00067922266289690896
13.671831894118879   0.052102195554637468  0.00038327959621531973
14.112858729413038   0.00059817910110882516  1.0698400312921951e-05
14.553885564707196   0.56151286054482716  0.0042935633826933836
14.994912400001352   0.63134651387280584  0.0052455737400062307
15.43593923529551   0.062286557965407608  0.00029105342965635987
15.876966070589667   0.00059498952989529941  1.0528389571330724e-05
16.317992905883823   0.04042443303044198  0.00022626317490362636
16.759019741177983   1.6213437417470833  0.0024489388507931341
17.20004657647214   13.860852840403106  0.010541267894962298
17.641073411766296   171.45508768187952  0.010135144783212655
18.082100247060456   9.53289662401831  0.0086082105286860832
18.523127082354613   4.3817579755621172  0.0024655390927168269
18.964153917648769   0.4066477135927375  0.00070140476469456061
19.405180752942925   0.0010192393417034092  1.5004283121282308e-05
19.846207588237085   0.029332721623960489  0.00020969124627434055
20.287234423531242   0.6557672468557454  0.0046193355374822507
20.728261258825398   0.80364693487395948  0.0065037619985582608
21.169288094119558   0.0022575447568230005  4.1303019887826917e-05
21.610314929413715   0.018553449273621511  0.00015223384086771634
22.051341764707871   0.091812438985311898  0.00057044182289671156
22.492368600002028   0.060671959377428584  0.00052601525253978449
22.933395435296188   0.0017483469846541067  2.5251831950435413e-05
23.374422270590344   0.40101020422570924  0.0029620116666102755
23.8154491058845   0.52941220592534198  0.0040341608786047744
24.256475941178657   0.070640708460834981  0.00033803253757929278
24.697502776472817   0.0017194122885778202  2.8933634178984586e-05
25.138529611766973   0.018855080420415076  0.00017432954596324924
25.57955644706113   0.92839131921962496  0.0021835098617188552
26.02058328235529   11.58862883006227  0.0077549267367769518
26.461610117649446   140.09004916793982  0.019629992048624122
26.902636952943602   6.7085971564857953  0.0059072281133341421
27.343663788237759   4.461659025477227  0.0026757232891276246
27.784690623531919   0.56258559775178503  0.00079710068550931811
28.225717458826075   0.0031540101769272452  3.6455752189225383e-05
28.666744294120232   0.021813819199994875  0.0001736469412657186
29.107771129414392   0.54822941185194261  0.003198245566161712
29.548797964708548   0.70952536137235428  0.0055369514843502784
29.989824800002705   0.005193001095379076  8.6414502101454167e-05
30.430851635296861   0.013729064261682911  0.00014661238526559906
30.871878470591021   0.081052759024614425  0.00044441831340967246
31.312905305885177   0.067036197232660633  0.00066203281318773667
31.753932141179334   0.0039552002405898395  4.8635825708226393e-05
32.194958976473494   0.25167091401841865  0.0017822558430554425
32.635985811767647   0.41834729154946111  0.0026819717452215919
33.077012647061807   0.079812374249837471  0.00043550742354983998
33.518039482355967   0.0037417361758998883  5.9620790008051435e-05
33.95906631765012   0.010024045578565868  0.00014103156577228566
34.400093152944279   0.43177254890959322  0.0016816650172212647
34.841119988238439   8.3116982047720882  0.0058136956011554368
35.282146823532592   103.39330231169369  0.027962496090080786
35.723173658826752   4.1725877657756324  0.0037661470961368527
36.164200494120912   4.1710036588718529  0.0028226170568384317
36.605227329415065   0.71030909546107754  0.00082782061310108879
37.046254164709225   0.0078277412905716333  7.3882153637597882e-05
37.487281000003378   0.015403387294821887  0.00014235110532168177
37.928307835297538   0.42004719924189754  0.0019919694655187146
38.369334670591698   0.57890763723768819  0.0040920072137302213
38.810361505885851   0.0094699308749406417  0.00014435923369707171
39.251388341180011   0.010037742371486956  0.00013380620600015856
39.692415176474171   0.070798570530942011  0.00033333379213010206
40.133442011768324   0.07092977425181555  0.00075193508030370587
40.574468847062484   0.0076524886433997592  9.3646688293966239e-05
41.015495682356644   0.1344338424014487  0.00090267029807329334
41.456522517650797   0.31339114526523917  0.0014953307631111657
41.897549352944957   0.090350420643172306  0.00055550333095334536
42.338576188239117   0.0070313128239556962  0.00010228700296042466
42.779603023533269   0.0068162758233334479  0.00011408208534401214
43.220629858827429   0.15006198380935622  0.0010530349406141623
43.661656694121582   4.7529984127130019  0.0058384176789287768
44.102683529415742   66.870682355798023  0.032050078201246926
