0.24242100977793915   0.023282548999519211  8.4388066708564578e-05     
0.4848420195558783   0.023190702521958748  9.2943202948874227e-05     
0.72726302933381748   0.02307249754719074  7.4783962316857373e-05     
0.9696840391117566   0.023032984088587864  8.406514313933445e-05     
1.2121050488896958   0.023090388078873681  0.00011354773537052196     
1.454526058667635   0.02341127256635206  0.00016284529693130552     
1.6969470684455741   0.024195514672948872  0.0002298350135446752     
1.9393680782235132   0.025718689759005168  0.00030111255065127937     
2.1817890880014525   0.028476771998072139  0.00038811730640237878     
2.4242100977793917   0.033139866188128834  0.00048618027263904776     
2.6666311075573308   0.040906210747540171  0.00059331261477440357     
2.9090521173352699   0.053697656832797339  0.0007123429617105774     
3.151473127113209   0.075156333386291561  0.00084640918547958551     
3.3938941368911482   0.11203669059072755  0.00096092789719247398     
3.6363151466690873   0.17894972629224377  0.0010886327039183966     
3.8787361564470264   0.31101767902539861  0.0012856639830273346     
4.1211571662249655   0.60912864309898671  0.0017759272463832524     
4.3635781760029051   1.4735844692138942  0.0047972377184799127     
4.6059991857808438   5.759708226774809  0.014176489410039992     
4.8484201955587833   366.14290660251554  0.12594358759297778     
5.090841205336722   13.135374384353137  0.056138649748308695     
5.3332622151146616   3.0261724864102083  0.013005482515079972     
5.5756832248926003   1.3875353832428466  0.0046865039407936232     
5.8181042346705398   0.82595932983418696  0.0027831444779501845     
6.0605252444484785   0.56429700220714547  0.0022516589628390116     
6.3029462542264181   0.4222293580868056  0.0023174294789670885     
6.5453672640043568   0.33884993632218024  0.0026337525887503351     
6.7877882737822963   0.28919424417483296  0.0028975440888555577     
7.030209283560235   0.26300477504850343  0.0032728817291208626     
7.2726302933381746   0.25568689521218983  0.0036394485700013541     
7.5150513031161132   0.26761353311211505  0.0040123919486411032     
7.7574723128940528   0.30244059179758351  0.0044208661123862328     
7.9998933226719924   0.37039097190663835  0.0048375165396984511     
8.2423143324499311   0.49063324530416062  0.0051382111056503534     
8.4847353422278697   0.7056450745296185  0.0054768935344450943     
8.7271563520058102   1.1146117418682101  0.0059473364016647754     
8.9695773617837489   1.9882295205722827  0.0062371515315833862     
9.2119983715616875   4.333873821053955  0.010647995720835871     
9.4544193813396262   14.337165702576462  0.013904271847263269     
9.6968403911175667   279.03033632562747  0.39938634706118526     
9.9392614008955054   56.72354061362356  0.25391995432610256     
10.181682410673444   9.9899528502581752  0.040392375751243683     
10.424103420451383   4.1349919866353857  0.012580623597857188     
10.666524430229323   2.2998485963807891  0.0065095036929975629     
10.908945440007262   1.4863681878939504  0.0043721701398472274     
11.151366449785201   1.0572592699466574  0.0042289594169885306     
11.393787459563139   0.80729069224909475  0.0049049431139854646     
11.63620846934108   0.65401951345779424  0.0054476938926924002     
11.878629479119018   0.56223462406542112  0.0062581715038777757     
12.121050488896957   0.51409674478276202  0.0069446665889332789     
12.363471498674897   0.50410005129989729  0.0076442207300370989     
12.605892508452836   0.5331070509545568  0.0084153047143512565     
12.848313518230775   0.6128160088937436  0.0091528843721872458     
13.090734528008714   0.7659363339711029  0.0097839815324473545     
13.333155537786654   1.0458903692008529  0.010658775143907669     
13.575576547564593   1.5752457611721492  0.012056505102200611     
13.817997557342531   2.6751227436567766  0.013046893984506551     
14.06041856712047   5.4904194814177024  0.018765601850376487     
14.30283957689841   16.244443062243741  0.045484748547757286     
14.545260586676349   173.19925039704652  0.60154078331733276     
14.787681596454288   126.71389152738443  0.5436430944093626     
15.030102606232226   16.165874191518312  0.053042622806835791     
15.272523616010167   6.1400864799488094  0.013803400551860759     
15.514944625788106   3.2591009902555679  0.0056680179367275046     
15.757365635566044   2.0350692051794288  0.0028423009556960137     
15.999786645343985   1.4051198440472189  0.0035002013276627535     
16.242207655121923   1.0421047919051878  0.0048095814168487071     
16.484628664899862   0.81774458136866832  0.0057348010241477221     
16.727049674677801   0.67784876211844115  0.0068461056436293152     
16.969470684455739   0.59395832917197068  0.0076734283616328125     
17.211891694233678   0.55451996728299723  0.0085348321452516071     
17.45431270401162   0.5554901905906953  0.0094922556095969603     
17.696733713789559   0.6044958202401173  0.010382376953694939     
17.939154723567498   0.71656483201030048  0.011352015188297564     
18.181575733345436   0.93265453426944818  0.0128923034283172     
18.423996743123375   1.3445720452021706  0.015630374073406544     
18.666417752901314   2.1832850454605878  0.018775867013057708     
18.908838762679252   4.254416827441425  0.03126717126158564     
19.151259772457191   11.473554374583808  0.086769114810298171     
19.393680782235133   83.436141699875691  0.58751027662934292     
19.636101792013072   201.43168738494999  0.76068467565286278     
19.878522801791011   16.291971024340494  0.053234851429388906     
20.120943811568949   5.6422042631977501  0.017612222213169354     
20.363364821346888   2.8618921740963696  0.0067680196069907716     
20.605785831124827   1.7309330844368313  0.0044657548441236401     
20.848206840902765   1.1643892701251115  0.0044353497546131314     
21.090627850680708   0.84271464556792545  0.0045072237960844884     
21.333048860458646   0.64378432808480585  0.0049714716751478559     
21.575469870236585   0.51786224722114841  0.0055473621204014677     
21.817890880014524   0.43786870250818966  0.0060525443915596447     
22.060311889792462   0.39161803352957798  0.0066385160274911331     
22.302732899570401   0.37280264183395283  0.0073588126953324494     
22.54515390934834   0.38435038020409323  0.008036823372142485     
22.787574919126278   0.43043426805685689  0.0090041047963443784     
23.029995928904221   0.53098858442925953  0.010629108759902766     
23.272416938682159   0.7274008644315179  0.013740277218999758     
23.514837948460098   1.120330931300839  0.017420275237534683     
23.757258958238037   2.0677725545350882  0.031644079024448675     
23.999679968015975   5.1071548143533381  0.084197648502021147     
24.242100977793914   28.141143624303688  0.38869253327366372     
24.484521987571853   252.33480832268321  0.77003740933928849     
24.726942997349795   9.9457410788809289  0.085703329226933965     
24.969364007127734   3.0991339136232364  0.030850036668914621     
25.211785016905672   1.4949204681509199  0.013998423389038594     
25.454206026683611   0.87160025850804751  0.0090009897379633749     
25.69662703646155   0.57002958625581318  0.0069050677919054635     
25.939048046239488   0.40262821398376069  0.0051288894031062651     
26.181469056017427   0.29966033290294268  0.0044401469240353833     
26.423890065795366   0.23509740986844188  0.0040598922219628986     
26.666311075573308   0.19346437430229893  0.0039412482969511715     
26.908732085351247   0.16735650856911447  0.003907387890082505     
27.151153095129185   0.1524968226936635  0.0040843100107297072     
27.393574104907124   0.15022947494138113  0.0042787425660052499     
27.635995114685063   0.1589356895918753  0.0048455799939707796     
27.878416124463001   0.18540242375894177  0.0057519159679982965     
28.12083713424094   0.2384038737346878  0.0077242957053633609     
28.363258144018882   0.34290256121960965  0.0093896899465525456     
28.605679153796821   0.59474084097644038  0.017548462396197446     
28.84810016357476   1.3313423100209272  0.04399592458846306     
29.090521173352698   5.7240373968220826  0.15365002623703645     
29.332942183130637   260.24081445497155  0.64951700215376499     
29.575363192908576   3.3083688481917553  0.071867871857451886     
29.817784202686514   0.94484879985611567  0.023491720762003963     
30.060205212464453   0.44869342550963359  0.010280201713555682     
30.302626222242395   0.26188705414131242  0.005866894207219095     
30.545047232020334   0.17592082387884482  0.0042031296815408658     
30.787468241798273   0.12981434722413868  0.0025715245542732456     
31.029889251576211   0.10207138513572864  0.002018398049932639     
31.27231026135415   0.086271764858624884  0.0017583918942083825     
31.514731271132089   0.077442594151679935  0.001384854526445548     
31.757152280910027   0.072765841471740386  0.0011409300591778222     
31.99957329068797   0.071488723171567338  0.0010880994908285686     
32.241994300465905   0.075499587829697901  0.00093161176628625176     
32.484415310243847   0.084034910451099616  0.0012742806546795907     
32.726836320021782   0.10256334232051207  0.0013057921547135251     
32.969257329799724   0.13509883002374345  0.0016662954559040251     
33.211678339577666   0.20247595508282254  0.0020303321074620483     
33.454099349355602   0.35670665533452661  0.0018863459250508445     
33.696520359133544   0.79110270642821154  0.0088788117099044745     
33.938941368911479   2.8635494539367732  0.035315480077506156     
34.181362378689421   225.40299980782647  0.68410602604624067     
34.423783388467356   5.0175553589671779  0.077383352616095376     
34.666204398245299   1.3314338441573394  0.018653743636809046     
34.908625408023241   0.67440316163325387  0.0091194983351752603     
35.151046417801176   0.43378333862395161  0.0068546396309946171     
35.393467427579118   0.31953049020723718  0.0044052634731351982     
35.635888437357053   0.25560896129040947  0.0039406529202036449     
35.878309447134995   0.21741428410584756  0.0029059478387095996     
36.120730456912931   0.19405820693545915  0.0021287604737536476     
36.363151466690873   0.18068317532793109  0.0020948471854144295     
36.605572476468815   0.17368550484909262  0.0023058286609413621     
36.84799348624675   0.17365248364433959  0.0019751965484582952     
37.090414496024692   0.1817687660974076  0.0022226780405485101     
37.332835505802628   0.20122782391518278  0.0021538446989513909     
37.57525651558057   0.24120827332602724  0.0026439621048727173     
37.817677525358505   0.31530218110414999  0.0034964627575407045     
38.060098535136447   0.47070660448055907  0.0042103031425301997     
38.302519544914382   0.80705988355241317  0.0076380674414674092     
38.544940554692324   1.7442664670588265  0.018811409212624791     
38.787361564470267   5.880378589383927  0.061401477195503116     
39.029782574248202   165.08377355962446  0.83397896918081726     
39.272203584026144   19.316018194333418  0.31212965318459058     
39.514624593804079   4.0978758489105636  0.069219886165896095     
39.757045603582021   1.9104716481913174  0.029684692238650326     
39.999466613359957   1.1704865751069211  0.019293601529090831     
40.241887623137899   0.82563836077237998  0.012969756761539712     
40.484308632915841   0.63507776586299663  0.0097347192389496906     
40.726729642693776   0.52111372581587003  0.0069683796502423366     
40.969150652471718   0.44691169927455146  0.0050982763456852863     
41.211571662249654   0.39906631749289808  0.0046131789971168257     
41.453992672027596   0.36816779459444514  0.0042519522164120125     
41.696413681805531   0.35324283215615414  0.0032365825477798103     
41.938834691583473   0.35204529687567066  0.0035754353030205236     
42.181255701361415   0.37128014394360331  0.0031941004223372535     
42.42367671113935   0.42121008768084785  0.004113755932970254     
42.666097720917293   0.52297809928670525  0.0053027870719831221     
42.908518730695228   0.7381904608946547  0.0046630567679129064     
43.15093974047317   1.1918077403639716  0.0080184899567894279     
43.393360750251105   2.4156278562562429  0.019370626522090266     
43.635781760029047   7.3416361495972179  0.077116606881452713     
43.87820276980699   102.0310262534945  0.84809848705219717     
44.120623779584925   42.31496576035406  0.55914336272758906     
44.363044789362867   6.9893161055806825  0.10558269436451726     
44.605465799140802   3.0365880232062395  0.039938443762221193     
44.847886808918744   1.790867335402796  0.024694157057189279     
45.090307818696679   1.2281755365460155  0.016749719748507212     
45.332728828474622   0.92415854349316791  0.011444597831069727     
45.575149838252557   0.74422920555257945  0.0081601337579129289     
45.817570848030499   0.62566204480303373  0.0056588332719910816     
46.059991857808441   0.54767443136745275  0.0045821593209666504     
46.302412867586376   0.49485783506388376  0.0038293287292738095     
46.544833877364319   0.46406250156654242  0.002303459794752465     
46.787254887142254   0.44858907966835797  0.0028333764740290148     
47.029675896920196   0.45715849421109691  0.0023902170427788893     
47.272096906698131   0.49648140590790797  0.0037368869661954709     
47.514517916476073   0.58740837207666214  0.0053496438715543285     
47.756938926254016   0.78230982490450665  0.0064930047862311716     
47.999359936031951   1.1835280948320708  0.0092587467995757572     
48.241780945809893   2.2350337774628985  0.023139063453787895     
48.484201955587828   6.094062273760881  0.091523778801736277     
