0.23200314144828521   386.10367792106405  0.028324066709663855     
0.46400628289657042   8.0839567088697665  0.0072819545188275506     
0.69600942434485558   37.139191362456364  0.011245695627269891     
0.92801256579314084   8.1582673458267255  0.0056035163797496597     
1.1600157072414261   8.98494241201509  0.0093569101974733159     
1.3920188486897112   7.5273518401340021  0.012533217295241158     
1.6240219901379964   1.8697382006048606  0.0020570051252606497     
1.8560251315862817   5.9745094305617984  0.012926312717365056     
2.088028273034567   0.098481258359826349  0.00029147610624438181     
2.3200314144828522   3.968174751760065  0.015141194018666312     
2.5520345559311375   0.12486484218632271  0.00049520274484230231     
2.7840376973794223   2.1988924553649098  0.015272852550170299     
3.0160408388277076   0.50816550576259645  0.0041935885656240531     
3.2480439802759928   1.0131430794035311  0.010971215187688165     
3.4800471217242781   0.74701126418791249  0.0091535221500843247     
3.7120502631725634   0.3565755684664105  0.0062518909749050718     
3.9440534046208486   0.79126399698509222  0.015646570419856854     
4.1760565460691339   0.063773505515163594  0.0014526756262694692     
4.4080596875174187   0.68941546296957439  0.019497239066335425     
4.6400628289657044   0.011247388908102575  8.8000182747071623e-05     
4.8720659704139893   0.49678199354163839  0.02036560356489232     
5.104069111862275   0.077433049381004752  0.0028585673019483082     
5.3360722533105598   0.31272769767513567  0.017570936830717384     
5.5680753947588446   0.16470819918449073  0.009516517911155364     
5.8000785362071303   0.1843532361585277  0.011518318906787019     
6.0320816776554151   0.28953068044037308  0.018899595166536046     
6.2640848191037009   0.084243786386941248  0.0045725528814155554     
6.4960879605519857   0.53230311680138502  0.028410212068561706     
6.7280911020002714   0.014168455244626701  0.00031823752712433089     
6.9600942434485562   0.90365215274341752  0.035042771180253215     
7.1920973848968419   0.10519898323633417  0.0023778275482915427     
7.4241005263451267   1.3533917358468343  0.036068483426433592     
7.6561036677934116   0.71018207253024237  0.013330951057657773     
7.8881068092416973   1.8606929670571992  0.033174490833244171     
8.120109950689983   3.0995768006445443  0.040972111332870862     
8.3521130921382678   2.4343007607540938  0.022662554129944667     
8.5841162335865526   15.19574226034929  0.10818404060118072     
8.8161193750348374   1.9484991835272279  0.017562855927768544     
9.048122516483124   161.7524915919976  0.70823317410095789     
9.2801256579314089   389.84292238239719  1.4064799899856723     
9.5121287993796937   216.00081064575824  0.8049158491800546     
9.7441319408279785   6.3751742117847976  0.050509568017734565     
9.9761350822762633   24.138383080532281  0.054187605518198087     
10.20813822372455   7.6431766657403415  0.023491263716817117     
10.440141365172835   5.3224010570975878  0.020819597304380605     
10.67214450662112   6.8335642334745089  0.028412317450159502     
10.904147648069404   0.84247754280287559  0.0036170552180406963     
11.136150789517689   5.1514290335712575  0.02366667783048609     
11.368153930965976   0.030731101062983321  0.00013512543493398679     
11.600157072414261   3.4486127266336593  0.017248950618108628     
11.832160213862545   0.26254548959437773  0.0012220469086370358     
12.06416335531083   2.0841421268495469  0.010009452393335811     
12.296166496759117   0.70853385070388145  0.0032359138598277352     
12.528169638207402   1.0639273338482446  0.0053299451629403049     
12.760172779655687   1.0997759077542563  0.0053363884562908844     
12.992175921103971   0.38885857908096735  0.0017384711013387988     
13.224179062552256   1.2878254198424435  0.0055467883804628708     
13.456182204000543   0.092344227621900382  0.00026075356827725364     
13.688185345448828   1.2080879388407015  0.0055084912217002628     
13.920188486897112   0.11241219246309195  0.00048381168212773327     
14.152191628345397   0.91227243701600239  0.0028504082564599596     
14.384194769793684   0.26187580679094761  0.0014524952920976204     
14.616197911241969   0.57895921189942974  0.0032495543592752253     
14.848201052690253   0.41039960552757089  0.0018996517711857225     
15.080204194138538   0.30440627202232645  0.0023190733312984183     
15.312207335586823   0.50976396060154507  0.0053386486590583511     
15.54421047703511   0.13907873115750442  0.00074225726805273815     
15.776213618483395   0.5261203140431056  0.0083353900647942289     
16.008216759931681   0.089004370649777097  0.0003878062795836617     
16.240219901379966   0.46139348791688389  0.011133493726727604     
16.472223042828251   0.11193210921951044  0.0015960611159823179     
16.704226184276536   0.35797576685041413  0.0135434379742208     
16.93622932572482   0.2036521000663208  0.007514101706603294     
17.168232467173105   0.29722384272120445  0.013752428372499023     
17.40023560862139   0.61489544147647052  0.024737341733220036     
17.632238750069675   0.32138056291874618  0.012725376082922299     
17.86424189151796   3.8370482942207265  0.10520874425768509     
18.096245032966248   3.9004261653753553  0.073972799468720781     
18.328248174414533   9.1054061029696468  0.16948337748196453     
18.560251315862818   34.600376519203416  0.46614591763145665     
18.792254457311103   29.01421101998907  0.2980995111755581     
19.024257598759387   2.2735876991621455  0.026914739219147591     
19.256260740207672   3.6073366080432209  0.033706550974652442     
19.488263881655957   2.1619099003315555  0.023208509389920216     
19.720267023104242   0.83897199027163143  0.0090721321843416458     
19.952270164552527   1.7984271235967855  0.020809253006507656     
20.184273306000815   0.21614095922353576  0.0023725674235216984     
20.4162764474491   1.4496817708191809  0.0206180517198135     
20.648279588897385   0.11714783514783341  0.00041081640825660144     
20.88028273034567   1.1320558255155522  0.016702833015121701     
21.112285871793954   0.22253606533763977  0.0019128783281180112     
21.344289013242239   0.80097628048080038  0.011544889074927385     
21.576292154690524   0.45176376440258361  0.0056947053310589348     
21.808295296138809   0.46759445657942274  0.0061878798547615268     
22.040298437587094   0.67283634713983598  0.0089630193090262292     
22.272301579035378   0.24398380100716031  0.0020787664863747302     
22.504304720483667   0.7931006343710219  0.010764297781023756     
22.736307861931952   0.18458465927990749  0.00057474422877328721     
22.968311003380236   0.79891022397476843  0.011180732766384455     
23.200314144828521   0.28483367836354325  0.0013933615229826593     
23.432317286276806   0.71575417911740247  0.0084472511246665516     
23.664320427725091   0.42471143597113058  0.0032512869071645825     
23.896323569173376   0.57669323389874899  0.0057722593353269353     
24.128326710621661   0.55606419604036337  0.0049184782463872503     
24.360329852069945   0.42234633829632086  0.0031471298142245201     
24.592332993518234   0.65982961926587668  0.0070394421415607941     
24.824336134966519   0.29298596211678327  0.00070648776426617219     
25.056339276414803   0.69220999076600482  0.0073057291157196909     
25.288342417863088   0.25048872115800496  0.00078283706123936548     
25.520345559311373   0.64626220635831347  0.0063079541418857527     
25.752348700759658   0.30822557898198756  0.0015204741079442257     
25.984351842207943   0.53213763789022602  0.0035265048553912163     
26.216354983656228   0.45768164274200967  0.0023330607614058298     
26.448358125104512   0.45430780031076238  0.0035592361278213878     
26.680361266552801   0.7144650939440648  0.0071144596045434657     
26.912364408001086   0.53563227539464571  0.0045693236737063886     
27.14436754944937   1.6059031048871593  0.039101407251960993     
27.376370690897655   2.9120867145079017  0.039877761604150254     
27.60837383234594   4.3916564291953361  0.058111922532397507     
27.840376973794225   4.2037943898788706  0.064846180962608462     
28.07238011524251   2.7264901586389422  0.044632339784364628     
28.304383256690794   0.97096068284845695  0.01013388694032222     
28.536386398139079   0.90083341435667289  0.011140778174098311     
28.768389539587368   0.68297180256867197  0.0068476580654752594     
29.000392681035652   0.48307834047267522  0.0027432475524232941     
29.232395822483937   0.64369513444057667  0.007300397914347848     
29.464398963932222   0.31371548148103449  0.00088526020468290029     
29.696402105380507   0.62950492579363096  0.008388745545743973     
29.928405246828792   0.28736920463536803  0.00068149376497964891     
30.160408388277077   0.56933697994817217  0.0083571371080840054     
30.392411529725361   0.34674706797185979  0.0020603755164436882     
30.624414671173646   0.48409308816742836  0.0048349748578320954     
30.856417812621935   0.4505450801330772  0.0034283753935811041     
31.088420954070219   0.39708686376200586  0.0032217822135495291     
31.320424095518504   0.52612113506022393  0.0064054733140732289     
31.552427236966789   0.33456214496281125  0.0011800752254465197     
31.784430378415074   0.5996212209802977  0.0076287023590773893     
32.016433519863362   0.35341969012318439  0.0010161720116679653     
32.248436661311644   0.65845254788446337  0.0063960875168207482     
32.480439802759932   0.50657161583376763  0.001539167959591557     
32.712442944208213   0.69969072254352659  0.0087965424111527068     
32.944446085656502   0.64477553114969872  0.0051309046040559694     
33.176449227104783   0.68103979065320995  0.0043896243206871374     
33.408452368553071   0.71919246681852136  0.0050368962510696386     
33.640455510001352   0.60061923688589181  0.0030071690429535856     
33.872458651449641   0.7688714370716381  0.0090766796281619809     
34.104461792897929   0.51375549952201306  0.0015163472212365125     
34.33646493434621   0.79345589125930422  0.0097613005869836933     
34.568468075794499   0.50892444948039602  0.0022200854667499616     
34.80047121724278   0.7875802408137081  0.011951470494489225     
35.032474358691069   0.58180116797409972  0.0040251550639934418     
35.26447750013935   0.75916859586099532  0.00901599924491626     
35.496480641587638   0.75130521268823831  0.0085175111865202347     
35.728483783035919   0.73412183910890272  0.0077012848851137399     
35.960486924484208   1.2248705304398907  0.019413797981281463     
36.192490065932496   0.67288834993725696  0.0039230555946882044     
36.424493207380777   4.5487153208086293  0.071518521361039488     
36.656496348829066   6.7768702692034961  0.10374659411818139     
36.888499490277347   4.2309773457607305  0.061700593971328134     
37.120502631725635   4.195891008788514  0.055199765020120063     
37.352505773173917   3.3205766649310296  0.059798803456492488     
37.584508914622205   1.0945689372916453  0.0071073246488966824     
37.816512056070486   1.0339932410664794  0.010595360160331617     
38.048515197518775   0.83435179354062829  0.0080271686548554864     
38.280518338967063   0.63924872390356854  0.0019363354717508697     
38.512521480415344   0.73252536663696296  0.0036724827521302685     
38.744524621863633   0.53237721487316664  0.0015630558123770337     
38.976527763311914   0.67901144484254164  0.0036218228944953015     
39.208530904760202   0.5257160416826772  0.0014556089626617238     
39.440534046208484   0.63012856954851636  0.002165012083816211     
39.672537187656772   0.54644376482523257  0.0015152772419445994     
39.904540329105053   0.58819792815652258  0.0025125387472823493     
40.136543470553342   0.59648027359261427  0.0026985627136381816     
40.36854661200163   0.55165360671933098  0.0019589278124436545     
40.600549753449911   0.63276315228694573  0.0031019520468071797     
40.8325528948982   0.52151878381365814  0.0015185163546270432     
41.064556036346481   0.68437605933583934  0.0028384242891047758     
41.296559177794769   0.58002283356370595  0.0020032820585925122     
41.528562319243051   0.74493557790068371  0.0034059597949249003     
41.760565460691339   0.73905333543844621  0.0033570108222510644     
41.99256860213962   0.81114803144132994  0.0040125998381506733     
42.224571743587909   0.84175462337920508  0.0037041384493933297     
42.456574885036197   0.84251511664687152  0.0037085214954599307     
42.688578026484478   0.87428178449613919  0.0034603033552261247     
42.920581167932767   0.79528968214950707  0.0025527001532757951     
43.152584309381048   0.89786608653317819  0.00487083294979715     
43.384587450829336   0.74678312178571712  0.0021793985824858356     
43.616590592277618   0.91431918229725989  0.0057455811707747001     
43.848593733725906   0.7463791600604655  0.0024896497540690978     
44.080596875174187   0.92571417103212371  0.0075368526214640433     
44.312600016622476   0.80330939293306393  0.0031291694976479375     
44.544603158070757   0.91016983681921589  0.0069582944094322279     
44.776606299519045   1.0081704262298695  0.0095122221009106649     
45.008609440967334   0.87497738507260779  0.0055480160630135139     
45.240612582415615   1.6625560999807661  0.020361153629771981     
45.472615723863903   0.93132034851677594  0.0076567405502807816     
45.704618865312185   7.0951554803359956  0.092976899347853347     
45.936622006760473   14.780551398681317  0.12344544819477986     
46.168625148208754   8.551624330268754  0.05868440897998569     
46.400628289657043   2.0267589784750533  0.018599143733345482     
