1.086001   0.00026326530612244898   3.079311645647966e-05   
1.0860030000000001   0.00013673469387755102   2.6704471328422478e-05   
1.0860050000000001   0.00014285714285714286   2.7716392908113419e-05   
1.0860070000000002   0.00018571428571428571   2.9251700680272109e-05   
1.086009   0.00012653061224489796   2.0134215764556112e-05   
1.0860110000000001   0.00014285714285714286   1.6383121875907885e-05   
1.0860130000000001   0.00014693877551020408   1.7946810827582203e-05   
1.0860150000000002   0.00016530612244897959   2.2654184769179201e-05   
1.086017   0.00018571428571428571   2.861189230586815e-05   
1.0860190000000001   0.00016122448979591837   1.9108261095494067e-05   
1.0860210000000001   0.0001326530612244898   2.6911619652860521e-05   
1.0860230000000002   0.00013673469387755102   2.0191594666198408e-05   
1.086025   0.00012857142857142857   1.3622438363605977e-05   
1.0860270000000001   0.00015714285714285714   2.8547122800486104e-05   
1.0860290000000001   0.00012040816326530612   1.6509742992532785e-05   
1.086031   0.00014285714285714286   2.3169233150920274e-05   
1.086033   0.00015510204081632653   2.840899730315796e-05   
1.0860350000000001   0.00014489795918367347   2.2032836381907003e-05   
1.0860370000000001   0.00015510204081632653   2.3993458623875371e-05   
1.086039   0.00014081632653061224   1.3067600484556834e-05   
1.086041   0.00013061224489795918   2.1768707482993197e-05   
1.0860430000000001   0.00014285714285714286   2.3368114336486623e-05   
1.0860450000000001   0.00013061224489795918   1.8304250404181919e-05   
1.086047   0.00014693877551020408   1.60405797585736e-05   
1.086049   0.00015918367346938776   1.9192838067572632e-05   
1.0860510000000001   0.00018163265306122449   1.9821499706576143e-05   
1.0860530000000002   0.0001326530612244898   1.6453587241425612e-05   
1.086055   0.00012448979591836735   1.53476383301748e-05   
1.0860570000000001   0.0001326530612244898   3.4720544639931551e-05   
1.0860590000000001   0.00013673469387755102   3.2203538445019388e-05   
1.0860610000000002   0.00014081632653061224   1.5646258503401361e-05   
1.086063   0.0001326530612244898   1.8815396851618137e-05   
1.0860650000000001   0.00013877551020408163   2.189588699242324e-05   
1.0860670000000001   0.00011836734693877551   1.7687074829931973e-05   
1.0860690000000002   0.00011224489795918367   1.806247353381191e-05   
1.086071   0.00011224489795918367   2.6739107492562648e-05   
1.0860730000000001   0.0001326530612244898   2.8740993434391303e-05   
1.0860750000000001   0.00016530612244897959   1.7856332991029506e-05   
1.0860770000000002   0.00014693877551020408   2.1683506735386704e-05   
1.086079   0.00015306122448979592   2.0464774090464386e-05   
1.0860810000000001   0.00014489795918367347   2.2448979591836735e-05   
1.0860830000000001   0.00013469387755102041   2.9527257706409123e-05   
1.086085   0.0001   1.6227021009355868e-05   
1.086087   0.00013469387755102041   1.9527483121642617e-05   
1.0860890000000001   0.00011836734693877551   1.9903046038541216e-05   
1.0860910000000001   0.0001326530612244898   2.6739107492562648e-05   
1.086093   0.00015510204081632653   2.9839064216954162e-05   
1.086095   0.00014081632653061224   1.3757651983780057e-05   
1.0860970000000001   0.00016326530612244898   2.490204791526956e-05   
1.0860990000000001   0.00016938775510204082   3.2773304681485455e-05   
1.086101   9.7959183673469388e-05   2.0588770000573545e-05   
1.086103   0.00015918367346938776   1.5749437962979899e-05   
1.0861050000000001   0.00014081632653061224   3.5012542129136791e-05   
1.0861070000000002   0.00014489795918367347   2.9251700680272109e-05   
1.086109   0.00011224489795918367   1.369021210714157e-05   
1.086111   0.00017959183673469388   3.0086182840130586e-05   
1.0861130000000001   0.00011224489795918367   2.0912144420325711e-05   
1.0861150000000002   0.0001163265306122449   1.9253022718482865e-05   
1.086117   0.00014489795918367347   1.8113642116590949e-05   
1.0861190000000001   0.00012857142857142857   2.546254050641211e-05   
1.0861210000000001   0.00013061224489795918   1.4965986394557823e-05   
1.0861230000000002   0.00013877551020408163   1.8455319681973519e-05   
1.086125   0.0001326530612244898   2.5859289535711854e-05   
1.0861270000000001   0.00013673469387755102   2.0644885585705467e-05   
1.0861290000000001   0.00011020408163265306   1.4965986394557823e-05   
1.0861310000000002   0.00014693877551020408   2.3129251700680272e-05   
1.086133   0.00013673469387755102   1.5226550534421355e-05   
1.0861350000000001   0.00012653061224489796   1.2835348478988577e-05   
1.0861370000000001   0.00015102040816326531   2.2603058130389319e-05   
1.086139   0.00011224489795918367   1.8567815053001606e-05   
1.086141   0.00011428571428571429   2.2189804667074953e-05   
1.0861430000000001   0.00013061224489795918   1.8304250404181919e-05   
1.0861450000000001   0.00012857142857142857   1.2925170068027211e-05   
1.086147   0.00010204081632653061   1.5808095290642518e-05   
1.086149   0.00011020408163265306   8.7117336563712227e-06   
1.0861510000000001   0.00014693877551020408   2.9776964120053455e-05   
1.0861530000000001   0.00014693877551020408   1.6326530612244898e-05   
1.086155   0.00011224489795918367   2.4948463701894215e-05   
1.086157   0.0001326530612244898   2.708303297604678e-05   
1.0861590000000001   0.00010612244897959184   1.7687074829931973e-05   
1.0861610000000002   0.00013877551020408163   1.5150379218585094e-05   
1.086163   8.9795918367346939e-05   1.1053113475695184e-05   
1.086165   0.00012857142857142857   1.8517901481382584e-05   
1.0861670000000001   0.00012857142857142857   2.2366370371120539e-05   
1.0861690000000002   0.00012448979591836735   2.9093067728357955e-05   
1.086171   0.00014897959183673469   2.2978701706196648e-05   
1.0861730000000001   0.00015306122448979592   2.3417570718446946e-05   
1.0861750000000001   0.00010204081632653061   1.5512590817675347e-05   
1.0861770000000002   0.00013877551020408163   2.0812324545276673e-05   
1.086179   0.00010612244897959184   1.60405797585736e-05   
1.0861810000000001   9.7959183673469388e-05   1.2835348478988577e-05   
1.0861830000000001   0.00013469387755102041   2.0225943873902729e-05   
1.0861850000000002   0.00010612244897959184   1.8950188132223292e-05   
1.086187   0.00013061224489795918   1.9527483121642617e-05   
1.0861890000000001   9.1836734693877551e-05   2.1350142621054715e-05   
1.0861910000000001   0.00014489795918367347   3.2688472861861125e-05   
1.0861930000000002   0.00016530612244897959   2.8449692063029231e-05   
1.086195   0.00012653061224489796   1.7946810827582203e-05   
1.0861970000000001   0.00013469387755102041   1.6155567465357711e-05   
1.0861990000000001   0.00013469387755102041   2.3799803652429798e-05   
1.086201   9.1836734693877551e-05   1.4669291600576751e-05   
1.086203   0.0001326530612244898   1.8567815053001606e-05   
1.0862050000000001   0.00011224489795918367   2.1132278322461316e-05   
1.0862070000000001   0.00011428571428571429   1.4334222792996924e-05   
1.086209   9.3877551020408163e-05   8.7117336563712227e-06   
1.086211   0.00010612244897959184   1.319096559841178e-05   
1.0862130000000001   0.00012857142857142857   1.5527499606140581e-05   
1.0862150000000002   0.00013469387755102041   1.6155567465357711e-05   
1.086217   0.00010816326530612245   1.7223114151254643e-05   
1.086219   0.0001163265306122449   1.8766141801542479e-05   
1.0862210000000001   0.00014897959183673469   3.1914841104054151e-05   
1.0862230000000002   0.00010408163265306122   1.2339018467494595e-05   
1.086225   0.00012040816326530612   7.1022493257894899e-06   
1.0862270000000001   0.00011224489795918367   3.280153320065631e-05   
1.0862290000000001   9.7959183673469388e-05   2.0812324545276673e-05   
1.0862310000000002   0.0001163265306122449   1.0990132259458171e-05   
1.086233   0.00012244897959183673   2.3760883260643511e-05   
1.0862350000000001   0.00014081632653061224   1.341706321314015e-05   
1.0862370000000001   0.00010408163265306122   2.117603049833113e-05   
1.0862390000000002   0.00011020408163265306   1.2978764645128512e-05   
1.086241   0.00012040816326530612   1.6227021009355868e-05   
1.0862430000000001   0.0001326530612244898   2.0912144420325711e-05   
1.0862450000000001   0.00014897959183673469   2.6179430482848785e-05   
1.0862470000000002   0.00013061224489795918   2.0225943873902729e-05   
1.086249   0.00015714285714285714   2.4156844768115243e-05   
1.0862510000000001   0.00011020408163265306   1.4653509679277562e-05   
1.0862530000000001   0.00017959183673469388   2.3129251700680272e-05   
1.086255   0.00016530612244897959   2.4799627392596169e-05   
1.086257   8.7755102040816327e-05   1.2188076780387018e-05   
1.0862590000000001   0.00013469387755102041   2.3604559963125813e-05   
1.0862610000000001   0.00011224489795918367   2.438564398494547e-05   
1.086263   0.00012040816326530612   2.2654184769179201e-05   
1.086265   0.00014489795918367347   1.4090010324631278e-05   
1.0862670000000001   0.0001326530612244898   2.1132278322461316e-05   
1.0862690000000002   0.00012653061224489796   2.4489795918367347e-05   
1.086271   9.7959183673469388e-05   2.1683506735386704e-05   
1.086273   0.00018571428571428571   1.4414707551304143e-05   
1.0862750000000001   0.00010612244897959184   1.6326530612244898e-05   
1.0862770000000002   0.00011224489795918367   1.727676884244938e-05   
1.086279   0.0001163265306122449   1.611254324126124e-05   
1.0862810000000001   0.00014081632653061224   2.1821789023599238e-05   
1.0862830000000001   0.0001326530612244898   2.4003100359697075e-05   
1.0862850000000002   0.0001   1.4732250222930418e-05   
1.086287   0.00012857142857142857   2.0419497986127394e-05   
1.0862890000000001   0.00013673469387755102   1.6952293597791989e-05   
1.0862910000000001   0.00010408163265306122   1.3757651983780057e-05   
1.0862930000000002   0.0001326530612244898   2.7758103079051925e-05   
1.086295   0.0001163265306122449   1.3958016686179042e-05   
1.0862970000000001   8.163265306122449e-05   1.3260944686814917e-05   
1.0862990000000001   0.00013673469387755102   1.5226550534421355e-05   
1.0863010000000002   0.00012653061224489796   2.0588770000573545e-05   
1.086303   0.00011020408163265306   1.6439518331421186e-05   
1.0863050000000001   0.00014081632653061224   1.6509742992532785e-05   
1.0863070000000001   0.0001   2.3059117356024888e-05   
1.086309   9.3877551020408163e-05   1.8304250404181919e-05   
1.086311   0.00012857142857142857   2.2572326561955181e-05   
1.0863130000000001   0.0001326530612244898   2.5133269662464171e-05   
1.0863150000000001   0.0001326530612244898   1.9301035318518514e-05   
1.086317   0.00014081632653061224   1.7856332991029506e-05   
1.086319   0.00011224489795918367   1.4669291600576751e-05   
1.0863210000000001   0.00015102040816326531   2.9053274155187241e-05   
1.0863230000000001   0.00011428571428571429   2.1339302233140302e-05   
1.086325   8.9795918367346939e-05   1.4007660055764626e-05   
1.086327   0.00012653061224489796   2.6486969161811952e-05   
1.0863290000000001   0.00012857142857142857   1.9727891156462585e-05   
1.0863310000000002   0.00012653061224489796   2.3328473740792172e-05   
1.086333   0.00012040816326530612   1.9108261095494067e-05   
1.0863350000000001   8.3673469387755102e-05   1.2708531763448574e-05   
1.0863370000000001   0.00016326530612244898   2.4715513094673401e-05   
1.0863390000000002   9.5918367346938776e-05   1.5527499606140582e-05   
1.086341   0.00013877551020408163   1.9432458308960136e-05   
1.0863430000000001   0.00012653061224489796   1.420449865157898e-05   
1.0863450000000001   0.00011836734693877551   1.60405797585736e-05   
1.0863470000000002   7.3469387755102041e-05   1.261716802108259e-05   
1.086349   0.0001   1.3757651983780057e-05   
1.0863510000000001   0.00010408163265306122   2.6250042696020051e-05   
1.0863530000000001   0.00014489795918367347   3.4210315539265735e-05   
1.0863550000000002   0.00011224489795918367   2.1779334140928057e-05   
1.086357   0.0001163265306122449   1.0990132259458171e-05   
1.0863590000000001   9.3877551020408163e-05   2.067848184159274e-05   
1.0863610000000001   0.00010612244897959184   2.0812324545276673e-05   
1.086363   0.00012448979591836735   2.2032836381907003e-05   
1.086365   8.9795918367346939e-05   2.0453464460371304e-05   
1.0863670000000001   8.5714285714285714e-05   1.2469593727770993e-05   
1.0863690000000001   8.9795918367346939e-05   1.1053113475695184e-05   
1.086371   6.5306122448979592e-05   1.319096559841178e-05   
1.086373   4.6938775510204082e-05   9.6445216862298131e-06   
1.0863750000000001   8.5714285714285714e-05   1.4526637077593621e-05   
1.0863770000000001   9.5918367346938776e-05   1.8766141801542479e-05   
1.086379   9.3877551020408163e-05   9.716229154480068e-06   
1.086381   0.00010204081632653061   1.1383129612708511e-05   
1.0863830000000001   0.00012244897959183673   1.0538730193761679e-05   
1.0863850000000002   0.00013673469387755102   2.2158499965853511e-05   
1.086387   9.5918367346938776e-05   1.3958016686179042e-05   
1.086389   0.00010408163265306122   1.7061137692495854e-05   
1.0863910000000001   8.3673469387755102e-05   2.0283063286905543e-05   
1.0863930000000002   0.00012857142857142857   1.8266287866799391e-05   
1.086395   0.00013673469387755102   2.9970599689674407e-05   
1.0863970000000001   0.00010408163265306122   1.836734693877551e-05   
1.0863990000000001   6.9387755102040816e-05   1.1053113475695184e-05   
1.0864010000000002   0.00010204081632653061   1.0538730193761679e-05   
1.086403   9.3877551020408163e-05   1.671864724822382e-05   
1.0864050000000001   0.00012040816326530612   2.8286561750056858e-05   
1.0864070000000001   0.0001326530612244898   2.1779334140928057e-05   
1.0864090000000002   0.0001163265306122449   1.5527499606140581e-05   
1.086411   8.5714285714285714e-05   7.326754839638781e-06   
1.0864130000000001   0.00010816326530612245   1.7489741676438695e-05   
1.0864150000000001   0.0001326530612244898   2.7924320750712642e-05   
1.086417   0.00011224489795918367   1.6453587241425612e-05   
1.086419   0.00011428571428571429   2.8081316245646657e-05   
1.0864210000000001   6.7346938775510204e-05   1.2925170068027211e-05   
1.0864230000000001   0.00010816326530612245   1.6677075744396276e-05   
1.086425   9.3877551020408163e-05   1.4653509679277562e-05   
1.086427   9.7959183673469388e-05   2.272556882787764e-05   
1.0864290000000001   0.0001   1.7061137692495854e-05   
1.0864310000000001   7.5510204081632653e-05   1.8517901481382584e-05   
1.086433   9.1836734693877551e-05   1.7006802721088435e-05   
1.086435   0.00011836734693877551   1.3874883030184449e-05   
1.0864370000000001   0.00014081632653061224   2.3457060747709752e-05   
1.0864390000000002   0.00012653061224489796   1.7155809813494546e-05   
1.086441   0.00012857142857142857   1.611254324126124e-05   
1.086443   0.00010204081632653061   1.4904015170208602e-05   
1.0864450000000001   0.00010408163265306122   1.1958092402208807e-05   
1.0864470000000002   0.00010612244897959184   1.7423467312742445e-05   
1.086449   0.00014693877551020408   1.870439059165649e-05   
1.0864510000000001   0.0001326530612244898   1.2635493619732456e-05   
1.0864530000000001   0.0001   2.0956356191495732e-05   
1.0864550000000002   0.00010408163265306122   1.4414707551304143e-05   
1.086457   0.00010204081632653061   1.7476506909748475e-05   
1.0864590000000001   0.00012653061224489796   2.5778633090471315e-05   
1.0864610000000001   0.00012040816326530612   1.7595261437248385e-05   
1.0864630000000002   8.163265306122449e-05   1.3605442176870748e-05   
1.086465   0.00012857142857142857   2.1522846285110714e-05   
1.0864670000000001   0.00012857142857142857   3.4156163838457666e-05   
1.0864690000000001   0.0001   1.8864523297771493e-05   
1.0864710000000002   7.9591836734693878e-05   2.0956356191495732e-05   
1.086473   7.9591836734693878e-05   1.7595261437248385e-05   
1.0864750000000001   0.00011836734693877551   2.8668445585993847e-05   
1.0864770000000001   0.00010408163265306122   1.7330257418853057e-05   
1.086479   0.00010408163265306122   1.2708531763448574e-05   
1.086481   0.00012448979591836735   1.7595261437248385e-05   
1.0864830000000001   9.7959183673469388e-05   1.2835348478988577e-05   
1.0864850000000001   7.5510204081632653e-05   1.0990132259458171e-05   
1.086487   0.00010204081632653061   1.9480028657518848e-05   
1.086489   0.00013061224489795918   1.9289043372459626e-05   
1.0864910000000001   0.0001326530612244898   2.953509298788083e-05   
1.0864930000000002   0.00011020408163265306   1.2978764645128512e-05   
1.086495   0.00012040816326530612   1.4090010324631278e-05   
1.086497   0.00013061224489795918   1.6993191832376594e-05   
1.0864990000000001   0.00011836734693877551   2.2521014091492311e-05   
1.0865010000000002   0.00011224489795918367   2.0689668470402108e-05   
1.086503   0.00010816326530612245   2.3378013982910997e-05   
1.0865050000000001   0.00013877551020408163   2.1252380070494298e-05   
1.0865070000000001   0.00011428571428571429   1.8049658723022584e-05   
1.0865090000000002   8.3673469387755102e-05   1.4414707551304143e-05   
1.086511   0.00012244897959183673   1.8505402052701283e-05   
1.0865130000000001   6.1224489795918367e-05   1.4590211285392664e-05   
1.0865150000000001   8.9795918367346939e-05   1.6155567465357711e-05   
1.0865170000000002   0.0001   1.2708531763448574e-05   
1.086519   7.9591836734693878e-05   1.7856332991029506e-05   
1.0865210000000001   0.0001163265306122449   2.1522846285110714e-05   
1.0865230000000001   0.00012857142857142857   2.0644885585705467e-05   
1.0865250000000002   9.1836734693877551e-05   1.4669291600576751e-05   
1.086527   0.00011020408163265306   1.7263370803332681e-05   
1.0865290000000001   8.163265306122449e-05   1.5211346785712855e-05   
1.0865310000000001   0.00010816326530612245   1.5226550534421355e-05   
1.086533   4.6938775510204082e-05   1.1403438513088578e-05   
1.086535   6.7346938775510204e-05   1.0560663058680288e-05   
1.0865370000000001   8.163265306122449e-05   1.2543597901078758e-05   
1.0865390000000001   0.00011020408163265306   2.0225943873902729e-05   
1.086541   7.9591836734693878e-05   1.0734512815006463e-05   
1.086543   8.5714285714285714e-05   1.9432458308960136e-05   
1.0865450000000001   0.00011836734693877551   1.130152906519466e-05   
1.0865470000000002   9.7959183673469388e-05   2.0588770000573545e-05   
1.086549   8.7755102040816327e-05   1.4919532108477081e-05   
1.086551   0.00011836734693877551   1.0884353741496599e-05   
1.0865530000000001   0.00011020408163265306   1.4965986394557823e-05   
1.0865550000000002   0.00010612244897959184   2.0588770000573545e-05   
1.086557   0.00011224489795918367   1.9774750821426712e-05   
1.0865590000000001   8.7755102040816327e-05   1.8011159584862213e-05   
1.0865610000000001   0.00011836734693877551   1.130152906519466e-05   
1.0865630000000002   0.00011428571428571429   2.3209145726846232e-05   
1.086565   8.9795918367346939e-05   1.7263370803332681e-05   
1.0865670000000001   7.3469387755102041e-05   1.4007660055764626e-05   
1.0865690000000001   8.163265306122449e-05   2.0180131937675273e-05   
1.0865710000000002   8.9795918367346939e-05   1.7263370803332681e-05   
1.086573   8.7755102040816327e-05   1.7223114151254643e-05   
1.0865750000000001   0.00014081632653061224   2.3457060747709752e-05   
1.0865770000000001   0.0001   1.4414707551304143e-05   
1.0865790000000002   7.1428571428571429e-05   1.2996580390845442e-05   
1.086581   0.00010204081632653061   1.7476506909748475e-05   
1.0865830000000001   7.9591836734693878e-05   1.836734693877551e-05   
1.0865850000000001   0.00010408163265306122   1.3067600484556834e-05   
1.086587   9.7959183673469388e-05   1.9669159584763211e-05   
1.086589   7.9591836734693878e-05   1.5043091420065293e-05   
1.0865910000000001   7.9591836734693878e-05   1.4414707551304143e-05   
1.0865930000000001   9.5918367346938776e-05   1.8517901481382584e-05   
1.086595   9.3877551020408163e-05   1.8304250404181919e-05   
1.086597   7.1428571428571429e-05   1.8567815053001606e-05   
1.0865990000000001   8.3673469387755102e-05   2.3457060747709752e-05   
1.0866010000000002   7.7551020408163265e-05   1.2469593727770993e-05   
1.086603   0.0001163265306122449   1.1403438513088578e-05   
1.086605   9.1836734693877551e-05   1.8567815053001606e-05   
1.0866070000000001   0.00011020408163265306   1.3330556423309813e-05   
1.0866090000000002   8.9795918367346939e-05   9.2276598409867594e-06   
1.086611   7.9591836734693878e-05   1.7330257418853057e-05   
1.0866130000000001   8.9795918367346939e-05   1.261716802108259e-05   
1.0866150000000001   8.7755102040816327e-05   1.5527499606140582e-05   
1.0866170000000002   8.7755102040816327e-05   1.0560663058680288e-05   
1.086619   6.7346938775510204e-05   1.4919532108477081e-05   
1.0866210000000001   0.00012653061224489796   3.5970895418781729e-05   
1.0866230000000001   9.5918367346938776e-05   2.1522846285110714e-05   
1.0866250000000002   9.7959183673469388e-05   1.9432458308960136e-05   
1.086627   7.5510204081632653e-05   1.3622438363605977e-05   
1.0866290000000001   8.3673469387755102e-05   9.8345797923816056e-06   
1.0866310000000001   0.00011428571428571429   2.3604559963125813e-05   
1.0866330000000002   0.00010204081632653061   1.2169077428570284e-05   
1.086635   7.9591836734693878e-05   1.6227021009355868e-05   
1.0866370000000001   0.0001   1.7856332991029506e-05   
1.0866390000000001   0.0001   1.836734693877551e-05   
1.086641   6.9387755102040816e-05   9.716229154480068e-06   
1.086643   9.1836734693877551e-05   1.6453587241425612e-05   
1.0866450000000001   7.5510204081632653e-05   1.5527499606140582e-05   
1.0866470000000001   6.326530612244898e-05   1.0734512815006463e-05   
1.086649   0.00010204081632653061   1.6383121875907885e-05   
1.086651   5.9183673469387755e-05   1.2708531763448574e-05   
1.0866530000000001   6.9387755102040816e-05   1.4965986394557823e-05   
1.0866550000000001   9.5918367346938776e-05   1.6677075744396276e-05   
1.086657   0.0001   2.1608680509208967e-05   
1.086659   8.163265306122449e-05   1.8753807825973091e-05   
1.0866610000000001   8.9795918367346939e-05   1.671864724822382e-05   
1.0866630000000002   7.5510204081632653e-05   1.6677075744396276e-05   
1.086665   9.1836734693877551e-05   1.2635493619732456e-05   
1.086667   8.9795918367346939e-05   1.4965986394557823e-05   
1.0866690000000001   9.1836734693877551e-05   2.3219113150851717e-05   
1.0866710000000002   8.9795918367346939e-05   1.8049658723022584e-05   
1.086673   7.7551020408163265e-05   1.60405797585736e-05   
1.0866750000000001   0.0001   1.341706321314015e-05   
1.0866770000000001   0.0001   1.7595261437248385e-05   
1.0866790000000002   7.7551020408163265e-05   1.6326530612244898e-05   
1.086681   8.5714285714285714e-05   1.5749437962979899e-05   
1.0866830000000001   5.5102040816326531e-05   1.0990132259458171e-05   
1.0866850000000001   7.7551020408163265e-05   1.3874883030184449e-05   
1.0866870000000002   5.5102040816326531e-05   7.4829931972789116e-06   
1.086689   7.9591836734693878e-05   1.6509742992532785e-05   
1.0866910000000001   9.7959183673469388e-05   2.467803693498919e-05   
1.0866930000000001   7.3469387755102041e-05   1.3330556423309813e-05   
1.086695   8.7755102040816327e-05   2.1522846285110714e-05   
1.086697   7.3469387755102041e-05   1.9527483121642617e-05   
1.0866990000000001   8.9795918367346939e-05   2.1768707482993197e-05   
1.0867010000000001   8.9795918367346939e-05   1.6439518331421186e-05   
1.086703   6.7346938775510204e-05   1.2188076780387018e-05   
1.086705   9.3877551020408163e-05   1.3673300164790327e-05   
1.0867070000000001   8.5714285714285714e-05   7.9332678841432659e-06   
1.0867090000000001   8.5714285714285714e-05   1.7687074829931973e-05   
1.086711   0.00010612244897959184   1.2469593727770993e-05   
1.086713   5.3061224489795918e-05   1.5572140329604894e-05   
1.0867150000000001   4.8979591836734694e-05   6.9374415150922243e-06   
1.0867170000000002   8.5714285714285714e-05   2.4300096734002383e-05   
1.086719   8.163265306122449e-05   1.0538730193761679e-05   
1.086721   8.3673469387755102e-05   8.8435374149659864e-06   
1.0867230000000001   7.9591836734693878e-05   9.8345797923816056e-06   
1.0867250000000002   7.1428571428571429e-05   1.1484314976961995e-05   
1.086727   6.5306122448979592e-05   8.4965959161882969e-06   
1.0867290000000001   8.3673469387755102e-05   1.4732250222930419e-05   
1.0867310000000001   7.9591836734693878e-05   1.7330257418853057e-05   
1.0867330000000002   6.7346938775510204e-05   6.8366500823951634e-06   
1.086735   7.9591836734693878e-05   1.0294385000286773e-05   
1.0867370000000001   8.9795918367346939e-05   1.5866535768286532e-05   
1.0867390000000001   8.163265306122449e-05   1.6938638908828207e-05   
1.0867410000000002   7.7551020408163265e-05   1.9903046038541216e-05   
1.086743   0.00012857142857142857   2.8056585887484735e-05   
1.0867450000000001   8.5714285714285714e-05   2.189588699242324e-05   
1.0867470000000001   8.163265306122449e-05   1.7476506909748475e-05   
1.0867490000000002   6.7346938775510204e-05   1.3958016686179042e-05   
1.086751   7.3469387755102041e-05   1.4007660055764626e-05   
1.0867530000000001   6.5306122448979592e-05   1.7687074829931973e-05   
1.0867550000000001   7.9591836734693878e-05   2.1821789023599238e-05   
1.086757   3.8775510204081633e-05   1.5043091420065293e-05   
1.086759   7.1428571428571429e-05   1.1074027616394358e-05   
1.0867610000000001   6.1224489795918367e-05   1.6098176280543173e-05   
1.0867630000000001   8.9795918367346939e-05   1.6439518331421186e-05   
1.086765   7.9591836734693878e-05   1.0294385000286773e-05   
1.086767   8.9795918367346939e-05   1.7529386022755273e-05   
1.0867690000000001   9.1836734693877551e-05   1.4669291600576751e-05   
1.0867710000000002   7.1428571428571429e-05   1.806247353381191e-05   
1.086773   6.5306122448979592e-05   2.272556882787764e-05   
1.086775   0.00010204081632653061   2.6868595453240135e-05   
1.0867770000000001   8.7755102040816327e-05   1.2562030824911148e-05   
1.0867790000000002   5.9183673469387755e-05   1.2339018467494595e-05   
1.086781   5.5102040816326531e-05   1.1802279981562906e-05   
1.0867830000000001   7.5510204081632653e-05   1.4919532108477081e-05   
1.0867850000000001   7.3469387755102041e-05   1.671864724822382e-05   
1.0867870000000002   8.3673469387755102e-05   1.7061137692495854e-05   
1.086789   8.7755102040816327e-05   1.8766141801542479e-05   
1.0867910000000001   7.9591836734693878e-05   1.9348928780037948e-05   
1.0867930000000001   4.6938775510204082e-05   1.0112971936951364e-05   
1.0867950000000002   9.3877551020408163e-05   2.1121326117360577e-05   
1.086797   6.7346938775510204e-05   1.6952293597791989e-05   
1.0867990000000001   6.9387755102040816e-05   1.6993191832376594e-05   
1.0868010000000001   4.2857142857142857e-05   1.2708531763448574e-05   
1.0868030000000002   6.7346938775510204e-05   1.3278381833974922e-05   
1.086805   5.7142857142857143e-05   1.1703843900738268e-05   
1.0868070000000001   7.9591836734693878e-05   1.5043091420065293e-05   
1.0868090000000001   6.7346938775510204e-05   1.2562030824911148e-05   
1.086811   7.3469387755102041e-05   1.4007660055764626e-05   
1.086813   6.1224489795918367e-05   1.4590211285392664e-05   
1.0868150000000001   8.3673469387755102e-05   1.5646258503401361e-05   
1.0868170000000001   7.3469387755102041e-05   1.6993191832376594e-05   
1.086819   0.00011020408163265306   1.6155567465357711e-05   
1.086821   7.1428571428571429e-05   9.2527010263506417e-06   
1.0868230000000001   8.5714285714285714e-05   1.2092781520157264e-05   
1.0868250000000002   8.7755102040816327e-05   1.7223114151254643e-05   
1.086827   0.00010408163265306122   2.4233351198036566e-05   
1.086829   8.7755102040816327e-05   1.9491903104618235e-05   
1.0868310000000001   7.7551020408163265e-05   1.319096559841178e-05   
1.0868330000000002   9.1836734693877551e-05   1.5287214322615124e-05   
1.086835   6.1224489795918367e-05   1.0969058160950408e-05   
1.0868370000000001   7.9591836734693878e-05   7.1022493257894899e-06   
1.0868390000000001   7.3469387755102041e-05   1.2244897959183673e-05   
1.0868410000000002   7.1428571428571429e-05   8.7382534548742374e-06   
1.086843   7.5510204081632653e-05   9.1521252020909594e-06   
1.0868450000000001   6.1224489795918367e-05   1.1782658554890322e-05   
1.0868470000000001   7.3469387755102041e-05   1.7263370803332681e-05   
1.0868490000000002   7.1428571428571429e-05   1.9301035318518514e-05   
1.086851   6.5306122448979592e-05   1.0450538432474297e-05   
1.0868530000000001   7.1428571428571429e-05   1.9539328729721186e-05   
1.0868550000000001   7.3469387755102041e-05   1.9763046321542789e-05   
1.0868570000000002   7.7551020408163265e-05   1.9669159584763211e-05   
1.086859   6.9387755102040816e-05   1.5572140329604894e-05   
1.0868610000000001   4.8979591836734694e-05   1.0181380644282834e-05   
1.0868630000000001   8.5714285714285714e-05   1.319096559841178e-05   
1.086865   4.6938775510204082e-05   8.0777837326788553e-06   
1.086867   8.5714285714285714e-05   1.420449865157898e-05   
1.0868690000000001   0.00010204081632653061   1.9716158838352978e-05   
1.0868710000000001   8.3673469387755102e-05   1.5043091420065293e-05   
1.086873   7.1428571428571429e-05   1.2635493619732456e-05   
1.086875   7.5510204081632653e-05   1.4919532108477081e-05   
1.0868770000000001   5.9183673469387755e-05   2.2032836381907003e-05   
1.0868790000000002   5.7142857142857143e-05   8.4965959161882969e-06   
1.086881   6.5306122448979592e-05   1.4526637077593621e-05   
1.086883   7.7551020408163265e-05   1.130152906519466e-05   
1.0868850000000001   9.7959183673469388e-05   1.420449865157898e-05   
1.0868870000000002   7.7551020408163265e-05   1.8202841034366873e-05   
1.086889   8.5714285714285714e-05   1.9669159584763211e-05   
1.0868910000000001   7.9591836734693878e-05   1.4090010324631278e-05   
1.0868930000000001   8.3673469387755102e-05   1.836734693877551e-05   
1.0868950000000002   4.4897959183673469e-05   1.2835348478988577e-05   
1.086897   6.5306122448979592e-05   1.3874883030184449e-05   
1.0868990000000001   6.9387755102040816e-05   1.2244897959183673e-05   
1.0869010000000001   9.3877551020408163e-05   1.7529386022755273e-05   
1.0869030000000002   5.9183673469387755e-05   1.5043091420065293e-05   
1.086905   5.1020408163265306e-05   1.4024168794617893e-05   
1.0869070000000001   4.8979591836734694e-05   1.0626190035247149e-05   
1.0869090000000001   6.5306122448979592e-05   1.0884353741496599e-05   
1.0869110000000002   5.7142857142857143e-05   1.1703843900738268e-05   
1.086913   6.326530612244898e-05   1.5939285052870723e-05   
1.0869150000000001   6.326530612244898e-05   8.3037793304310904e-06   
1.0869170000000001   6.5306122448979592e-05   1.7687074829931973e-05   
1.086919   9.1836734693877551e-05   1.3347902632890193e-05   
1.086921   9.3877551020408163e-05   2.3993458623875371e-05   
1.0869230000000001   5.7142857142857143e-05   9.5238095238095238e-06   
1.0869250000000001   5.9183673469387755e-05   1.5646258503401361e-05   
1.086927   5.7142857142857143e-05   1.5150379218585094e-05   
1.086929   7.1428571428571429e-05   9.7400143287594239e-06   
1.0869310000000001   6.326530612244898e-05   1.7856332991029506e-05   
1.0869330000000001   5.7142857142857143e-05   1.2092781520157264e-05   
1.086935   8.3673469387755102e-05   1.4732250222930419e-05   
1.086937   8.163265306122449e-05   1.8998966045944138e-05   
1.0869390000000001   7.7551020408163265e-05   3.6860454922840997e-05   
1.0869410000000002   6.1224489795918367e-05   1.1383129612708511e-05   
1.086943   5.7142857142857143e-05   2.1469025630012925e-05   
1.0869450000000001   6.326530612244898e-05   1.7330257418853057e-05   
1.0869470000000001   6.1224489795918367e-05   1.7739326272660269e-05   
1.0869490000000002   8.163265306122449e-05   1.2169077428570284e-05   
1.086951   5.5102040816326531e-05   1.2925170068027211e-05   
1.0869530000000001   5.5102040816326531e-05   1.0990132259458171e-05   
1.0869550000000001   5.1020408163265306e-05   1.1074027616394358e-05   
1.0869570000000002   8.7755102040816327e-05   1.6397239174413537e-05   
1.086959   6.9387755102040816e-05   1.6155567465357711e-05   
1.0869610000000001   8.5714285714285714e-05   2.3129251700680272e-05   
1.0869630000000001   0.00010612244897959184   1.5150379218585094e-05   
1.0869650000000002   7.1428571428571429e-05   1.2635493619732456e-05   
1.086967   7.9591836734693878e-05   2.2857547777430534e-05   
1.0869690000000001   7.9591836734693878e-05   1.9108261095494067e-05   
1.0869710000000001   5.1020408163265306e-05   1.4669291600576751e-05   
1.086973   5.1020408163265306e-05   1.1074027616394358e-05   
1.086975   6.326530612244898e-05   1.1958092402208807e-05   
1.0869770000000001   6.9387755102040816e-05   1.5272070966424251e-05   
1.0869790000000001   6.1224489795918367e-05   1.2543597901078758e-05   
1.086981   7.5510204081632653e-05   1.3622438363605977e-05   
1.086983   6.5306122448979592e-05   1.2092781520157264e-05   
1.0869850000000001   7.1428571428571429e-05   1.0647942749998999e-05   
1.0869870000000001   6.1224489795918367e-05   1.0538730193761679e-05   
1.086989   8.163265306122449e-05   1.8505402052701283e-05   
1.086991   6.5306122448979592e-05   1.5452811825306867e-05   
1.0869930000000001   5.9183673469387755e-05   9.8345797923816056e-06   
1.0869950000000002   7.9591836734693878e-05   1.2339018467494595e-05   
1.086997   6.1224489795918367e-05   1.2543597901078758e-05   
1.086999   5.3061224489795918e-05   1.2978764645128512e-05   
