0.24242100977793915   0.046303203732022684  0.00017323232777297088     
0.4848420195558783   0.04539338504022376  0.00020019209302622622     
0.72726302933381748   0.04386401553093979  0.00017658450417096032     
0.9696840391117566   0.041783048210598778  0.00016943636261142228     
1.2121050488896958   0.039016974417131018  0.00016412762126537379     
1.454526058667635   0.03558725812227785  0.00014160751205885406     
1.6969470684455741   0.031442412215717854  0.00012799348224542889     
1.9393680782235132   0.026636842882141584  0.00011791286134105618     
2.1817890880014525   0.021194242700286536  8.6544173308871248e-05     
2.4242100977793917   0.015271252193610018  6.4302084677444174e-05     
2.6666311075573308   0.0092008447821791741  3.6897008753720089e-05     
2.9090521173352699   0.003745380125063004  1.3880560549764242e-05     
3.151473127113209   0.00069551986867930743  2.1330306803666577e-06     
3.3938941368911482   0.004026937310497317  1.3001749688309725e-05     
3.6363151466690873   0.023408948312230295  7.511503247133943e-05     
3.8787361564470264   0.084992064301887425  0.00029278638963375291     
4.1211571662249655   0.27195462228760713  0.00091282914428338652     
4.3635781760029051   0.94409210486492441  0.0035486584232290866     
4.6059991857808438   4.8803187581912996  0.013251162789975728     
4.8484201955587833   390.05652517928888  0.14115847418322273     
5.090841205336722   16.95806083398783  0.070934945794468947     
5.3332622151146616   4.6185091219502528  0.020306185258439767     
5.5756832248926003   2.456125722291124  0.0095531233899730595     
5.8181042346705398   1.6651399393405015  0.0063431570356077482     
6.0605252444484785   1.2756735208416105  0.0050384640127489551     
6.3029462542264181   1.0509521211751438  0.0037952666657898497     
6.5453672640043568   0.90679117532743139  0.0034095327521336285     
6.7877882737822963   0.80784017500320103  0.0031080360802754154     
7.030209283560235   0.73676370537043504  0.0026473004890202118     
7.2726302933381746   0.68233791053065105  0.0024684275254300348     
7.5150513031161132   0.63915633289292649  0.0022114470784139767     
7.7574723128940528   0.60237166207075064  0.0021676518160485387     
7.9998933226719924   0.57035969907510093  0.0019929172525039257     
8.2423143324499311   0.53830046509772331  0.0017385022705908893     
8.4847353422278697   0.50327815476814817  0.0017849930043074844     
8.7271563520058102   0.45988683636739053  0.0013921887784296826     
8.9695773617837489   0.39763763269548087  0.0014454124045589068     
9.2119983715616875   0.2919302397342416  0.0011443991224958878     
9.4544193813396262   0.097995572814198563  0.0004017201691102379     
9.6968403911175667   2.3012017053858468  0.0073454052557311283     
9.9392614008955054   3.6961358553861494  0.014146507006212625     
10.181682410673444   1.7401364830964456  0.0064211153848693243     
10.424103420451383   1.3874203878138797  0.004168519628711509     
10.666524430229323   1.2620498798579367  0.0033657494112518109     
10.908945440007262   1.2179433621263527  0.0035655132709984837     
11.151366449785201   1.2152977028730541  0.0030020506045656272     
11.393787459563139   1.2388613637851349  0.0032508912045911518     
11.63620846934108   1.2843011203675195  0.0032090730491007966     
11.878629479119018   1.3545090683039811  0.0031741349495357751     
12.121050488896957   1.4468502181067928  0.0030965501085922788     
12.363471498674897   1.5721962507000283  0.0032484863944958535     
12.605892508452836   1.7386600935742329  0.0037539145842232159     
12.848313518230775   1.9685190039561336  0.0032987083614906249     
13.090734528008714   2.2906505974064111  0.0037409403258647491     
13.333155537786654   2.7672583791397529  0.0048592253984105941     
13.575576547564593   3.5353874355146054  0.0047523121670054085     
13.817997557342531   4.9175473966595115  0.0079288600035031767     
14.06041856712047   7.9802559952224714  0.0087555468373518161     
14.30283957689841   18.086652298822172  0.030213988812953716     
14.545260586676349   141.78893533499221  0.41922060514680682     
14.787681596454288   72.274106511022117  0.30654808700923868     
15.030102606232226   5.9510836750764348  0.018537575166080798     
15.272523616010167   1.2833241939143559  0.0033609411699227643     
15.514944625788106   0.30966746990885101  0.0010381476442162194     
15.757365635566044   0.056819867348864102  0.0001900883680366263     
15.999786645343985   0.020390586163073813  4.1609348043137728e-05     
16.242207655121923   0.067383501436042562  0.00015597132953034905     
16.484628664899862   0.15509468292891322  0.00018480895917206746     
16.727049674677801   0.27246119098471906  0.00048594423515429687     
16.969470684455739   0.41547283636269093  0.00078443105180131802     
17.211891694233678   0.59530384396205114  0.00089428062696664084     
17.45431270401162   0.82417461707465904  0.0015280935062711759     
17.696733713789559   1.1309802265119505  0.0026786404640567244     
17.939154723567498   1.5624258371661914  0.0035724600601229481     
18.181575733345436   2.2087851511861963  0.0057844230099685614     
18.423996743123375   3.2800962764612219  0.010677788143468626     
18.666417752901314   5.2689314848150749  0.01549453035773303     
18.908838762679252   9.8505735469391817  0.029902671650355885     
19.151259772457191   24.946630084708822  0.14780596025025842     
19.393680782235133   167.55714516241686  1.076126187280753     
19.636101792013072   368.01024788574495  1.3084140417367155     
19.878522801791011   26.82191133895179  0.087326076426191358     
20.120943811568949   8.2528914479902594  0.029685919816608459     
20.363364821346888   3.6621472321116334  0.012141339828620253     
20.605785831124827   1.8992713334706397  0.0074089633884988382     
20.848206840902765   1.0617893964708725  0.0047092096169767421     
21.090627850680708   0.61288184452816599  0.002457554568041926     
21.333048860458646   0.35327838404233535  0.0014976582379012433     
21.575469870236585   0.19618787939285709  0.00090857948552974227     
21.817890880014524   0.10316413031664141  0.00035861729415380085     
22.060311889792462   0.052010440727643779  0.00022935242886511711     
22.302732899570401   0.035125663634126634  8.7573160761352664e-05     
22.54515390934834   0.051697155585319862  0.00027367909463292165     
22.787574919126278   0.10927920581669972  0.00052817006109448355     
23.029995928904221   0.22917479768493012  0.0018889619138278048     
23.272416938682159   0.46602140576616034  0.0045134793119101512     
23.514837948460098   0.95354268412275526  0.0085350396409867365     
23.757258958238037   2.170960169224043  0.021511295621963624     
23.999679968015975   6.2218234918534867  0.090232303939006696     
24.242100977793914   38.351829923380368  0.49818776915136452     
24.484521987571853   373.38865962816923  1.0126890778611386     
24.726942997349795   15.76497373711595  0.14579393077953428     
24.969364007127734   5.1785889116131755  0.058047472043657776     
25.211785016905672   2.6019380400907337  0.030155937505004312     
25.454206026683611   1.5712275009887585  0.019518293930048878     
25.69662703646155   1.0509159618841496  0.01498132984540949     
25.939048046239488   0.75025907479152174  0.0099997704724735709     
26.181469056017427   0.55862648590240445  0.0080033830925904011     
26.423890065795366   0.42894559235182945  0.0066373815190004719     
26.666311075573308   0.33643547995789197  0.0052181735020379943     
26.908732085351247   0.26723162747991297  0.0046478743023117139     
27.151153095129185   0.2139117965379895  0.0033511975162333092     
27.393574104907124   0.17186134977333532  0.0027692299603798012     
27.635995114685063   0.13679448134260407  0.0024269948791729456     
27.878416124463001   0.10814987219121259  0.0014646712265576653     
28.12083713424094   0.083865411644429079  0.0010393168949483893     
28.363258144018882   0.065874918050299444  0.00056278954647203373     
28.605679153796821   0.057375630848995977  0.00018690665407635324     
28.84810016357476   0.093902879156089199  0.0010064386339776464     
29.090521173352698   0.57110901172565036  0.012496846139716336     
29.332942183130637   46.858498497631409  0.08770675511908959     
29.575363192908576   0.98467891308133254  0.02469776288525617     
29.817784202686514   0.41660327041326651  0.01230325398020056     
30.060205212464453   0.2713837767578834  0.0080107685159514764     
30.302626222242395   0.20658123931894  0.0055448569699607494     
30.545047232020334   0.17107556332526321  0.0049812923367217468     
30.787468241798273   0.14968404596554924  0.0035914951612399425     
31.029889251576211   0.13502954438381618  0.0034005168481876187     
31.27231026135415   0.12674753266298382  0.0030281338277904773     
31.514731271132089   0.12245447346743562  0.0025838551256696938     
31.757152280910027   0.12054922264034674  0.0025474270067406856     
31.99957329068797   0.12339876870002353  0.0021443860172241164     
32.241994300465905   0.12840348266828665  0.0018316391379246912     
32.484415310243847   0.14029401202578005  0.001801923537734399     
32.726836320021782   0.15862454835375814  0.0018086441522441404     
32.969257329799724   0.1880662659621306  0.0022640548211572776     
33.211678339577666   0.2412388053236839  0.0015397965795470406     
33.454099349355602   0.3440604505926082  0.0035437811507543185     
33.696520359133544   0.58477178439632858  0.0057993500511854208     
33.938941368911479   1.541416067881953  0.020165707345545375     
34.181362378689421   80.864584678350143  0.26598578599380217     
34.423783388467356   1.2015451746859202  0.015580677177503335     
34.666204398245299   0.26199412365299682  0.0014057741372990149     
34.908625408023241   0.1319651747697375  0.00040400411512982977     
35.151046417801176   0.100273791266368  0.00036128262720735879     
35.393467427579118   0.095691775209056561  0.00039159531271811802     
35.635888437357053   0.10218608029773432  0.00054308046372243983     
35.878309447134995   0.11540670431891899  0.00076120858714616024     
36.120730456912931   0.13439272163295848  0.0011111744918117331     
36.363151466690873   0.16160317568167052  0.0016811381721203422     
36.605572476468815   0.19409452629543172  0.0020875379556417145     
36.84799348624675   0.24229334147630193  0.0030714992624133456     
37.090414496024692   0.30577986947849403  0.0041099159449442267     
37.332835505802628   0.39890492776590995  0.0040394062334403008     
37.57525651558057   0.53896148860902162  0.0070095727059953623     
37.817677525358505   0.75512146163316047  0.0082298687155025076     
38.060098535136447   1.1459057763476393  0.013320601711300187     
38.302519544914382   1.9028493580994619  0.023970985971006753     
38.544940554692324   3.8200639270824065  0.045687216970027046     
38.787361564470267   11.523994416918173  0.14529218764131185     
39.029782574248202   279.33460685545975  1.3557707749987708     
39.272203584026144   27.239804094292241  0.41524943956658104     
39.514624593804079   4.8554178990122304  0.069411637017290851     
39.757045603582021   1.8916618442248752  0.023900742025380811     
39.999466613359957   0.96117766027156867  0.011276355879623597     
40.241887623137899   0.56739276728400195  0.0050447025955694097     
40.484308632915841   0.36557974773236042  0.0029183127759290741     
40.726729642693776   0.25456270740318884  0.0016721394637310776     
40.969150652471718   0.19433884581901435  0.0006556521760820463     
41.211571662249654   0.16455659589966813  0.00030427874937659291     
41.453992672027596   0.15570634229087296  0.00041891503898848823     
41.696413681805531   0.16708434943800594  0.00053249078801689183     
41.938834691583473   0.2006608093284731  0.00053905678612449827     
42.181255701361415   0.26444424239953223  0.00069111676599312211     
42.42367671113935   0.38013552711995838  0.0028171705787272897     
42.666097720917293   0.58401457398275509  0.0028622588869513304     
42.908518730695228   0.97827598803132494  0.0069053732625453102     
43.15093974047317   1.7834883198958126  0.012517575080811954     
43.393360750251105   3.9207841237863427  0.026349880940426957     
43.635781760029047   12.351304092344854  0.14847490241183746     
43.87820276980699   172.90571593403913  1.3818623104370827     
44.120623779584925   69.692910013967068  0.86224240129854662     
44.363044789362867   11.135522612697629  0.14500787318851066     
44.605465799140802   4.6421417210077741  0.049858275042709798     
44.847886808918744   2.6004635139513144  0.025147546600931324     
45.090307818696679   1.6984686282685675  0.015639081294784951     
45.332728828474622   1.2075632144177867  0.0095890493085655685     
45.575149838252557   0.90869759364807499  0.0089661581692902731     
45.817570848030499   0.71265814475713414  0.004657102545679429     
46.059991857808441   0.57646754117442145  0.0031651367352139331     
46.302412867586376   0.47326972594206185  0.003286274832922586     
46.544833877364319   0.39275432914161515  0.0021090581957659564     
46.787254887142254   0.32427550849758237  0.0014926701252392636     
47.029675896920196   0.26947998199011229  0.0011045544768870493     
47.272096906698131   0.22196358157186049  0.00085614903691708651     
47.514517916476073   0.18942423036121663  0.00083057295081014706     
47.756938926254016   0.17614365417980106  0.00042179702634919143     
47.999359936031951   0.21981202475746958  0.0011640067217923907     
48.241780945809893   0.44627299046699037  0.0029924554375860083     
48.484201955587828   1.5860566892280868  0.025583420868205444     
