0.50882954214656695   6.8357952543512811e-06  1.2263164608463412e-08     
1.0176590842931339   7.4362110376777724e-06  1.3245972879499947e-08     
1.5264886264397008   8.6677786055265521e-06  1.088854042335046e-08     
2.0353181685862678   1.1011993499524207e-05  5.6902268114436722e-09     
2.544147710732835   1.546546980242336e-05  2.3617183864388713e-08     
3.0529772528794017   2.4776553258530245e-05  1.2670363472790898e-08     
3.5618067950259684   4.7188867417369841e-05  5.9409216848570311e-08     
4.0706363371725356   0.00011896938585252566  2.1335007375731264e-07     
4.5794658793191028   0.00055357946325669384  9.9181905823094224e-07     
5.0882954214656699   99.968433496382841  2.4155929807527119e-05     
5.5971249636122362   0.00082706031004030912  1.4856738202738809e-06     
6.1059545057588034   0.00026771592454482717  4.7341765603626671e-07     
6.6147840479053706   0.00016278049457937867  2.03916629410921e-07     
7.1236135900519368   0.00013491412236335766  7.0531495055473608e-08     
7.632443132198504   0.00013920676910074729  2.1243512374349943e-07     
8.1412726743450712   0.00017620513486874106  8.9283848444104303e-08     
8.6501022164916375   0.00027832228670753238  3.5095994798960088e-07     
9.1589317586382055   0.00060220904261758507  1.0866533211218812e-06     
9.6677613007847718   0.0024659073557293658  4.4126067646772673e-06     
10.17659084293134   99.873795660911711  9.6538392315826655e-05     
10.685420385077906   0.0030131570312485922  5.4197276133185502e-06     
11.194249927224472   0.00089983007338661246  1.5788312356134818e-06     
11.70307946937104   0.00050962428156081439  6.3625087432047475e-07     
12.211909011517607   0.00039657642559781407  2.100262022523103e-07     
12.720738553664173   0.00038678281809766055  5.8943473634591639e-07     
13.229568095810741   0.00046538578923058549  2.3391540807855941e-07     
13.738397637957307   0.00070212210329831495  8.86264308623808e-07     
14.247227180103874   0.001456963411960883  2.6438515274618876e-06     
14.756056722250442   0.0057399597090466912  1.0259722868826431e-05     
15.264886264397008   99.716271315798753  0.00021688750225224677     
15.773715806543576   0.0065615498529810236  1.1817165294103953e-05     
16.282545348690142   0.0019037140814692049  3.31247591787734e-06     
16.79137489083671   0.0010493715049700816  1.3048921543016566e-06     
17.300204432983275   0.00079618274329879567  4.2769869543935735e-07     
17.809033975129843   0.00075838003337340163  1.1533493786024654e-06     
18.317863517276411   0.00089249661878933079  4.4543352304940981e-07     
18.826693059422976   0.0013187167332516064  1.6653004928310453e-06     
19.335522601569544   0.002682953097461114  4.893312943757648e-06     
19.844352143716112   0.010369409005120717  1.8515975945775883e-05     
20.35318168586268   99.496167819256145  0.00038477254859896099     
20.862011228009244   0.011466186305660572  2.0674945292558747e-05     
21.370840770155812   0.0032792142281078589  5.6555136820090114e-06     
21.87967031230238   0.0017822679964216347  2.2060976560344918e-06     
22.388499854448945   0.001334006240483168  7.2778744680308388e-07     
22.897329396595513   0.0012542768308886737  1.9022937188023257e-06     
23.406158938742081   0.0014578045499198017  7.2308952990691836e-07     
23.914988480888645   0.0021283068168635157  2.6873225745119934e-06     
24.423818023035214   0.004279807074732323  7.8409955775692006e-06     
24.932647565181782   0.01634547194380526  2.9162737114264044e-05     
25.441477107328346   99.213914050620625  0.00059959345467093955     
25.950306649474914   0.017718545321521564  3.1983446374454987e-05     
26.459136191621482   0.0050260828950145399  8.5874443563907985e-06     
26.967965733768047   0.0027086304892330816  3.3354012319431419e-06     
27.476795275914615   0.002010407816245248  1.1152383282100947e-06     
27.985624818061183   0.0018748421798833182  2.8337810314986277e-06     
28.494454360207747   0.0021616635493605627  1.0664112748880697e-06     
29.003283902354315   0.0031311621740785256  3.9508907544795442e-06     
29.512113444500883   0.0062470569935332034  1.1490382066217177e-05     
30.020942986647452   0.023656925349810542  4.2180738928396067e-05     
30.529772528794016   98.870058996180222  0.00086058330459979651     
31.038602070940584   0.025307649050766243  4.5725735617963256e-05     
31.547431613087152   0.0071439721243085532  1.2086285287693779e-05     
32.05626115523372   0.0038288431367809652  4.6876407845513528e-06     
32.565090697380285   0.0028258339571287442  1.5956690936097239e-06     
33.073920239526849   0.0026205336823774278  3.9447458224901488e-06     
33.582749781673421   0.0030045122924062892  1.4750977322394787e-06     
34.091579323819985   0.0043276178593183366  5.4539104935896513e-06     
34.60040886596655   0.0085841298387877574  1.584243225015194e-05     
35.109238408113121   0.032290126039341908  5.7550801401665227e-05     
35.618067950259686   98.465269942307079  0.0011668116468294723     
36.12689749240625   0.034220078790536192  6.1876915957783604e-05     
36.635727034552822   0.009632425546085557  1.6128764643056155e-05     
37.144556576699387   0.005143353133480335  6.2569921435804331e-06     
37.653386118845951   0.0037808140425857773  2.1753064893946447e-06     
38.162215660992523   0.0034918951847917443  5.2315714230841382e-06     
38.671045203139087   0.0039868712927000961  1.9489205975097235e-06     
39.179874745285652   0.0057180693400624935  7.1936802515045088e-06     
39.688704287432223   0.011290339021909207  2.0895553520270826e-05     
40.197533829578788   0.042229034683030651  7.5254464929337205e-05     
40.706363371725359   98.000330284318223  0.0015171889254269616     
41.215192913871924   0.044439995098699488  8.0403565496894931e-05     
41.724022456018488   0.012490868749570056  2.0690527217975051e-05     
42.23285199816506   0.0066526654634842761  8.0370089023807117e-06     
42.741681540311625   0.0048759571126160053  2.8608988322702329e-06     
43.250511082458189   0.0044895539297979877  6.6901221173684009e-06     
43.759340624604761   0.0051093395055548742  2.4876381854857791e-06     
44.268170166751325   0.0073029668287074123  9.1669473550535561e-06     
44.77699970889789   0.01436487398870205  2.664558894845175e-05     
45.285829251044461   0.053455243711878513  9.5274511507344661e-05     
45.794658793191026   97.476136961253296  0.0019104714260297886     
46.30348833533759   0.055949162172765428  0.00010126327868477417     
46.812317877484162   0.015718598186737928  2.574635144239741e-05     
47.321147419630726   0.0083573368073642991  1.0020667697789689e-05     
47.829976961777291   0.0061119481098730764  3.65960793790146e-06     
48.338806503923863   0.0056142172580795513  8.3157793002161989e-06     
48.847636046070427   0.0063725904187690216  3.090926126807624e-06     
49.356465588216992   0.009082808802235702  1.1369971312517116e-05     
49.865295130363563   0.017806788444248483  3.3085823152071075e-05     
50.374124672510128   0.0659480093216176  0.0001175953579532478     
50.882954214656692   96.893697528463635  0.0023452667225485395     
