0.0064796213473364795   0   0   
0.019438864042009438   0   0   
0.032398106736682399   0   0   
0.045357349431355359   0   0   
0.058316592126028313   0   0   
0.071275834820701281   0   0   
0.084235077515374235   0   0   
0.097194320210047189   0   0   
0.11015356290472016   0   0   
0.12311280559939311   0   0   
0.13607204829406608   0   0   
0.14903129098873902   0   0   
0.16199053368341199   0   0   
0.17494977637808495   0   0   
0.18790901907275789   0   0   
0.20086826176743086   0   0   
0.21382750446210383   0   0   
0.2267867471567768   0   0   
0.23974598985144974   0   0   
0.2527052325461227   0   0   
0.26566447524079567   0   0   
0.27862371793546864   0.00030761934753955292   6.1546283690701286e-06   
0.29158296063014155   1.4506963064846364   0.00033586703796126899   
0.30454220332481452   23.68489903837812   0.0011903603328928705   
0.31750144601948749   9.7497609914791398   0.0012115109855395191   
0.33046068871416046   0.13311571878604878   0.00011279108595850267   
0.34341993140883342   8.1707444178314983e-05   1.4577019206143161e-06   
0.35637917410350639   0   0   
0.36933841679817936   0   0   
0.38229765949285227   0   0   
0.39525690218752524   0   0   
0.40821614488219821   0   0   
0.42117538757687117   0   0   
0.43413463027154414   0   0   
0.44709387296621711   0   0   
0.46005311566089002   0   0   
0.47301235835556299   0   0   
0.48597160105023596   0   0   
0.49893084374490893   0   0   
0.51189008643958189   0   0   
0.52484932913425486   0   0   
0.53780857182892783   0   0   
0.5507678145236008   0   0   
0.56372705721827376   0   0   
0.57668629991294673   0   0   
0.58964554260761959   0   0   
0.60260478530229256   0   0   
0.61556402799696552   0   0   
0.62852327069163849   0   0   
0.64148251338631146   0   0   
0.65444175608098443   0   0   
0.66740099877565739   0   0   
0.68036024147033036   0   0   
0.69331948416500333   0   0   
0.7062787268596763   0   0   
0.71923796955434927   0   0   
0.73219721224902223   0   0   
0.7451564549436952   0   0   
0.75811569763836806   0   0   
0.77107494033304103   0   0   
0.78403418302771399   0   0   
0.79699342572238696   0   0   
0.80995266841705993   0   0   
0.8229119111117329   0   0   
0.83587115380640586   0   0   
0.84883039650107883   0   0   
0.8617896391957518   0   0   
0.87474888189042477   0   0   
0.88770812458509774   0   0   
0.9006673672797707   0   0   
0.91362660997444356   0   0   
0.92658585266911653   0   0   
0.9395450953637895   0   0   
0.95250433805846246   0   0   
0.96546358075313543   0   0   
0.9784228234478084   0   0   
0.99138206614248137   0   0   
1.0043413088371542   0   0   
1.0173005515318272   0   0   
1.0302597942265002   0   0   
1.0432190369211731   0   0   
1.0561782796158461   0   0   
1.0691375223105191   0   0   
1.082096765005192   0   0   
1.095056007699865   0   0   
1.108015250394538   7.002174050368977e-07   1.5934102827834698e-07   
1.1209744930892109   6.953907619414844e-05   2.0543446924501275e-06   
1.1339337357838839   0.0028932873141960964   1.6285208358391414e-05   
1.1468929784785569   0.049730915705110749   0.00015355951019627308   
1.1598522211732298   0.34451287991963477   0.00056227239091241415   
1.1728114638679028   1.0240327583031977   0.00081782765732019203   
1.1857707065625758   1.8814879018269713   0.00060200128173673201   
1.1987299492572487   3.0899113039305071   0.00055530699016135269   
1.2116891919519217   3.5521523115975053   0.0012956989215084535   
1.2246484346465947   3.5671439096709796   0.0009783103805466524   
1.2376076773412676   3.3018361519119145   0.00081990341273480597   
1.2505669200359406   2.5457407900899797   0.00059594593486989293   
1.2635261627306136   1.9521120779659429   0.00057682126246539534   
1.2764854054252865   1.6928655892686775   0.00038803657887826066   
1.2894446481199595   1.4972753654073078   0.00036224079138859364   
1.3024038908146325   1.2999742941210472   0.00070049791081526864   
1.3153631335093054   1.2966512819637686   0.00086604272013327407   
1.3283223762039782   1.6301065740672112   0.00074072433930403794   
1.3412816188986512   2.2149062239703069   0.0006015903284261955   
1.3542408615933241   2.8305393116039741   0.00028001409666197747   
1.3672001042879971   3.3412483433803787   0.00071604794850005202   
1.3801593469826701   3.7636579995011649   0.0013578902158633769   
1.393118589677343   4.0853387682039117   0.0016396262251270404   
1.406077832372016   4.0743674637146882   0.0010905832669242369   
1.419037075066689   3.4838199069740996   0.00038014944730694486   
1.4319963177613619   2.4482495332509987   0.00090076679444147226   
1.4449555604560349   1.4755039217322348   0.0013434250587708305   
1.4579148031507079   1.1311793811683225   0.0017628126537320816   
1.4708740458453808   1.7197381318805956   0.0018556854068001817   
1.4838332885400538   2.7168249536134746   0.0014414556613632179   
1.4967925312347268   3.9065970333673808   0.00088350189052912977   
1.5097517739293997   3.9833688732657996   0.0013817742035764884   
1.5227110166240727   2.59497387669586   0.00096138607693569173   
1.5356702593187457   1.8958266532265533   0.00074007352039926217   
1.5486295020134186   1.3545474306419332   0.00062008621960134335   
1.5615887447080916   0.80785440397290672   0.00031409567008617839   
1.5745479874027646   0.53699407977549144   0.00031241293404078763   
1.5875072300974375   0.61947209219778812   0.00031495051799010638   
1.6004664727921105   1.0008849146375535   0.00031503766378522507   
1.6134257154867835   1.5126695885002619   0.00075766231421110769   
1.6263849581814565   1.8666051026295548   0.00085436869589274941   
1.6393442008761294   1.8241792896168035   0.00039885285339405569   
1.6523034435708024   1.4012265095098252   0.00031704630986162707   
1.6652626862654751   0.84690028413232095   0.00065809154378543864   
1.6782219289601481   0.40479118518542546   0.00052897557320488537   
1.6911811716548211   0.15582753627320574   0.00027735282675193496   
1.704140414349494   0.050459975193820137   0.00015591548506078029   
1.717099657044167   0.015617254634215791   6.6252351177081276e-05   
1.73005889973884   0.009077166706883295   7.0245575899584067e-05   
1.7430181424335129   0.024288273232519983   0.00015611803208669638   
1.7559773851281859   0.1067050929466056   0.00039957310622651405   
1.7689366278228589   0.36402610118703883   0.00057980123712821499   
1.7818958705175318   0.73926025314607797   0.00055016676194140937   
1.7948551132122048   1.0921327507700876   0.00071607348185476225   
1.8078143559068778   1.3257513427066298   0.00050796613955214953   
1.8207735986015507   0.70147496808569823   0.00056258426289930069   
1.8337328412962237   0.1338522595384011   0.00018994719515543885   
1.8466920839908967   0.010971519794881808   3.8307179630230889e-05   
1.8596513266855697   0.00042864101223161588   3.9394921395583201e-06   
1.8726105693802426   7.5267313797478303e-06   3.9242464972207793e-07   
1.8855698120749156   8.0007658822944505e-08   3.8288905709888937e-08   
1.8985290547695886   0   0   
1.9114882974642615   0   0   
1.9244475401589345   0   0   
1.9374067828536075   0   0   
1.9503660255482804   0   0   
1.9633252682429534   0   0   
1.9762845109376264   0   0   
1.9892437536322993   0   0   
2.0022029963269721   0   0   
2.0151622390216453   0   0   
2.028121481716318   0   0   
2.0410807244109912   0   0   
2.0540399671056639   0   0   
2.0669992098003371   0   0   
2.0799584524950099   0   0   
2.0929176951896831   0   0   
2.1058769378843558   1.0233946689000813e-08   1.0233946689000813e-08   
2.118836180579029   2.0342707485781434e-07   5.8724338214808632e-08   
2.1317954232737018   2.1937662317379402e-06   2.6017701067843998e-07   
2.1447546659683749   2.3865038068194874e-05   9.0859827904342039e-07   
2.1577139086630477   0.00019063261145506784   3.4768870623015209e-06   
2.1706731513577204   0.0012806715062973727   1.3696727623004924e-05   
2.1836323940523936   0.0069660053280430764   3.9850213673783683e-05   
2.1965916367470664   0.03173730792507538   0.00011460016560070594   
2.2095508794417396   0.12129604193289919   0.00022492624393934105   
2.2225101221364123   0.37495581353258756   0.00037131721386366073   
2.2354693648310855   0.88943725537339799   0.00039194463718450637   
2.2484286075257582   1.5811708681251591   0.00029657191346938844   
2.2613878502204314   2.1724914842513111   0.00035718129815102508   
2.2743470929151042   2.4550255268995745   0.00062750866823134344   
2.2873063356097774   2.37772618527119   0.00050690008114059945   
2.3002655783044501   2.0850389996683902   0.00065059026141366616   
2.3132248209991233   1.9007236624234377   0.00062664937484730428   
2.326184063693796   1.9370678101630693   0.00060230643588209962   
2.3391433063884692   1.9940762975542967   0.00072944312858823569   
2.352102549083142   1.8733613319775115   0.00052693129140989539   
2.3650617917778152   1.5790492570218097   0.00036931560421570427   
2.3780210344724879   1.2476690527999972   0.00046288065076889403   
2.3909802771671611   0.98963008731850336   0.00055268776471233317   
2.4039395198618339   0.8231544295110852   0.00042897139222089079   
2.416898762556507   0.70963012396625314   0.00039124989908937394   
2.4298580052511798   0.62224356761536867   0.00047071930416632527   
2.442817247945853   0.58097172242336022   0.0006365267018303767   
2.4557764906405257   0.65115718847834463   0.00085501126083769166   
2.4687357333351989   0.90647436094720449   0.00092520298102982911   
2.4816949760298717   1.3498052121561199   0.00075415067129232358   
2.4946542187245444   1.791977474372373   0.00038968413738817052   
2.5076134614192176   1.9236319758942813   0.00059703029561045154   
2.5205727041138903   1.7133710608607934   0.0009484564958367565   
2.5335319468085635   1.4819702643192193   0.00085539743125207898   
2.5464911895032363   1.4892496810569614   0.00079335679599795659   
2.5594504321979095   1.7678520700721757   0.0010989551220653533   
2.5724096748925822   2.084728661055111   0.00077157962601822465   
2.5853689175872554   2.1223409657482647   0.00092556073212058218   
2.5983281602819281   2.0082402394835409   0.0012855194326055527   
2.6112874029766013   2.0008420698823837   0.00082043188184706464   
2.6242466456712741   1.9785101802082855   0.00037791250512081448   
2.6372058883659473   1.7448221535954369   0.00025306231275665357   
2.65016513106062   1.3430117641866748   0.00063276967202144309   
2.6631243737552932   0.96703152934437768   0.00092539343957670913   
2.676083616449966   0.79291480202988245   0.001028063208072465   
2.6890428591446391   1.0842092232618946   0.00087988282802005732   
2.7020021018393119   2.1883593054735284   0.00060985658703736647   
2.7149613445339851   2.4841411950357624   0.00070375316843538837   
2.7279205872286578   2.1967021858475543   0.0008166330700214906   
2.740879829923331   1.8940452792151655   0.00055370517986268803   
2.7538390726180038   1.5913797443702389   0.00068140237245624361   
2.7667983153126769   1.3407075145824814   0.00080059165398991267   
2.7797575580073497   1.2585809822540291   0.00093352673095138058   
2.7927168007020229   1.4409224498485902   0.00091931933134056903   
2.8056760433966956   1.8039404488960082   0.00075780999801509653   
2.8186352860913688   2.0905828300677619   0.00069098799084137598   
2.8315945287860416   2.0972936299384924   0.00058721480085238123   
2.8445537714807143   1.8724081331570627   0.00045410581595389952   
2.8575130141753875   1.611806935371094   0.00064281644537284613   
2.8704722568700602   1.355789129705499   0.00059335314086836358   
2.8834314995647334   1.0523104351705941   0.00047623935433269581   
2.8963907422594062   0.76871684588022472   0.0002462076434032057   
2.9093499849540794   0.5550795262183895   0.0001190793664565771   
2.9223092276487521   0.38768191123542109   0.00021212814884707546   
2.9352684703434253   0.27535529931950543   0.00039318886720280106   
2.9482277130380981   0.24264360844323072   0.00050777635434045791   
2.9611869557327712   0.27008412233958682   0.00056013589069154685   
2.974146198427444   0.34119485905730542   0.0005756808915061518   
2.9871054411221172   0.51060529242030237   0.00050376629658947494   
3.0000646838167899   1.9439332361937571   0.00070366885722411385   
3.0130239265114631   2.8737523420533461   0.001361388155987795   
3.0259831692061359   1.9250026674368772   0.00087155123058392673   
3.038942411900809   1.2380937989907827   0.00036823425512830841   
3.0519016545954818   0.80024167475137293   0.00031102105767251549   
3.064860897290155   0.50332867924430441   0.00064152837973752149   
3.0778201399848277   0.34809325275718307   0.00062052883567255872   
3.0907793826795009   0.30757527594449898   0.0004060294362689624   
3.1037386253741737   0.31656649186051102   0.00013698999733868945   
3.1166978680688469   0.30969632026606679   0.00016212958334610024   
3.1296571107635196   0.25725728576328698   0.00023594261582459753   
3.1426163534581928   0.17402178071600208   0.00020086742543181599   
3.1555755961528655   0.094785668430767382   0.00012132674064960639   
3.1685348388475383   0.041608777578050012   7.4151231926024785e-05   
3.1814940815422115   0.015080225369579849   3.0633833733731352e-05   
3.1944533242368842   0.0049406157683602912   1.8360172312670388e-05   
3.2074125669315574   0.0028416749662486931   2.5109275912430254e-05   
3.2203718096262302   0.0062816711216860587   5.6147797023088379e-05   
3.2333310523209033   0.018068775814739169   0.00011490587613510928   
3.2462902950155761   0.039646395777430191   0.00015259427756239681   
3.2592495377102493   0.060838500255195573   0.00019652438164457404   
3.272208780404922   0.071208601032454884   0.00024716511746901739   
3.2851680230995952   0.093552908593277146   0.00029092121481916773   
3.298127265794268   0.25333979860677363   0.00033739807553201696   
3.3110865084889411   0.64794098852391332   0.00033370783065840993   
3.3240457511836139   0.36753509736303053   0.00043582711135693514   
3.3370049938782871   0.074311623455382419   0.00012677282831603247   
3.3499642365729598   0.0079226612959464426   1.9807487299073528e-05   
3.362923479267633   0.00050319221488234652   1.9370915159821446e-06   
3.3758827219623058   2.9998133464059149e-05   2.3819121398225884e-07   
3.388841964656979   8.1948866226005656e-05   9.3428069272516094e-07   
3.4018012073516517   0.00049332350149692648   3.017528516755224e-06   
3.4147604500463249   0.0024408093933229276   8.7327748723222946e-06   
3.4277196927409976   0.0095990057457046209   2.0640173413844206e-05   
3.4406789354356708   0.030327204380901738   4.0462546208110402e-05   
3.4536381781303436   0.078734020183077935   8.4592167581922571e-05   
3.4665974208250168   0.1741229642764113   0.00015228999795738209   
3.4795566635196895   0.34415660421857421   0.00022678081225049803   
3.4925159062143623   0.63010336996829798   0.00030857081573070815   
3.5054751489090354   1.0692214697002101   0.00048617855343807773   
3.5184343916037082   1.6324543353901989   0.00072359233592589763   
3.5313936342983814   2.1856321160954145   0.0005101932775847727   
3.5443528769930541   2.5542436288412251   0.00039381819265534235   
3.5573121196877273   2.6521545479495151   0.00064672395045440119   
3.5702713623824001   2.5378228531203198   0.00087570556655375013   
3.5832306050770732   2.3440965641706019   0.00098156864357412864   
3.596189847771746   2.1686379662687348   0.00065416820540916626   
3.6091490904664192   2.0352088637095565   0.00031025173091034243   
3.6221083331610919   1.8819396869401845   0.00070881694960250159   
3.6350675758557651   1.6360931518571951   0.00056053667174780096   
3.6480268185504379   1.423002369607919   0.00049122027522632705   
3.6609860612451111   1.433540521374079   0.00048942157841553683   
3.6739453039397838   1.5002041280286531   0.00031969506487342396   
3.686904546634457   1.3586678632701042   0.00058690747448321829   
3.6998637893291297   1.1636587226349327   0.00065926283404714046   
3.7128230320238029   1.103215573819103   0.0006664977873658113   
3.7257822747184757   1.1760763207140724   0.00062573223193921386   
3.7387415174131489   1.3101167823623793   0.00056827814374289834   
3.7517007601078216   1.401182204172988   0.00057581239141238527   
3.7646600028024948   1.3764753418686486   0.00045597253157388444   
3.7776192454971675   1.271310341824092   0.00027728592910945644   
3.7905784881918407   1.211598546143595   0.00026058912359010061   
3.8035377308865135   1.3031242690299225   0.00043664415629171377   
3.8164969735811862   1.530114779847072   0.00066069008612366109   
3.8294562162758594   1.7540875913073766   0.00065391490887174536   
3.8424154589705322   1.8301934295727947   0.00088442597842376494   
3.8553747016652054   1.7286652121224326   0.00081356893563279438   
3.8683339443598781   1.5318869138125076   0.00042034880030215608   
3.8812931870545513   1.3756127986067332   0.001214135403765038   
3.894252429749224   1.301208598940563   0.0011493132124605958   
3.9072116724438972   1.1745229385678466   0.00044583994420551649   
3.92017091513857   0.97409877912875014   0.00030501015166986522   
3.9331301578332432   0.88281501152213388   0.00035145795084520416   
3.9460894005279159   1.0164705439941647   0.00046750131870756608   
3.9590486432225891   1.4199754703496623   0.00094223777637972125   
3.9720078859172618   1.8845677357386502   0.0013796275544300957   
3.984967128611935   1.9398087003721276   0.00069641686165372884   
3.9979263713066078   1.6796050893387397   0.00045639418143727596   
4.010885614001281   1.4934982362342111   0.00020297305154523718   
4.0238448566959537   1.3843549995435002   0.00029708819504060685   
4.0368040993906265   1.2400636182359355   0.00046456331617754624   
4.0497633420853001   1.0795533612972424   0.00068630764206465288   
4.0627225847799728   0.98714884895960518   0.00068221988677212361   
4.0756818274746456   0.98803576604279794   0.00051709030084895076   
4.0886410701693183   1.0177456256121217   0.000290846186740376   
4.101600312863992   0.99199634894161471   0.00042022984245966384   
4.1145595555586647   0.89293133380807007   0.00071935032802067463   
4.1275187982533375   0.76559947890780624   0.0008321783891528684   
4.1404780409480102   0.65021829164843385   0.00038836476837494123   
4.1534372836426829   0.58769695473691731   0.00059014426076942976   
4.1663965263373566   0.64952593046677618   0.00083800943656322947   
4.1793557690320293   0.85249063897876635   0.00032039554895575225   
4.1923150117267021   1.1710520743965782   0.00053497730855415962   
4.2052742544213748   1.6223222144502862   0.0008732726357640348   
4.2182334971160484   1.8488362595034995   0.00072189528957406266   
4.2311927398107212   1.75177290428882   0.00055428777980093411   
4.2441519825053939   1.522985801424972   0.00036919550313249   
4.2571112252000667   1.2321655271013016   0.00045160992909135255   
4.2700704678947403   1.0072963034853859   0.00058837121825618605   
4.2830297105894131   0.78259364001444805   0.00057232667245601252   
4.2959889532840858   0.50059607582906858   0.00065097240680492088   
4.3089481959787586   0.30440071100091315   0.00044459757984833808   
4.3219074386734322   0.23941576547931176   0.00016740280693450587   
4.3348666813681049   0.2405034041623496   0.00012360428147291667   
4.3478259240627777   0.27189494771305351   0.0001615719991373936   
4.3607851667574504   0.32656252487330372   0.00015335447202258798   
4.3737444094521241   0.38962475677193372   0.00013172077711389463   
4.3867036521467968   0.43925904906350824   0.00018033490800760858   
4.3996628948414696   0.47411278089648114   0.00035569750875704468   
4.4126221375361423   0.51836524475756842   0.00041688527503542921   
4.4255813802308159   0.57598177842652761   0.00047419219197976285   
4.4385406229254887   0.60689535538456094   0.00032996429844558817   
4.4514998656201614   0.57783292972574253   0.00028444380337288993   
4.4644591083148342   0.52460747750754853   0.00052978091443582146   
4.4774183510095078   0.51867974893115047   0.00056612963222350527   
4.4903775937041805   0.60978883110002304   0.00055590333790256714   
4.5033368363988533   0.89787076123010286   0.00044661515097003829   
4.516296079093526   1.0298688298588233   0.00047830610753094391   
4.5292553217881988   0.61186414617064536   0.00054380318011236172   
4.5422145644828724   0.27774793571741345   0.00028941592820242443   
4.5551738071775452   0.15954817402944414   0.00015975302189423882   
4.5681330498722179   0.12881978834284356   0.00012481928913344205   
4.5810922925668907   0.15286147437995883   0.00011510141874378964   
4.5940515352615643   0.21622753268331254   0.0001536627223710172   
4.607010777956237   0.3085475934004484   0.00017823837078036702   
4.6199700206509098   0.42543768609309638   0.00032088257041911804   
4.6329292633455825   0.55511843515946774   0.00035395127757134522   
4.6458885060402562   0.66696531488564242   0.00038691922202929787   
4.6588477487349289   0.72794140443061937   0.00029075068434090196   
4.6718069914296017   0.73216658901005483   0.00024032729422224386   
4.6847662341242744   0.70381091276951444   0.00017301521732606971   
4.697725476818948   0.6737828545451543   0.00012583385347336635   
4.7106847195136208   0.66403281582701227   0.00032408744539760729   
4.7236439622082935   0.68644450808431446   0.00038545008007383039   
4.7366032049029663   0.73919928218968979   0.00034669161603202927   
4.7495624475976399   0.79013682781638319   0.00027202810880253061   
4.7625216902923126   0.79033087033006832   0.00024797282939391963   
4.7754809329869854   0.74679798386124501   0.00017544277069204282   
4.7884401756816581   0.75296277270492838   0.00018217261618690843   
4.8013994183763318   0.93216769711373982   0.00032796022692516754   
4.8143586610710045   1.2475781452491624   0.00032537372007196733   
4.8273179037656773   1.354914568292163   0.00044281652419205917   
4.84027714646035   1.3737062825935874   0.00023964417806955997   
4.8532363891550228   1.4780468142285501   0.00022347996545190511   
4.8661956318496964   1.5268567348664542   0.00027038517400008849   
4.8791548745443691   1.4630775895879612   0.0002318893375347151   
4.8921141172390419   1.3401485830684081   0.00026042334121690326   
4.9050733599337146   1.2283473509526923   0.00050688844697682563   
4.9180326026283883   1.2078109171246229   0.00074404732888455988   
4.930991845323061   1.3402396473543788   0.00088051780365363237   
4.9439510880177338   1.6044521159707129   0.00085820801018935681   
4.9569103307124065   1.89151586860008   0.00049783939866147039   
4.9698695734070801   2.0762303079344812   0.00077462420004863828   
4.9828288161017529   2.0960526599826067   0.0015203849950698259   
4.9957880587964256   1.9670143601605364   0.0017223640441126341   
5.0087473014910984   1.7325934595691522   0.0012328267852275233   
5.021706544185772   1.4505951617118099   0.00038026525162791827   
5.0346657868804447   1.2230529683774385   0.00031608937999158634   
5.0476250295751175   1.1481793892570381   0.00062398517598836701   
5.0605842722697902   1.1943040830405318   0.00094856926109984661   
5.0735435149644639   1.1893195946783713   0.001318991001753914   
5.0865027576591366   1.0977899079463901   0.0011790538066007754   
5.0994620003538094   1.0954668337158313   0.00071108822917107607   
5.1124212430484821   1.3005228148753036   0.00068487538607211033   
5.1253804857431557   1.6235999862769326   0.00066498783856207159   
5.1383397284378285   1.8748853061471047   0.00053334818234547817   
5.1512989711325012   2.00976492845914   0.00051194633874936027   
5.164258213827174   2.0111191169287849   0.00077718156002167925   
5.1772174565218467   1.8758051966993567   0.00089838468987292877   
5.1901766992165204   1.6976900531895861   0.00047542931445065372   
5.2031359419111931   1.5588116877264623   0.00036302119864380988   
5.2160951846058659   1.4503334668487135   0.00020416001205000231   
5.2290544273005386   1.3244734470153746   0.00063891265028671255   
5.2420136699952122   1.1794686208790344   0.0011075358060446484   
5.254972912689885   1.04801887782305   0.0007465622595590431   
5.2679321553845577   0.93650710076060323   0.00029745176315115611   
5.2808913980792305   0.8317782627395472   0.00039908116253202631   
5.2938506407739041   0.73806909394026015   0.00040109097502335098   
5.3068098834685768   0.66839334517310818   0.00036992823383019585   
5.3197691261632496   0.64705266763825804   0.00050121917822370749   
5.3327283688579223   0.7290018904363898   0.00063486647818839297   
5.345687611552596   0.90453181653900393   0.00037756669274117764   
5.3586468542472687   0.9712849007368815   0.00060165760475074358   
5.3716060969419415   0.80276226308191075   0.00088394334835791158   
5.3845653396366142   0.60831063538545996   0.00060576389467343246   
5.3975245823312878   0.63417282521112127   0.00058090312585739393   
5.4104838250259606   0.97088359197891327   0.00091818177939793692   
5.4234430677206333   1.5164880668567219   0.0010088992060376733   
5.4364023104153061   1.8367487240806534   0.00058749359436916612   
5.4493615531099797   1.6821337597698998   0.0011605101035652266   
5.4623207958046525   1.3350446982963781   0.00085096710453907052   
5.4752800384993252   1.0052627014067776   0.00024711487780460944   
5.488239281193998   0.70864868395590799   0.00020843025614737139   
5.5011985238886707   0.4546372043719861   0.00021805342127181075   
5.5141577665833443   0.27176688582977136   0.00032883807417211643   
5.5271170092780171   0.17752763344245914   0.00034439101530822995   
5.5400762519726898   0.16074379030707045   0.00032041054381810118   
5.5530354946673626   0.19429623751180245   0.00029739624824396082   
5.5659947373620362   0.25539043719865904   0.00029628793033313452   
5.578953980056709   0.33972733965597385   0.00023156295615274249   
5.5919132227513817   0.4639536933355958   0.00031304034255219012   
5.6048724654460544   0.64518782855285385   0.00059121156828751389   
5.6178317081407281   0.86970268195548222   0.00074608113114781748   
5.6307909508354008   1.0663610387914827   0.00075087678728790469   
5.6437501935300736   1.108913548457948   0.0004805054438403769   
5.6567094362247463   0.93998631648331738   0.00046611709985070124   
5.6696686789194199   0.6870122862826416   0.00077069323696006405   
5.6826279216140927   0.53472757761095545   0.00089489398166658307   
5.6955871643087654   0.59627660388882934   0.00076913113693900824   
5.7085464070034382   0.86915833358449544   0.00045302692058281779   
5.7215056496981118   1.0011041452559375   0.00051050329672157259   
5.7344648923927846   0.8530092071088372   0.00054528054272715161   
5.7474241350874573   0.59106882401217022   0.00049444516359805452   
5.7603833777821301   0.3560666732284144   0.00046398635620257332   
5.7733426204768037   0.26810412879184321   0.00029877188192909474   
5.7863018631714764   0.321996012858643   0.00019753887677761551   
5.7992611058661492   0.47513215873478015   0.00021680543145996154   
5.8122203485608219   0.69173989555213687   0.00034336229295873868   
5.8251795912554947   0.93093105448048752   0.00057318154451351385   
5.8381388339501683   1.1409160679208689   0.0006198280083922387   
5.8510980766448411   1.2694263561806912   0.00051182467289247828   
5.8640573193395138   1.2904995014272504   0.00034883765305952905   
5.8770165620341865   1.2180533601488105   0.00022235427269493902   
5.8899758047288602   1.0838363127299896   0.00020611925888898283   
5.9029350474235329   0.91255731968223107   0.00023142737184196598   
5.9158942901182057   0.72429154167587702   0.00029695613187140319   
5.9288535328128784   0.55299767535830834   0.00031743505562628191   
5.941812775507552   0.44394693361078038   0.00041343243945137312   
5.9547720182022248   0.42933623000916968   0.00046310780050075139   
5.9677312608968975   0.50993280841814129   0.0004951918333786477   
5.9806905035915703   0.67062697708040332   0.00049710376685689646   
5.9936497462862439   0.92235868624678669   0.00056508851939570616   
6.0066089889809167   1.336805962702025   0.00055479232086494494   
6.0195682316755894   1.6156444985219417   0.00059154853243488282   
6.0325274743702622   1.3297162567935739   0.00064826283187701824   
6.0454867170649358   0.95150994793150243   0.00051190735136924664   
6.0584459597596085   0.73137548965563769   0.00042948450836930408   
6.0714052024542813   0.62385406994065755   0.00039294068574264304   
6.084364445148954   0.6075597152279752   0.00042188267757840578   
6.0973236878436277   0.66432103955699499   0.00029635201017475964   
6.1102829305383004   0.74886292270792514   0.00017134164230833912   
6.1232421732329732   0.82070637934774556   0.00048142012039863956   
6.1362014159276459   0.88195396907179407   0.00049482814575796971   
6.1491606586223186   0.94066162839209433   0.00042879348513296576   
6.1621199013169923   0.99532083155214185   0.00078623976040111971   
6.175079144011665   1.0588212332833368   0.00096817049817975217   
6.1880383867063378   1.138247474422487   0.00096718838150652997   
6.2009976294010105   1.2761409258801102   0.0008745145414045872   
6.2139568720956841   1.4950475840131881   0.0014901299858298481   
6.2269161147903569   1.5323135493885087   0.0017248900284248331   
6.2398753574850296   1.3753983280730093   0.00062169924248347176   
6.2528346001797024   1.144540077320661   0.00067542572770647584   
6.265793842874376   0.94456928518181406   0.00095068356374549909   
6.2787530855690488   0.76494353173894737   0.00075453760600390687   
6.2917123282637215   0.73543549547140997   0.00055621817887891819   
6.3046715709583943   0.90337349667392794   0.00050056664745791348   
6.3176308136530679   1.1984017342984007   0.00028679136198843541   
6.3305900563477406   1.3257174229399776   0.00041893717784415925   
6.3435492990424134   1.3112022309937634   0.0010802728626171006   
6.3565085417370861   1.3275083106350522   0.0013618683911196943   
6.3694677844317598   1.2946417099699502   0.00047714377287979474   
6.3824270271264325   1.0014529256375732   0.0019908837688239882   
6.3953862698211053   0.74351980391607   0.0010446929091891342   
6.408345512515778   0.74906738730400934   0.00079319212647791133   
6.4213047552104516   0.65179310145959224   0.0012991141867695576   
6.4342639979051244   0.50640715464965572   0.00058846739064442283   
6.4472232405997971   0.5002839344048344   0.00044497393793885911   
6.4601824832944699   0.52705384286511272   0.00048824125525501303   
6.4731417259891426   0.5828718610996066   0.00049916513810946453   
