-0.125359   -0.0160334     0
-0.118319   -0.0388794     0
-0.0258333   -0.0190727     1
-0.020893   -0.0424766     1
0.0705382   -0.0212362     2
0.0801838   -0.043816     2
0.189501   -0.022738     3
0.167859   -0.0288936     3
0.294414   -0.00696286     4
0.273641   -0.0152157     4
0.38434   0.00628391     5
0.388751   -0.0176088     5
0.480455   0.00310151     6
0.488017   -0.0193622     6
-0.423277   -0.00103363     7
-0.415746   -0.0238218     7
-0.32336   -0.00683215     8
-0.317686   -0.0299572     8
-0.225243   -0.0120417     9
-0.215183   -0.0334476     9
-0.0816117   0.0847089     10
-0.073197   0.0622976     10
0.0180275   0.0807306     11
0.0272013   0.0589091     11
0.119567   0.0799988     12
0.124281   0.0558991     12
0.234978   0.0794702     13
0.214246   0.0718794     13
0.340616   0.0931034     14
0.319739   0.0855543     14
0.429149   0.10642     15
0.435795   0.083068     15
0.527878   0.10306     16
0.533075   0.0797995     16
-0.376566   0.0975781     17
-0.367929   0.0748227     17
-0.276981   0.0922247     18
-0.269334   0.0701198     18
-0.179753   0.086888     19
-0.171148   0.0647581     19
-0.0343343   0.18558     20
-0.028657   0.162218     20
0.061009   0.179593     21
0.0711005   0.157978     21
0.158686   0.179425     22
0.173105   0.160385     22
0.27952   0.177568     23
0.258417   0.172972     23
0.385957   0.190124     24
0.364264   0.186263     24
0.472614   0.204002     25
0.48256   0.182746     25
0.571005   0.201928     26
-0.41748   0.180941     26
-0.330144   0.195923     27
-0.321529   0.174168     27
-0.231695   0.191787     28
-0.223501   0.168632     28
-0.13534   0.188135     29
-0.124471   0.166793     29
0.00992624   0.285839     30
0.0160902   0.261607     30
0.107955   0.282398     31
0.112665   0.258999     31
0.206637   0.279844     32
0.213598   0.256359     32
0.32483   0.27797     33
0.302957   0.271553     33
0.430141   0.290964     34
0.409985   0.282868     34
0.518091   0.305278     35
0.525633   0.282014     35
0.61566   0.299808     36
-0.373095   0.279279     36
-0.283663   0.295769     37
-0.276344   0.273592     37
-0.184553   0.29543     38
-0.17992   0.270651     38
-0.0886744   0.289139     39
-0.0831645   0.265767     39
0.0540633   0.383977     40
0.0632943   0.362191     40
0.152543   0.381372     41
0.1613   0.359428     41
0.249124   0.376545     42
0.26213   0.357044     42
0.370006   0.376517     43
0.348585   0.372195     43
0.476438   0.389181     44
0.454657   0.383679     44
0.564178   0.403684     45
0.571011   0.380975     45
0.663962   0.400905     46
0.66824   0.377158     46
-0.240507   0.397418     47
-0.23276   0.37456     47
-0.143111   0.393116     48
-0.133733   0.372259     48
-0.0452329   0.388776     49
-0.0351634   0.366804     49
0.10117   0.485363     50
0.10813   0.462559     50
0.19663   0.481213     51
0.206955   0.458776     51
0.298428   0.480265     52
0.304063   0.456789     52
0.414026   0.47587     53
0.392305   0.473935     53
0.520161   0.486414     54
0.498406   0.486178     54
0.154782   -0.496699     55
0.616842   0.4815     55
0.254196   -0.497813     56
0.715795   0.47977     56
-0.193542   0.497702     57
-0.188224   0.473941     57
-0.0988841   0.492574     58
-0.0865249   0.472515     58
0.000969027   0.486761     59
0.0109736   0.464756     59
-0.310075   -0.416191     60
-0.300563   -0.437662     60
-0.212734   -0.419332     61
-0.199494   -0.438599     61
-0.106766   -0.41716     62
-0.104919   -0.441529     62
0.00686065   -0.421179     63
-0.0144683   -0.428212     63
0.112901   -0.409319     64
0.0932813   -0.418848     64
0.201601   -0.395489     65
0.206701   -0.419279     65
0.296518   -0.400098     66
0.307228   -0.420395     66
-0.602015   -0.402985     67
-0.595168   -0.425719     67
-0.503476   -0.40688     68
-0.49727   -0.431115     68
-0.408248   -0.41138     69
-0.398958   -0.433261     69
-0.264721   -0.314806     70
-0.256489   -0.337435     70
-0.16575   -0.319749     71
-0.155801   -0.341706     71
-0.0658309   -0.319622     72
-0.0536468   -0.340547     72
0.0556937   -0.325518     73
0.0330034   -0.328784     73
0.160512   -0.30926     74
0.139004   -0.315472     74
0.247184   -0.295171     75
0.2555   -0.317076     75
0.346553   -0.297817     76
0.350082   -0.321811     76
-0.558046   -0.304686     77
-0.547515   -0.326283     77
-0.45865   -0.306228     78
-0.451591   -0.329006     78
-0.360578   -0.309968     79
-0.354709   -0.333301     79
-0.218933   -0.216557     80
-0.208181   -0.237879     80
-0.119189   -0.217434     81
-0.112133   -0.240649     81
-0.0203037   -0.222221     82
-0.00943989   -0.243129     82
0.0984916   -0.225355     83
0.076854   -0.229422     83
0.204165   -0.210037     84
0.182679   -0.214899     84
0.289469   -0.195827     85
0.302436   -0.216173     85
0.39131   -0.19863     86
0.398508   -0.221491     86
-0.511783   -0.20294     87
-0.505292   -0.22597     87
-0.415818   -0.205622     88
-0.407077   -0.228527     88
-0.316739   -0.20917     89
-0.308116   -0.231854     89
-0.171477   -0.115181     90
-0.166296   -0.138112     90
-0.0735128   -0.120365     91
-0.0640575   -0.141623     91
0.0266232   -0.121524     92
0.0348649   -0.144942     92
0.143015   -0.122956     93
0.122235   -0.130084     93
0.248759   -0.110606     94
0.226719   -0.113926     94
0.335885   -0.0944975     95
0.346051   -0.116366     95
0.435881   -0.0967485     96
0.443012   -0.120705     96
-0.467237   -0.10216     97
-0.460803   -0.125098     97
-0.36999   -0.106459     98
-0.361848   -0.129205     98
-0.271599   -0.110054     99
-0.263081   -0.133767     99
