0.4848420195558783   0.1245289345537701  9.1357701756145097e-05     
0.9696840391117566   0.13374442640312308  0.00018058985828408073     
1.454526058667635   0.15066193805386  0.00035065432678221925     
1.9393680782235132   0.18139091367891887  0.00060730490031574105     
2.4242100977793917   0.23381903869644865  0.00091732945666923962     
2.9090521173352699   0.33254416246223539  0.0012708597942182397     
3.3938941368911482   0.53609382925180766  0.0016673994355726193     
3.8787361564470264   1.0676609148774886  0.0022732065715104723     
4.3635781760029051   3.1722950257277634  0.0030550131803900826     
4.8484201955587833   69.812668362182221  0.014557911439788912     
5.3332622151146616   21.265685226369378  0.013514377411828537     
5.8181042346705398   3.0194051314064605  0.0018505613421450479     
6.3029462542264181   1.269651691423157  0.0017792705848257931     
6.7877882737822963   0.77999483054972507  0.001984049259446174     
7.2726302933381746   0.58976595573676162  0.0020179301768571667     
7.7574723128940528   0.53535359472091053  0.001869379018318346     
8.2423143324499311   0.57496216895416233  0.0017884786450786742     
8.7271563520058102   0.79034616550885846  0.0019313155782715437     
9.2119983715616875   1.6620168727931747  0.0028093822091007716     
9.6968403911175667   34.882915198323244  0.016083798903282581     
10.181682410673444   55.952853183299297  0.017131071511956904     
10.666524430229323   1.2590173165315621  0.002514447430709792     
11.151366449785201   0.37796571501086512  0.00082929047417669634     
11.63620846934108   0.22413407906242998  0.00049754258202545891     
12.121050488896957   0.19448257808507319  0.00051919269663603789     
12.605892508452836   0.2235153147021903  0.00062406665846858038     
13.090734528008714   0.32607688638719267  0.00091980502822674714     
13.575576547564593   0.6070138663161406  0.0014261741627734225     
14.06041856712047   1.7354936937951943  0.0031568907241377656     
14.545260586676349   28.734861802804568  0.025254572020687515     
15.030102606232226   47.155501459930382  0.03214657144300203     
15.514944625788106   9.8395385059955874  0.02592906264983396     
15.999786645343985   2.1515594288204381  0.0030956235886820948     
16.484628664899862   1.157976106786213  0.0016654511991422519     
16.969470684455739   0.87429324017065809  0.0018818037594998457     
17.45431270401162   0.79581989065534146  0.0023394294258794362     
17.939154723567498   0.88871337503376329  0.0022735249107712598     
18.423996743123375   1.229708823944245  0.0024677682338179857     
18.908838762679252   2.5614446753791202  0.0035210893061929369     
19.393680782235133   23.358367337394588  0.039079169300224554     
19.878522801791011   17.184302463645425  0.036978115349620377     
20.363364821346888   40.824782488803442  0.043206132000644314     
20.848206840902765   2.5482839141098393  0.0055853527025861559     
21.333048860458646   0.88040327866972546  0.0017591428144350604     
21.817890880014524   0.53583303861596046  0.0011442666860614908     
22.302732899570401   0.43420125101885967  0.0010670494807996693     
22.787574919126278   0.47666795295707866  0.00076875011776614238     
23.272416938682159   0.714575854601375  0.0011093534954456611     
23.757258958238037   1.7273761323751781  0.00168523678430068     
24.242100977793914   15.937850912294492  0.04686137517247014     
24.726942997349795   12.969980154121317  0.046106279221915048     
25.211785016905672   48.859549972201751  0.031493427692375956     
25.69662703646155   2.939934003800501  0.01891982352313026     
26.181469056017427   1.1189832733269543  0.0037650536088660486     
26.666311075573308   0.77357478841293891  0.0018748632785249513     
27.151153095129185   0.7082679265685292  0.0017781674255337102     
27.635995114685063   0.76545386623368837  0.0020712956432636121     
28.12083713424094   1.0507986591131609  0.0027640684664289275     
28.605679153796821   2.023891083531665  0.0041364206937101034     
29.090521173352698   11.63771975413154  0.050186707035686753     
29.575363192908576   19.100860225105795  0.057731468181184724     
30.060205212464453   19.58422035731  0.060223557655661865     
30.545047232020334   25.530774004457901  0.063999478451742431     
31.029889251576211   2.76112917495099  0.0047326946080819624     
31.514731271132089   1.1351789492853428  0.0022605205073659705     
31.99957329068797   0.7504200358513906  0.0019587043664873019     
32.484415310243847   0.63113972253947088  0.002385615896580458     
32.969257329799724   0.73380851642528532  0.0031055208238274645     
33.454099349355602   1.2929734294356233  0.0057319059443549685     
33.938941368911479   6.6860801393911781  0.046944204996205706     
34.423783388467356   21.093427551814576  0.063143733102646349     
34.908625408023241   2.3680103429005544  0.011174973171490736     
35.393467427579118   44.260363910952127  0.02299419960175857     
35.878309447134995   1.0408058353964433  0.0076878049316519296     
36.363151466690873   0.49846610360587112  0.0027517158264411084     
36.84799348624675   0.37744563691689907  0.0017178276167167407     
37.332835505802628   0.39648346535221637  0.0017416940146979065     
37.817677525358505   0.50831532468491407  0.0024845743432485268     
38.302519544914382   0.91696534588740678  0.0053711968075855829     
38.787361564470267   3.776598222207523  0.037519502711894076     
39.272203584026144   24.591030504450109  0.063138618519592099     
39.757045603582021   2.9938399228170821  0.0061498140660420945     
40.241887623137899   25.816273683777531  0.075237625366633871     
40.726729642693776   13.031453865119567  0.065165797923817883     
41.211571662249654   2.3275291160863218  0.0031556636031107065     
41.696413681805531   0.97750687210455098  0.001785327108362156     
42.181255701361415   0.68780180505705391  0.0013769757903268702     
42.666097720917293   0.60034023377826621  0.0030428671545921847     
43.15093974047317   0.74891429064513829  0.0055958833297427853     
43.635781760029047   1.9786792258464742  0.027033267497305086     
44.120623779584925   26.161030355166568  0.052929684551277056     
44.605465799140802   1.5219861249962705  0.0078041505152945538     
45.090307818696679   3.8658574020151357  0.034666017116475505     
45.575149838252557   34.284460760353024  0.047467807378333869     
46.059991857808441   1.2151532383389194  0.0082172014028217217     
46.544833877364319   0.61678136874009371  0.0028540006823113665     
47.029675896920196   0.2495078359513444  0.0014683259003307195     
47.514517916476073   0.22174378880441462  0.0015828752813466862     
47.999359936031951   0.29694881003706254  0.0034002134598336807     
48.484201955587828   0.81496768976960209  0.01494250036891241     
