0.4848420195558783   0.0018758685147030068  2.3248402728014368e-06     
0.9696840391117566   0.0020718162753001775  2.6849731968449434e-06     
1.454526058667635   0.0024552045325141879  3.5645854751142951e-06     
1.9393680782235132   0.0031489255473143778  4.8546428027431957e-06     
2.4242100977793917   0.0044321316731467693  7.1035501888439908e-06     
2.9090521173352699   0.007012469640102938  1.0856726390756342e-05     
3.3938941368911482   0.013069127094089732  1.8893373582921285e-05     
3.8787361564470264   0.031806046602125709  4.0653498731835722e-05     
4.3635781760029051   0.13922482402426327  0.00016772070566560316     
4.8484201955587833   99.252211636418839  0.00074088327706789903     
5.3332622151146616   0.2448366942455113  0.00031021541914232287     
5.8181042346705398   0.076616742701345177  9.9897065886301749e-05     
6.3029462542264181   0.046453860645251583  6.7126569506607427e-05     
6.7877882737822963   0.038388888027337894  5.8368018426924301e-05     
7.2726302933381746   0.039289121937508559  6.2373338597469381e-05     
7.7574723128940528   0.048614632698933768  7.4884220076394166e-05     
8.2423143324499311   0.074241446612570475  0.00010592769560764748     
8.7271563520058102   0.15226837322488025  0.00019047801101300423     
9.2119983715616875   0.5617804119888152  0.00065346293514937561     
9.6968403911175667   97.039275264084422  0.0029051797103195996     
10.181682410673444   0.95157358486985606  0.0012253535012432921     
10.666524430229323   0.26071722597537727  0.00033932707598492008     
11.151366449785201   0.14432842749543038  0.0002056323495312777     
11.63620846934108   0.11058257536869184  0.00016411747392043118     
12.121050488896957   0.10587129106869523  0.00016486093778552356     
12.605892508452836   0.12326451237855005  0.00018718416385879946     
13.090734528008714   0.17767972417822585  0.00024798959888891689     
13.575576547564593   0.34337873896230442  0.00041713547469699366     
14.06041856712047   1.1704329054882927  0.0013053563069865668     
14.545260586676349   93.450596902456184  0.0063231822450259792     
15.030102606232226   2.186540922401562  0.0028456997557991967     
15.514944625788106   0.55034845286942392  0.000709180816812464     
15.999786645343985   0.29047248362338521  0.00040393520977773774     
16.484628664899862   0.21423600879683974  0.00030685844864083961     
16.969470684455739   0.19823558440065892  0.00029967268724994195     
17.45431270401162   0.22346699799192417  0.00033145879696209334     
17.939154723567498   0.31180512257248089  0.00042183694208025712     
18.423996743123375   0.58077591269555968  0.00067979102338823766     
18.908838762679252   1.8693107760455455  0.0019843918577639499     
19.393680782235133   88.629070514246114  0.010729312017359898     
19.878522801791011   3.9887183588137856  0.0052189771897384893     
20.363364821346888   0.93202585271879879  0.0011788433572269682     
20.848206840902765   0.47482663034977153  0.00063725719034807882     
21.333048860458646   0.34102519779041768  0.00046540444739210615     
21.817890880014524   0.30823176932710415  0.00044731528159916196     
22.302732899570401   0.33971413866571453  0.00048752501788836457     
22.787574919126278   0.46298717672196982  0.00060143203128187765     
23.272416938682159   0.83831028270791286  0.00093812034625357917     
23.757258958238037   2.5720762500796142  0.0025802713345663486     
24.242100977793914   82.76241785257247  0.01578606689772581     
24.726942997349795   6.3666678001712454  0.008333115558540736     
25.211785016905672   1.3835746361605106  0.0017016282892624233     
25.69662703646155   0.68375645151140951  0.00087422150137075084     
26.181469056017427   0.48059878460683865  0.00061560091114850359     
26.666311075573308   0.4263206464556322  0.00058664497713268368     
27.151153095129185   0.46145337825004957  0.00063452317133204383     
27.635995114685063   0.61691855101752384  0.00076201452957620551     
28.12083713424094   1.0905152744496207  0.0011582230702525948     
28.605679153796821   3.2068345914770568  0.0030209119761420919     
29.090521173352698   76.072040827138923  0.021113896486511145     
29.575363192908576   9.2956055958674884  0.012112824766776964     
30.060205212464453   1.8757879267922372  0.0022200843368384404     
30.545047232020334   0.90130375913445341  0.0010809635947558366     
31.029889251576211   0.62158075587389912  0.00073385441083794385     
31.514731271132089   0.54251367162152035  0.00069811452325233828     
31.99957329068797   0.57812285931439492  0.00075423089297078482     
32.484415310243847   0.75997832365588328  0.00088394691809219685     
32.969257329799724   1.3148122042384127  0.0013174111259775463     
33.454099349355602   3.7193801388587554  0.0032773987627388864     
33.938941368911479   68.800249137190748  0.026323894272196025     
34.423783388467356   12.716820231695439  0.01642307985762688     
34.908625408023241   2.3748354586719201  0.0026733386893993967     
35.393467427579118   1.1106797704158575  0.0012257857867366615     
35.878309447134995   0.75266264054064945  0.00080078166713100245     
36.363151466690873   0.64732961208530151  0.00076690729387278144     
36.84799348624675   0.68014068559894439  0.00083406108014024956     
37.332835505802628   0.88044203648165301  0.00095588760189309396     
37.817677525358505   1.4932503785819615  0.00140733447073578     
38.302519544914382   4.0746767004756814  0.0033641640872611081     
38.787361564470267   61.196824255398531  0.031050001641042809     
39.272203584026144   16.539564068321564  0.021079502989178884     
39.757045603582021   2.8451992720833824  0.0030057139123891465     
40.241887623137899   1.295840947324029  0.0012837744754233931     
40.726729642693776   0.86366611633884782  0.00080464315414789289     
41.211571662249654   0.73266516259609515  0.00078564809241643754     
41.696413681805531   0.75974539465030967  0.0008694035582301589     
42.181255701361415   0.96942249295151692  0.00097696923532522068     
42.666097720917293   1.6136497094283551  0.0014350007537439334     
43.15093974047317   4.2566396913428483  0.0033336424486042871     
43.635781760029047   53.505891342366995  0.034977606719224004     
44.120623779584925   20.645329847135944  0.025864797759921423     
44.605465799140802   3.252850873920994  0.0031757890880555526     
45.090307818696679   1.4429794102906032  0.0012409172910342336     
45.575149838252557   0.94646300315431452  0.00074460201314045598     
46.059991857808441   0.79249012278002168  0.00075658874339575601     
46.544833877364319   0.81160700250889105  0.00086503300115010865     
47.029675896920196   1.0214629271760217  0.00095767363343819563     
47.514517916476073   1.670087910667707  0.00142103528523599     
47.999359936031951   4.2664350583200735  0.0032626862511394713     
48.484201955587828   45.953995953148089  0.03786595563600095     
