0.46400628289657042   48.761330412778921  0.0033296903062619192     
0.92801256579314084   1.0707079730535205  0.00095350097473925251     
1.3920188486897112   5.0190755950359048  0.0027601447647508096     
1.8560251315862817   1.199991212713545  0.0019528356032979251     
2.3200314144828522   1.3976424077845615  0.0032091571342685155     
2.7840376973794223   1.3185808061956986  0.0021685227738654583     
3.2480439802759928   0.3716802094344848  0.0019756516170287534     
3.7120502631725634   1.3728423479049865  0.0050443605290877041     
4.1760565460691339   0.031762024196119702  0.00014642597820146142     
4.6400628289657044   1.3591197393133433  0.0063236844865024333     
5.104069111862275   0.07179903995838012  0.0004377859073587875     
5.5680753947588446   1.2854117816532113  0.0043778683683613066     
6.0320816776554151   0.41753381943466209  0.0022396503015300039     
6.4960879605519857   1.1586816130780096  0.002516061722274877     
6.9600942434485562   1.3833755890110143  0.0032336242103674667     
7.4241005263451267   1.001017377877179  0.0018567087857441621     
7.8881068092416973   4.7030459179620693  0.0045740897874202877     
8.3521130921382678   0.83323940465766529  0.00089813000504126359     
8.8161193750348374   44.233180460264636  0.013050843620723048     
9.2801256579314089   93.078722816829931  0.010129637589077512     
9.7441319408279785   46.543688745841334  0.016777372018032514     
10.20813822372455   1.177636203778099  0.0022111475660189995     
10.67214450662112   4.6918340304828664  0.0017191731004094274     
11.136150789517689   1.2632293380551003  0.0019498709396492146     
11.600157072414261   1.2145799730314364  0.0026541122709310053     
12.06416335531083   1.3061304066535978  0.0015512069036667838     
12.528169638207402   0.27666940071555468  0.001273921019808397     
12.992175921103971   1.2745565209079279  0.0046435304548515884     
13.456182204000543   0.020209924954774694  0.00011355623616665939     
13.920188486897112   1.1854996188410055  0.0045162357505030144     
14.384194769793684   0.10839139478696912  0.00064433857785760989     
14.848201052690253   1.045262595623309  0.0031014359830145096     
15.312207335586823   0.39876659990146311  0.0019248618867488802     
15.776213618483395   0.89074228446270082  0.0023866003973237453     
16.240219901379966   1.193780780273361  0.0028853803318383854     
16.704226184276536   0.73583752371906783  0.0016278099538915146     
17.168232467173105   3.9214962311561904  0.0059485323723721666     
17.632238750069675   0.50760272034942747  0.00054406048184230691     
18.096245032966248   34.493127648859709  0.019522699055476465     
18.560251315862818   75.09383621883503  0.031510159941428988     
19.024257598759387   38.73599051715882  0.033735232699760838     
19.488263881655957   1.1619974765214166  0.0037703674453262109     
19.952270164552527   3.8071842424551386  0.0022878397959315409     
20.4162764474491   1.167772137466545  0.0019314478140833839     
20.88028273034567   0.90045608301262182  0.0018179317108240641     
21.344289013242239   1.1278944149393543  0.0013037462727311353     
21.808295296138809   0.17186120410365653  0.00052291467103641084     
22.272301579035378   1.0370615715049071  0.0034839296363217023     
22.736307861931952   0.053368476489497427  0.00012936806746822741     
23.200314144828521   0.9180149719012453  0.0020754729437315803     
23.664320427725091   0.12355066616911913  0.00062871825972073269     
24.128326710621661   0.74530692903183605  0.0020184758286874236     
24.592332993518234   0.33098050697012854  0.0012802863519079221     
25.056339276414803   0.60770841303442071  0.001861302618903252     
25.520345559311373   0.91563210286234151  0.0024407325507190253     
25.984351842207943   0.47944065952247819  0.0012615456914697412     
26.448358125104512   2.982142473666149  0.0065221908358943819     
26.912364408001086   0.23457560823531531  0.00062497603119888691     
27.376370690897655   22.952499664553365  0.024121117053679235     
27.840376973794225   52.550008828451857  0.046526930907623844     
28.304383256690794   28.271643255849371  0.040929992514491055     
28.768389539587368   1.0417946207780423  0.0045256844698914913     
29.232395822483937   2.6712218095996561  0.0028190196890205734     
29.696402105380507   0.95082379440003297  0.001965060645511041     
30.160408388277077   0.56835357425062245  0.001121072911666041     
30.624414671173646   0.85476842808213018  0.0015895647107584191     
31.088420954070219   0.093430075277902833  0.00011244716462782151     
31.552427236966789   0.75253173265529147  0.0023369882545638076     
32.016433519863362   0.12021487495186861  0.00017982067751335763     
32.480439802759932   0.6577996696912714  0.0008169810629308333     
32.944446085656502   0.12063639536834956  0.00043935751280209369     
33.408452368553071   0.47824360503631767  0.0013987384902019386     
33.872458651449641   0.24542384204302879  0.00068876004408137238     
34.33646493434621   0.37758558818506918  0.0011645871870475769     
34.80047121724278   0.64336221079428467  0.001892945320137843     
35.26447750013935   0.28033159922692469  0.00083123247982857811     
35.728483783035919   2.1506781839614288  0.0064418540254646501     
36.192490065932496   0.21159112235025758  0.00078984202242647428     
36.656496348829066   12.963162767744072  0.024094820975951863     
37.120502631725635   31.858608660779815  0.045621628869127303     
37.584508914622205   18.137426145932501  0.035755463896892863     
38.048515197518775   0.84307448520853864  0.0041842846146076014     
38.512521480415344   1.6189022668211014  0.0027246972433131979     
38.976527763311914   0.68597446269404247  0.0019528013118198937     
39.440534046208484   0.30847203948037069  0.00079625253574794786     
39.904540329105053   0.57763856332361377  0.0017932577207118648     
40.36854661200163   0.054963400222590454  0.00023387312877040336     
40.8325528948982   0.50797972376800202  0.0018369876964424003     
41.296559177794769   0.20495317545187784  0.00028525079506089503     
41.760565460691339   0.47245171887350113  0.0013562517962764453     
42.224571743587909   0.11066487506884904  0.00023364992507888993     
42.688578026484478   0.2914587874097168  0.00099831339171212815     
43.152584309381048   0.17070155901540133  0.00032687264560032595     
43.616590592277618   0.222968819088426  0.00056525482077844166     
44.080596875174187   0.43743768115938153  0.0012422822423171025     
44.544603158070757   0.15643277227931859  0.00048134482282671     
45.008609440967334   1.5588076854470329  0.0060620950688905745     
45.472615723863903   0.52879796319803911  0.0025992046419038326     
45.936622006760473   6.2735188207460567  0.018353223950191208     
46.400628289657043   16.619356326302159  0.032864653381466572     
