0.0064796213473364795   0   0   
0.019438864042009438   0   0   
0.032398106736682399   0   0   
0.045357349431355359   0   0   
0.058316592126028313   0   0   
0.071275834820701281   0   0   
0.084235077515374235   0   0   
0.097194320210047189   0   0   
0.11015356290472016   0   0   
0.12311280559939311   0   0   
0.13607204829406608   0   0   
0.14903129098873902   0   0   
0.16199053368341199   0   0   
0.17494977637808495   0   0   
0.18790901907275789   0   0   
0.20086826176743086   0   0   
0.21382750446210383   0   0   
0.2267867471567768   0   0   
0.23974598985144974   0   0   
0.2527052325461227   0   0   
0.26566447524079567   0   0   
0.27862371793546864   0   0   
0.29158296063014155   0.015122066243431407   3.138332930680862e-05   
0.30454220332481452   32.50305130328753   0.00071491371541114592   
0.31750144601948749   2.7488250219407873   0.00067635949009235322   
0.33046068871416046   1.3043265387942213e-07   8.6955102586281421e-08   
0.34341993140883342   0   0   
0.35637917410350639   0   0   
0.36933841679817936   0   0   
0.38229765949285227   0   0   
0.39525690218752524   0   0   
0.40821614488219821   0   0   
0.42117538757687117   0   0   
0.43413463027154414   0   0   
0.44709387296621711   0   0   
0.46005311566089002   0   0   
0.47301235835556299   0   0   
0.48597160105023596   0   0   
0.49893084374490893   0   0   
0.51189008643958189   0   0   
0.52484932913425486   0   0   
0.53780857182892783   0   0   
0.5507678145236008   0   0   
0.56372705721827376   0   0   
0.57668629991294673   0   0   
0.58964554260761959   0   0   
0.60260478530229256   0   0   
0.61556402799696552   0   0   
0.62852327069163849   0   0   
0.64148251338631146   0   0   
0.65444175608098443   0   0   
0.66740099877565739   0   0   
0.68036024147033036   0   0   
0.69331948416500333   0   0   
0.7062787268596763   0   0   
0.71923796955434927   0   0   
0.73219721224902223   0   0   
0.7451564549436952   0   0   
0.75811569763836806   0   0   
0.77107494033304103   0   0   
0.78403418302771399   0   0   
0.79699342572238696   0   0   
0.80995266841705993   0   0   
0.8229119111117329   0   0   
0.83587115380640586   0   0   
0.84883039650107883   0   0   
0.8617896391957518   0   0   
0.87474888189042477   0   0   
0.88770812458509774   0   0   
0.9006673672797707   0   0   
0.91362660997444356   0   0   
0.92658585266911653   0   0   
0.9395450953637895   0   0   
0.95250433805846246   0   0   
0.96546358075313543   0   0   
0.9784228234478084   0   0   
0.99138206614248137   0   0   
1.0043413088371542   0   0   
1.0173005515318272   0   0   
1.0302597942265002   0   0   
1.0432190369211731   0   0   
1.0561782796158461   0   0   
1.0691375223105191   0   0   
1.082096765005192   0   0   
1.095056007699865   0   0   
1.108015250394538   0   0   
1.1209744930892109   0   0   
1.1339337357838839   0   0   
1.1468929784785569   6.7648122181530794e-07   1.3780173036978495e-07   
1.1598522211732298   0.0022696549667856042   9.1840204795811371e-06   
1.1728114638679028   0.36724876729730666   0.00025013395704234486   
1.1857707065625758   5.2207893741664172   0.0010478096554684396   
1.1987299492572487   9.4735840632285864   0.00096008755410952981   
1.2116891919519217   2.7875924319079521   0.00054366963774861876   
1.2246484346465947   0.15589157378023257   0.00010263263784377508   
1.2376076773412676   0.0020506297468521739   7.2821848482394378e-06   
1.2505669200359406   9.2370648353572111e-06   3.6349210456241579e-07   
1.2635261627306136   6.8226311260005424e-07   8.8079789094388191e-08   
1.2764854054252865   3.5303219904455471e-05   1.4654894633542368e-06   
1.2894446481199595   0.0013057436010941576   8.4176390168651136e-06   
1.3024038908146325   0.023296790452566673   3.2257032437161125e-05   
1.3153631335093054   0.21631936503541658   0.00015822317028310662   
1.3283223762039782   1.0805658757332397   0.00042359268719229534   
1.3412816188986512   3.0556152593018861   0.00077003569791558726   
1.3542408615933241   5.2115544539571706   0.00079925436762731336   
1.3672001042879971   5.9328386199042477   0.00064262143770173118   
1.3801593469826701   5.2763807731057211   0.00062990874631654105   
1.393118589677343   4.2464825296587264   0.0009363630711694625   
1.406077832372016   3.1161323923347809   0.00054926391044598673   
1.419037075066689   2.0940211163182469   0.0006864813705902151   
1.4319963177613619   2.5171396614363613   0.0015594447877136488   
1.4449555604560349   6.6744992741717622   0.0014980433120455239   
1.4579148031507079   11.432382097532241   0.0011732232174566394   
1.4708740458453808   7.999465154936307   0.0013023555702587191   
1.4838332885400538   1.86529029215349   0.0005584714594651552   
1.4967925312347268   0.12142356121744868   0.00010153297913574219   
1.5097517739293997   0.0020242120654962416   1.2644765014385713e-05   
1.5227110166240727   1.715383659913796e-05   1.0229637239142526e-06   
1.5356702593187457   5.3328793927915633e-07   2.6446018406573201e-07   
1.5486295020134186   2.7832909405232339e-08   2.7832909405232339e-08   
1.5615887447080916   0   0   
1.5745479874027646   0   0   
1.5875072300974375   0   0   
1.6004664727921105   0   0   
1.6134257154867835   0   0   
1.6263849581814565   7.9506757145623849e-08   5.3004504763749233e-08   
1.6393442008761294   1.4592475367814401e-06   3.6371635301159017e-07   
1.6523034435708024   2.8082150380239585e-05   8.4172584218334148e-07   
1.6652626862654751   0.00057022694803821428   3.3047249376266068e-06   
1.6782219289601481   0.0083113190300893765   4.3512239673567652e-05   
1.6911811716548211   0.083097485634566943   0.00021575901962810864   
1.704140414349494   0.52620865741138004   0.0006063518475078703   
1.717099657044167   1.9649337649672577   0.00066285791295905075   
1.73005889973884   3.9698113740075913   0.0010869314139439848   
1.7430181424335129   3.9194050634797945   0.0010470813559456166   
1.7559773851281859   1.671665470150467   0.00060545701162544302   
1.7689366278228589   0.26415514752130677   0.00037568860920122033   
1.7818958705175318   0.012702130876384853   4.9676124072990809e-05   
1.7948551132122048   0.00016749036017539173   2.9349939942878138e-06   
1.8078143559068778   8.4521762215520153e-06   2.5021689168220882e-06   
1.8207735986015507   1.4203698251638139e-07   7.4443011839655317e-08   
1.8337328412962237   0   0   
1.8466920839908967   0   0   
1.8596513266855697   0   0   
1.8726105693802426   0   0   
1.8855698120749156   0   0   
1.8985290547695886   0   0   
1.9114882974642615   0   0   
1.9244475401589345   0   0   
1.9374067828536075   0   0   
1.9503660255482804   0   0   
1.9633252682429534   0   0   
1.9762845109376264   0   0   
1.9892437536322993   0   0   
2.0022029963269721   0   0   
2.0151622390216453   0   0   
2.028121481716318   0   0   
2.0410807244109912   0   0   
2.0540399671056639   0   0   
2.0669992098003371   0   0   
2.0799584524950099   0   0   
2.0929176951896831   0   0   
2.1058769378843558   0   0   
2.118836180579029   0   0   
2.1317954232737018   0   0   
2.1447546659683749   0   0   
2.1577139086630477   0   0   
2.1706731513577204   2.2835448209039129e-07   9.482700368789051e-08   
2.1836323940523936   1.9255459189401158e-05   5.9152280315745013e-07   
2.1965916367470664   0.00075134979990913496   3.6560482484235186e-06   
2.2095508794417396   0.014776148874831417   2.9524323700795513e-05   
2.2225101221364123   0.1431503129703257   8.8869123889233294e-05   
2.2354693648310855   0.70899262697837211   0.00027128732906456392   
2.2484286075257582   1.9233966355966085   0.00021424950308879287   
2.2613878502204314   3.6553929832192766   0.00073348567988139035   
2.2743470929151042   4.836483645762154   0.00039643261891306174   
2.2873063356097774   2.381259487256053   0.00055669603384004848   
2.3002655783044501   0.48583900802360288   0.00011311778964966797   
2.3132248209991233   0.086903653115404735   7.7060204144366442e-05   
2.326184063693796   0.013203173096682217   1.6002093901766359e-05   
2.3391433063884692   0.0052038499132698737   1.8383482490889886e-05   
2.352102549083142   0.036957473191117287   9.0261418123469539e-05   
2.3650617917778152   0.23105274666805743   0.00026135970834038119   
2.3780210344724879   0.93467634593571403   0.00045597328888716003   
2.3909802771671611   2.4436430108300973   0.0002177009802400414   
2.4039395198618339   4.1453143014719928   0.00097258300720286703   
2.416898762556507   4.5817679636746415   0.001031186186719946   
2.4298580052511798   3.3100353525751505   0.00052024365434492286   
2.442817247945853   1.5675511620438792   0.00070474112268044307   
2.4557764906405257   0.48806608899684697   0.00047257480925759001   
2.4687357333351989   0.10042355052492228   0.00016961978081834037   
2.4816949760298717   0.013824285732437614   3.2658137467267908e-05   
2.4946542187245444   0.0018206530076148772   8.1150035682445993e-06   
2.5076134614192176   0.0038661992878500104   2.5188872418376469e-05   
2.5205727041138903   0.021007615678288321   8.6016536627512991e-05   
2.5335319468085635   0.090650637736348862   0.0001882513782442603   
2.5464911895032363   0.30801826637574167   0.00035151559365552965   
2.5594504321979095   1.1434568992738048   0.00084866085414574761   
2.5724096748925822   4.3560780412839691   0.0017160731642121985   
2.5853689175872554   5.8347993596459395   0.0018268383943597468   
2.5983281602819281   2.7651842048006565   0.0014350892547717127   
2.6112874029766013   1.3431922813324891   0.0001860871027421505   
2.6242466456712741   1.0804704849959697   0.00063508198992661767   
2.6372058883659473   2.0904217669942342   0.00063088969889779959   
2.65016513106062   3.141339567718183   0.00027729490256274263   
2.6631243737552932   2.0841336043810418   0.00056223953210549817   
2.676083616449966   0.77255739624835923   0.00039359196716950831   
2.6890428591446391   0.91551008903982725   0.00042499798728583526   
2.7020021018393119   2.0036519892148832   0.0006912358886964344   
2.7149613445339851   3.1517513639345733   0.00051186001297668923   
2.7279205872286578   3.4985255633878941   0.00058185494286915767   
2.740879829923331   2.8601759254251998   0.00046454440911373688   
2.7538390726180038   1.7909299345630686   0.0006502041434886168   
2.7667983153126769   0.87871657544129576   0.00059917728098189624   
2.7797575580073497   0.33829127170330333   0.0003928120985078301   
2.7927168007020229   0.10098951078140698   0.00018154795035272175   
2.8056760433966956   0.022986119633072357   6.1884214272656997e-05   
2.8186352860913688   0.0039346890072014639   1.7079340870689564e-05   
2.8315945287860416   0.00052082475028994468   2.6497466205929834e-06   
2.8445537714807143   0.00074281143838190136   2.7119986902391406e-06   
2.8575130141753875   0.033388797579542081   8.7312756254588451e-05   
2.8704722568700602   0.5812073468578629   0.00080977654246350128   
2.8834314995647334   2.312940005734843   0.00093835976198798258   
2.8963907422594062   3.1809977080276573   0.00036995671714283844   
2.9093499849540794   4.3360095851209969   0.0012427777264152128   
2.9223092276487521   4.6999757676620016   0.0014079103984512646   
2.9352684703434253   2.6061619918405819   0.00089692488476927782   
2.9482277130380981   0.6749052679921047   0.00063260460627616879   
2.9611869557327712   0.077433228400208111   0.00014536631080653249   
2.974146198427444   0.0037824020373322646   1.0912500756687572e-05   
2.9871054411221172   8.242211988486381e-05   1.7837526331919918e-06   
3.0000646838167899   2.9812171915312844e-05   4.7366513649169412e-06   
3.0130239265114631   2.1601330484417847e-06   4.4500659226954869e-07   
3.0259831692061359   0   0   
3.038942411900809   0   0   
3.0519016545954818   0   0   
3.064860897290155   0   0   
3.0778201399848277   5.6017392402951819e-08   2.034784604709417e-08   
3.0907793826795009   8.7857466858403213e-07   1.2990994237326614e-07   
3.1037386253741737   1.6928742503193725e-05   4.6149933983236151e-07   
3.1166978680688469   0.00031906403251613213   4.8462575198254491e-06   
3.1296571107635196   0.0044197947313377806   3.3053047768741633e-05   
3.1426163534581928   0.040065396447903063   0.00015583099955983908   
3.1555755961528655   0.23141004823771112   0.00038527727535937486   
3.1685348388475383   0.82178154981752199   0.0005494076573607808   
3.1814940815422115   1.729474276774141   0.00066492781338228568   
3.1944533242368842   2.0673667504955839   0.00098787339624659541   
3.2074125669315574   1.3387351191253893   0.00037836074194320234   
3.2203718096262302   0.44409080517529707   0.00048631655261200889   
3.2333310523209033   0.070887921010461078   0.00017607767370337618   
3.2462902950155761   0.0050627993042504429   3.0171657990617842e-05   
3.2592495377102493   0.00014891104536142534   1.9074580076625481e-06   
3.272208780404922   2.2722401435727053e-06   5.1460969908897162e-07   
3.2851680230995952   4.5921555655772877e-08   2.7746629510302018e-08   
3.298127265794268   0   0   
3.3110865084889411   0   0   
3.3240457511836139   0   0   
3.3370049938782871   0   0   
3.3499642365729598   0   0   
3.362923479267633   0   0   
3.3758827219623058   0   0   
3.388841964656979   0   0   
3.4018012073516517   0   0   
3.4147604500463249   0   0   
3.4277196927409976   2.5149585436107858e-08   1.02672752601659e-08   
3.4406789354356708   1.4343907388491253e-06   1.23680838124934e-07   
3.4536381781303436   5.9893548976237685e-05   4.6704877835771287e-07   
3.4665974208250168   0.0012328452998792962   2.999981095444984e-06   
3.4795566635196895   0.014851832179175531   1.6791531225878432e-05   
3.4925159062143623   0.1089790711261481   0.0001012480135613884   
3.5054751489090354   0.50351674356602006   0.00022420027554042639   
3.5184343916037082   1.4854087341705289   0.00034271307310199303   
3.5313936342983814   2.7856107439143515   0.00052559325309665606   
3.5443528769930541   3.2865648635657421   0.00038304138352086111   
3.5573121196877273   2.4317884712390999   0.0003919456110797209   
3.5702713623824001   1.1557469284984049   0.0005671951834653853   
3.5832306050770732   0.47089606718633216   0.00027753822311441012   
3.596189847771746   0.607193057858622   0.00035692537071482952   
3.6091490904664192   1.8423412516333167   0.00054327817639978969   
3.6221083331610919   4.4198154285575004   0.00065770823827265941   
3.6350675758557651   5.2721089880386567   0.0013740330771875275   
3.6480268185504379   3.2274620919391177   0.00073701731740454191   
3.6609860612451111   1.5208367169699193   0.000488072479712686   
3.6739453039397838   0.61447754421325286   0.00054698982216459558   
3.686904546634457   0.23271967117548774   0.00044717826704216605   
3.6998637893291297   0.28935185304679947   0.0005345582229190036   
3.7128230320238029   0.85469799966283566   0.00071506634761168335   
3.7257822747184757   2.0493511647436213   0.00031268156200780241   
3.7387415174131489   3.4758142664844883   0.0010616315096706843   
3.7517007601078216   4.1020460504310136   0.0016702455097964201   
3.7646600028024948   3.3636314467711727   0.00071754991106797287   
3.7776192454971675   1.939493875528369   0.00055425902952135113   
3.7905784881918407   0.80865954639952628   0.00070503961545516707   
3.8035377308865135   0.25339756158956437   0.00043862642421153847   
3.8164969735811862   0.061574780776318295   0.00020033894747721192   
3.8294562162758594   0.011641491421664233   6.1656110196421106e-05   
3.8424154589705322   0.0016711098700966527   1.417869370732367e-05   
3.8553747016652054   0.00018894101576247719   3.0338776969620743e-06   
3.8683339443598781   0.00017415708775025756   2.3720970321370719e-06   
3.8812931870545513   0.0032540704310970982   1.9370256975133801e-05   
3.894252429749224   0.068121227840992214   0.00025195144294731078   
3.9072116724438972   0.75348678900827921   0.0013012006351202495   
3.92017091513857   3.2746872616757424   0.0021512822601581463   
3.9331301578332432   5.0283117416703559   0.0010036626919498796   
3.9460894005279159   2.9685988140298973   0.0022748381246916416   
3.9590486432225891   1.5003234868226984   0.00066257069014135508   
3.9720078859172618   1.2614530125746302   0.0006141930113976154   
3.984967128611935   0.90229769025359822   0.0002699836842898111   
3.9979263713066078   0.44877592850747235   0.00026088825890466359   
4.010885614001281   0.15834015388254162   0.00028804567019890828   
4.0238448566959537   0.084764890694636391   0.00017928928336724529   
4.0368040993906265   0.24064676569333708   0.00022582778757769388   
4.0497633420853001   0.73271505721927988   0.00047966219117831406   
4.0627225847799728   1.5675301295893135   0.00067893984972890459   
4.0756818274746456   2.4635053430677893   0.00037707751493839055   
4.0886410701693183   3.1541938810634409   0.00052151936957736963   
4.101600312863992   3.3684989862103012   0.0009694322684097477   
4.1145595555586647   2.5866742677217325   0.00041995314325528523   
4.1275187982533375   1.2213993046052054   0.00038116050665560892   
4.1404780409480102   0.33928400220511556   0.00030192852759810277   
4.1534372836426829   0.060546828977572258   0.00010234034246038439   
4.1663965263373566   0.0084483454169723158   2.5104453022660885e-05   
4.1793557690320293   0.0018183446411548444   1.2945082786521972e-05   
4.1923150117267021   0.018740950068253422   8.6303971802199426e-05   
4.2052742544213748   0.21796271603094666   0.00046935454385024543   
4.2182334971160484   1.0891321755033414   0.00092519530908015486   
4.2311927398107212   2.078747276498129   0.00076915058856940849   
4.2441519825053939   1.3783350612051812   0.0010950122468808343   
4.2571112252000667   0.29050755507176653   0.00056922681972450387   
4.2700704678947403   0.017774010736932926   5.0081943403813406e-05   
4.2830297105894131   0.00029402430746667924   1.6424444230393672e-06   
4.2959889532840858   0.00012199466450153027   2.008617319088353e-06   
4.3089481959787586   0.0021424301864269303   2.3215114877704016e-05   
4.3219074386734322   0.024459948463946108   0.00013983961920829667   
4.3348666813681049   0.1748508203534976   0.0004563911427470028   
4.3478259240627777   0.76228142309559572   0.000833026739637324   
4.3607851667574504   1.9738747341636974   0.00079435097502328337   
4.3737444094521241   2.9537091556576155   0.0015002583425525473   
4.3867036521467968   2.487530870787893   0.00086440126831151104   
4.3996628948414696   1.1482069599306434   0.00084543084133156483   
4.4126221375361423   0.28359758011958526   0.0004845876169313582   
4.4255813802308159   0.036666807524119701   0.00011305486157616475   
4.4385406229254887   0.002447372529828637   1.479494314017231e-05   
4.4514998656201614   8.9555971473463674e-05   1.9378560442602144e-06   
4.4644591083148342   3.4611980075535767e-06   5.8634604781228913e-07   
4.4774183510095078   1.7809436893666393e-07   6.7329732212267873e-08   
4.4903775937041805   0   0   
4.5033368363988533   0   0   
4.516296079093526   0   0   
4.5292553217881988   2.854963668605377e-08   1.6175017174241402e-08   
4.5422145644828724   5.5038486472943034e-07   1.353509805640502e-07   
4.5551738071775452   8.8094919471534032e-06   4.650500639982421e-07   
4.5681330498722179   0.00015297391411634991   3.5871257370126142e-06   
4.5810922925668907   0.0019323403037936752   1.7299175414680396e-05   
4.5940515352615643   0.017023132488144476   8.8437250772703539e-05   
4.607010777956237   0.1019175001092279   0.00023576531230463091   
4.6199700206509098   0.4068601842385751   0.00035749845410425237   
4.6329292633455825   1.0710744032380265   0.00031810188825458382   
4.6458885060402562   1.8600025100748772   0.000631148645318979   
4.6588477487349289   2.1784357813088756   0.00069283588829551393   
4.6718069914296017   1.8009200499693695   0.00045521273452177595   
4.6847662341242744   1.1001784910195128   0.00018690278634655852   
4.697725476818948   0.50063226354200673   0.00027253222181620304   
4.7106847195136208   0.16515802288268905   0.0001824567951582908   
4.7236439622082935   0.038568058954860715   5.5077593569913439e-05   
4.7366032049029663   0.0069435049796739686   1.767793938658964e-05   
4.7495624475976399   0.0059411610299016266   2.5727272361990129e-05   
4.7625216902923126   0.032127412132295864   0.00010194338314161358   
4.7754809329869854   0.14313773863244037   0.00022566820061988165   
4.7884401756816581   0.46024428997809532   0.00033444395055486554   
4.8013994183763318   1.0721469960142308   0.00030135516116997643   
4.8143586610710045   1.8380173501270075   0.00062301875914610321   
4.8273179037656773   2.4309057194872651   0.00085549792622060512   
4.84027714646035   2.8477612729125019   0.00059823908442079491   
4.8532363891550228   3.0574320756518387   0.00051410507249112497   
4.8661956318496964   2.2121307615686881   0.00052247097718860948   
4.8791548745443691   1.162275682272897   0.0005561051358670365   
4.8921141172390419   1.0244130062371804   0.00047220268588884408   
4.9050733599337146   1.7771128957303424   0.00034658836570478973   
4.9180326026283883   2.8568180526680539   0.00085056072432300064   
4.930991845323061   3.2509943042640995   0.00081099021811359317   
4.9439510880177338   2.5947551888186393   0.00031089643075273518   
4.9569103307124065   1.62141112902491   0.00081828822513434853   
4.9698695734070801   1.1236167582386437   0.0007213389397255804   
4.9828288161017529   1.2022551138522206   0.00018480675474361022   
4.9957880587964256   1.5010107123276701   0.00047910508635684449   
5.0087473014910984   1.6992081850125411   0.00047441903339739103   
5.021706544185772   1.9178635137960673   0.00071432371789611661   
5.0346657868804447   2.3681308077215147   0.0010549598644726646   
5.0476250295751175   2.1341829111606568   0.00023202274355292448   
5.0605842722697902   0.97892705443341597   0.0007701738067395484   
5.0735435149644639   0.22491233580955042   0.00034311584669005848   
5.0865027576591366   0.050286915070752176   0.00018801803859385267   
5.0994620003538094   0.090958329887279688   0.00028609194499303187   
5.1124212430484821   0.33334303354696129   0.00047796398101364475   
5.1253804857431557   0.91154288376459749   0.00040876744591478324   
5.1383397284378285   1.9040458802888201   0.00076617011643638734   
5.1512989711325012   3.2951528075973402   0.0016006982991578519   
5.164258213827174   3.5735925367607699   0.0012472297967624826   
5.1772174565218467   1.8132826467948675   0.0013378924243094241   
5.1901766992165204   0.48871533216561852   0.00064002842996422173   
5.2031359419111931   0.10117433110361732   0.00027186568925239028   
5.2160951846058659   0.01640451374421793   8.6696269253907758e-05   
5.2290544273005386   0.001823098660491667   1.7722465187939173e-05   
5.2420136699952122   0.00013965637070527479   2.736500880718851e-06   
5.254972912689885   9.859164670920266e-06   4.98146721007791e-07   
5.2679321553845577   6.133318800428974e-05   1.376146038387735e-06   
5.2808913980792305   0.0017917807331929265   1.726845136208466e-05   
5.2938506407739041   0.030534347813192603   0.00017843005769047742   
5.3068098834685768   0.27785471060710892   0.0007103110148769221   
5.3197691261632496   1.2672418930421202   0.0013293945601476058   
5.3327283688579223   2.7464784437432367   0.0015401102028595491   
5.345687611552596   2.759118758036158   0.0011195115785948385   
5.3586468542472687   1.4836717968442312   0.0015301357380342048   
5.3716060969419415   0.93890019873669497   0.00030482603003440323   
5.3845653396366142   1.0106570136313365   0.00033113165567721354   
5.3975245823312878   1.0551558480701695   0.00034723289909561366   
5.4104838250259606   1.1442408682427357   0.00067866459395190929   
5.4234430677206333   1.468359996558328   0.00084537207972223085   
5.4364023104153061   1.82670300729926   0.00041835166802501913   
5.4493615531099797   1.991250486704203   0.00067351993525960562   
5.4623207958046525   2.0102474250365907   0.0011369698677284963   
5.4752800384993252   1.3697359036691224   0.0002446418293988958   
5.488239281193998   0.46273366746560464   0.00023615871068543225   
5.5011985238886707   0.098181534590100107   0.000150443730751269   
5.5141577665833443   0.031062170896124887   0.00011350650340379452   
5.5271170092780171   0.091521017873951346   0.0002413811708099178   
5.5400762519726898   0.37309993644277915   0.00035618084179347359   
5.5530354946673626   0.88516975867949997   0.00043400797183712685   
5.5659947373620362   1.1776502977439224   0.00056192265486961707   
5.578953980056709   0.87763897847158129   0.0003501062994231739   
5.5919132227513817   0.39065921781835396   0.0004055037985981962   
5.6048724654460544   0.27316075750533716   0.00046010162603922891   
5.6178317081407281   0.70773381769960354   0.00067376092802749465   
5.6307909508354008   1.2866345300186903   0.00073577338387804718   
5.6437501935300736   1.1182992957169087   0.00058183641391184517   
5.6567094362247463   0.43231296459616161   0.00068619951294925377   
5.6696686789194199   0.069837244020816801   0.00017251364139020406   
5.6826279216140927   0.0044292553360478298   1.8473829046066163e-05   
5.6955871643087654   0.00010479084058212318   1.2993680684010998e-06   
5.7085464070034382   9.4004782725015977e-07   1.6412273240300873e-07   
5.7215056496981118   9.4168535501847801e-08   3.0883196186147647e-08   
5.7344648923927846   2.0745424135669446e-06   2.9287406033100692e-07   
5.7474241350874573   4.3853384578980798e-05   1.4821022211074474e-06   
5.7603833777821301   0.00076373417310656219   1.1989816077010801e-05   
5.7733426204768037   0.0087527144194487412   6.4227903978666836e-05   
5.7863018631714764   0.065982715181646357   0.00026616619891358748   
5.7992611058661492   0.3191711197431367   0.00052732882527484808   
5.8122203485608219   0.97077515971236736   0.00062401638342793769   
5.8251795912554947   1.8251284495868631   0.0009923595864246296   
5.8381388339501683   2.0939646428728808   0.00094283690384316664   
5.8510980766448411   1.4974810536076059   0.00068752283166243578   
5.8640573193395138   0.84679536806139273   0.00091994746485541441   
5.8770165620341865   0.74478548957407515   0.00055029688096185102   
5.8899758047288602   0.91534214658626899   0.00023660045890225598   
5.9029350474235329   0.94569792384909803   0.00010336026548866873   
5.9158942901182057   0.86109945495360274   0.00026504371608414842   
5.9288535328128784   0.88587386281552435   0.00011198692609973048   
5.941812775507552   0.96877088191140115   0.00023023585273175806   
5.9547720182022248   0.88172546392032576   0.00020046896371708511   
5.9677312608968975   0.66255393886139996   0.0002339233417292961   
5.9806905035915703   0.60914755853389513   0.00043320504303187905   
5.9936497462862439   0.89329014230578256   0.0003929882219785316   
6.0066089889809167   1.3187239089292352   0.00038804387660148148   
6.0195682316755894   1.2281871760791564   0.0010131703768348426   
6.0325274743702622   0.74508902973457022   0.0004754986999390632   
6.0454867170649358   0.45340731943353187   0.00025230903051617392   
6.0584459597596085   0.25713029994142588   0.00028932583821291405   
6.0714052024542813   0.27658398526197272   0.00038108959606261792   
6.084364445148954   0.62874723407053985   0.00044887035079435864   
6.0973236878436277   1.2725445828816707   0.00041007259340899605   
6.1102829305383004   1.8998824379410607   0.00035226891631569717   
6.1232421732329732   2.1219001286910226   0.00056317306853141851   
6.1362014159276459   1.709258415080683   0.00072321082641260884   
6.1491606586223186   1.2154248826695255   0.00044322808073629929   
6.1621199013169923   1.2770368447578699   0.00042519266654197349   
6.175079144011665   2.0266290201594871   0.00049193142276719483   
6.1880383867063378   2.3651824294406608   0.0011987996884887934   
6.2009976294010105   1.6156918619465562   0.001252528540494739   
6.2139568720956841   1.0716399691079677   0.0004157577005968089   
6.2269161147903569   1.124060392179091   0.00029900066087658372   
6.2398753574850296   1.4383999802674908   0.00033286932939747487   
6.2528346001797024   1.284822116048815   0.00094337776234945999   
6.265793842874376   0.76836389906485767   0.00045494480048841762   
6.2787530855690488   0.5357775773394242   0.00038717027828609817   
6.2917123282637215   0.46560187713297623   0.0005022558533690575   
6.3046715709583943   0.64891807427066897   0.00055550165452338131   
6.3176308136530679   1.0529213892158881   0.00049188009511585013   
6.3305900563477406   1.4426564014444824   0.00051591817808408398   
6.3435492990424134   1.4709496064460062   0.00078309742791667098   
6.3565085417370861   1.0585429079100623   0.00054047048943921741   
6.3694677844317598   0.52698959278276618   0.00045173122380819793   
6.3824270271264325   0.18158381849178161   0.00031472099026046711   
6.3953862698211053   0.043837012916957535   0.00013221667677781297   
6.408345512515778   0.0076619988586120312   3.4494080822573705e-05   
6.4213047552104516   0.0029496103524552724   2.4350040521801287e-05   
6.4342639979051244   0.027316197230136075   0.00013861534301954804   
6.4472232405997971   0.2039610113630063   0.00055176387732854623   
6.4601824832944699   0.90119589896188379   0.0014062145761537126   
6.4731417259891426   2.4253878290512206   0.0021930018088988521   
