-0.00020424   -0.0235635     0
-0.00161644   -0.047229     0
0.102417   -0.0244214     1
0.0986215   -0.0475788     1
0.201286   -0.0246473     2
0.199516   -0.0483839     2
0.299759   -0.0229054     3
0.301614   -0.046724     3
0.400742   -0.0233723     4
0.400403   -0.0471537     4
-0.498847   -0.0243776     5
-0.501042   -0.0478447     5
-0.399193   -0.0254007     6
-0.401859   -0.048803     6
-0.301219   -0.0249549     7
-0.300666   -0.0487243     7
-0.200934   -0.0242086     8
-0.200881   -0.0478714     8
-0.102493   -0.0243855     9
-0.0996058   -0.048073     9
0.0523819   0.0751113     10
0.050874   0.0514534     10
0.1502   0.0761777     11
0.151767   0.0523438     11
0.254485   0.0763251     12
0.248774   0.053128     12
0.353155   0.0763021     13
0.349873   0.0527288     13
0.452414   0.0763676     14
0.451772   0.0523776     14
-0.447704   0.0756279     15
-0.448838   0.0517639     15
-0.348268   0.0759182     16
-0.349785   0.0523562     16
-0.247093   0.0754107     17
-0.252757   0.0526556     17
-0.148616   0.075498     18
-0.15193   0.0519348     18
-0.0467005   0.075034     19
-0.0517329   0.0520451     19
0.101192   0.176414     20
0.10042   0.152632     20
0.201234   0.175537     21
0.201666   0.151911     21
0.301949   0.177293     22
0.302501   0.153497     22
0.400871   0.175675     23
0.402469   0.152227     23
0.500799   0.175959     24
0.503678   0.152249     24
-0.398927   0.176657     25
-0.396967   0.152665     25
-0.298666   0.176368     26
-0.296701   0.152545     26
-0.199798   0.175645     27
-0.19778   0.152204     27
-0.0986783   0.174444     28
-0.0984783   0.150595     28
0.00143977   0.175559     29
0.00110454   0.152018     29
0.151406   0.276201     30
0.151386   0.25221     30
0.252865   0.275886     31
0.24946   0.252653     31
0.350432   0.276039     32
0.353257   0.252171     32
0.450408   0.275665     33
0.45172   0.25202     33
0.550876   0.276587     34
0.551854   0.252911     34
-0.348861   0.276505     35
-0.348064   0.252853     35
-0.248715   0.276398     36
-0.248326   0.252719     36
-0.148887   0.274416     37
-0.146845   0.250935     37
-0.0473558   0.275015     38
-0.0484875   0.251283     38
0.0533417   0.276276     39
0.0503829   0.252673     39
0.201171   0.376301     40
0.202384   0.352339     40
0.301715   0.376429     41
0.300532   0.352423     41
0.400475   0.375999     42
0.40134   0.352345     42
0.501769   0.375914     43
0.499923   0.351822     43
0.601629   0.376428     44
0.601798   0.352599     44
-0.29769   0.376593     45
-0.299086   0.352775     45
-0.19693   0.375613     46
-0.198756   0.351752     46
-0.0979519   0.375217     47
-0.0986671   0.351349     47
0.00280733   0.375667     48
0.00125286   0.351977     48
0.10217   0.377002     49
0.102242   0.353127     49
0.252621   0.476606     50
0.251365   0.452787     50
0.352137   0.476578     51
0.351782   0.452693     51
0.452499   0.475536     52
0.451037   0.451545     52
0.553204   0.476208     53
0.551508   0.452599     53
0.653335   0.476458     54
0.6521   0.452735     54
-0.246481   0.475762     55
-0.248396   0.451769     55
-0.149725   0.475141     56
-0.14696   0.451959     56
-0.048445   0.475583     57
-0.0486326   0.451982     57
0.0523275   0.476549     58
0.0514209   0.452796     58
0.151843   0.476183     59
0.153075   0.452423     59
-0.196992   -0.423227     60
-0.198462   -0.44722     60
-0.0986746   -0.424341     61
-0.0963839   -0.448091     61
0.00130175   -0.424366     62
0.00177481   -0.448103     62
0.100396   -0.423654     63
0.103117   -0.447537     63
0.201889   -0.423465     64
0.202823   -0.447239     64
-0.697395   -0.423098     65
-0.698331   -0.446761     65
-0.597901   -0.424241     66
-0.598098   -0.447993     66
-0.497611   -0.424808     67
-0.49834   -0.448483     67
-0.397428   -0.42411     68
-0.398136   -0.447719     68
-0.299045   -0.424379     69
-0.297013   -0.44807     69
-0.147661   -0.323328     70
-0.149091   -0.346835     70
-0.0479678   -0.323427     71
-0.0478839   -0.347109     71
0.0523557   -0.32465     72
0.0506869   -0.348631     72
0.151855   -0.323914     73
0.151656   -0.347626     73
0.252097   -0.322965     74
0.251263   -0.346576     74
-0.648617   -0.323741     75
-0.648663   -0.347425     75
-0.547972   -0.324805     76
-0.548459   -0.348345     76
-0.447946   -0.32445     77
-0.449168   -0.348329     77
-0.348595   -0.32301     78
-0.349307   -0.34682     78
-0.248249   -0.324723     79
-0.249318   -0.348448     79
-0.0999542   -0.223695     80
-0.0977901   -0.24766     80
0.000914024   -0.223979     81
0.00122169   -0.247729     81
0.0992624   -0.223679     82
0.10171   -0.247888     82
0.198896   -0.223441     83
0.200917   -0.246603     83
0.299823   -0.223591     84
0.300978   -0.247487     84
-0.600795   -0.223902     85
-0.598668   -0.24767     85
-0.501146   -0.224283     86
-0.498615   -0.248104     86
-0.398277   -0.224102     87
-0.399291   -0.247653     87
-0.300339   -0.224567     88
-0.297227   -0.247975     88
-0.197748   -0.224278     89
-0.19966   -0.247621     89
-0.0504066   -0.123984     90
-0.0500548   -0.147998     90
0.0493487   -0.123185     91
0.0509518   -0.146863     91
0.149487   -0.124189     92
0.149655   -0.147471     92
0.25171   -0.123331     93
0.248215   -0.147185     93
0.349094   -0.123346     94
0.349482   -0.146981     94
-0.551438   -0.124225     95
-0.550694   -0.147763     95
-0.451713   -0.125339     96
-0.450037   -0.148944     96
-0.352584   -0.124829     97
-0.347884   -0.147782     97
-0.251012   -0.12451     98
-0.249818   -0.148385     98
-0.151397   -0.123662     99
-0.149236   -0.147123     99
