0.44213184308663317   40.671743194422157  0.0050931998251612314     
0.88426368617326634   2.2739242238336164e-07  7.3256557766027214e-10     
1.3263955292598995   4.6600359941535561  0.0050979248929103967     
1.7685273723465327   3.1812014415356404e-07  4.6893442551265135e-10     
2.2106592154331657   1.8077838545907672  0.0051109238063524108     
2.6527910585197989   7.2514143538277881e-07  1.7810161226501396e-09     
3.0949229016064321   1.0671450813010952  0.0051359776195886102     
3.5370547446930654   2.3531191985384952e-06  5.8124098263796628e-09     
3.9791865877796986   0.8366750348488313  0.0052306602308514891     
4.4213184308663314   0.0011776364211955631  3.6383599432997292e-05     
4.8634502739529646   0.81659268985023761  0.0051035984334240969     
5.3055821170395978   5.45321183688642e-06  2.4306180505094519e-08     
5.747713960126231   1.0511256259765097  0.0051752720896085698     
6.1898458032128643   4.2055402506416897e-06  2.0446909519525971e-08     
6.6319776462994975   1.7833278166628205  0.0052622043709826746     
7.0741094893861307   6.0810460312182395e-06  4.9960605450932279e-08     
7.5162413324727639   4.612995783124582  0.005445575458253902     
7.9583731755593972   3.6211729732526891e-05  7.9766091544744405e-07     
8.4005050186460295   40.449828063962277  0.0066662654619842206     
8.8426368617326627   99.766471757165527  0.0061865783191394556     
9.2847687048192959   40.693381241974886  0.0040175555756152445     
9.7269005479059292   5.6154198684343797e-05  1.3233432305629583e-06     
10.169032390992562   4.6931965912423218  0.0047457158358681578     
10.611164234079196   1.6043837980219489e-05  2.1273210136370147e-07     
11.053296077165829   1.8286723497286141  0.0049532296443560894     
11.495427920252462   1.7002005692765341e-05  1.6639921289009106e-07     
11.937559763339095   1.0824860346714237  0.0051000442402569626     
12.379691606425729   3.7751415757367599e-05  4.3922875886076153e-07     
12.821823449512362   0.86121270278700089  0.0055611750123168146     
13.263955292598995   0.010232348243772939  0.00031223164568645441     
13.706087135685628   0.80149118376582749  0.0051519270026589797     
14.148218978772261   5.1381871110574564e-05  7.6900087750796446e-07     
14.590350821858895   1.0353830628279302  0.0052224430204364756     
15.032482664945528   3.3683300962433619e-05  5.0890712858463147e-07     
15.474614508032161   1.756788266886409  0.0054130801270281784     
15.916746351118794   5.3118692852689847e-05  1.2601884245319787e-06     
16.358878194205428   4.555587843007936  0.0058371683907658387     
16.801010037292059   0.00048739691894904202  1.8057910459546291e-05     
17.243141880378694   40.037901911728526  0.013326629633060776     
17.685273723465325   99.087405004779255  0.023885414360522248     
18.12740556655196   40.524887840799935  0.0093862025913771795     
18.569537409638592   0.00040506564876109474  1.3325867639768203e-05     
19.011669252725227   4.7098436248200692  0.0043490479867070918     
19.453801095811858   8.4349514649745805e-05  2.0359550395323577e-06     
19.895932938898493   1.8446057589805567  0.0047791924309275228     
20.338064781985125   7.371963725687976e-05  1.4131687637472288e-06     
20.78019662507176   1.0960696465168672  0.0050581822316987425     
21.222328468158391   0.00016149363211131981  3.5462462152494112e-06     
21.664460311245026   0.88864927816289359  0.006070042776778924     
22.106592154331658   0.026505071580226506  0.00078807021493570121     
22.548723997418293   0.79101906296218419  0.0053225798894052394     
22.990855840504924   0.00018844754539115689  4.4736038904477658e-06     
23.432987683591559   1.0206280871432088  0.005277443281466848     
23.875119526678191   0.00012119064486087375  2.8824862158757255e-06     
24.317251369764826   1.729538813025317  0.0055630893979438254     
24.759383212851457   0.00021875760045929712  7.1248696345540297e-06     
25.201515055938092   4.4916375471513138  0.00628837017920765     
25.643646899024723   0.0026033062757797964  0.00010790689176055178     
26.085778742111358   39.466534748531965  0.025467334988213484     
26.52791058519799   98.023659490117012  0.050677839720802468     
26.970042428284625   40.19329330576963  0.020703519081214585     
27.412174271371256   0.0013338424437050052  4.6912886143169059e-05     
27.854306114457891   4.7086681273403352  0.0039357981437641053     
28.296437957544523   0.00025274398102689518  7.4221418201244574e-06     
28.738569800631154   1.8545082230591912  0.0045817551584573566     
29.180701643717789   0.00020251219634232081  5.0960600706849136e-06     
29.622833486804421   1.1068628337577186  0.0049991614891962967     
30.064965329891056   0.00045254026637330699  1.2883470853169166e-05     
30.507097172977687   0.91651614547779763  0.0066757110140446232     
30.949229016064322   0.046845527242219576  0.0013360050863205325     
31.391360859150954   0.78427520110932509  0.0055648496827452378     
31.833492702237589   0.00047132206831121311  1.3521722898039979e-05     
32.27562454532422   1.0072734468490764  0.0053378336174035079     
32.717756388410855   0.00030579903572108291  8.8055058654821595e-06     
33.15988823149749   1.7026864774805587  0.0057071682816802948     
33.602020074584118   0.00060671944302269203  2.228830999625922e-05     
34.044151917670753   4.4247386133674217  0.0067759338504433234     
34.486283760757388   0.0087016053986281719  0.00037451301520328248     
34.928415603844023   38.782519550109441  0.040446612850163498     
35.370547446930651   96.665174239815887  0.08304192526833278     
35.812679290017286   39.736475188624782  0.034691457963578977     
36.254811133103921   0.0029171284985958564  0.00010178543929270002     
36.696942976190556   4.6899025866742373  0.0036488391959720387     
37.139074819277184   0.00054489839673068109  1.7049071186235956e-05     
37.581206662363819   1.8577887616219053  0.0043644715661839853     
38.023338505450454   0.00042236131704139776  1.1923249163754152e-05     
38.465470348537089   1.1140566463466622  0.0049148430342752018     
38.907602191623717   0.00096957999345469531  3.0975671210410738e-05     
39.349734034710352   0.94184276418884655  0.0072660544779873916     
39.791865877796987   0.067667531663127464  0.0018165997086132858     
40.233997720883622   0.78017545314883954  0.0058422202341502918     
40.67612956397025   0.0009176826946928408  2.8429290402468053e-05     
41.118261407056885   0.99544639420891754  0.0054011421993563605     
41.56039325014352   0.00060641446627796191  1.8948867933020925e-05     
42.002525093230155   1.6769893336480138  0.0058395599917229312     
42.444656936316782   0.0012875102468640109  4.9777237287750218e-05     
42.886788779403417   4.3578434011707068  0.0072588021668465558     
43.328920622490052   0.021869138793573454  0.00095531345333692312     
43.77105246557668   38.041440830916937  0.055817832532189864     
44.213184308663315   95.116384151556339  0.11699483563073641     
