-0.000688222989307249   -0.00343251442639051   95.9507203001815   0.0500032413721299
0.0991568505126145   -0.00345690831630238   88.6347886592972   0.0500018558090253
0.199181433581622   -0.00342893793108357   120.606435044938   0.0500135265121887
0.299402492926842   -0.00357487864981294   48.7863194113624   0.0500180348216135
0.399227192817933   -0.00340869414120854   77.6454906403949   0.0500185044631862
-0.500895257417865   -0.00343067223659312   98.3770383099065   0.0500320976203203
-0.400796690156643   -0.00364758721911234   96.3385897168862   0.0500509885007096
-0.300767140316253   -0.00347288657465852   115.947574897316   0.0500389407355933
-0.200682028038443   -0.00344139200580422   82.515288951091   0.0500268667450034
-0.100714147725007   -0.00351953208203112   130.955987485856   0.050027587396367
0.0493735534521395   0.0965793162104783   87.7349556928188   0.0500041022040212
0.14911986763686   0.0966270571171315   70.3802830492357   0.0500116870513632
0.249202190265502   0.0964352972481584   96.2440760319258   0.0500078995890234
0.349130812587724   0.0966419554018584   104.142065612874   0.0500045511126768
0.449235981316797   0.0967881673311438   84.3769852905211   0.0501225003602308
-0.450823112714296   0.0964237791812175   122.333970327107   0.0500719965262128
-0.350832552563844   0.0964377239921107   74.2373796252589   0.0501084544470383
-0.250788010421535   0.0965893236256589   82.306101025589   0.0500674438953369
-0.150734076923087   0.0965377322051942   30.4676082451614   0.0500193480424241
-0.0506475799718316   0.0964881772260723   75.5210789632369   0.0500094822717252
0.0992745680244178   0.196765433132143   75.3835013987683   0.0500307173415254
0.199152170361552   0.196559926895494   82.2580154780543   0.0500957937856736
0.299057868054798   0.196628459396734   92.1441095234923   0.0500157603873487
0.399072603738738   0.196726967819272   101.412430797006   0.0500364377829568
0.499159882898044   0.196696902408185   117.490510128571   0.0500061759820469
-0.400791429599311   0.196297451782171   60.5071019336525   0.050000256405089
-0.300734636942799   0.196611466257754   83.7364931045186   0.0500001000956116
-0.200633310225616   0.196503936111245   75.863099873688   0.0500147583552988
-0.100660525508726   0.196330893130063   71.3649518666483   0.0500386638523702
-0.00070364070805802   0.196524193611861   99.8098223685208   0.0500772714165754
0.149203704779   0.296678287892075   109.321961175426   0.0501448761726727
0.24903456866224   0.296567688844227   59.2807760823327   0.0500074923663189
0.349073324649301   0.296699394539341   67.9974637513895   0.0500418388568035
0.4491576616277   0.296661382004629   45.6525911620996   0.0500112566542304
0.549236242813844   0.296382675876791   104.276674319889   0.0500553296113984
-0.350829417642779   0.296536029589074   110.262888211987   0.0500300241663141
-0.250720531024432   0.29654476830356   101.156959148603   0.0500790049693001
-0.150722361983728   0.296493942740076   94.45615906851   0.0501130501481733
-0.0507796925569302   0.296523838573298   88.8940160169531   0.0500087882096959
0.0492211664997964   0.296575702559424   94.1844729061445   0.0500051052548636
0.199340316067171   0.396625409661378   89.5644829445569   0.0500267432443378
0.299316596949962   0.396629055111839   87.7249288993581   0.0500103679516705
0.399274893158213   0.39667950077997   74.1180614860716   0.0500169248415682
0.499194109804932   0.396574685777929   98.7357900503018   0.0500270271160564
0.599115639898211   0.396571348583949   75.9292254496793   0.0500227631836014
-0.300782255249815   0.396356992466261   119.776090406587   0.0500656475911868
-0.200825864496021   0.396547703942995   65.2104519780722   0.0500316645262424
-0.100738299765855   0.396518125641682   74.6785148441418   0.0500490699343723
-0.000725249628942412   0.396755569136621   75.3391164946862   0.0500206012865434
0.0992971149104409   0.396607760344821   87.9236698263386   0.0500156976006374
0.249267498482684   0.496665088767934   75.2913783825533   0.0500521172560679
0.349246248987704   0.496547732919688   83.7726782464318   0.0500580774031894
0.449339161815557   0.496535344647657   74.0757791631069   0.0500275437463852
0.54914084675207   0.496557910671138   97.8860331788898   0.0500131175881232
0.649238608914391   0.496401383580404   133.54298906728   0.0500094378680991
-0.250810694438145   0.496428953111469   47.7097775987404   0.050083526340682
-0.150765851826167   0.496493588421154   78.6876093204916   0.0500734997092467
-0.0507080703195039   0.496656553037511   75.1377941056941   0.0500172630616206
0.049322443691548   0.49664673116039   100.436987256911   0.0500327185650792
0.149242471329913   0.496468458147098   77.1606121551471   0.0500147219329561
-0.200661314741913   -0.403323283935954   111.619825519096   0.0500176902341065
-0.100703045627633   -0.40338507754706   106.488045178972   0.0500153805159137
-0.000769664104886772   -0.403287878339905   65.2041732464558   0.0500745371925957
0.0993380977590094   -0.403673556303282   120.223651219805   0.0500304188856378
0.19931115834693   -0.403669177425373   33.0823922211555   0.0500509384270081
-0.700686671485304   -0.403671946782191   69.4713704484828   0.0500043261054112
-0.600729013178691   -0.403462402051147   91.4194341034905   0.0501608379257512
-0.500682874377515   -0.403432719260319   80.2683245567492   0.0500144664800589
-0.400696532270354   -0.403474277887037   95.1732018976238   0.0500041602524172
-0.300650793214278   -0.403589365972598   83.1610904859162   0.050059250558782
-0.150780167996404   -0.303467394619667   124.308012643693   0.0500085981932047
-0.0506236128631468   -0.303424616548362   45.6839459334226   0.0500182654106398
0.0493353033245984   -0.303471999692251   104.492000121063   0.0500396047813785
0.149371926351563   -0.303664186361186   90.7511077280983   0.0501823836765034
0.249358237752747   -0.303588958820005   96.5295266180884   0.0500701379902419
-0.650716301532144   -0.303524753804042   88.4033588972308   0.0500722705619621
-0.550753147053017   -0.303456988442688   106.96057947088   0.0500099262533369
-0.450821663020571   -0.303407952586   89.4374031463753   0.050007618263029
-0.350813240995908   -0.303581684018612   111.469718004156   0.0500731243043408
-0.250895585313902   -0.303501059369714   95.7257938459716   0.0501465915714347
-0.100731457922834   -0.203585182620246   119.493983525019   0.050014031151581
-0.000604705068860297   -0.20359240973794   132.092375409554   0.0500194648943873
0.0993539359331162   -0.203422964647671   102.335031434822   0.0500086941736379
0.199286738445664   -0.203493119010406   68.273868825945   0.050028951861932
0.299308572563934   -0.203563928104422   91.7603948710388   0.0500226388266771
-0.600710064427006   -0.203484444567707   58.1934198463338   0.0501363744137823
-0.500737489188869   -0.203385028896293   81.850650660108   0.0500104125271108
-0.400745109359746   -0.203509172432393   103.457044171876   0.050024385298965
-0.300802117230024   -0.203535998657874   87.4136823062996   0.0500088647924798
-0.200711789181787   -0.203448710843729   83.9443480250592   0.0501221354571639
-0.0506482908259199   -0.10357358387449   96.9963069453184   0.0500218285606786
0.0492475117685944   -0.103604291470368   87.4443597696461   0.0501139113892595
0.149277691120262   -0.103440208625435   94.0394885745808   0.0500433494114002
0.249288872883654   -0.103435659612285   74.4681567396163   0.0500693570127171
0.349157617457861   -0.103583651821279   73.1637099813451   0.0500651698352142
-0.550805026222769   -0.103396132004325   76.4487653085344   0.0500291758209482
-0.45087007494587   -0.103511683966957   107.944037059245   0.0500875303193464
-0.350709765990833   -0.103544495984788   48.6294787091963   0.0500575990406676
-0.25065565737921   -0.103434749709545   89.3632341308755   0.05004558939254
-0.150642345694668   -0.103510956935637   108.210319787031   0.0500936098311668
