0.50882954214656695   1.5727962133602357e-06  3.6793842629649355e-09     
1.0176590842931339   1.7171123569672483e-06  2.5384146282010196e-09     
1.5264886264397008   2.0162341772448974e-06  1.8754344060708213e-09     
2.0353181685862678   2.5548999474950784e-06  1.5572812909395894e-09     
2.544147710732835   3.5430245416264766e-06  4.2923232790878659e-09     
3.0529772528794017   5.5222218188623204e-06  3.2245280412456327e-09     
3.5618067950259684   1.0189489142091233e-05  7.3226630683831256e-09     
4.0706363371725356   2.5057705232317426e-05  3.0676166525992707e-08     
4.5794658793191028   0.00011797903181982835  2.7116334642678767e-07     
5.0882954214656699   197.11393759217065  8.8029260217783395e-05     
5.5971249636122362   0.00020573870563786299  4.8024817808788484e-07     
6.1059545057588034   7.3085719524093191e-05  1.1849669163397094e-07     
6.6147840479053706   4.7886642771444316e-05  5.1839394667322311e-08     
7.1236135900519368   4.097829197078005e-05  3.4384989254746643e-08     
7.632443132198504   4.1590140559234705e-05  4.4202458988700679e-08     
8.1412726743450712   4.8782305696019201e-05  3.3891743086588119e-08     
8.6501022164916375   6.8208372127113149e-05  4.1635962053779989e-08     
9.1589317586382055   0.00012844703933424973  1.1933140048554872e-07     
9.6677613007847718   0.00049029935627359535  1.0788026455665019e-06     
10.17659084293134   188.62412472847997  0.00034301172374598409     
10.685420385077906   0.00080816742462076132  1.8562934960743145e-06     
11.194249927224472   0.00030128664999357823  5.0004687055190581e-07     
11.70307946937104   0.00020269113731036001  2.2964709121314227e-07     
12.211909011517607   0.00017241273545778113  1.6854398466039755e-07     
12.720738553664173   0.00016823895775917947  1.6922866862696285e-07     
13.229568095810741   0.00018224077934837742  1.2836195955498871e-07     
13.738397637957307   0.00022394606334923657  1.3653933750544019e-07     
14.247227180103874   0.00034841125824032194  2.4327393324798123e-07     
14.756056722250442   0.0010799473246094078  2.2077802624041841e-06     
15.264886264397008   175.0256114621924  0.00073827536244899207     
15.773715806543576   0.0018869154644224673  4.2272460808712502e-06     
16.282545348690142   0.00078729564273694783  1.2848734189547555e-06     
16.79137489083671   0.0005651157192799319  6.3651359418788606e-07     
17.300204432983275   0.0004929291195156605  5.0276122915710154e-07     
17.809033975129843   0.00047897674780737202  4.9485621737731641e-07     
18.317863517276411   0.00050163764559178031  3.4100748506767766e-07     
18.826693059422976   0.00057304022328191745  3.6074222404702178e-07     
19.335522601569544   0.00077106025924226029  4.396056853311558e-07     
19.844352143716112   0.001886331400674374  3.489606202233802e-06     
20.35318168586268   157.11051657741446  0.0012314419780707996     
20.862011228009244   0.0035093906601126651  7.6328909562518806e-06     
21.370840770155812   0.0016582801781641459  2.6061625646311641e-06     
21.87967031230238   0.0012658716812784622  1.3916804883177185e-06     
22.388499854448945   0.0011319384319485773  1.1521211626019616e-06     
22.897329396595513   0.0011034772550293002  1.1887040232915028e-06     
23.406158938742081   0.0011381658257042021  7.6021828556998165e-07     
23.914988480888645   0.0012492258561680623  8.133669246660441e-07     
24.423818023035214   0.0015251536670392181  7.8718372849515507e-07     
24.932647565181782   0.0029561066737896866  4.9126685189816608e-06     
25.441477107328346   135.92068534342777  0.0017673944821581785     
25.950306649474914   0.0057239530191077513  1.207226503399823e-05     
26.459136191621482   0.0030520475362852608  4.5732911944302276e-06     
26.967965733768047   0.0024521202301396849  2.6213410757550402e-06     
27.476795275914615   0.0022370422121044276  2.2350215363119056e-06     
27.985624818061183   0.0021906855981224199  2.4439864970901684e-06     
28.494454360207747   0.0022437795616918434  1.5081438732352086e-06     
29.003283902354315   0.0024101030185079528  1.6285123353916074e-06     
29.512113444500883   0.0027702772249962981  1.4056658597047067e-06     
30.020942986647452   0.0043882904049036322  6.7413635226188373e-06     
30.529772528794016   112.685486444525  0.0022821474691719913     
31.038602070940584   0.0085547078270397963  1.7522974964636686e-05     
31.547431613087152   0.0050999928449587314  7.2549288655056037e-06     
32.05626115523372   0.0042694981520080156  4.4466389744554061e-06     
32.565090697380285   0.0039562104542974905  3.8585906384071461e-06     
33.073920239526849   0.0038910710841339065  4.4583873145001728e-06     
33.582749781673421   0.0039734877301195768  2.7253477383164953e-06     
34.091579323819985   0.0042195450484193962  2.9680046042129969e-06     
34.60040886596655   0.0046809935871224638  2.4776395336687079e-06     
35.109238408113121   0.0063340320708910748  9.5116640195478863e-06     
35.618067950259686   88.748521476028796  0.0027073607106440701     
36.12689749240625   0.011999656136504178  2.3957874707464035e-05     
36.635727034552822   0.0079100602054853043  1.0665863739427678e-05     
37.144556576699387   0.0068433755932679613  6.9717196692969394e-06     
37.653386118845951   0.0064189104028193276  6.1042700652323995e-06     
38.162215660992523   0.006337658636720703  7.4120009770665972e-06     
38.671045203139087   0.006466217246807207  4.5516038374703002e-06     
39.179874745285652   0.0068282710339322125  5.0066300897318925e-06     
39.688704287432223   0.0074281979791770828  4.2444652431390176e-06     
40.197533829578788   0.0089902368137040025  1.3806694703541669e-05     
40.706363371725359   65.487687329822647  0.0029752007860667673     
41.215192913871924   0.016031974370444544  3.1352388732787356e-05     
41.724022456018488   0.01155123460805775  1.4758754671673818e-05     
42.23285199816506   0.010261070995574358  1.0272774615146593e-05     
42.741681540311625   0.0097179351334870998  9.0151535081882248e-06     
43.250511082458189   0.0096275931276846664  1.1445036429106267e-05     
43.759340624604761   0.0098259949552134617  7.1072180092385717e-06     
44.268170166751325   0.010354305849377552  7.9145053158106493e-06     
44.77699970889789   0.011159190770196203  6.9761783605394538e-06     
45.285829251044461   0.012586775752143709  2.0048635469634129e-05     
45.794658793191026   44.233426034864244  0.0030232358148084572     
46.30348833533759   0.020603859470813907  3.9678362073165022e-05     
46.812317877484162   0.01604096987059273  1.9421723425044906e-05     
47.321147419630726   0.014556702850784479  1.4388824549826369e-05     
47.829976961777291   0.013893663474668919  1.2586398377408548e-05     
48.338806503923863   0.013805991199424689  1.6637473375544068e-05     
48.847636046070427   0.014105218140969205  1.047576377862452e-05     
49.356465588216992   0.014865114890349877  1.1838477271405684e-05     
49.865295130363563   0.015978152064428626  1.0938361880385154e-05     
50.374124672510128   0.017367636650643573  2.850009743675456e-05     
50.882954214656692   26.190094428361825  0.0027990553028234239     
