0.44102683529415743   7.3907379273895908  0.0029554721593092857
0.88205367058831485   2.0217739189395522  0.0028812911055497616
1.3230805058824724   0.12720734677877869  0.00091285444357469489
1.7641073411766297   5.6926650564563364e-06  3.6603465434898498e-07
2.205134176470787   0.046564575212154395  0.0010903099630979964
2.6461610117649448   0.58613117357040859  0.0036659348994852667
3.0871878470591021   0.5443565168438822  0.0055806716321524434
3.5282146823532594   3.4318058087815961e-05  1.851987920069302e-06
3.9692415176474167   0.023323172846186242  0.0003206956167795921
4.410268352941574   0.079401045572807723  0.00062150179374140061
4.8512951882357314   0.031106434586779652  0.0003403431493786904
5.2923220235298896   7.7362058566366171e-05  4.0864051006898614e-06
5.7333488588240469   0.48780907974417201  0.0047717495517711228
6.1743756941182042   0.53844706965226307  0.0034224987268825967
6.6154025294123615   0.05976334790438477  0.0012858460426637068
7.0564293647065188   9.459128981680118e-05  5.9154008675973147e-06
7.4974562000006761   0.088718511082519542  0.00075733353233752393
7.9384830352948335   1.8761346953323601  0.0029571166389526353
8.3795098705889917   8.7443218382816825  0.0046314744735028793
8.8205367058831481   99.566874257284817  0.00053469433323252951
9.2615635411773063   6.0763596311646077  0.0017613948739150033
9.7025903764714627   2.1377218143974217  0.0027802835962557786
10.143617211765621   0.17520185683168813  0.0010810074678443717
10.584644047059779   0.00021899662605152456  1.3045898199012916e-05
11.025670882353936   0.034860278056064822  0.00089885233363047428
11.466697717648094   0.62585969207112236  0.003871670755377735
11.90772455294225   0.59102421307998878  0.0063362827113058328
12.348751388236408   0.00044252440890482356  2.2594562598445265e-05
12.789778223530565   0.017105332480193818  0.00029805994773369587
13.230805058824723   0.078004829075265665  0.00060424923653147326
13.671831894118879   0.0403625195779311  0.00036438946678435064
14.112858729413038   0.00058586949617446889  2.7780509602983401e-05
14.553885564707196   0.4236323057493841  0.0039455085051097885
14.994912400001352   0.4850236892900107  0.0031511766942920932
15.43593923529551   0.07395689904083579  0.001479147837980654
15.876966070589667   0.00054064036558691977  3.0223873640204679e-05
16.317992905883823   0.059191860646258457  0.00061527329082486612
16.759019741177983   1.7074908062071974  0.00300304185954153
17.20004657647214   10.097145103378915  0.0064469691883156744
17.641073411766296   98.277770051923819  0.0021133741618638667
18.082100247060456   4.8378099186482688  0.0017360714042722187
18.523127082354613   2.2183566847090884  0.002657804231797659
18.964153917648769   0.23274712159651745  0.0012600556303676923
19.405180752942925   0.00086239014884051776  4.3445793070174079e-05
19.846207588237085   0.024998917050389256  0.00071712464824955539
20.287234423531242   0.65565815068827944  0.0040306209831901569
20.728261258825398   0.62615631775311366  0.0070040090902486358
21.169288094119558   0.0014207179440716913  6.4668372903767977e-05
21.610314929413715   0.012454284097321865  0.0002680261404824707
22.051341764707871   0.075306301584474562  0.0005719958836499756
22.492368600002028   0.050902459230286422  0.00040058902183914399
22.933395435296188   0.0017432163274408957  6.8184812620919115e-05
23.374422270590344   0.35458881126418513  0.0031372327719796128
23.8154491058845   0.42818286862531257  0.0028620035045987341
24.256475941178657   0.088528683258963045  0.0016635263582909923
24.697502776472817   0.0015474164871947001  7.3700082207627014e-05
25.138529611766973   0.037689733557266247  0.00048692141141944625
25.57955644706113   1.5231902930511006  0.0030140441934325773
26.02058328235529   11.407503522630627  0.008244906658805914
26.461610117649446   96.163136644914823  0.0046612117872432725
26.902636952943602   3.7069679432062163  0.0024792031875284912
27.343663788237759   2.2594737163539516  0.0025162625652410752
27.784690623531919   0.29931462612793292  0.0014471189098252651
28.225717458826075   0.002263539651783368  9.1220078881445702e-05
28.666744294120232   0.017158570532829293  0.00054992169625989906
29.107771129414392   0.67392160070648431  0.0041348962297852113
29.548797964708548   0.64873608362052114  0.0075527749303152493
29.989824800002705   0.0031772466583887898  0.00012370451545239566
30.430851635296861   0.0092923185265227939  0.00022965278320765409
30.871878470591021   0.071486340925227013  0.00052905475468458263
31.312905305885177   0.062443668741812972  0.00045301436913014225
31.753932141179334   0.003926883481917414  0.00011770017806281909
32.194958976473494   0.28383601667669986  0.0023794763483476526
32.635985811767647   0.37021652642318254  0.0025647119352245818
33.077012647061807   0.10279125377297771  0.0018322685511617876
33.518039482355967   0.0034199080745237585  0.00013649404669928685
33.95906631765012   0.023003924783471171  0.00037230125975874944
34.400093152944279   1.3308142728540278  0.0029857042118072793
34.841119988238439   12.633688108884246  0.0099156327882334553
35.282146823532592   93.272507151725956  0.0080580157987702644
35.723173658826752   2.709837489145543  0.0031606221878779425
36.164200494120912   2.2585614753629156  0.0023570025671557228
36.605227329415065   0.37376391143550773  0.0016380763246579136
37.046254164709225   0.0049466916930790816  0.00015631737640142866
37.487281000003378   0.011345409429717665  0.0004010849200552041
37.928307835297538   0.67952456456947636  0.0041782074187126142
38.369334670591698   0.65839244399101116  0.0079568874859360529
38.810361505885851   0.0059638718951790368  0.00019335000862047599
39.251388341180011   0.0074803921074721959  0.00018484880172004037
39.692415176474171   0.066799484177689809  0.00048135245136635576
40.133442011768324   0.074620874963119908  0.0005197738168846052
40.574468847062484   0.0077184557164726637  0.00016685405328730269
41.015495682356644   0.21477889776916833  0.0017002851525677715
41.456522517650797   0.31326119108420937  0.0022682333665845687
41.897549352944957   0.11603916672953861  0.0019790251205707129
42.338576188239117   0.0065094800579415328  0.00021836488310067803
42.779603023533269   0.013788000353688528  0.00027152796566267853
43.220629858827429   1.1377521693036951  0.0029150919337006045
43.661656694121582   13.735760331851884  0.011372999572404983
44.102683529415742   89.672733770687667  0.012144718609887424
