0.44102683529415743   7.7156067367401859  0.0030509284806693846
0.88205367058831485   2.3211349509213188  0.0027528656017706344
1.3230805058824724   0.16156835534619765  0.00038497075779176358
1.7641073411766297   1.6642818181241924e-06  6.6803703710281909e-08
2.205134176470787   0.076029178745703017  0.00036216124218344586
2.6461610117649448   0.86562223175451137  0.0057189787365057059
3.0871878470591021   0.43736184834839623  0.0024449258336790837
3.5282146823532594   1.7152382979581726e-05  4.7049499879388835e-07
3.9692415176474167   0.0018587104398522387  0.00018047635130668701
4.410268352941574   0.0025460557427542658  0.0005058360788710746
4.8512951882357314   0.002264724697626685  0.00021179030944779974
5.2923220235298896   3.8486600563152203e-05  1.0121464919644516e-06
5.7333488588240469   0.37649411927413776  0.0019448250537275486
6.1743756941182042   0.86229640712220157  0.0057199566124532939
6.6154025294123615   0.087763301021629186  0.00039583512981850973
7.0564293647065188   2.7016937030007902e-05  1.0754466317826221e-06
7.4974562000006761   0.1321634510435246  0.00035595010309139139
7.9384830352948335   2.1747884698992745  0.0028804864792730468
8.3795098705889917   7.9014740080503795  0.0045691656301046517
8.8205367058831481   99.634155386530554  0.00052161314768727095
9.2615635411773063   7.4715387436357423  0.0062163472060933697
9.7025903764714627   2.4567544397457288  0.002601156966650133
10.143617211765621   0.19425796333976736  0.00041832598580776511
10.584644047059779   6.1532002494410326e-05  2.3687327509158667e-06
11.025670882353936   0.064586400217762816  0.00032522612999806209
11.466697717648094   0.85815058689548811  0.0056383921930984394
11.90772455294225   0.49440520065053438  0.002962871423912176
12.348751388236408   0.00021384575373661738  5.9681830343552214e-06
12.789778223530565   0.0016024790116716888  0.00015095743545814459
13.230805058824723   0.0086751876763390055  0.00050363167763434053
13.671831894118879   0.0027834915451330808  0.00024410156739272074
14.112858729413038   0.0002772399461230406  6.811528207066008e-06
14.553885564707196   0.31397837206760834  0.0014817741143226695
14.994912400001352   0.84826721581079569  0.0056406755746357086
15.43593923529551   0.099519025989225057  0.00042611407371944053
15.876966070589667   0.00014394768586565954  5.4293113376254106e-06
16.317992905883823   0.10615411422016815  0.00032645155798863343
16.759019741177983   2.0202479635047954  0.0029712295248990302
17.20004657647214   8.0254101835432747  0.0085628516459638855
17.641073411766296   98.543728375625315  0.0020664735632867199
18.082100247060456   7.1742059885829419  0.010214888966814923
18.523127082354613   2.5792890193783319  0.0024441917528569729
18.964153917648769   0.23003954474596253  0.00046288658280073749
19.405180752942925   0.0002210313218796942  7.7721453613675765e-06
19.846207588237085   0.053687952247689794  0.00028552173302545479
20.287234423531242   0.8401049878339455  0.0054814266277107719
20.728261258825398   0.54563202145173999  0.00347744967947042
21.169288094119558   0.00064797787128014049  1.798589314939666e-05
21.610314929413715   0.0015602437457189903  0.00012367636157703023
22.051341764707871   0.020765688595641695  0.00050284452792779266
22.492368600002028   0.0034112253072957279  0.00027625628849057936
22.933395435296188   0.00075309278080144177  1.6846333139333292e-05
23.374422270590344   0.25209046388697181  0.0010719064528676093
23.8154491058845   0.82394310444351895  0.0054831545776048472
24.256475941178657   0.11101874026313652  0.00045317942656691774
24.697502776472817   0.00037703687579078853  1.298749605824028e-05
25.138529611766973   0.083572813530337579  0.00029403863398533223
25.57955644706113   1.8601500939515615  0.0030174035461824712
26.02058328235529   8.0849842780530329  0.012730131909340836
26.461610117649446   96.749834872166448  0.0045755144624186748
26.902636952943602   6.829624628239005  0.014067008207295535
27.343663788237759   2.6866224896632561  0.0023071868401680249
27.784690623531919   0.26863759033305663  0.00052607538169903136
28.225717458826075   0.00051669333165558405  1.5916981017455204e-05
28.666744294120232   0.043562090692435054  0.00024389327977214095
29.107771129414392   0.81201791070411306  0.0052536941458450423
29.548797964708548   0.58930971857173017  0.0039666418973337079
29.989824800002705   0.0013550627028160482  3.6667978273991382e-05
30.430851635296861   0.001816308618787714  9.8730848965772097e-05
30.871878470591021   0.038488178930259008  0.00050972529728078362
31.312905305885177   0.0041819805865740731  0.00030673915560120215
31.753932141179334   0.0015061644866002399  2.9936276205883485e-05
32.194958976473494   0.19311551006050139  0.00072744011602158855
32.635985811767647   0.79003176305773064  0.0052520546092365178
33.077012647061807   0.12198635243788422  0.00047743480412718231
33.518039482355967   0.00076552853748970914  2.3449776428788485e-05
33.95906631765012   0.064379380405484318  0.00025824183393815563
34.400093152944279   1.697161889544765  0.0030155121745393393
34.841119988238439   8.0791237770983644  0.016688615950563653
35.282146823532592   94.286993593518496  0.00795314896693098
35.723173658826752   6.444738126647197  0.017544403770703945
36.164200494120912   2.7769398126827608  0.0022198122873896465
36.605227329415065   0.3096956310102347  0.00061364230371384748
37.046254164709225   0.001007204541692802  2.6344011008761014e-05
37.487281000003378   0.034405614568903992  0.0002014939985685943
37.928307835297538   0.77471062624126575  0.0049629000573098043
38.369334670591698   0.62402797275564149  0.004408876843417116
38.810361505885851   0.0023829950900249495  6.1812697700553949e-05
39.251388341180011   0.0024674080605694807  7.5971383016932109e-05
39.692415176474171   0.061363681598053035  0.0005308348281268457
40.133442011768324   0.0051704041800881303  0.00033367901051759109
40.574468847062484   0.002595783335688663  4.484477621361959e-05
41.015495682356644   0.13925623644512181  0.00045613976698488365
41.456522517650797   0.74751383032705081  0.0049545306167348643
41.897549352944957   0.13215678111541705  0.00049937190493159821
42.338576188239117   0.001358993039061435  3.6385849153712849e-05
42.779603023533269   0.048468697137012883  0.00021994695674519519
43.220629858827429   1.5339082026576059  0.0029655083306425455
43.661656694121582   8.0081369430721304  0.020277938932456246
44.102683529415742   91.202140267307794  0.012071410291346985
