1.086001   3.0612244897959184e-06   2.1779334140928057e-06   
1.0860030000000001   0   0   
1.0860050000000001   5.1020408163265306e-06   4.0957804689769713e-06   
1.0860070000000002   3.0612244897959184e-06   2.1779334140928057e-06   
1.086009   3.0612244897959184e-06   3.0612244897959184e-06   
1.0860110000000001   0   0   
1.0860130000000001   1.0204081632653061e-06   1.0204081632653061e-06   
1.0860150000000002   6.1224489795918367e-06   2.7210884353741497e-06   
1.086017   1.0204081632653061e-06   1.0204081632653061e-06   
1.0860190000000001   3.0612244897959184e-06   3.0612244897959184e-06   
1.0860210000000001   3.0612244897959184e-06   2.1779334140928057e-06   
1.0860230000000002   2.0408163265306122e-06   1.3605442176870748e-06   
1.086025   3.0612244897959184e-06   2.1779334140928057e-06   
1.0860270000000001   0   0   
1.0860290000000001   2.0408163265306122e-06   1.3605442176870748e-06   
1.086031   5.1020408163265306e-06   2.7422645402376019e-06   
1.086033   3.0612244897959184e-06   1.5586992159713742e-06   
1.0860350000000001   2.0408163265306122e-06   1.3605442176870748e-06   
1.0860370000000001   3.0612244897959184e-06   2.1779334140928057e-06   
1.086039   1.0204081632653061e-06   1.0204081632653061e-06   
1.086041   2.0408163265306122e-06   1.3605442176870748e-06   
1.0860430000000001   5.1020408163265306e-06   4.0957804689769713e-06   
1.0860450000000001   6.1224489795918367e-06   3.1173984319427483e-06   
1.086047   2.0408163265306122e-06   1.3605442176870748e-06   
1.086049   2.0408163265306122e-06   1.3605442176870748e-06   
1.0860510000000001   7.1428571428571429e-06   3.4183250411975817e-06   
1.0860530000000002   3.0612244897959184e-06   1.5586992159713742e-06   
1.086055   1.0204081632653061e-06   1.0204081632653061e-06   
1.0860570000000001   5.1020408163265306e-06   3.1358994752696896e-06   
1.0860590000000001   8.163265306122449e-06   7.1022493257894899e-06   
1.0860610000000002   9.1836734693877551e-06   9.1836734693877551e-06   
1.086063   2.0408163265306122e-06   1.3605442176870748e-06   
1.0860650000000001   4.0816326530612245e-06   1.6663195529137266e-06   
1.0860670000000001   2.0408163265306122e-06   1.3605442176870748e-06   
1.0860690000000002   2.0408163265306122e-06   1.3605442176870748e-06   
1.086071   3.0612244897959184e-06   2.1779334140928057e-06   
1.0860730000000001   0   0   
1.0860750000000001   8.163265306122449e-06   3.3326391058274532e-06   
1.0860770000000002   0   0   
1.086079   2.0408163265306122e-06   1.3605442176870748e-06   
1.0860810000000001   0   0   
1.0860830000000001   0   0   
1.086085   3.0612244897959184e-06   3.0612244897959184e-06   
1.086087   0   0   
1.0860890000000001   4.0816326530612245e-06   2.7210884353741497e-06   
1.0860910000000001   2.0408163265306122e-06   2.0408163265306122e-06   
1.086093   5.1020408163265306e-06   3.1358994752696896e-06   
1.086095   0   0   
1.0860970000000001   0   0   
1.0860990000000001   1.0204081632653061e-06   1.0204081632653061e-06   
1.086101   0   0   
1.086103   1.0204081632653061e-06   1.0204081632653061e-06   
1.0861050000000001   4.0816326530612245e-06   3.1173984319427483e-06   
1.0861070000000002   3.0612244897959184e-06   2.1779334140928057e-06   
1.086109   0   0   
1.086111   2.0408163265306122e-06   1.3605442176870748e-06   
1.0861130000000001   6.1224489795918367e-06   5.0906903221414169e-06   
1.0861150000000002   3.0612244897959184e-06   3.0612244897959184e-06   
1.086117   0   0   
1.0861190000000001   4.0816326530612245e-06   3.1173984319427483e-06   
1.0861210000000001   1.0204081632653061e-06   1.0204081632653061e-06   
1.0861230000000002   3.0612244897959184e-06   3.0612244897959184e-06   
1.086125   7.1428571428571429e-06   6.0940383901935092e-06   
1.0861270000000001   1.0204081632653061e-06   1.0204081632653061e-06   
1.0861290000000001   4.0816326530612245e-06   3.1173984319427483e-06   
1.0861310000000002   0   0   
1.086133   0   0   
1.0861350000000001   3.0612244897959184e-06   1.5586992159713742e-06   
1.0861370000000001   6.1224489795918367e-06   5.0906903221414169e-06   
1.086139   4.0816326530612245e-06   4.0816326530612245e-06   
1.086141   0   0   
1.0861430000000001   0   0   
1.0861450000000001   0   0   
1.086147   1.0204081632653061e-06   1.0204081632653061e-06   
1.086149   4.0816326530612245e-06   2.7210884353741497e-06   
1.0861510000000001   4.0816326530612245e-06   3.1173984319427483e-06   
1.0861530000000001   5.1020408163265306e-06   2.7422645402376019e-06   
1.086155   7.1428571428571429e-06   4.0388918663394276e-06   
1.086157   2.0408163265306122e-06   2.0408163265306122e-06   
1.0861590000000001   1.0204081632653061e-06   1.0204081632653061e-06   
1.0861610000000002   2.0408163265306122e-06   2.0408163265306122e-06   
1.086163   0   0   
1.086165   7.1428571428571429e-06   7.1428571428571429e-06   
1.0861670000000001   3.0612244897959184e-06   2.1779334140928057e-06   
1.0861690000000002   2.0408163265306122e-06   2.0408163265306122e-06   
1.086171   3.0612244897959184e-06   2.1779334140928057e-06   
1.0861730000000001   3.0612244897959184e-06   2.1779334140928057e-06   
1.0861750000000001   2.0408163265306122e-06   1.3605442176870748e-06   
1.0861770000000002   1.0204081632653061e-06   1.0204081632653061e-06   
1.086179   3.0612244897959184e-06   3.0612244897959184e-06   
1.0861810000000001   3.0612244897959184e-06   2.1779334140928057e-06   
1.0861830000000001   0   0   
1.0861850000000002   5.1020408163265306e-06   5.1020408163265306e-06   
1.086187   2.0408163265306122e-06   2.0408163265306122e-06   
1.0861890000000001   1.0204081632653061e-06   1.0204081632653061e-06   
1.0861910000000001   0   0   
1.0861930000000002   5.1020408163265306e-06   2.7422645402376019e-06   
1.086195   3.0612244897959184e-06   1.5586992159713742e-06   
1.0861970000000001   3.0612244897959184e-06   3.0612244897959184e-06   
1.0861990000000001   4.0816326530612245e-06   4.0816326530612245e-06   
1.086201   2.0408163265306122e-06   2.0408163265306122e-06   
1.086203   0   0   
1.0862050000000001   6.1224489795918367e-06   4.0816326530612245e-06   
1.0862070000000001   7.1428571428571429e-06   3.0612244897959184e-06   
1.086209   1.0204081632653061e-06   1.0204081632653061e-06   
1.086211   1.0204081632653061e-06   1.0204081632653061e-06   
1.0862130000000001   4.0816326530612245e-06   4.0816326530612245e-06   
1.0862150000000002   0   0   
1.086217   0   0   
1.086219   1.0204081632653061e-06   1.0204081632653061e-06   
1.0862210000000001   3.0612244897959184e-06   2.1779334140928057e-06   
1.0862230000000002   0   0   
1.086225   1.0204081632653061e-06   1.0204081632653061e-06   
1.0862270000000001   1.0204081632653061e-06   1.0204081632653061e-06   
1.0862290000000001   2.0408163265306122e-06   1.3605442176870748e-06   
1.0862310000000002   6.1224489795918367e-06   3.4687207575461121e-06   
1.086233   4.0816326530612245e-06   3.1173984319427483e-06   
1.0862350000000001   3.0612244897959184e-06   2.1779334140928057e-06   
1.0862370000000001   0   0   
1.0862390000000002   4.0816326530612245e-06   4.0816326530612245e-06   
1.086241   0   0   
1.0862430000000001   1.0204081632653061e-06   1.0204081632653061e-06   
1.0862450000000001   1.0204081632653061e-06   1.0204081632653061e-06   
1.0862470000000002   3.0612244897959184e-06   2.1779334140928057e-06   
1.086249   0   0   
1.0862510000000001   3.0612244897959184e-06   3.0612244897959184e-06   
1.0862530000000001   1.0204081632653061e-06   1.0204081632653061e-06   
1.086255   3.0612244897959184e-06   3.0612244897959184e-06   
1.086257   5.1020408163265306e-06   2.7422645402376019e-06   
1.0862590000000001   2.0408163265306122e-06   1.3605442176870748e-06   
1.0862610000000001   0   0   
1.086263   3.0612244897959184e-06   2.1779334140928057e-06   
1.086265   4.0816326530612245e-06   4.0816326530612245e-06   
1.0862670000000001   1.0204081632653061e-06   1.0204081632653061e-06   
1.0862690000000002   0   0   
1.086271   2.0408163265306122e-06   1.3605442176870748e-06   
1.086273   2.0408163265306122e-06   2.0408163265306122e-06   
1.0862750000000001   1.0204081632653061e-06   1.0204081632653061e-06   
1.0862770000000002   2.0408163265306122e-06   1.3605442176870748e-06   
1.086279   0   0   
1.0862810000000001   4.0816326530612245e-06   3.1173984319427483e-06   
1.0862830000000001   6.1224489795918367e-06   3.4687207575461121e-06   
1.0862850000000002   2.0408163265306122e-06   2.0408163265306122e-06   
1.086287   8.163265306122449e-06   4.2482979580941484e-06   
1.0862890000000001   1.0204081632653061e-06   1.0204081632653061e-06   
1.0862910000000001   1.0204081632653061e-06   1.0204081632653061e-06   
1.0862930000000002   3.0612244897959184e-06   3.0612244897959184e-06   
1.086295   0   0   
1.0862970000000001   1.0204081632653061e-06   1.0204081632653061e-06   
1.0862990000000001   1.0204081632653061e-06   1.0204081632653061e-06   
1.0863010000000002   1.0204081632653061e-06   1.0204081632653061e-06   
1.086303   1.0204081632653061e-06   1.0204081632653061e-06   
1.0863050000000001   5.1020408163265306e-06   3.4853574033876185e-06   
1.0863070000000001   0   0   
1.086309   2.0408163265306122e-06   1.3605442176870748e-06   
1.086311   1.0204081632653061e-06   1.0204081632653061e-06   
1.0863130000000001   1.0204081632653061e-06   1.0204081632653061e-06   
1.0863150000000001   0   0   
1.086317   0   0   
1.086319   5.1020408163265306e-06   3.4853574033876185e-06   
1.0863210000000001   1.0204081632653061e-06   1.0204081632653061e-06   
1.0863230000000001   0   0   
1.086325   1.0204081632653061e-06   1.0204081632653061e-06   
1.086327   1.1224489795918367e-05   4.4217687074829932e-06   
1.0863290000000001   0   0   
1.0863310000000002   0   0   
1.086333   0   0   
1.0863350000000001   0   0   
1.0863370000000001   0   0   
1.0863390000000002   7.1428571428571429e-06   6.0940383901935092e-06   
1.086341   4.0816326530612245e-06   2.7210884353741497e-06   
1.0863430000000001   0   0   
1.0863450000000001   0   0   
1.0863470000000002   0   0   
1.086349   0   0   
1.0863510000000001   0   0   
1.0863530000000001   6.1224489795918367e-06   5.0906903221414169e-06   
1.0863550000000002   0   0   
1.086357   0   0   
1.0863590000000001   6.1224489795918367e-06   2.7210884353741497e-06   
1.0863610000000001   1.0204081632653061e-06   1.0204081632653061e-06   
1.086363   1.0204081632653061e-06   1.0204081632653061e-06   
1.086365   1.0204081632653061e-06   1.0204081632653061e-06   
1.0863670000000001   3.0612244897959184e-06   2.1779334140928057e-06   
1.0863690000000001   0   0   
1.086371   0   0   
1.086373   3.0612244897959184e-06   3.0612244897959184e-06   
1.0863750000000001   2.0408163265306122e-06   1.3605442176870748e-06   
1.0863770000000001   3.0612244897959184e-06   2.1779334140928057e-06   
1.086379   2.0408163265306122e-06   1.3605442176870748e-06   
1.086381   0   0   
1.0863830000000001   4.0816326530612245e-06   2.256207340377823e-06   
1.0863850000000002   0   0   
1.086387   1.0204081632653061e-06   1.0204081632653061e-06   
1.086389   1.0204081632653061e-06   1.0204081632653061e-06   
1.0863910000000001   4.0816326530612245e-06   3.1173984319427483e-06   
1.0863930000000002   5.1020408163265306e-06   5.1020408163265306e-06   
1.086395   0   0   
1.0863970000000001   1.0204081632653061e-06   1.0204081632653061e-06   
1.0863990000000001   3.0612244897959184e-06   3.0612244897959184e-06   
1.0864010000000002   3.0612244897959184e-06   2.1779334140928057e-06   
1.086403   0   0   
1.0864050000000001   0   0   
1.0864070000000001   2.0408163265306122e-06   1.3605442176870748e-06   
1.0864090000000002   2.0408163265306122e-06   2.0408163265306122e-06   
1.086411   0   0   
1.0864130000000001   6.1224489795918367e-06   2.7210884353741497e-06   
1.0864150000000001   0   0   
1.086417   0   0   
1.086419   2.0408163265306122e-06   1.3605442176870748e-06   
1.0864210000000001   3.0612244897959184e-06   2.1779334140928057e-06   
1.0864230000000001   0   0   
1.086425   0   0   
1.086427   0   0   
1.0864290000000001   1.0204081632653061e-06   1.0204081632653061e-06   
1.0864310000000001   1.0204081632653061e-05   4.8102502121533845e-06   
1.086433   0   0   
1.086435   1.4285714285714286e-05   8.0777837326788553e-06   
1.0864370000000001   1.0204081632653061e-06   1.0204081632653061e-06   
1.0864390000000002   2.0408163265306122e-06   1.3605442176870748e-06   
1.086441   0   0   
1.086443   2.0408163265306122e-06   2.0408163265306122e-06   
1.0864450000000001   0   0   
1.0864470000000002   1.0204081632653061e-06   1.0204081632653061e-06   
1.086449   5.1020408163265306e-06   5.1020408163265306e-06   
1.0864510000000001   1.0204081632653061e-06   1.0204081632653061e-06   
1.0864530000000001   2.0408163265306122e-06   1.3605442176870748e-06   
1.0864550000000002   4.0816326530612245e-06   4.0816326530612245e-06   
1.086457   1.0204081632653061e-06   1.0204081632653061e-06   
1.0864590000000001   0   0   
1.0864610000000001   3.0612244897959184e-06   2.1779334140928057e-06   
1.0864630000000002   2.0408163265306122e-06   2.0408163265306122e-06   
1.086465   0   0   
1.0864670000000001   0   0   
1.0864690000000001   2.0408163265306122e-06   2.0408163265306122e-06   
1.0864710000000002   1.0204081632653061e-06   1.0204081632653061e-06   
1.086473   0   0   
1.0864750000000001   2.0408163265306122e-06   1.3605442176870748e-06   
1.0864770000000001   2.0408163265306122e-06   2.0408163265306122e-06   
1.086479   1.0204081632653061e-06   1.0204081632653061e-06   
1.086481   2.0408163265306122e-06   1.3605442176870748e-06   
1.0864830000000001   0   0   
1.0864850000000001   0   0   
1.086487   3.0612244897959184e-06   2.1779334140928057e-06   
1.086489   1.0204081632653061e-06   1.0204081632653061e-06   
1.0864910000000001   5.1020408163265306e-06   4.0957804689769713e-06   
1.0864930000000002   2.0408163265306122e-06   2.0408163265306122e-06   
1.086495   1.1224489795918367e-05   6.1695092337472974e-06   
1.086497   1.0204081632653061e-06   1.0204081632653061e-06   
1.0864990000000001   0   0   
1.0865010000000002   1.0204081632653061e-06   1.0204081632653061e-06   
1.086503   0   0   
1.0865050000000001   0   0   
1.0865070000000001   0   0   
1.0865090000000002   2.0408163265306122e-06   2.0408163265306122e-06   
1.086511   5.1020408163265306e-06   2.2817020178569283e-06   
1.0865130000000001   1.0204081632653061e-06   1.0204081632653061e-06   
1.0865150000000001   2.0408163265306122e-06   1.3605442176870748e-06   
1.0865170000000002   2.0408163265306122e-06   1.3605442176870748e-06   
1.086519   3.0612244897959184e-06   3.0612244897959184e-06   
1.0865210000000001   0   0   
1.0865230000000001   4.0816326530612245e-06   3.1173984319427483e-06   
1.0865250000000002   1.0204081632653061e-06   1.0204081632653061e-06   
1.086527   1.0204081632653061e-06   1.0204081632653061e-06   
1.0865290000000001   0   0   
1.0865310000000001   2.0408163265306122e-06   2.0408163265306122e-06   
1.086533   1.0204081632653061e-06   1.0204081632653061e-06   
1.086535   6.1224489795918367e-06   5.0906903221414169e-06   
1.0865370000000001   0   0   
1.0865390000000001   0   0   
1.086541   3.0612244897959184e-06   3.0612244897959184e-06   
1.086543   0   0   
1.0865450000000001   2.0408163265306122e-06   2.0408163265306122e-06   
1.0865470000000002   3.0612244897959184e-06   2.1779334140928057e-06   
1.086549   0   0   
1.086551   2.0408163265306122e-06   1.3605442176870748e-06   
1.0865530000000001   2.0408163265306122e-06   2.0408163265306122e-06   
1.0865550000000002   0   0   
1.086557   0   0   
1.0865590000000001   2.0408163265306122e-06   2.0408163265306122e-06   
1.0865610000000001   0   0   
1.0865630000000002   1.0204081632653061e-06   1.0204081632653061e-06   
1.086565   0   0   
1.0865670000000001   1.0204081632653061e-06   1.0204081632653061e-06   
1.0865690000000001   1.0204081632653061e-06   1.0204081632653061e-06   
1.0865710000000002   0   0   
1.086573   0   0   
1.0865750000000001   0   0   
1.0865770000000001   0   0   
1.0865790000000002   0   0   
1.086581   1.0204081632653061e-06   1.0204081632653061e-06   
1.0865830000000001   1.0204081632653061e-06   1.0204081632653061e-06   
1.0865850000000001   0   0   
1.086587   6.1224489795918367e-06   4.3558668281856114e-06   
1.086589   0   0   
1.0865910000000001   4.0816326530612245e-06   2.7210884353741497e-06   
1.0865930000000001   0   0   
1.086595   0   0   
1.086597   0   0   
1.0865990000000001   0   0   
1.0866010000000002   0   0   
1.086603   0   0   
1.086605   3.0612244897959184e-06   3.0612244897959184e-06   
1.0866070000000001   2.0408163265306122e-06   2.0408163265306122e-06   
1.0866090000000002   1.0204081632653061e-06   1.0204081632653061e-06   
1.086611   5.1020408163265306e-06   5.1020408163265306e-06   
1.0866130000000001   1.0204081632653061e-05   6.4536278778946517e-06   
1.0866150000000001   0   0   
1.0866170000000002   0   0   
1.086619   2.0408163265306122e-06   2.0408163265306122e-06   
1.0866210000000001   3.0612244897959184e-06   3.0612244897959184e-06   
1.0866230000000001   0   0   
1.0866250000000002   0   0   
1.086627   4.0816326530612245e-06   4.0816326530612245e-06   
1.0866290000000001   0   0   
1.0866310000000001   0   0   
1.0866330000000002   0   0   
1.086635   0   0   
1.0866370000000001   3.0612244897959184e-06   3.0612244897959184e-06   
1.0866390000000001   3.0612244897959184e-06   2.1779334140928057e-06   
1.086641   0   0   
1.086643   4.0816326530612245e-06   3.1173984319427483e-06   
1.0866450000000001   0   0   
1.0866470000000001   4.0816326530612245e-06   3.1173984319427483e-06   
1.086649   0   0   
1.086651   0   0   
1.0866530000000001   1.0204081632653061e-06   1.0204081632653061e-06   
1.0866550000000001   0   0   
1.086657   0   0   
1.086659   0   0   
1.0866610000000001   0   0   
1.0866630000000002   7.1428571428571429e-06   6.0940383901935092e-06   
1.086665   1.0204081632653061e-06   1.0204081632653061e-06   
1.086667   1.0204081632653061e-06   1.0204081632653061e-06   
1.0866690000000001   1.0204081632653061e-06   1.0204081632653061e-06   
1.0866710000000002   2.0408163265306122e-06   2.0408163265306122e-06   
1.086673   0   0   
1.0866750000000001   0   0   
1.0866770000000001   0   0   
1.0866790000000002   0   0   
1.086681   5.1020408163265306e-06   3.1358994752696896e-06   
1.0866830000000001   1.0204081632653061e-06   1.0204081632653061e-06   
1.0866850000000001   0   0   
1.0866870000000002   2.0408163265306122e-06   1.3605442176870748e-06   
1.086689   0   0   
1.0866910000000001   1.0204081632653061e-06   1.0204081632653061e-06   
1.0866930000000001   0   0   
1.086695   2.0408163265306122e-06   2.0408163265306122e-06   
1.086697   2.0408163265306122e-06   1.3605442176870748e-06   
1.0866990000000001   0   0   
1.0867010000000001   0   0   
1.086703   3.0612244897959184e-06   3.0612244897959184e-06   
1.086705   0   0   
1.0867070000000001   7.1428571428571429e-06   6.0940383901935092e-06   
1.0867090000000001   1.0204081632653061e-06   1.0204081632653061e-06   
1.086711   0   0   
1.086713   3.0612244897959184e-06   3.0612244897959184e-06   
1.0867150000000001   1.0204081632653061e-06   1.0204081632653061e-06   
1.0867170000000002   0   0   
1.086719   0   0   
1.086721   1.0204081632653061e-06   1.0204081632653061e-06   
1.0867230000000001   0   0   
1.0867250000000002   1.2244897959183673e-05   6.7686220211334691e-06   
1.086727   3.0612244897959184e-06   3.0612244897959184e-06   
1.0867290000000001   2.0408163265306122e-06   2.0408163265306122e-06   
1.0867310000000001   4.0816326530612245e-06   3.1173984319427483e-06   
1.0867330000000002   1.0204081632653061e-06   1.0204081632653061e-06   
1.086735   0   0   
1.0867370000000001   2.0408163265306122e-06   1.3605442176870748e-06   
1.0867390000000001   2.0408163265306122e-06   1.3605442176870748e-06   
1.0867410000000002   0   0   
1.086743   0   0   
1.0867450000000001   4.0816326530612245e-06   4.0816326530612245e-06   
1.0867470000000001   0   0   
1.0867490000000002   0   0   
1.086751   6.1224489795918367e-06   5.0906903221414169e-06   
1.0867530000000001   0   0   
1.0867550000000001   3.0612244897959184e-06   2.1779334140928057e-06   
1.086757   0   0   
1.086759   0   0   
1.0867610000000001   0   0   
1.0867630000000001   0   0   
1.086765   0   0   
1.086767   0   0   
1.0867690000000001   3.0612244897959184e-06   2.1779334140928057e-06   
1.0867710000000002   1.0204081632653061e-06   1.0204081632653061e-06   
1.086773   4.0816326530612245e-06   4.0816326530612245e-06   
1.086775   0   0   
1.0867770000000001   0   0   
1.0867790000000002   0   0   
1.086781   0   0   
1.0867830000000001   0   0   
1.0867850000000001   4.0816326530612245e-06   4.0816326530612245e-06   
1.0867870000000002   1.0204081632653061e-06   1.0204081632653061e-06   
1.086789   0   0   
1.0867910000000001   0   0   
1.0867930000000001   0   0   
1.0867950000000002   1.0204081632653061e-06   1.0204081632653061e-06   
1.086797   4.0816326530612245e-06   4.0816326530612245e-06   
1.0867990000000001   0   0   
1.0868010000000001   0   0   
1.0868030000000002   0   0   
1.086805   0   0   
1.0868070000000001   0   0   
1.0868090000000001   7.1428571428571429e-06   4.8222608431149065e-06   
1.086811   3.0612244897959184e-06   1.5586992159713742e-06   
1.086813   0   0   
1.0868150000000001   1.0204081632653061e-06   1.0204081632653061e-06   
1.0868170000000001   1.0204081632653061e-06   1.0204081632653061e-06   
1.086819   0   0   
1.086821   1.0204081632653061e-06   1.0204081632653061e-06   
1.0868230000000001   0   0   
1.0868250000000002   2.0408163265306122e-06   1.3605442176870748e-06   
1.086827   1.0204081632653061e-06   1.0204081632653061e-06   
1.086829   0   0   
1.0868310000000001   6.1224489795918367e-06   4.0816326530612245e-06   
1.0868330000000002   0   0   
1.086835   6.1224489795918367e-06   4.0816326530612245e-06   
1.0868370000000001   1.0204081632653061e-06   1.0204081632653061e-06   
1.0868390000000001   0   0   
1.0868410000000002   1.0204081632653061e-06   1.0204081632653061e-06   
1.086843   1.0204081632653061e-06   1.0204081632653061e-06   
1.0868450000000001   2.0408163265306122e-06   2.0408163265306122e-06   
1.0868470000000001   1.0204081632653061e-06   1.0204081632653061e-06   
1.0868490000000002   1.0204081632653061e-06   1.0204081632653061e-06   
1.086851   5.1020408163265306e-06   5.1020408163265306e-06   
1.0868530000000001   0   0   
1.0868550000000001   0   0   
1.0868570000000002   5.1020408163265306e-06   3.4853574033876185e-06   
1.086859   0   0   
1.0868610000000001   2.0408163265306122e-06   2.0408163265306122e-06   
1.0868630000000001   3.0612244897959184e-06   3.0612244897959184e-06   
1.086865   0   0   
1.086867   0   0   
1.0868690000000001   1.0204081632653061e-06   1.0204081632653061e-06   
1.0868710000000001   3.0612244897959184e-06   3.0612244897959184e-06   
1.086873   2.0408163265306122e-06   1.3605442176870748e-06   
1.086875   0   0   
1.0868770000000001   1.0204081632653061e-06   1.0204081632653061e-06   
1.0868790000000002   0   0   
1.086881   0   0   
1.086883   3.0612244897959184e-06   3.0612244897959184e-06   
1.0868850000000001   0   0   
1.0868870000000002   4.0816326530612245e-06   2.256207340377823e-06   
1.086889   3.0612244897959184e-06   3.0612244897959184e-06   
1.0868910000000001   0   0   
1.0868930000000001   0   0   
1.0868950000000002   0   0   
1.086897   0   0   
1.0868990000000001   0   0   
1.0869010000000001   0   0   
1.0869030000000002   0   0   
1.086905   2.0408163265306122e-06   2.0408163265306122e-06   
1.0869070000000001   1.0204081632653061e-06   1.0204081632653061e-06   
1.0869090000000001   0   0   
1.0869110000000002   3.0612244897959184e-06   2.1779334140928057e-06   
1.086913   0   0   
1.0869150000000001   2.0408163265306122e-06   2.0408163265306122e-06   
1.0869170000000001   0   0   
1.086919   0   0   
1.086921   0   0   
1.0869230000000001   0   0   
1.0869250000000001   1.0204081632653061e-06   1.0204081632653061e-06   
1.086927   0   0   
1.086929   0   0   
1.0869310000000001   0   0   
1.0869330000000001   0   0   
1.086935   0   0   
1.086937   0   0   
1.0869390000000001   2.0408163265306122e-06   2.0408163265306122e-06   
1.0869410000000002   2.0408163265306122e-06   2.0408163265306122e-06   
1.086943   0   0   
1.0869450000000001   1.0204081632653061e-06   1.0204081632653061e-06   
1.0869470000000001   0   0   
1.0869490000000002   0   0   
1.086951   5.1020408163265306e-06   2.2817020178569283e-06   
1.0869530000000001   3.0612244897959184e-06   1.5586992159713742e-06   
1.0869550000000001   1.0204081632653061e-06   1.0204081632653061e-06   
1.0869570000000002   0   0   
1.086959   3.0612244897959184e-06   3.0612244897959184e-06   
1.0869610000000001   0   0   
1.0869630000000001   0   0   
1.0869650000000002   0   0   
1.086967   0   0   
1.0869690000000001   0   0   
1.0869710000000001   0   0   
1.086973   0   0   
1.086975   2.0408163265306122e-06   2.0408163265306122e-06   
1.0869770000000001   0   0   
1.0869790000000001   6.1224489795918367e-06   2.7210884353741497e-06   
1.086981   0   0   
1.086983   0   0   
1.0869850000000001   0   0   
1.0869870000000001   0   0   
1.086989   0   0   
1.086991   3.0612244897959184e-06   3.0612244897959184e-06   
1.0869930000000001   0   0   
1.0869950000000002   1.0204081632653061e-06   1.0204081632653061e-06   
1.086997   0   0   
1.086999   0   0   
