0	1	0
1   0.59404158404596135   0.00156755413241063   
2   0.5398580857176981   0.0020392199497107161   
3   0.52614178624258781   0.0022120075804058908   
4   0.51938778508428813   0.0022010651932818538   
5   0.5141002445753349   0.0021847317968531969   
6   0.51123473144372165   0.0021299191165922641   
7   0.50996303952722557   0.0021467235645199723   
8   0.50934500454997238   0.0020507757497449402   
9   0.50924982462022717   0.0020410780805815489   
10   0.5091164654388197   0.0020491609878701325   
