0.24242100977793915   0.26537299178206464  0.0022705792326640746     
0.4848420195558783   0.25995915554747018  0.0020890652971403891     
0.72726302933381748   0.2504405046803789  0.0020407967508505797     
0.9696840391117566   0.2374420113510117  0.0018719065412128361     
1.2121050488896958   0.22091835844506806  0.0017189110892260633     
1.454526058667635   0.20119968115954545  0.001642047180425802     
1.6969470684455741   0.17871754086473371  0.0017065364826439225     
1.9393680782235132   0.15390919195709295  0.0019900488094974945     
2.1817890880014525   0.12778277652497605  0.0025142054725021857     
2.4242100977793917   0.10194317490423969  0.0032582903689668331     
2.6666311075573308   0.079051934518144305  0.0041998294161241045     
2.9090521173352699   0.063948998658196017  0.0053956020693230396     
3.151473127113209   0.065755307626699685  0.0068444899231947879     
3.3938941368911482   0.10270729901454679  0.0087236841433689111     
3.6363151466690873   0.2148869019214177  0.01123365965411407     
3.8787361564470264   0.50078740162985687  0.014740017837589541     
4.1211571662249655   1.2456113434009298  0.020102150521880951     
4.3635781760029051   3.5281319516137351  0.030866160615825078     
4.6059991857808438   14.166868207325637  0.058491052990686826     
4.8484201955587833   271.68270645035216  1.11376191843725     
5.090841205336722   108.76257432345355  1.0646969714810332     
5.3332622151146616   18.88950896634077  0.12030010794137536     
5.5756832248926003   8.4150537220525194  0.047647568010818373     
5.8181042346705398   5.0659747451755469  0.030708788040114217     
6.0605252444484785   3.5033674728558764  0.021965689992144811     
6.3029462542264181   2.6223558160172346  0.01556560209817493     
6.5453672640043568   2.0610138423735257  0.01307509026307483     
6.7877882737822963   1.6721287666945129  0.01178476931708275     
7.030209283560235   1.3849709043529373  0.0091470811555443008     
7.2726302933381746   1.1636917919350142  0.0082639272933390674     
7.5150513031161132   0.98612920788596424  0.007260437111756593     
7.7574723128940528   0.83849139951729326  0.006240816200444624     
7.9998933226719924   0.71020630967752422  0.0057357188066122226     
8.2423143324499311   0.59779997196576229  0.0047316716442688989     
8.4847353422278697   0.49589404674170902  0.0039587758870831939     
8.7271563520058102   0.39531375495353774  0.0028764669762882534     
8.9695773617837489   0.29466680110392955  0.0026152398664253999     
9.2119983715616875   0.1896903194332579  0.0034239512664427653     
9.4544193813396262   0.10984355529837069  0.0089729476999658467     
9.6968403911175667   1.1792293384229284  0.045138455460907907     
9.9392614008955054   19.90659306847858  0.20712978357284775     
10.181682410673444   2.0384092784654498  0.031601401445273097     
10.424103420451383   1.1472356187622132  0.016837680791838742     
10.666524430229323   0.82850291325590052  0.01255667395516704     
10.908945440007262   0.6667168054191085  0.010320635862735192     
11.151366449785201   0.566270394482247  0.008564811806631793     
11.393787459563139   0.50603743788078486  0.0082761877876263783     
11.63620846934108   0.45616005986611243  0.0082608306337254252     
11.878629479119018   0.42082665656410156  0.007971454743713615     
12.121050488896957   0.39742585129878223  0.0080361400876162053     
12.363471498674897   0.38152723512900381  0.0084350018708272398     
12.605892508452836   0.37646908117188526  0.0087287632061326285     
12.848313518230775   0.38032574007081923  0.0093104129385140777     
13.090734528008714   0.3969621003539077  0.010703247568596082     
13.333155537786654   0.43509428342076807  0.013362053607503422     
13.575576547564593   0.49930113564924726  0.014812060579662528     
13.817997557342531   0.62069497689280155  0.019211147244563334     
14.06041856712047   0.87316460441874636  0.028963429795676933     
14.30283957689841   1.4956216694781031  0.04851850414490367     
14.545260586676349   4.4814952323842226  0.17853700880200202     
14.787681596454288   109.55749834178195  0.82977756076337072     
15.030102606232226   3.4546238045518714  0.10616032228804947     
15.272523616010167   0.47167554285731311  0.0099340277434529958     
15.514944625788106   0.19985703464785927  0.0047765840783303156     
15.757365635566044   0.14439909598169076  0.0037963795481891711     
15.999786645343985   0.13336744471067133  0.00269852174520684     
16.242207655121923   0.14203347957736983  0.0034726570876349072     
16.484628664899862   0.15251483881803637  0.0018156079430284136     
16.727049674677801   0.17334744097398484  0.0017624530094057435     
16.969470684455739   0.19797623858645662  0.0031092408585920687     
17.211891694233678   0.23085242998873455  0.0026895850425348265     
17.45431270401162   0.28180649307106294  0.0030650644740031664     
17.696733713789559   0.34922662777824975  0.0044861280971805368     
17.939154723567498   0.44451588379922388  0.0057470260239561282     
18.181575733345436   0.6012048414165293  0.0066251292361154322     
18.423996743123375   0.83816845289802782  0.0070719216988921915     
18.666417752901314   1.2726151595511086  0.018247701477140264     
18.908838762679252   2.1391624355906062  0.029164559850552169     
19.151259772457191   4.3412268510342471  0.062767304816755346     
19.393680782235133   12.419278749915375  0.24443335909876788     
19.636101792013072   194.16833518121859  2.7897086486209158     
19.878522801791011   68.402637109972719  1.5089930505686487     
20.120943811568949   7.5237066972971526  0.14242523104064468     
20.363364821346888   2.6827334950026151  0.040245220207110069     
20.605785831124827   1.3221070433336473  0.021239152754655715     
20.848206840902765   0.78751516239192971  0.01264960311036786     
21.090627850680708   0.52881206751675423  0.0094334776122934369     
21.333048860458646   0.38671474754946843  0.0080748314701498496     
21.575469870236585   0.30426965041185101  0.0067732501464005117     
21.817890880014524   0.25915384227454066  0.005905006043576678     
22.060311889792462   0.2348753284715954  0.0055902132640840663     
22.302732899570401   0.22709134038493241  0.0052757573100608724     
22.54515390934834   0.23894781341295259  0.0052771861490166297     
22.787574919126278   0.27219362762376318  0.0052814833670947718     
23.029995928904221   0.34063930915922235  0.0069883408559023146     
23.272416938682159   0.46627548198330123  0.0094747375850179951     
23.514837948460098   0.70583641555189512  0.01209714408892355     
23.757258958238037   1.2061998005313368  0.018449354982105452     
23.999679968015975   2.528129853326832  0.032826389590448323     
24.242100977793914   6.8219447475775507  0.13057042772023673     
24.484521987571853   53.014303968177213  1.4005666023391906     
24.726942997349795   106.09654873491471  1.2848085606861409     
24.969364007127734   10.154530969451686  0.18627839976152311     
25.211785016905672   3.5244080809839642  0.070414661803948388     
25.454206026683611   1.8164784063980219  0.022884427932258195     
25.69662703646155   1.1419997861057199  0.018222703069357995     
25.939048046239488   0.7986718846417225  0.011896501015090903     
26.181469056017427   0.60673251804029036  0.0093276374494511538     
26.423890065795366   0.49094570980271784  0.0056791551289941316     
26.666311075573308   0.41598120925452053  0.0046693241763639793     
26.908732085351247   0.36320296521644686  0.0043443528618587058     
27.151153095129185   0.32639200928356852  0.0034592738705760061     
27.393574104907124   0.29778981549668073  0.0023125027460949478     
27.635995114685063   0.27635085174085942  0.0016114954658801307     
27.878416124463001   0.25737410914960447  0.0014933926037242141     
28.12083713424094   0.24546609809731288  0.0016431787863830548     
28.363258144018882   0.24423238738873417  0.0020488400550840027     
28.605679153796821   0.25803681584479049  0.0027140739116826041     
28.84810016357476   0.33322646997783053  0.0026085230344497399     
29.090521173352698   0.61652138027155617  0.0088785545217093397     
29.332942183130637   2.5241919716165589  0.066332833383572239     
29.575363192908576   18.709518147396951  0.18234065065820278     
29.817784202686514   3.2611865999718753  0.11410541758663021     
30.060205212464453   1.2230561944990382  0.037784464157794799     
30.302626222242395   0.78267221329671504  0.011535232412326252     
30.545047232020334   0.59995466394095144  0.012021552872601699     
30.787468241798273   0.50117848112229523  0.0075969720150708028     
31.029889251576211   0.44700950232355626  0.0062777435368612995     
31.27231026135415   0.41310929806426224  0.0049756165166581478     
31.514731271132089   0.38767758226902372  0.0047630918014031585     
31.757152280910027   0.38117525123233071  0.0053381894780995526     
31.99957329068797   0.37618734095590084  0.0045842690203670288     
32.241994300465905   0.37949860560477717  0.0039014652447341225     
32.484415310243847   0.3934634490017543  0.004371143917547341     
32.726836320021782   0.41186117959817097  0.0039444051917568894     
32.969257329799724   0.44443557538265487  0.0040600536974117538     
33.211678339577666   0.49098774447999953  0.0039596662769434497     
33.454099349355602   0.57133357705271576  0.0053221008116123714     
33.696520359133544   0.69634885642555672  0.0042877091918534978     
33.938941368911479   0.99769251211052908  0.011154319063681324     
34.181362378689421   1.7408140890072765  0.022284427827915847     
34.423783388467356   6.2398743570443047  0.088894934003003358     
34.666204398245299   1.2572356375905738  0.020952905272033253     
34.908625408023241   0.41237855567946899  0.0038595578680320766     
35.151046417801176   0.33855833328958282  0.0021779806829161528     
35.393467427579118   0.33963173575411162  0.0016895667156386497     
35.635888437357053   0.35195572825929171  0.0009187703811716119     
35.878309447134995   0.3690027875706708  0.0020664376484726647     
36.120730456912931   0.38795538253310231  0.0020357993372059589     
36.363151466690873   0.40779441588969955  0.0021629053401991115     
36.605572476468815   0.4341720500554172  0.0016569877478050943     
36.84799348624675   0.46512865802366043  0.0016717471846810554     
37.090414496024692   0.50485891591365504  0.0022828032243880181     
37.332835505802628   0.56806372401336311  0.0032132683049058174     
37.57525651558057   0.64854633436471704  0.0041034716906571203     
37.817677525358505   0.76677386927022351  0.004070411834881961     
38.060098535136447   0.96205034297141364  0.0066921401897961776     
38.302519544914382   1.2554267140935234  0.0089571893328341148     
38.544940554692324   1.8157085685128583  0.016184129758557796     
38.787361564470267   3.0470182128345625  0.045929650322217594     
39.029782574248202   5.9993076029552515  0.10970501843392902     
39.272203584026144   21.377781792362746  0.49668847923220256     
39.514624593804079   15.118079920398988  0.27165344803375429     
39.757045603582021   3.063754033139177  0.050811749108310471     
39.999466613359957   1.4018404289514445  0.0095718552402599259     
40.241887623137899   0.86135220273693419  0.0049103611378841915     
40.484308632915841   0.65467099738647869  0.0036098098594706006     
40.726729642693776   0.56217066916860459  0.0026546854853529316     
40.969150652471718   0.52174984530104066  0.0017701526051676225     
41.211571662249654   0.51225073472409816  0.0018873396600071802     
41.453992672027596   0.51787336306084397  0.0017561814228068986     
41.696413681805531   0.53950679103872291  0.0024228375560595191     
41.938834691583473   0.5675892876029741  0.0022989434355915943     
42.181255701361415   0.61200344504281869  0.0017633800799208614     
42.42367671113935   0.67553326534982293  0.0019777902496981219     
42.666097720917293   0.77154562927736596  0.0018847487198930157     
42.908518730695228   0.92947094673228806  0.0029906005498185372     
43.15093974047317   1.1809421127482106  0.0057275358756005706     
43.393360750251105   1.665625374876051  0.009435718817271547     
43.635781760029047   2.6036432750835361  0.015485869941369224     
43.87820276980699   4.8277799078472426  0.080064557128864894     
44.120623779584925   12.393653110005152  0.29312994638920491     
44.363044789362867   17.930977320199431  0.26072330234538986     
44.605465799140802   4.5978955226784104  0.089283915118065326     
44.847886808918744   2.1122852479036823  0.019867927834223792     
45.090307818696679   1.3185776760905156  0.010415999912019067     
45.332728828474622   0.94234798783790736  0.004793158493776235     
45.575149838252557   0.75812796239942464  0.0027108930977930439     
45.817570848030499   0.64723829199047879  0.002053165363900466     
46.059991857808441   0.59167977632844493  0.0018843484712428865     
46.302412867586376   0.55586104462459441  0.00097635506488975224     
46.544833877364319   0.53719117897957427  0.0034673610506352652     
46.787254887142254   0.52572273313015412  0.0023527614146159806     
47.029675896920196   0.52328642099809249  0.0017450836342775481     
47.272096906698131   0.52239036501403343  0.0018592384900234291     
47.514517916476073   0.52751980286318469  0.0023450749258466795     
47.756938926254016   0.54861241015331831  0.0027780633532016822     
47.999359936031951   0.59447592952472914  0.0013963082443456879     
48.241780945809893   0.68947044567957293  0.0024309372522081576     
48.484201955587828   0.88441862775633036  0.0050067558545934974     
