0.23200314144828521   193.20417543433586  0.023548023695773039     
0.46400628289657042   4.0538887922662401  0.0097999921556531803     
0.69600942434485558   18.909895762303692  0.025510291543092689     
0.92801256579314084   4.2385480134224133  0.0091036585847111744     
1.1600157072414261   4.6411911877809863  0.0083824030114919421     
1.3920188486897112   3.9963496534773075  0.0060478134821059269     
1.6240219901379964   0.95800633176766891  0.0032303770118635307     
1.8560251315862817   3.1903593171680927  0.0063065754979481753     
2.088028273034567   0.059136369231620427  0.00029132549658068637     
2.3200314144828522   2.1626573901604799  0.0035234482503342887     
2.5520345559311375   0.081642193068795654  0.00034304249487423464     
2.7840376973794223   1.2944533979846987  0.0034381903490582182     
3.0160408388277076   0.29944480705415601  0.00094709495751853086     
3.2480439802759928   0.66714998291138845  0.0028576282472218038     
3.4800471217242781   0.48953319328856992  0.0020396904499416654     
3.7120502631725634   0.25505859110238916  0.0013177928036990659     
3.9440534046208486   0.58109956833628  0.0029894955166016832     
4.1760565460691339   0.057530926357359945  0.0010868465898660254     
4.4080596875174187   0.61318686139448561  0.0080863308935250082     
4.6400628289657044   0.13200511643748355  0.002935025889636834     
4.8720659704139893   0.4670895253866658  0.0042101456763518097     
5.104069111862275   0.083092562386725506  0.00082422503867182805     
5.3360722533105598   0.30601690261800472  0.0032430136245191454     
5.5680753947588446   0.14979095741008215  0.0017044634424661774     
5.8000785362071303   0.15768145535180502  0.0018885687763687712     
6.0320816776554151   0.21577079792597745  0.0028798132312221182     
6.2640848191037009   0.057606964525730468  0.0010122882407657541     
6.4960879605519857   0.23880528530844765  0.003886518757626802     
6.7280911020002714   0.0267219114208628  0.00035245651572060871     
6.9600942434485562   0.23340981201813055  0.0051104428064498901     
7.1920973848968419   0.033125419560941568  0.00023286750052046271     
7.4241005263451267   0.22957177232478846  0.0052083469188477689     
7.6561036677934116   0.09864842189079716  0.0019148907460017472     
7.8881068092416973   0.25765835773826265  0.0040577926749221882     
8.120109950689983   0.47644190575454246  0.006659877816156686     
8.3521130921382678   0.39056872634145272  0.0052590744532862206     
8.5841162335865526   3.569730530671394  0.073705526082319979     
8.8161193750348374   3.3846338152157734  0.11217806212174452     
9.048122516483124   8.5845141941484139  0.21899750824186999     
9.2801256579314089   24.177601376543525  0.53471025087031492     
9.5121287993796937   16.500708734646468  0.31720791342978637     
9.7441319408279785   0.83105386173196766  0.010574537422960788     
9.9761350822762633   2.0638196691831622  0.041268636376646473     
10.20813822372455   0.89491400988485551  0.016171756665271254     
10.440141365172835   0.46884393498764511  0.0077509688045897929     
10.67214450662112   0.74986169430079395  0.012645800796593308     
10.904147648069404   0.11017013272681048  0.0017504523395926874     
11.136150789517689   0.62429994184613126  0.010373696589908609     
11.368153930965976   0.022913751626754443  0.00023386667104577754     
11.600157072414261   0.51317289685523074  0.007665433818855447     
11.832160213862545   0.061351476882426397  0.00037940860074647149     
12.06416335531083   0.38169016614202537  0.0047768412611134211     
12.296166496759117   0.17199665396806042  0.0014728732469537336     
12.528169638207402   0.25061870083903651  0.0026751887837702989     
12.760172779655687   0.28535522307870893  0.003127876910106063     
12.992175921103971   0.14909496171257852  0.00081111650132256803     
13.224179062552256   0.36635990005822456  0.0040627355176176412     
13.456182204000543   0.13077835377809709  0.0016805122920437467     
13.688185345448828   0.43403580533759277  0.0040974684909057386     
13.920188486897112   0.14053698376886554  0.0009878293234208431     
14.152191628345397   0.38551524876055489  0.0038120114180919198     
14.384194769793684   0.14398717722578083  0.00085239252410166152     
14.616197911241969   0.29417128947291324  0.0019400679867117296     
14.848201052690253   0.21326864126755704  0.0011729244728228572     
15.080204194138538   0.17563002000456264  0.0012179511134574997     
15.312207335586823   0.31050256547950609  0.0029469846247322665     
15.54421047703511   0.073244481840555932  0.00037262938565313677     
15.776213618483395   0.42303429331147441  0.0044519222157359635     
16.008216759931681   0.036693370069395594  0.00055594647343290173     
16.240219901379966   0.5275748430954303  0.0096846913577494116     
16.472223042828251   0.11950201178691178  0.0017520751032552252     
16.704226184276536   0.6445702678243604  0.012513274535829469     
16.93622932572482   0.4588520821185637  0.009058117035806498     
17.168232467173105   0.81508461928039286  0.018002188666151084     
17.40023560862139   1.8547383988049067  0.051603319435460659     
17.632238750069675   1.4042521656825273  0.037421386348018655     
17.86424189151796   15.621893558232889  0.51154115095071182     
18.096245032966248   24.791387757506205  0.96432092260565403     
18.328248174414533   11.653387689988246  0.41407646427781814     
18.560251315862818   4.7829423840605032  0.089498893511088148     
18.792254457311103   3.7469159340645207  0.051774736639874266     
19.024257598759387   0.47896932750805387  0.0049666874883090469     
19.256260740207672   0.69991162497911446  0.0091680510799272885     
19.488263881655957   0.33619444682591275  0.0049558288409822022     
19.720267023104242   0.19187918270622685  0.0027574573964164013     
19.952270164552527   0.29395152466812602  0.004280997751602289     
20.184273306000815   0.075133268770527062  0.00079386344587179729     
20.4162764474491   0.26236043640770063  0.0040398662794725813     
20.648279588897385   0.075237814153755374  0.00033058040412841785     
20.88028273034567   0.23561429773409227  0.0030908984434700915     
21.112285871793954   0.12935366009802867  0.00082170391944400375     
21.344289013242239   0.22222876830023295  0.0029497207963877921     
21.576292154690524   0.20706370657444528  0.0014584993651140702     
21.808295296138809   0.21613837576223004  0.00098409518463055368     
22.040298437587094   0.28107015947273561  0.0029451865315475776     
22.272301579035378   0.21969284937830526  0.0017841947629505227     
22.504304720483667   0.36933444931263001  0.0051589641575997163     
22.736307861931952   0.31772142897463996  0.0021675679101677334     
22.968311003380236   0.38539930190842051  0.0028661634790418158     
23.200314144828521   0.25795451753412171  0.0014560163712865231     
23.432317286276806   0.33750308593061173  0.0037186772924035391     
23.664320427725091   0.21234689427264588  0.00049303097852836753     
23.896323569173376   0.26558417143062664  0.0037184934543077217     
24.128326710621661   0.21967801335823839  0.0037839740401481732     
24.360329852069945   0.16477197317770989  0.0016328718085990845     
24.592332993518234   0.29662284711958936  0.0056302327634035328     
24.824336134966519   0.097735100412791415  0.00074263124803801946     
25.056339276414803   0.42095997616727472  0.008892455337466858     
25.288342417863088   0.098840723257327068  0.00081740253926947522     
25.520345559311373   0.58920992102312061  0.01250058512201477     
25.752348700759658   0.265361059949704  0.002648372118991341     
25.984351842207943   0.80775137100425854  0.012514747729168438     
26.216354983656228   0.94090898897767166  0.0097505229456564226     
26.448358125104512   1.1620211053341429  0.019281759460169516     
26.680361266552801   3.5318764621286565  0.048284356240187917     
26.912364408001086   2.629905266813892  0.039796625045842652     
27.14436754944937   26.569453288809042  0.59640081325263945     
27.376370690897655   49.595436228297547  0.97023350291814175     
27.60837383234594   23.323461291743027  0.39434664479768774     
27.840376973794225   2.2608562373443919  0.035458958175003275     
28.07238011524251   3.7444169323179032  0.051227027793629507     
28.304383256690794   0.86827013828106572  0.0099523381214421538     
28.536386398139079   0.9629706139090513  0.011764193733241041     
28.768389539587368   0.66259992947476172  0.0051688727196399135     
29.000392681035652   0.30169954286856714  0.0023846961941481171     
29.232395822483937   0.56871217953177837  0.0051249166353624311     
29.464398963932222   0.13643676829429635  0.00088227198404832846     
29.696402105380507   0.4745794181144712  0.0036382197731062476     
29.928405246828792   0.17175077300632163  0.0017904139388131549     
30.160408388277077   0.40675484719316691  0.003104979171596689     
30.392411529725361   0.28967472978225441  0.0029914845905259613     
30.624414671173646   0.38600531501667148  0.0043022177412479207     
30.856417812621935   0.41793036751891329  0.0039020386059244842     
31.088420954070219   0.39995265172284196  0.0036865298826228062     
31.320424095518504   0.51056364450751248  0.0031389111147594251     
31.552427236966789   0.45303089583717376  0.0026259682587116863     
31.784430378415074   0.57553727861569098  0.0038431630935055191     
32.016433519863362   0.55434666453018919  0.0026262432298140663     
32.248436661311644   0.55780934033667205  0.0032412251822244174     
32.480439802759932   0.4371383237074895  0.00097203622039697708     
32.712442944208213   0.46134920675776433  0.0025910869876402338     
32.944446085656502   0.29956617920637397  0.001006877679803201     
33.176449227104783   0.30745484474370225  0.00152324375362809     
33.408452368553071   0.25799844002199942  0.001726991320545452     
33.640455510001352   0.1895032072321798  0.0012859545076172694     
33.872458651449641   0.28608743172408295  0.0028833608865892446     
34.104461792897929   0.159873976990822  0.00066615866857117831     
34.33646493434621   0.34992024150332425  0.0037590369189159404     
34.568468075794499   0.22188855502191225  0.0013510792941398202     
34.80047121724278   0.44913491300934257  0.0042354051614179041     
35.032474358691069   0.42183519568653945  0.0043766304025341056     
35.26447750013935   0.621414051954427  0.0077400211159333548     
35.496480641587638   0.97234468058853857  0.014168892644910338     
35.728483783035919   1.0256564530887819  0.01201072037564006     
35.960486924484208   2.9278581213129283  0.04165453351590248     
36.192490065932496   3.1871510631383434  0.059473157603691566     
36.424493207380777   8.7309725046183567  0.1837293276155559     
36.656496348829066   16.50680093905691  0.37604554750052604     
36.888499490277347   9.2846390986643156  0.19929085128130646     
37.120502631725635   1.6852450832757628  0.013340158254816627     
37.352505773173917   1.9889725653407127  0.02366320111920723     
37.584508914622205   0.70438045010553987  0.004930927583108512     
37.816512056070486   0.62155573787841234  0.0070490107900873639     
38.048515197518775   0.53464891461973096  0.0065381194179843589     
38.280518338967063   0.27980943063456907  0.0014692435676914599     
38.512521480415344   0.47371821683081261  0.0039767646553527675     
38.744524621863633   0.23522646101451093  0.0014979600392559362     
38.976527763311914   0.45381181679009545  0.0032712403784690099     
39.208530904760202   0.31516328944671259  0.0018656441351722042     
39.440534046208484   0.4630234552490834  0.003056155872688736     
39.672537187656772   0.46142027465070313  0.0042764449458134208     
39.904540329105053   0.50811663083669456  0.0040933401831125423     
40.136543470553342   0.62262175149021118  0.0045029072948501257     
40.36854661200163   0.61629807548354074  0.0049852745208932028     
40.600549753449911   0.7450197510915281  0.0039550481279312255     
40.8325528948982   0.74967355862703666  0.0046969949707813578     
41.064556036346481   0.79147908237061634  0.0028431979165682345     
41.296559177794769   0.79929973819908864  0.0031342929596054989     
41.528562319243051   0.73831545399979096  0.0028057702184376008     
41.760565460691339   0.58282831191207476  0.002155878530333595     
41.99256860213962   0.58503137448355192  0.0024010165784103757     
42.224571743587909   0.39671014028237856  0.0014956309248406329     
42.456574885036197   0.38111744881448625  0.00094850541456369597     
42.688578026484478   0.35567922370242932  0.00089760665867370873     
42.920581167932767   0.27557263064953295  0.00094258203287856525     
43.152584309381048   0.38466235020412006  0.0010001685568005948     
43.384587450829336   0.27595872687417359  0.0017669508353552083     
43.616590592277618   0.44581221323632202  0.0022137289195626005     
43.848593733725906   0.37608163689732645  0.0028960791919136221     
44.080596875174187   0.54158425210714966  0.0031402789920034634     
44.312600016622476   0.61227288409661902  0.0046871754214429299     
44.544603158070757   0.72784290889296998  0.0047038608897115898     
44.776606299519045   1.1751844227458693  0.008025960502177564     
45.008609440967334   1.1911209452804711  0.010722959854208565     
45.240612582415615   2.9338524807355273  0.029267249654162408     
45.472615723863903   3.8863185338615344  0.037488561014009291     
45.704618865312185   4.1336831502637322  0.038570751736459056     
45.936622006760473   5.8278167259453596  0.04510995912067564     
46.168625148208754   3.8427338088234819  0.022716538263151405     
46.400628289657043   1.2721036195542829  0.0063245262265733152     
