0	1	0
1   0.52450554566842474   0.0015613853266142732   
2   0.49489463150545605   0.0019018865978974157   
3   0.50552413237758789   0.0021333994756753396   
4   0.50407811302588522   0.0021940238826265425   
5   0.5037276766170804   0.0023358277523049132   
6   0.50437457743218403   0.0024165159329719376   
7   0.50447034823927659   0.0025065922197456669   
8   0.50456921763669755   0.0024615400942239687   
9   0.50434157536618562   0.0024492454286692661   
10   0.50432606554513983   0.0024730714793009116   
