0.21486394446136323   23.071295875629981  0.0095981359146045209
0.42972788892272645   10.943815374844713  0.015567936325921462
0.64459183338408965   1.6841660149126569  0.0069358604278531683
0.85945577784545291   0.027768119685446524  0.0003450210231882991
1.0743197223068162   0.0090635674827415212  0.00014562281940560962
1.2891836667681793   0.083720281572673592  0.00072245067255101731
1.5040476112295427   0.12786363464512888  0.0011209554370807641
1.7189115556909058   0.041898900322404967  0.00028454149436840059
1.933775500152269   0.028284414354732912  0.00022416424193608316
2.1486394446136323   0.011427474408208335  0.000129181348718748
2.3635033890749955   0.031153719857066679  0.00020461325193126821
2.5783673335363586   0.11514959939205568  0.0012978367982412733
2.7932312779977218   0.25605653144277505  0.0050777403232036866
3.0080952224590853   0.047052523499278256  0.00053956782512707806
3.2229591669204485   0.013397724905513351  0.00011959836170000436
3.4378231113818116   0.023194142498650702  0.00025293785924069956
3.6526870558431748   0.065449163162112588  0.0006187923869470297
3.8675510003045379   0.043488693405042072  0.00037459342021965298
4.0824149447659011   0.05176613586462118  0.00049997908182083712
4.2972788892272646   0.059834664532783245  0.00077450412610350644
4.5121428336886273   0.025585852741002188  0.00023278708485529654
4.7270067781499909   0.032186709923182515  0.00039509565578107487
4.9418707226113545   0.16375010933419342  0.0010458854888433232
5.1567346670727172   0.18443221057466442  0.0013058125847635074
5.3715986115340808   0.064333812813835317  0.00044309315486488546
5.5864625559954435   0.032958809505284677  0.00033720557142444741
5.8013265004568071   0.050290095675917718  0.00051249394403122539
6.0161904449181707   0.10291956393626016  0.0011457792781111208
6.2310543893795334   0.082801905514454582  0.00071996180497772715
6.445918333840897   0.022797917474218949  0.00018580468537131645
6.6607822783022597   0.024212461499224113  0.00025456567697962521
6.8756462227636232   0.034809696382937785  0.00033226751951214964
7.0905101672249868   0.044554560602784117  0.00034888439255164579
7.3053741116863495   0.059255485955782362  0.0004425414559758009
7.5202380561477131   0.06023424289526414  0.00085090370710914363
7.7351020006090758   0.081237377114212764  0.0014511142516277826
7.9499659450704394   0.17617582936358261  0.0020403347890734591
8.1648298895318021   2.0564209186328678  0.02857679291276898
8.3796938339931657   7.2579584107561846  0.069950401224168837
8.5945577784545293   2.0285781145027118  0.060252951041467182
8.8094217229158929   0.88614502814335437  0.045375057424318839
9.0242856673772547   0.61238029447701451  0.020751504085786094
9.2391496118386183   0.48907998955753493  0.0092465054435928447
9.4540135562999819   0.31721113007558756  0.0043455941331323477
9.6688775007613454   0.18110294350225869  0.0048096621262527951
9.883741445222709   0.47934401440910658  0.0060819303936927922
10.098605389684071   0.57790175536190309  0.0067212817288382186
10.313469334145434   0.2424916518329059  0.004284405388440978
10.528333278606798   0.077998784885585622  0.00074896731960341549
10.743197223068162   0.12294225678457145  0.0018669629378858544
10.958061167529525   0.072779815906802101  0.0008624506295578322
11.172925111990887   0.057133635759401628  0.00064079753725044214
11.387789056452251   0.075010255482510207  0.0008274276582211226
11.602653000913614   0.081241458161646592  0.00082776646135899218
11.817516945374978   0.1105243909891196  0.0010555008905582379
12.032380889836341   0.097823832638524402  0.00048228548874945021
12.247244834297703   0.10297451159944097  0.00055580980159614877
12.462108778759067   0.11898349735073765  0.0009171761649575469
12.67697272322043   0.16582651445819088  0.0012710036999886471
12.891836667681794   0.35546430650551783  0.0018374697764968204
13.106700612143158   0.24134049820308515  0.0026701184639886028
13.321564556604519   0.19913451223449768  0.0027471411866952809
13.536428501065883   0.24047910570147349  0.0022150939429183223
13.751292445527246   0.9954271844282545  0.011637502701804422
13.96615638998861   1.379644217189219  0.010234078088482187
14.181020334449974   0.19198087020136805  0.0018545558213682718
14.395884278911335   0.10316501088791475  0.00061152185562010564
14.610748223372699   0.083785501404994646  0.00030710028930496578
14.825612167834063   0.081346739938923608  0.0004353943831147078
15.040476112295426   0.069651701519354485  0.00028990787708400835
15.25534005675679   0.059621349661660169  0.00034519485401582751
15.470204001218152   0.056341465074247147  0.0002757737562186194
15.685067945679515   0.056205155868384347  0.00033570139299627315
15.899931890140879   0.091805643732034992  0.00072701157028950022
16.114795834602241   0.17720434803718687  0.0016675535262951542
16.329659779063604   0.35562551263269239  0.0031836269656625058
16.544523723524968   0.47347391879402163  0.0061154312734608235
16.759387667986331   0.4991342100012134  0.0058905318211575428
16.974251612447695   0.70879455067145395  0.0094966141484965099
17.189115556909059   0.83780053836989772  0.018760533663463381
17.403979501370422   0.87759812868280771  0.025378268085980844
17.618843445831786   0.59849397538602521  0.0065569833347530217
17.833707390293149   0.42676332052202041  0.0064977140990966837
18.048571334754509   0.32881061950445697  0.005067835981006694
18.263435279215873   0.26802177532344439  0.0035984804161574366
18.478299223677237   0.2319156887858827  0.0023430607343477668
18.6931631681386   0.20241312291723253  0.0013571577451938432
18.908027112599964   0.14382368805872204  0.0014955588711453807
19.122891057061327   0.11949878738259162  0.0010467278876296417
19.337755001522691   0.28677389987713526  0.0048380711400644806
19.552618945984054   0.36455205141715569  0.0041441284418127735
19.767482890445418   0.17717010174747858  0.0026282216032841537
19.982346834906782   0.1360728249681519  0.002105073604446159
20.197210779368142   0.13384548338343489  0.00096308815429818692
20.412074723829505   0.20288024442121695  0.0018680107920225304
20.626938668290869   0.29648010696842825  0.0017635794318697333
20.841802612752232   0.39642862049906881  0.0033187790804450577
21.056666557213596   0.54843799916135582  0.0039957208378372491
21.27153050167496   0.79898963608515765  0.004360922838101968
21.486394446136323   1.188867971825347  0.011110577716366521
21.701258390597687   1.603426593843822  0.0233566853890452
21.91612233505905   1.4548627906615607  0.020668357391625383
22.130986279520414   1.3349118081113764  0.01949866648916306
22.345850223981774   0.86125172852726704  0.012615541571200444
22.560714168443138   0.67567631839955733  0.011048601841144684
22.775578112904501   0.45472846509095601  0.0073438832610392678
22.990442057365865   0.27517032344216024  0.0035171912302863841
23.205306001827228   0.1789749199146311  0.0011363719693241057
23.420169946288592   0.13261969115329027  0.00072331907597601454
23.635033890749956   0.12242620948583437  0.001048520174968155
23.849897835211319   0.12466247655005893  0.00047619736367026033
24.064761779672683   0.13257537081210041  0.00039725404762158351
24.279625724134046   0.13724173284583648  0.00049128061915217635
24.494489668595406   0.1508829559481294  0.0006052445479604392
24.70935361305677   0.23548744593860386  0.0016025328453800574
24.924217557518134   0.54591730528152804  0.010299602095932625
25.139081501979497   0.71629981646704071  0.0056970170043447346
25.353945446440861   0.61638263370269054  0.0038987192562278489
25.568809390902224   0.53210218787971766  0.0055088028102557394
25.783673335363588   0.49036371481486636  0.0053978612756160793
25.998537279824951   0.52551401099355554  0.0088009726891129169
26.213401224286315   0.4929308437689619  0.0064127144336041116
26.428265168747679   0.46619319878238894  0.0052374124970642343
26.643129113209039   0.39817874760117317  0.0037260177719599054
26.857993057670402   0.36337565367806104  0.0029843645122762032
27.072857002131766   0.34787882469222883  0.0025382796576999135
27.287720946593129   0.35204184002094839  0.0020225485769852535
27.502584891054493   0.32861875448994519  0.0027981271575005785
27.717448835515857   0.25249299627537385  0.0017098781452976433
27.93231277997722   0.18939157086571544  0.0011055866882763358
28.147176724438584   0.19616743374756101  0.0012823906401480951
28.362040668899947   0.1996505174185303  0.0014932812824901149
28.576904613361307   0.19552555511120255  0.001006706802073024
28.791768557822671   0.2038000077071671  0.00071063946664254369
29.006632502284035   0.25695630122813264  0.0011593240569729209
29.221496446745398   0.3610173723922305  0.0030974788817665596
29.436360391206762   0.59102853481259725  0.0064594577767796895
29.651224335668125   1.1634251691202197  0.012712312039038627
29.866088280129489   2.4827386486267398  0.039241384133288794
30.080952224590852   5.7398404074298588  0.11737051976414173
30.295816169052216   12.267677029363953  0.43878249719722787
30.51068011351358   10.690262350080688  0.39474779246360726
30.72554405797494   3.8686499446594408  0.088455920421541127
30.940408002436303   1.4625559145714958  0.021323119667798749
31.155271946897667   0.89314748540921948  0.013557895540548873
31.37013589135903   0.65370890123368788  0.012015718804128417
31.584999835820394   0.48151692774960917  0.0072169688556572221
31.799863780281758   0.34931085944825522  0.0053373126026757964
32.014727724743118   0.25866777769642448  0.0031292650496979644
32.229591669204481   0.20256390370112176  0.0015855230973805103
32.444455613665845   0.18530812773669997  0.0011548858256588676
32.659319558127208   0.20665268286249369  0.00088835898798065563
32.874183502588572   0.25825232303989084  0.00075656379373224269
33.089047447049936   0.3201140250396201  0.0014135986467903446
33.303911391511299   0.32951820646268767  0.001610452062137438
33.518775335972663   0.3640472404295171  0.0020882865630205124
33.733639280434026   0.47150360688493961  0.002694631481906069
33.94850322489539   0.56300363674424214  0.0037245003495762772
34.163367169356754   0.59301235648037279  0.0049187909483612769
34.378231113818117   0.56871409931006545  0.0047772114513272056
34.593095058279481   0.55482600859189495  0.0049165283120206923
34.807959002740844   0.54390239430988043  0.0062715681650574696
35.022822947202208   0.55001117983148655  0.002991001519705698
35.237686891663571   0.54972621354297816  0.0032594991524265585
35.452550836124935   0.50912864525291265  0.0026757758848261698
35.667414780586299   0.47834709417123036  0.0028050853442587849
35.882278725047662   0.50517767325708696  0.0045194820395617203
36.097142669509019   0.55729814684687078  0.0046102487624623988
36.312006613970382   0.48374543247419586  0.0028087590285879422
36.526870558431746   0.36197821268694093  0.0022972862559410637
36.741734502893109   0.29083763211949627  0.0013512199736891807
36.956598447354473   0.26919236711181516  0.001223185716245371
37.171462391815837   0.27712390358755328  0.0016183002377725257
37.3863263362772   0.31136345757910472  0.00080130606130527881
37.601190280738564   0.36891027003313393  0.0012622904012529196
37.816054225199927   0.47338205572559168  0.0039913945564431431
38.030918169661291   0.65126883363927891  0.003948805017623041
38.245782114122655   1.0937642741185862  0.0044110360953927169
38.460646058584018   2.2353428142530912  0.028990277726731363
38.675510003045382   5.0988100452151562  0.050771872027017964
38.890373947506745   8.1745656661674206  0.18381217386485572
39.105237891968109   7.3943706988703827  0.12561926733535254
39.320101836429473   3.706398836796165  0.060762025984780255
39.534965780890836   1.9737154871002304  0.021352743577634774
39.7498297253522   1.2058010327404047  0.0067861565365968356
39.964693669813563   0.87406936010107009  0.0079876504094449649
40.179557614274927   0.68616138248180057  0.0048341536553331206
40.394421558736283   0.55543539067929006  0.0039806192420386874
40.609285503197647   0.45725017143128981  0.0030190506222124653
40.824149447659011   0.37034351085278965  0.0029808066857320984
41.039013392120374   0.30822501701095076  0.0017533369403171444
41.253877336581738   0.27455825795984157  0.001552328454033957
41.468741281043101   0.30536143201835848  0.0012532843251573057
41.683605225504465   0.40062770769755638  0.0016161167357517343
41.898469169965828   0.45758826437571622  0.0017820318750641801
42.113333114427192   0.48910415498922751  0.0015330005135576604
42.328197058888556   0.54388568650202592  0.0018625101794026044
42.543061003349919   0.62350806626494546  0.0019206348277242376
42.757924947811283   0.71228700792728334  0.0036801168310220433
42.972788892272646   0.78379121268475719  0.0032180464093042751
