0.012959242694672959   0   0   
0.038877728084018875   0   0   
0.064796213473364797   0   0   
0.090714698862710719   0   0   
0.11663318425205663   0   0   
0.14255166964140256   0   0   
0.16847015503074847   0   0   
0.19438864042009438   0   0   
0.22030712580944031   0   0   
0.24622561119878622   0   0   
0.27214409658813216   0.022238803136765966   3.1241083976375771e-05   
0.29806258197747804   12.424557601489854   0.0012579360870393817   
0.32398106736682397   5.1750617154135541   0.0011757058128591862   
0.34989955275616991   0.0053963575992752153   1.5680989968385535e-05   
0.37581803814551579   0   0   
0.40173652353486172   0   0   
0.42765500892420766   0   0   
0.45357349431355359   0   0   
0.47949197970289947   0   0   
0.50541046509224541   0   0   
0.53132895048159134   0   0   
0.55724743587093728   0   0   
0.5831659212602831   0   0   
0.60908440664962904   0   0   
0.63500289203897498   0   0   
0.66092137742832091   0   0   
0.68683986281766685   0   0   
0.71275834820701278   0   0   
0.73867683359635872   0   0   
0.76459531898570454   0   0   
0.79051380437505048   0   0   
0.81643228976439641   0   0   
0.84235077515374235   0   0   
0.86826926054308828   0   0   
0.89418774593243422   0   0   
0.92010623132178004   0   0   
0.94602471671112598   0   0   
0.97194320210047191   0   0   
0.99786168748981785   0   0   
1.0237801728791638   0   0   
1.0496986582685097   0   0   
1.0756171436578557   2.6962168605476654e-06   1.9837223489167634e-07   
1.1015356290472016   0.00090112077460312368   3.9615828136864181e-06   
1.1274541144365475   0.054737309384227455   5.6473868101051753e-05   
1.1533725998258935   0.70595539243856907   0.00034715879413231093   
1.1792910852152392   2.4297500028023746   0.0021635714184350915   
1.2052095706045851   2.9703670293413747   0.0025121067626040949   
1.231128055993931   1.9592924213937973   0.001845431470733795   
1.257046541383277   1.337071881190573   0.0046896106815479774   
1.2829650267726229   1.424909961932408   0.004331761616095391   
1.3088835121619689   1.8373562679894851   0.0021129044019271129   
1.3348019975513148   2.2842334309341974   0.00042760557389961313   
1.3607204829406607   2.638670799948977   0.0018278349004609992   
1.3866389683300067   2.9460799585222205   0.0030209776439777411   
1.4125574537193526   3.3748938301708786   0.0044284853696415996   
1.4384759391086985   4.0512283800488941   0.0055632356089075187   
1.4643944244980445   4.5406247799878359   0.0045406465346266374   
1.4903129098873904   3.5527972082841819   0.00068969108122730893   
1.5162313952767361   1.7671525642101614   0.0027873102063540898   
1.5421498806660821   0.82376431194585882   0.003706706296704047   
1.568068366055428   0.52179566427337159   0.0037038055366787045   
1.5939868514447739   0.43344774200496468   0.0033642010079291119   
1.6199053368341199   0.44957238690007057   0.0027038925851240405   
1.6458238222234658   0.5570501023563092   0.0017008098984645111   
1.6717423076128117   0.75007799374883012   0.00041581045999712991   
1.6976607930021577   0.99029445932360605   0.0014525210223295189   
1.7235792783915036   1.1702865833767855   0.0025356042170874562   
1.7494977637808495   1.1147058036459725   0.0020734245229726407   
1.7754162491701955   0.71043482560441737   0.00066285189512216763   
1.8013347345595414   0.2309458390134706   0.00025606113075029844   
1.8272532199488871   0.030712982991162545   9.0763258822912762e-05   
1.8531717053382331   0.0015121222873715771   1.0819069293733487e-05   
1.879090190727579   2.6112633369795026e-05   5.9142207728949922e-07   
1.9050086761169249   2.0923345208557343e-07   7.3302658351416389e-08   
1.9309271615062709   0   0   
1.9568456468956168   0   0   
1.9827641322849627   0   0   
2.0086826176743084   2.7370249127100595e-08   1.5129474462190846e-08   
2.0346011030636544   9.3900002777608649e-07   1.6251996826683994e-07   
2.0605195884530003   2.7875695001310966e-05   6.7437277182706064e-07   
2.0864380738423463   0.00043565510288197866   3.8476344410038725e-06   
2.1123565592316922   0.004309967522909611   2.7076993509734372e-05   
2.1382750446210381   0.026749905748240814   0.00010527600876411021   
2.1641935300103841   0.11203159499227693   0.00031998262308273185   
2.19011201539973   0.33575834937730309   0.00065670616760536686   
2.2160305007890759   0.75959154401497361   0.00056954974478416266   
2.2419489861784219   1.3081025501558349   0.00068776763065191213   
2.2678674715677678   1.6215619154013023   0.0017139292900611573   
2.2937859569571137   1.4717270403178566   0.00085455308823166042   
2.3197044423464597   1.2207558382829435   0.00052554553287507425   
2.3456229277358056   1.1790904545630441   0.00040575835542912878   
2.3715414131251515   1.2932455029167139   0.00031322009870170197   
2.3974598985144975   1.4268400173490815   0.0010441609654487067   
2.4233783839038434   1.484138885203261   0.00097704171794215035   
2.4492968692931893   1.4432744730468915   0.00048518155315306059   
2.4752153546825353   1.3703264944900392   0.0019136794014696472   
2.5011338400718812   1.398993644515218   0.00298643245223309   
2.5270523254612272   1.6480498480440998   0.0019323626133178057   
2.5529708108505731   1.9636823644895029   0.0014169497888051243   
2.578889296239919   1.9543536451368048   0.0024791557009227955   
2.604807781629265   1.7724034094313637   0.0015973212528536506   
2.6307262670186109   1.828154568725945   0.0010486437710117907   
2.6566447524079564   1.9223778018517636   0.00077330684112658224   
2.6825632377973023   1.7806346501808663   0.00053926023766195289   
2.7084817231866483   1.5317859159141676   0.00053699114771816107   
2.7344002085759942   1.3524643973795772   0.00079009110949195641   
2.7603186939653401   1.2640925204005898   0.0010714501280708144   
2.7862371793546861   1.263486251778833   0.0016437914931318517   
2.812155664744032   1.3821603036167778   0.0016793359554139744   
2.8380741501333779   1.6094283000727508   0.001062249925488854   
2.8639926355227239   1.7891824212521274   0.0016847041356642534   
2.8899111209120698   1.7875888374760802   0.0023319697787203247   
2.9158296063014157   1.6322878300385117   0.0015939914676184284   
2.9417480916907617   1.2939518652932956   0.00067259134897952522   
2.9676665770801076   0.81036412215136274   0.0015462248815412246   
2.9935850624694536   0.4186764426187033   0.0018911254913530339   
3.0195035478587995   0.23923442086609451   0.00183694237279947   
3.0454220332481454   0.20565675644656984   0.0015257061920396312   
3.0713405186374914   0.24557459856910869   0.0011305892196978018   
3.0972590040268373   0.3291300025329751   0.00060609939547390536   
3.1231774894161832   0.43550759620740606   0.00054167711240432219   
3.1490959748055292   0.52705352053810201   0.0012746623922005104   
3.1750144601948751   0.55224420206127771   0.0016416092759007889   
3.200932945584221   0.47716338940410145   0.0013720135577439855   
3.226851430973567   0.31966603516117586   0.00064355472876718786   
3.2527699163629129   0.15226625717973982   0.00028550150484374113   
3.2786884017522588   0.046584960915896883   0.00016214556028916014   
3.3046068871416048   0.0083487005349824009   5.5918045032702991e-05   
3.3305253725309503   0.00099140247478148577   1.2268179988797894e-05   
3.3564438579202962   0.0015132182501727071   1.1318868701418813e-05   
3.3823623433096421   0.0086534365583792956   4.8663688712393447e-05   
3.4082808286989881   0.036774068978623219   0.00012077665446146848   
3.434199314088334   0.11718820510047463   0.00021097515980508787   
3.4601177994776799   0.2895998224990098   0.00029178975504913278   
3.4860362848670259   0.5727134932502877   0.00027419885711465571   
3.5119547702563718   0.93892154239018681   0.00027471650682407915   
3.5378732556457178   1.3363339444773218   0.00028936140651177738   
3.5637917410350637   1.7276417843185752   0.00041665299258010865   
3.5897102264244096   2.0492871412914748   0.0013780521581470425   
3.6156287118137556   2.1583911715745244   0.0022247329792888849   
3.6415471972031015   2.0129656481573129   0.0019844778159339396   
3.6674656825924474   1.8112266454515789   0.0011176382082565112   
3.6933841679817934   1.7216525037579294   0.00073556938005374344   
3.7193026533711393   1.7191533267196252   0.00062916989713857029   
3.7452211387604852   1.7145730105203895   0.00048557060307012056   
3.7711396241498312   1.6573282888235247   0.0012071776620001632   
3.7970581095391771   1.5612536979292641   0.0028665626833383243   
3.822976594928523   1.49974665571867   0.0040774653185994908   
3.848895080317869   1.5539247028679054   0.0037096851859912205   
3.8748135657072149   1.6971400323507485   0.0014283161920880668   
3.9007320510965608   1.7176416111282251   0.0019410183493945904   
3.9266505364859068   1.4316679858045384   0.0028075869276108198   
3.9525690218752527   1.0159168070939695   0.001544861635607991   
3.9784875072645987   0.77931834519983566   0.00059600942690966456   
4.0044059926539441   0.77481198775790635   0.00089385907295348154   
4.0303244780432905   0.9033800359113074   0.00079928878064307416   
4.056242963432636   1.0838687696441095   0.00038994443411704545   
4.0821614488219824   1.2490360762091827   0.00051694146415762264   
4.1080799342113279   1.3362823740697558   0.00066234861117549198   
4.1339984196006743   1.3286991345954989   0.00064107352296295192   
4.1599169049900198   1.2608798377851803   0.00088710516991866182   
4.1858353903793661   1.1438712887483678   0.0010696523702301875   
4.2117538757687116   0.94857409211762075   0.00051456920009090234   
4.237672361158058   0.72649529818205878   0.00084676313517342758   
4.2635908465474035   0.61128250988455885   0.0017546079228992439   
4.2895093319367499   0.6508448637625184   0.0016290390889595584   
4.3154278173260954   0.77230944459498848   0.00072693179980617536   
4.3413463027154409   0.86809073823839567   0.00089150307930228646   
4.3672647881047872   0.85146437711355787   0.0012858629149655552   
4.3931832734941327   0.69985059979188774   0.00086062482145006295   
4.4191017588834791   0.476216292641557   0.00066960353889206501   
4.4450202442728246   0.28249257505128065   0.0010228441451967841   
4.470938729662171   0.17752552450571907   0.0010777915921432489   
4.4968572150515165   0.15523749641502786   0.00094101777478548012   
4.5227757004408629   0.18791959402512322   0.00071697921760593908   
4.5486941858302083   0.25877637163745492   0.00043483045907164575   
4.5746126712195547   0.35826489324509444   0.00054716576088020077   
4.6005311566089002   0.46878960939709297   0.0011195615255662436   
4.6264496419982466   0.55881666473326609   0.0014789971008370608   
4.6523681273875921   0.59943648866038755   0.0013796512022791754   
4.6782866127769385   0.59050092696004632   0.00082126308202393236   
4.704205098166284   0.56798178362174291   0.00046356059770900226   
4.7301235835556303   0.58467581423961476   0.00077879733320028142   
4.7560420689449758   0.68145938565991586   0.00075124962591138348   
4.7819605543343222   0.86647284322980743   0.00019850595658718679   
4.8078790397236677   1.0985872548731253   0.0010887528450638707   
4.8337975251130141   1.3096063712857229   0.0020012280594563967   
4.8597160105023596   1.4722625057884708   0.0021286112206492971   
4.885634495891706   1.6122820953992964   0.0016959795770248972   
4.9115529812810514   1.7423387786696716   0.0010451407791475001   
4.9374714666703978   1.8471485796856256   0.00045885490632796042   
4.9633899520597433   1.9187552320627259   0.00027143241974551366   
4.9893084374490888   1.9510839508188801   0.00047213194209129775   
5.0152269228384352   1.9197361773404818   0.00063667063071485872   
5.0411454082277807   1.8238748361103388   0.0010216859203708958   
5.0670638936171271   1.7242144826325698   0.001408573208160679   
5.0929823790064725   1.6619215740075181   0.0010434910090268991   
5.1189008643958189   1.5747038434777794   0.00059226338746700025   
5.1448193497851644   1.3928987706736873   0.00068758789734610738   
5.1707378351745108   1.163740016877136   0.0019036091842033443   
5.1966563205638563   0.99033441456695974   0.0033310802553061356   
5.2225748059532027   0.92410522151207992   0.0039228569916424478   
5.2484932913425482   0.95906758395205555   0.0030782049517345376   
5.2744117767318945   1.0411185442693073   0.0011496130512455464   
5.30033026212124   1.0751627363243655   0.0008539781227449103   
5.3262487475105864   1.0013341252307882   0.0016886956527959857   
5.3521672328999319   0.8746671023844877   0.0016190578650012087   
5.3780857182892783   0.79950306230692172   0.001442961448032077   
5.4040042036786238   0.79320357300742627   0.0014469371526357965   
5.4299226890679702   0.80334865845538701   0.0012690199102831428   
5.4558411744573156   0.81589006923884339   0.00079312332415555498   
5.481759659846662   0.86123045343807104   0.00038986210338213722   
5.5076781452360075   0.93911111759101878   0.00069960129189670809   
5.5335966306253539   1.0004405252411606   0.0011155050814240531   
5.5595151160146994   0.98797185625986371   0.0012831086598081073   
5.5854336014040458   0.8732948030721569   0.0010554205042806774   
5.6113520867933913   0.67840120352648002   0.00039203371565600984   
5.6372705721827376   0.47326458698476464   0.0010159236680922269   
5.6631890575720831   0.33433933144832501   0.0018054188002525588   
5.6891075429614286   0.29272142726807788   0.002083114178127545   
5.715026028350775   0.33352457759664997   0.0017883224105939183   
5.7409445137401205   0.42607641427134969   0.001095689747224815   
5.7668629991294669   0.53608439886431925   0.00051503467334476474   
5.7927814845188124   0.62326769032425992   0.0011058403607993539   
5.8186999699081587   0.65635195402025383   0.0014977156583923444   
5.8446184552975042   0.64069538438514564   0.0011989665066118085   
5.8705369406868506   0.61887818313368051   0.00078665761949096859   
5.8964554260761961   0.63547084511244511   0.00062878689610402259   
5.9223739114655425   0.7033632347668395   0.00047806979859170954   
5.948292396854888   0.80429520265480734   0.00035282477147895645   
5.9742108822442344   0.9164203358172614   0.00028953746526805689   
6.0001293676335798   1.0371290799315855   0.00022636982834748991   
6.0260478530229262   1.162100799126133   0.0003047022280571605   
6.0519663384122717   1.2859284772197987   0.0005763622868637413   
6.0778848238016181   1.4068809687740807   0.0010473689758892912   
6.1038033091909636   1.5025154130926331   0.0018149828066609584   
6.12972179458031   1.5348208737357133   0.0024037799812890328   
6.1556402799696555   1.4793563160283403   0.0023400801829948063   
6.1815587653590018   1.3719509968909861   0.001628083343296134   
6.2074772507483473   1.2871282685932448   0.00076416058234089691   
6.2333957361376937   1.2690895736678959   0.00052773090828265904   
6.2593142215270392   1.3117370735790796   0.00085413189361982477   
6.2852327069163856   1.3892269780231634   0.0011086678880583494   
6.3111511923057311   1.4774637346398492   0.0014630720974246183   
6.3370696776950766   1.5639191838086649   0.0020969218170933943   
6.3629881630844229   1.6464924903573779   0.0024626490437649742   
6.3889066484737684   1.7104642266490309   0.0021118241274535759   
6.4148251338631148   1.6987520760323574   0.0011502708719399588   
6.4407436192524603   1.5399758401712738   0.0010286410954830105   
6.4666621046418067   1.248900422604575   0.0010696928154477884   
6.4925805900311522   0.95533106558695717   0.0012967148611454928   
6.5184990754204986   0.77598505985211631   0.0019310351215962407   
6.544417560809844   0.71340173700080411   0.0021703047874940353   
6.5703360461991904   0.70663588831232879   0.0023377695666119058   
6.5962545315885359   0.71636772030105504   0.0026558510351244938   
6.6221730169778823   0.74610897906635967   0.0029936528966660209   
6.6480915023672278   0.81633921441285407   0.002667867056115667   
6.6740099877565742   0.92377710175313695   0.0014429092566723697   
6.6999284731459197   1.0170826885032852   0.0015634040376460733   
6.725846958535266   1.0229704976326199   0.0033893078797683492   
6.7517654439246115   0.91629202809157209   0.0040466884186228678   
6.7776839293139579   0.76081752481828874   0.0034059502172741785   
6.8036024147033034   0.64536881855458458   0.0022791287264306192   
6.8295209000926498   0.59671799259460216   0.0013207398047229265   
6.8554393854819953   0.58699518553455699   0.00054473673845770646   
6.8813578708713417   0.59297334125348865   0.00032972250289713642   
6.9072763562606871   0.61401948554937095   0.00089343956546367374   
6.9331948416500335   0.65174991995502214   0.0010753949945272956   
6.959113327039379   0.69197006799476124   0.00086257656941190118   
6.9850318124287245   0.70491895019658861   0.00063351104409724288   
7.0109502978180709   0.66755264626476328   0.00068435595407399756   
7.0368687832074164   0.58880429371932105   0.00058988722677180174   
7.0627872685967628   0.50999249660419938   0.00078624571619062629   
7.0887057539861082   0.47685172996832024   0.0011566938026001453   
7.1146242393754546   0.51181594434215179   0.0012483552045757176   
7.1405427247648001   0.61470446316538825   0.0010837497377164019   
7.1664612101541465   0.7778529708247891   0.00050055212771273472   
7.192379695543492   0.98706627214548909   0.00052335217369582228   
7.2182981809328384   1.2113927313124864   0.0016866520172645561   
7.2442166663221839   1.4025713357568732   0.0026352561269443838   
7.2701351517115302   1.5152894913680074   0.0028211998940828558   
7.2960536371008757   1.5338692865528281   0.0020876490657840329   
7.3219721224902221   1.4819878575141185   0.00085452958549935599   
7.3478906078795676   1.4012490609197422   0.00060591583663510302   
7.373809093268914   1.3248696115708113   0.001323475724770917   
7.3997275786582595   1.2728630341169754   0.0016438389861680509   
7.4256460640476059   1.2623100032873623   0.0016481445688523061   
7.4515645494369513   1.2969933562905988   0.0012251595364666416   
7.4774830348262977   1.3468357566084948   0.00083749395492061959   
7.5034015202156432   1.3583644169764112   0.001144071847260154   
7.5293200056049896   1.3029745796635868   0.001063412172733115   
7.5552384909943351   1.2074981604965698   0.00075987448422987162   
7.5811569763836815   1.1321280445387891   0.0010318549846921616   
7.607075461773027   1.1173270174550925   0.00128883556229192   
7.6329939471623725   1.1605767878813402   0.0010134562691574178   
7.6589124325517188   1.2251087093419416   0.0005228087680652407   
7.6848309179410643   1.2730447578512124   0.00035477501931401709   
7.7107494033304107   1.2942187603404128   0.00061538349836223958   
7.7366678887197562   1.3006839362101349   0.0010754343066981552   
7.7625863741091026   1.2871500014181176   0.0011456428977210136   
7.7885048594984481   1.2210517311456867   0.00070819634805683002   
7.8144233448877944   1.084199821683574   0.00051451586133204812   
7.8403418302771399   0.90960983815058907   0.001340165177290031   
7.8662603156664863   0.75786528711146374   0.0019479874879402303   
7.8921788010558318   0.6667422498574142   0.0021443577159545469   
7.9180972864451782   0.63542486082372312   0.0019382293810674267   
7.9440157718345237   0.64432003759182119   0.0014370930736019616   
7.9699342572238701   0.66929768741928399   0.0009676745395289652   
7.9958527426132155   0.69080620781934643   0.00071774147056441673   
8.0217712280025619   0.70654091179717024   0.00058020479493378922   
8.0476897133919074   0.72549537215567857   0.00058151312917427518   
8.0736081987812529   0.74950699468528674   0.00059982956047114565   
8.0995266841706002   0.76884369013367259   0.0012684697930487225   
8.1254451695599457   0.77185136316443693   0.0021170046209616927   
8.1513636549492912   0.75386014952128628   0.0027105614368337079   
8.1772821403386367   0.71899281842674531   0.0028750935444159636   
8.2032006257279839   0.6801048519108082   0.0025132241830603164   
8.2291191111173294   0.6555348791909562   0.0019071467767731626   
8.2550375965066749   0.65695936295284093   0.0011554925010331731   
8.2809560818960204   0.68359334580092677   0.00049508240680829605   
8.3068745672853659   0.73073609745189793   0.0004754938909193897   
8.3327930526747132   0.79710828205815388   0.00087772506675203237   
8.3587115380640586   0.88123853144070358   0.00088667412581547721   
8.3846300234534041   0.97375571937356755   0.00064994417903844878   
8.4105485088427496   1.056457415830264   0.00083712894983022048   
8.4364669942320969   1.1103183669390834   0.001369284474398472   
8.4623854796214424   1.1317422007741012   0.0015906449871651225   
8.4883039650107879   1.1371984576336441   0.0013589623506727728   
8.5142224504001334   1.15254571431399   0.00089323660638156668   
8.5401409357894806   1.1947976273355667   0.00052168371533059721   
8.5660594211788261   1.2652839676932505   0.00064472258753209456   
8.5919779065681716   1.3561211895196006   0.0008662169835902395   
8.6178963919575171   1.45301801760104   0.0010774833999268797   
8.6438148773468644   1.5298172808874437   0.0012053501569838474   
8.6697333627362099   1.5484323628836308   0.0014010480166731735   
8.6956518481255554   1.4778363552816122   0.0012674035984130946   
8.7215703335149009   1.3235456699056457   0.00064916669337594088   
8.7474888189042481   1.135391040031665   0.0015561269582988288   
8.7734073042935936   0.97605133668067533   0.0030191746928542287   
8.7993257896829391   0.88949483239769024   0.0040025253096420101   
8.8252442750722846   0.88986316766782241   0.0041008577902675065   
8.8511627604616319   0.96402018776741445   0.0032606810042720762   
8.8770812458509774   1.0795504242771123   0.0018429821019472908   
8.9029997312403228   1.1962188116851448   0.0006129625003516582   
8.9289182166296683   1.2784897487518583   0.0019069770557891401   
8.9548367020190156   1.2993309208284021   0.0032218103943581679   
8.9807551874083611   1.2443762775706739   0.0038539766767335342   
9.0066736727977066   1.1282038738994075   0.0032872554695882601   
9.0325921581870521   1.0014966326562586   0.001533568924053838   
9.0585106435763976   0.91871568447309829   0.00080996235979499482   
9.0844291289657448   0.89957149607481066   0.0021936974069461428   
9.1103476143550903   0.92815906851548725   0.0028127946960790072   
9.1362660997444358   0.97020058529797351   0.002547505549347895   
9.1621845851337813   0.98857347710428685   0.001753142776209662   
9.1881030705231286   0.95593583191498964   0.000904632195179639   
9.2140215559124741   0.87220551284777797   0.00041487927983853375   
9.2399400413018196   0.76356922141834223   0.00046484959951712352   
9.2658585266911651   0.6597215164279952   0.00072672329422258025   
9.2917770120805123   0.57375041534246087   0.00092870624553558314   
9.3176954974698578   0.51095898896760369   0.00097611453041120816   
9.3436139828592033   0.48165001363346094   0.00094085131068820231   
9.3695324682485488   0.49458407522677642   0.00089648770190961212   
9.3954509536378961   0.54553139687421653   0.00062281765900483859   
9.4213694390272416   0.61696299012146545   0.0003111132602346945   
9.447287924416587   0.69008914059333124   0.00079436952497935842   
9.4732064098059325   0.75619538948606513   0.0012268765159348719   
9.4991248951952798   0.82110698335159589   0.0015927469953224349   
9.5250433805846253   0.89812869557995379   0.0019857704369722562   
9.5509618659739708   0.99148100741779841   0.0024835455173634929   
9.5768803513633163   1.086847465679953   0.0030470840340817449   
9.6027988367526635   1.162931440671635   0.0033477599879034525   
9.628717322142009   1.2097608620438737   0.003252297050476241   
9.6546358075313545   1.2311486628054827   0.0027561180374693375   
9.6805542929207   1.2335213874277889   0.0018750589380990895   
9.7064727783100455   1.2204897856860705   0.00078400019348843767   
9.7323912636993928   1.1982787737184965   0.00055266044230285911   
9.7583097490887383   1.1816442124931042   0.0014635829722824898   
9.7842282344780838   1.1887771651139153   0.0018370515451002167   
9.8101467198674293   1.2271012759635275   0.0015107854305818916   
9.8360652052567765   1.2858391405936973   0.00073828963757715593   
9.861983690646122   1.3383889761875022   0.00077185050803341335   
9.8879021760354675   1.3564563857476382   0.0010807406720745107   
9.913820661424813   1.3269431076236199   0.00079486157130049433   
9.9397391468141603   1.259302728232415   0.00031498083281282907   
9.9656576322035058   1.1782321877605519   0.00099163980308527695   
9.9915761175928512   1.105997885671065   0.0015706656704766039   
10.017494602982197   1.0482262236178363   0.0017679474721691445   
10.043413088371544   0.99858266411325597   0.0019156518873890542   
10.069331573760889   0.95413457245804513   0.0022096407575560603   
10.095250059150235   0.92101044966964388   0.0025822367183160045   
10.12116854453958   0.90450110997912878   0.0029335494148438023   
10.147087029928928   0.90369895991400733   0.0030271665957540185   
10.173005515318273   0.91675826783471101   0.0028369326219360094   
10.198924000707619   0.94675589898282025   0.0022537401054624058   
10.224842486096964   0.99753883775191482   0.0012128530030927984   
10.250760971486311   1.0650991941720347   0.00056444638217471388   
10.276679456875657   1.1313700179947053   0.0020608882248664186   
10.302597942265002   1.1651489066732297   0.003544944537857164   
10.328516427654348   1.1402109668443955   0.0042322656494435683   
10.354434913043693   1.061281311846582   0.0036531626015063397   
10.380353398433041   0.96425878575228335   0.0021373467206990394   
10.406271883822386   0.88611413165034733   0.00044071220501908365   
10.432190369211732   0.84014507486791397   0.0012352901510529917   
10.458108854601077   0.82092397664224821   0.0022621022354386236   
10.484027339990424   0.82091438397934899   0.0028284826766333689   
10.50994582537977   0.83370021094008484   0.002776794511853714   
10.535864310769115   0.84711893752691254   0.0020151258773438652   
10.561782796158461   0.8427875554446874   0.00091114211673181583   
10.587701281547808   0.80216795421602623   0.00087268898237051099   
10.613619766937154   0.72090482771265815   0.0016114851080136277   
10.639538252326499   0.62139554258133032   0.001660639992234424   
10.665456737715845   0.54398837957698323   0.0012287895901572836   
10.691375223105192   0.52122204424717594   0.00095956234592959086   
10.717293708494537   0.55775062341868134   0.00080465339261676315   
10.743212193883883   0.63675788913437928   0.0005229763054371129   
10.769130679273228   0.74011550347987293   0.00036964951352800497   
10.795049164662576   0.85770564136938909   0.00081192375664771806   
10.820967650051921   0.9835852585982181   0.0014281471637976416   
10.846886135441267   1.107162939074041   0.0021460889872776658   
10.872804620830612   1.2153048120685256   0.0027451123868270949   
10.898723106219959   1.3014671889962869   0.0029380184188468884   
10.924641591609305   1.3698123779686913   0.0027298262629315696   
10.95056007699865   1.4279385286544975   0.0024699731371924985   
10.976478562387996   1.4727110155438675   0.0022755021045147697   
11.002397047777341   1.4875176282390209   0.002114721810287469   
11.028315533166689   1.4554924649704111   0.0015707690234777164   
11.054234018556034   1.3761681670395071   0.00073942402634860353   
11.08015250394538   1.2704823751029678   0.0009257920242858103   
11.106070989334725   1.1696609071433854   0.0019418187429163598   
11.131989474724072   1.0992340042112664   0.0025368414253939384   
11.157907960113418   1.0692689926496861   0.0025308289286904559   
11.183826445502763   1.0736307411532211   0.0019989313079723843   
11.209744930892109   1.0940909809933042   0.001129563723376804   
11.235663416281456   1.1087977981312923   0.00051533769480220816   
11.261581901670802   1.103497052667348   0.00056572182360438336   
11.287500387060147   1.07656273663979   0.00048919830630467305   
11.313418872449493   1.0346397490483816   0.00079254302958696279   
11.33933735783884   0.98487615927960003   0.0012870468837558087   
11.365255843228185   0.93242802808120364   0.0017536839106252793   
11.391174328617531   0.8834244980945185   0.0021551122081807838   
11.417092814006876   0.8450354471327519   0.0024246192377936926   
11.443011299396224   0.82378578283827398   0.0026123351890576686   
11.468929784785569   0.82033418545040614   0.002514630906422395   
11.494848270174915   0.8250540796745347   0.0020351948875326859   
11.52076675556426   0.82425682159980025   0.0014266671310192207   
11.546685240953607   0.81605186594703324   0.0011386458625255583   
11.572603726342953   0.81717635833710369   0.0010131597170785372   
11.598522211732298   0.84938640347557052   0.00074932390238111507   
11.624440697121644   0.91667251069877025   0.00058891372564625098   
11.650359182510989   0.99799217651817457   0.0015250833113417405   
11.676277667900337   1.0595870826165086   0.0027737795412717415   
11.702196153289682   1.0757229122487019   0.003486296934635775   
11.728114638679028   1.0425863482922979   0.0032458527810792206   
11.754033124068373   0.97810865577788606   0.0023093133555812837   
11.77995160945772   0.90745694610244669   0.001212807906103437   
11.805870094847066   0.84675611064778635   0.00075925046278210836   
11.831788580236411   0.80198891059328409   0.00095627006420636549   
11.857707065625757   0.77794320070292336   0.0013835944830019184   
11.883625551015104   0.78149265166391462   0.0017129835839210825   
11.90954403640445   0.81390651773823958   0.0016119368159820785   
11.935462521793795   0.86506498221837175   0.00098102308384864625   
11.961381007183141   0.91485091549475466   0.00067273252544795021   
11.987299492572488   0.94541358536413053   0.0016570776258175387   
12.013217977961833   0.95115366544325007   0.0024244553002025692   
12.039136463351179   0.94304698925241229   0.0026269583902159847   
12.065054948740524   0.93987819253973967   0.0022325371379445271   
12.090973434129872   0.9463625066361957   0.0014573264730036581   
12.116891919519217   0.93897708624214125   0.0014365146458491328   
12.142810404908563   0.91817541726465032   0.00231594202501512   
12.168728890297908   0.92459635596872372   0.0020059623805813553   
12.194647375687255   0.97102021361286871   0.0011320804049269525   
12.220565861076601   1.039144098516162   0.0010195786473229288   
12.246484346465946   1.1040954382067273   0.0012647787690453082   
12.272402831855292   1.1372890772116067   0.0012297378968159306   
12.298321317244637   1.1183145847906653   0.0010833861563023639   
12.324239802633985   1.0645687409442534   0.0010904266471537247   
12.35015828802333   1.0106456230282998   0.0010234732798824256   
12.376076773412676   0.97335498502100969   0.0012001213207800409   
12.401995258802021   0.95613152580387488   0.0015910627069251525   
12.427913744191368   0.95291948241950205   0.0016383923953978799   
12.453832229580714   0.9518636706759401   0.001320022947467876   
12.479750714970059   0.94337312349422983   0.00096320446464470497   
12.505669200359405   0.92552216541427046   0.00093909130941865895   
12.531587685748752   0.9012450767959893   0.00097039132252394168   
12.557506171138098   0.87408350987201635   0.00096043944251481396   
12.583424656527443   0.84320133511333806   0.00094885968389200742   
12.609343141916789   0.80168835895705068   0.0013457120138917635   
12.635261627306136   0.74965701608763361   0.0023384597920636026   
12.661180112695481   0.70944410068536153   0.0032827682537281546   
12.687098598084827   0.70082730661593188   0.0032286384724272166   
12.713017083474172   0.71374391266676771   0.0023460585700625632   
12.73893556886352   0.71771985468149249   0.0015226357579796604   
12.764854054252865   0.69215431539868819   0.0011801595525409714   
12.790772539642211   0.63911880093713641   0.002275914751297011   
12.816691025031556   0.55885994987153528   0.0029119809250584199   
12.842609510420903   0.45562225231607184   0.0021441425997702002   
12.868527995810249   0.37771992640296735   0.0016654109217012713   
12.894446481199594   0.35582790834937571   0.0018444689932001116   
12.92036496658894   0.37487346375700468   0.0021537337267425071   
12.946283451978285   0.42564040928970595   0.0019718118224666773   
