0.23200314144828521   386.18789740435827  0.028346430158945237     
0.46400628289657042   7.991315989954179  0.010498077477901712     
0.69600942434485558   37.880580860930905  0.027074880854118552     
0.92801256579314084   8.4075084546284861  0.012228946054051364     
1.1600157072414261   9.2912853099751832  0.011661320197374108     
1.3920188486897112   7.982478649186159  0.006901683486277367     
1.6240219901379964   1.9083734774228387  0.0032898956122471121     
1.8560251315862817   6.3999402042637373  0.0055290654467245175     
2.088028273034567   0.10064465041305312  0.00017897702883769675     
2.3200314144828522   4.3400445701750062  0.0038823312297372736     
2.5520345559311375   0.14717398670333361  0.00036756868091562037     
2.7840376973794223   2.5639504883644915  0.0041203451423498908     
3.0160408388277076   0.5923585453417017  0.0011350960862900633     
3.2480439802759928   1.2994521562346521  0.0031055663311552884     
3.4800471217242781   0.96412208902005032  0.0023949700258331886     
3.7120502631725634   0.49549423260534411  0.0012475618841263992     
3.9440534046208486   1.1398148048341801  0.0031734383489129332     
4.1760565460691339   0.10050957554762562  0.00047209629221858262     
4.4080596875174187   1.1050263953212146  0.0047233972659685233     
4.6400628289657044   0.060048245934129905  0.0029559372294980485     
4.8720659704139893   0.84233158135863514  0.0056854335103609153     
5.104069111862275   0.14698694777841351  0.0011907724620700062     
5.3360722533105598   0.55199381428278054  0.0058739604484268744     
5.5680753947588446   0.2914345835863874  0.0028626260970009395     
5.8000785362071303   0.29811926923460194  0.0031691304651254082     
6.0320816776554151   0.40959688905339284  0.0049003800521346417     
6.2640848191037009   0.12468115443770242  0.0012618169302381411     
6.4960879605519857   0.45289367464614836  0.0061850783139073069     
6.7280911020002714   0.056282578979451851  0.00044680220408290692     
6.9600942434485562   0.42966921292994527  0.0079750265934801064     
7.1920973848968419   0.064517691406958731  0.00055693631588640976     
7.4241005263451267   0.39064966220705273  0.0078638688963379628     
7.6561036677934116   0.16240930796258522  0.0030315801107442865     
7.8881068092416973   0.39921839997446744  0.0052715459244857005     
8.120109950689983   0.66062292567865782  0.0092784448015559253     
8.3521130921382678   0.52039422623893778  0.0046868792901283199     
8.5841162335865526   4.7655423383384763  0.077320228204566425     
8.8161193750348374   3.9567889391170705  0.10993562419799672     
9.048122516483124   14.021065646773734  0.35859285456679603     
9.2801256579314089   40.231405112246234  0.85372047512506047     
9.5121287993796937   27.191999374925308  0.50625660344033832     
9.7441319408279785   1.5039954486794427  0.021521168131016852     
9.9761350822762633   3.5096824200935908  0.061661039618171256     
10.20813822372455   1.5350912365745511  0.021979351770854394     
10.440141365172835   0.81538601242755392  0.014068564934429249     
10.67214450662112   1.2677745249677098  0.020650994928213635     
10.904147648069404   0.21843751426320157  0.001965063975435332     
11.136150789517689   1.0426275039407793  0.015577206447626104     
11.368153930965976   0.090241243546754292  0.00030110114277956703     
11.600157072414261   0.85486212465775346  0.01008851626123681     
11.832160213862545   0.14709546748523843  0.00078733391325010614     
12.06416335531083   0.62553227312925229  0.0076930553968499419     
12.296166496759117   0.28717268329285767  0.0022422568399986407     
12.528169638207402   0.38641235163624812  0.0033063469626835371     
12.760172779655687   0.41699770086679173  0.0035978197436385262     
12.992175921103971   0.20616639061260623  0.0017391914830119077     
13.224179062552256   0.52601133672041837  0.005158044288742159     
13.456182204000543   0.13239873083477952  0.00098572208295045758     
13.688185345448828   0.5930891649252893  0.0062505124068469069     
13.920188486897112   0.23375109944249657  0.0012321303418090341     
14.152191628345397   0.63064374491499275  0.0032655351932346263     
14.384194769793684   0.47860970218786831  0.0026727065783659435     
14.616197911241969   0.66331537488061506  0.0043509638761789213     
14.848201052690253   0.66016471607313133  0.002801120801389284     
15.080204194138538   0.62556737902437459  0.0038109920802818221     
15.312207335586823   0.71754949242706169  0.0046789852408483718     
15.54421047703511   0.48120183693282653  0.0024679712678293563     
15.776213618483395   0.75907813225246443  0.0039881662071929797     
16.008216759931681   0.36254642458450749  0.0021678917138776308     
16.240219901379966   0.75850745312325132  0.0060586182956399271     
16.472223042828251   0.36874314962874188  0.0024706241245720395     
16.704226184276536   0.73809540773805937  0.0053582856162578187     
16.93622932572482   0.53840494984262215  0.0063860575143110196     
17.168232467173105   0.72082955431999501  0.0097435722420466093     
17.40023560862139   1.1277422379824498  0.023688434779335592     
17.632238750069675   0.76786611647109416  0.009840021297213734     
17.86424189151796   7.5825296957628217  0.20695146550046175     
18.096245032966248   11.093635002074343  0.39111096795347823     
18.328248174414533   6.9659880281747625  0.17371439201976886     
18.560251315862818   6.3427764303307139  0.11975020559938627     
18.792254457311103   4.3461249186791194  0.072027352125120413     
19.024257598759387   1.1122914261538449  0.0059533624104567024     
19.256260740207672   1.2150646199393181  0.0055354759616155154     
19.488263881655957   0.74274462989729321  0.0026926956057294517     
19.720267023104242   0.61334031810866488  0.0027907047131240191     
19.952270164552527   0.67128734890240079  0.0027460951362641329     
20.184273306000815   0.46216371794154042  0.001614143273890963     
20.4162764474491   0.64270619293914336  0.0028998029356019653     
20.648279588897385   0.46963548804876858  0.0038251667855299831     
20.88028273034567   0.61179152709400847  0.0040420006149469903     
21.112285871793954   0.51618439021793641  0.0029780108394334894     
21.344289013242239   0.57956832830245886  0.0022723685214569088     
21.576292154690524   0.50120330269204618  0.0031508913849589083     
21.808295296138809   0.49438253855437437  0.0017974329154830027     
22.040298437587094   0.46132465255567585  0.0017398265502576962     
22.272301579035378   0.37158938298587739  0.00082355144128480863     
22.504304720483667   0.49879188616920634  0.003002190870468282     
22.736307861931952   0.35898095928384846  0.00069420588570500093     
22.968311003380236   0.61258984580654705  0.0033519659113570925     
23.200314144828521   0.63561578343905237  0.0018794329631996231     
23.432317286276806   0.78237986492607851  0.0034426412036885963     
23.664320427725091   0.98392936148905158  0.003349554147001874     
23.896323569173376   1.0131334536278825  0.0044018926709142647     
24.128326710621661   1.0475905270382533  0.0042298063314982401     
24.360329852069945   1.0352259546110416  0.0043416428758666467     
24.592332993518234   0.98723121499820737  0.0042789114806646493     
24.824336134966519   0.89920798443456631  0.0044471425055648175     
25.056339276414803   0.95124921101901251  0.0057648375311564902     
25.288342417863088   0.80097538851073048  0.0025139764436566327     
25.520345559311373   0.92705706134794235  0.0056376488463968921     
25.752348700759658   0.7788556239601509  0.0026615410683265165     
25.984351842207943   0.89737862461424575  0.0070282886699753495     
26.216354983656228   0.84955864907319188  0.0073163523443569613     
26.448358125104512   0.87756932796055105  0.0048686115719532517     
26.680361266552801   1.2092517149080899  0.01830186473553818     
26.912364408001086   0.87854181487165638  0.0093127099351249607     
27.14436754944937   6.2355721357987806  0.14279399906569589     
27.376370690897655   11.135208327269235  0.22932694021876635     
27.60837383234594   6.1109477562636062  0.10106206929158643     
27.840376973794225   2.4546812852826754  0.021978296328181448     
28.07238011524251   2.4751647471318665  0.021252579285884344     
28.304383256690794   1.3143075886531803  0.0069771370292125214     
28.536386398139079   1.2945300614324711  0.0065711443394181989     
28.768389539587368   1.0312493286501886  0.0025398135624361373     
29.000392681035652   0.89272144663219076  0.0020955227787062824     
29.232395822483937   0.93331614331780993  0.0034259960960396686     
29.464398963932222   0.76159824246719393  0.0026187618953300723     
29.696402105380507   0.8899601547859642  0.00169193868763034     
29.928405246828792   0.76240536756077794  0.0024843831150933636     
30.160408388277077   0.85918796827647799  0.0034978257353840939     
30.392411529725361   0.79999327310009745  0.0026753598456192353     
30.624414671173646   0.82813429068768967  0.0032623488528767053     
30.856417812621935   0.79731555929873592  0.0029270501920005216     
31.088420954070219   0.78247843136653694  0.003112679211913173     
31.320424095518504   0.75101481507729535  0.0025274517891772292     
31.552427236966789   0.67487203385691582  0.0016636261018811255     
31.784430378415074   0.73835798692093472  0.0016927545898170517     
32.016433519863362   0.62595127958744271  0.0012754302726076023     
32.248436661311644   0.78712870340739769  0.0019975128556079569     
32.480439802759932   0.83782882498726482  0.0015657997930205902     
32.712442944208213   0.91098355736063643  0.0020278999610605649     
32.944446085656502   1.0514282387246699  0.0028882341579827171     
33.176449227104783   1.0581278690186669  0.0018403115858602349     
33.408452368553071   1.0628976226116724  0.0017972257247638919     
33.640455510001352   1.0594806297321127  0.0039125157744507533     
33.872458651449641   1.0400317270311347  0.003939977914824218     
34.104461792897929   1.0002456422367001  0.0021413662842321952     
34.33646493434621   1.0153878299028757  0.0028904884443143193     
34.568468075794499   0.96154929203884861  0.0023344063979590082     
34.80047121724278   0.98847450394659951  0.004455637781992695     
35.032474358691069   0.94039379957802991  0.0032285888233486375     
35.26447750013935   0.95877584615488282  0.0023908838973503365     
35.496480641587638   0.93566009700325088  0.0022479399201208132     
35.728483783035919   0.9258347276600674  0.0023647534992999661     
35.960486924484208   0.98020481741908642  0.0025889686787113248     
36.192490065932496   0.9007275106668409  0.0022146753392865808     
36.424493207380777   1.584319863979841  0.014519846802466892     
36.656496348829066   2.313639361348556  0.034378139241742673     
36.888499490277347   1.8461240630352505  0.022304286422718608     
37.120502631725635   1.4039533268428331  0.0067224409258698051     
37.352505773173917   1.3674302375280365  0.0067649713634335423     
37.584508914622205   1.1282701326450894  0.0026034830082536278     
37.816512056070486   1.1111799339776798  0.0021307941082653651     
38.048515197518775   1.0334255578938952  0.0017887328971645482     
38.280518338967063   0.98108098188548127  0.0021517649023311285     
38.512521480415344   0.98748188189922883  0.0025732241014227265     
38.744524621863633   0.92024445226816064  0.0020749769269787178     
38.976527763311914   0.96672798041923798  0.0021472334308927478     
39.208530904760202   0.91322331162130412  0.0019016170248267218     
39.440534046208484   0.95382493290779908  0.0015697876374345542     
39.672537187656772   0.93639162776630704  0.0021964395326404689     
39.904540329105053   0.94728130307009948  0.001837252297696553     
40.136543470553342   0.95849196469559774  0.0024114296248834529     
40.36854661200163   0.94879476594548877  0.0021454550027181225     
40.600549753449911   0.95302035225516978  0.0015961348214471016     
40.8325528948982   0.92123381208171147  0.0024303361817283848     
41.064556036346481   0.93294488356934209  0.0023677295917212318     
41.296559177794769   0.87917937980008281  0.0016870071344721693     
41.528562319243051   0.93707102459324003  0.0018929482645519531     
41.760565460691339   0.93637206385822868  0.0018788245955455157     
41.99256860213962   0.96770759737416684  0.0021187557291102338     
42.224571743587909   1.0245743144213813  0.0021907477499303077     
42.456574885036197   1.0285560675421451  0.0025964155766726972     
42.688578026484478   1.046166167519105  0.002367534966634208     
42.920581167932767   1.0434202126910902  0.001627706502680544     
43.152584309381048   1.0452456163910066  0.001434821499571742     
43.384587450829336   1.0249754848926992  0.0014274317180739552     
43.616590592277618   1.0402938448952514  0.0013130112240685501     
43.848593733725906   1.0119130035346622  0.0016048255235317306     
44.080596875174187   1.0298430395225155  0.0016365035689374501     
44.312600016622476   1.0193067705378569  0.0015250283879784013     
44.544603158070757   1.021671349382928  0.0022271848627757073     
44.776606299519045   1.0292044585621004  0.0024146752623321345     
45.008609440967334   1.0264531377792222  0.0022737938918463149     
45.240612582415615   1.0497599536322583  0.0022392632733986237     
45.472615723863903   1.0335627801784632  0.0017311226499305083     
45.704618865312185   1.106734193758507  0.0026409380495353172     
45.936622006760473   1.164480197234314  0.0027357310172793447     
46.168625148208754   1.1394290179547519  0.0029136256935347948     
46.400628289657043   1.1010762546382748  0.0015687429586445499     
