9.1976691778261e-05   8.13461636378353e-05   65.4526179672284   0.0500037770901506
0.0500684939936909   1.49748228528319e-06   99.2429793186735   0.050008986209523
0.100033814848399   -0.00013346832236501   95.899929078217   0.0500195074096899
0.150079555951837   -0.00011962864807395   67.0211292811622   0.050010987335691
0.200137241354845   2.8215038039677e-05   45.4443958549985   0.0500122963282957
0.250135436460984   8.3613357378706e-05   80.1556194231241   0.0500327452283256
0.300124444923885   2.45026759734961e-05   111.634322318711   0.0500083290535963
0.350133489111318   -0.000105046968272363   111.11017669924   0.0500232184138304
0.400132368490009   -0.000113635826252166   114.032967965412   0.0500148135883035
0.450086326817515   -1.68756546486632e-05   92.0588783753593   0.0500252063882898
-0.499947270256172   5.43372231443502e-05   132.173161215523   0.0500105383499043
-0.449930404952998   -5.37489251664092e-05   84.5530471544898   0.0500673346489567
-0.399963037665322   -4.95014944077845e-05   80.0427990640443   0.0500051403199676
-0.349970141259443   -0.000122143727045785   104.761831962168   0.0500239735674277
-0.299963815019534   -8.57572094412462e-05   112.673425090686   0.050000670856892
-0.249968336020592   -0.000137334223371933   78.924754491992   0.050102300392472
-0.199968936927424   -0.000198534643215353   79.1552288307937   0.0500088182933905
-0.149998924999189   -7.28060110463994e-05   87.9283912898177   0.050001818005458
-0.0999782569718337   -7.91344897483658e-05   105.281620364592   0.0500510779943777
-0.0499640159922264   -5.09214577593594e-05   65.1746693980506   0.050029007143909
0.0251559788866689   0.0500919737157516   36.2071586990281   0.0500160937971297
0.0751505510155889   0.0499596211803919   64.1645427490546   0.0500455178553228
0.125157223860376   0.0498389027245295   87.7426421010766   0.0500060193848147
0.17514078966404   0.0499226395580159   69.0636014789759   0.0500182914448171
0.225134266988857   0.0500536983216121   74.8751847623167   0.0500017398147243
0.275097783221357   0.0500979416803754   102.514501720828   0.0500083336984203
0.325087280592482   0.0499639675580245   94.5538080289269   0.0500144102268315
0.375038250235423   0.0499182782877437   100.351367671892   0.050001412518842
0.424993752778115   0.0499615913065487   80.7540210846259   0.0500008501604818
0.474996885168112   0.0500040444701496   59.272966928546   0.0500109274253121
-0.474940622587263   0.0499285929003114   119.75261769034   0.0500121113396824
-0.424914686913922   0.0500133020032373   70.8589959677338   0.050019215678288
-0.374921947359954   0.049974507564403   84.1526343384226   0.0500774195311078
-0.324900324726724   0.0499037905487605   59.384793565949   0.050012893782224
-0.274895998082951   0.049883219837799   73.1197188006803   0.0500283500288859
-0.22493633804766   0.04988445372287   89.6658390094655   0.0500436765141876
-0.174982655753168   0.0499040101926014   73.9388690555228   0.0500063002328112
-0.124989790946925   0.0499131662344971   58.9608685813052   0.0500487020070525
-0.0749610944732847   0.049898743168804   69.515719377771   0.0500065150692785
-0.0248652502470693   0.04997121643357   56.4356037819737   0.050021695049549
0.05025792364315   0.0999974283889058   107.762227944555   0.0500671323933508
0.100236195536608   0.0999020799790048   88.2409430058981   0.0500465209213656
0.150166710764697   0.0998484927981277   102.258316130728   0.0500119209161211
0.200176411406127   0.0999613990494248   80.8844199230578   0.0500454927275646
0.250148564147098   0.100102189923103   84.052241036348   0.0500040359260027
0.300125537684125   0.10001803410368   100.465132142272   0.0500158942887497
0.350131895005164   0.0999234867379156   80.3558412837302   0.0500351910253149
0.400076240410099   0.0999218244790332   51.9218579683208   0.0500205629701186
0.450087125170514   0.0999837906960718   51.968774883076   0.0500003283643042
0.500109332306274   0.0999712084281197   88.717476755011   0.0500184164601594
-0.449889639120851   0.0999473433433103   68.2668730961156   0.050000371655247
-0.399830724988709   0.0999749817614647   76.1395111895851   0.0500018956816505
-0.349834772287603   0.0998916478513269   83.7831262726031   0.0500071538354381
-0.299852742383562   0.0998978698187198   87.1149993246754   0.0500405648169314
-0.249888640981978   0.0998804365660623   81.2143091679935   0.0500896425077084
-0.199896611513014   0.0998951012549747   74.1579933139085   0.0501204467392769
-0.149878010759451   0.0998463641251782   52.1633031993331   0.0500054571672652
-0.0998367022560059   0.0999185389707229   54.4509585433508   0.0500158914141143
-0.049827519320161   0.0999245009238857   57.2173118532389   0.0500105947458077
0.000239026163261997   0.0999503151356128   37.9312907749238   0.050035249452947
0.0752244183758314   0.149961043755231   119.388907556476   0.0500339699005861
0.125182996099589   0.149892075916381   126.548163385463   0.0500808965680923
0.175193104850091   0.149905739448103   72.0983404500328   0.050035230499138
0.225185142565471   0.149997839730759   54.6168337853602   0.050045023320473
0.275209534376629   0.150097362937125   92.9591290884249   0.0500057574868529
0.325179866626582   0.149892061569135   125.932639887889   0.0500006383240682
0.375209786424042   0.149913490172027   49.1638569072461   0.050021591285664
0.425192240815371   0.149966619960074   60.6410688880886   0.0500470243181842
0.475186131508537   0.150016213687996   57.4501642688615   0.050012413247683
0.525169839056174   0.149928839785792   85.176238344328   0.0500021616929292
-0.424828772929688   0.149921916242257   74.7495893138786   0.0500005488729035
-0.374829760421986   0.14993313093831   114.958495917386   0.0500542922434304
-0.324840370243842   0.14989141036603   97.2587304269661   0.0500008837056197
-0.274907384776596   0.149917249069536   95.4240701545164   0.050033936401006
-0.224844481034052   0.149834140430794   53.3778228015881   0.0500209133072185
-0.174802825436454   0.149858909854441   91.5146250825583   0.0500288418312683
-0.124801981765807   0.149850974680595   50.5307595191927   0.0500117051145382
-0.0747710086132759   0.149883221342153   80.2686932348641   0.0500345170690437
-0.0247887865075848   0.149940988127911   91.2773655779062   0.0500261779992252
0.0251945747701775   0.15001182049518   91.356841817395   0.0500122699852434
0.100137133663185   0.199942435832731   129.081820305802   0.0500325116547932
0.150210541902847   0.199816117754133   112.997470833825   0.0500398728191514
0.200226455385362   0.199990712933084   80.0909973567568   0.0500023044661835
0.250206346243991   0.199983999275552   29.4957356873176   0.0500065922928637
0.300262439913065   0.200010406899056   144.184476472088   0.0500160488306228
0.350237216332708   0.199862914068918   75.4174825962434   0.0501006105748685
0.400212054989184   0.199954535888411   87.7809987959911   0.05000721150749
0.45020757826284   0.199969752167601   79.7291734129445   0.0500252511266078
0.500189240366901   0.200006924981911   77.2251524601272   0.0500048460645071
0.55016161248821   0.199915109683724   118.578792416461   0.0500307810241385
-0.399828868497251   0.199949917319826   44.0713104823343   0.0500341591097219
-0.349846966417619   0.199956552678163   90.2526335310515   0.050025461329973
-0.299816774199874   0.199973137580765   55.9675839302621   0.0500219799784051
-0.249777520324468   0.199834322139532   100.182693909954   0.0500026695129854
-0.199803637137805   0.199867353192741   71.2196186458451   0.0500069266917232
-0.149774032684026   0.199847698581258   106.34796379554   0.0500028878172091
-0.0997551878429182   0.199841305008405   98.3958647560329   0.0500037265652857
-0.0497640035563777   0.199942287302015   64.956951874873   0.0500937897505783
0.000152523097430788   0.200040608011022   100.798749297851   0.0500175495423737
0.0501430947868059   0.199986145875927   108.463355390789   0.0500513616175132
0.12513490005992   0.24983148688013   90.5655365317324   0.0500050212900054
0.175131471252687   0.249849704927339   66.2017629413857   0.0500428596284915
0.225210884308665   0.249961405914827   164.259821793211   0.0500175790436656
0.275260617224858   0.250023327794953   85.3035303396218   0.0500096989899932
0.325260536634902   0.24997251621764   119.815345696627   0.0500143740667329
0.375272259460041   0.249943222228243   74.7850867023063   0.0500416984353684
0.425249004907515   0.249933165439171   85.20207729231   0.0500012497766216
0.47521872708563   0.249992982455702   82.6279579174227   0.0500171340170941
0.525214580718529   0.249969147077365   98.465919037068   0.050050790185036
0.575233362628111   0.249868326467952   71.6720253198282   0.050013428663464
-0.37471733439383   0.249952933087505   55.3698697275212   0.0500010947578656
-0.324722951077712   0.249910187576016   67.5072192000595   0.0500093679944125
-0.274693633483863   0.249945915320066   74.0171109828001   0.0500418010107261
-0.224735502401748   0.249814858873942   79.9769117002215   0.05007329016134
-0.174764798319092   0.249899193940833   74.2680330572827   0.0501216417000629
-0.12481738371959   0.249849157543485   85.3044199565353   0.0500075191608499
-0.07479678547965   0.24992049983712   68.2036670293066   0.0500066183919049
-0.0248426921645522   0.250145019135161   88.1388000757709   0.0500172225910683
0.0251047238532378   0.250017320938713   87.3007016211105   0.0500060832966143
0.075133065947171   0.249978020343294   98.6198370946431   0.0500161420536662
0.150194243171594   0.299833580439785   64.1857666799083   0.0500079973614009
0.200160522987918   0.299885197071804   95.1314701979792   0.0500113589214261
0.250150010981484   0.299910981623313   77.3020787176645   0.0500002169460719
0.30016862691308   0.299973625245852   116.879620393131   0.05003103250737
0.35024526888386   0.299925342142753   62.5175583453001   0.0500002681748269
0.400282937948811   0.299942770064738   83.6636401437153   0.0500364269000916
0.450243642522571   0.299986932271095   75.4245249315485   0.0500079683247161
0.50023014224067   0.299983325476562   88.6379171640314   0.0500026314266066
0.550265522552735   0.299898726217651   102.512125764439   0.0500725448497013
0.600255382919232   0.299866713332273   78.3497500162114   0.0500245391773161
-0.349722633786125   0.299896404087731   144.200486819904   0.0500641404964075
-0.299690034595471   0.299961816368588   107.479682422016   0.050050286486058
-0.249720465328157   0.299892263705208   122.022574986647   0.050012316007672
-0.199719245601835   0.299887573263644   70.3611232272058   0.0500053163106297
-0.14978262500655   0.299947822975108   95.8821347229389   0.0500149084861653
-0.0998082020663203   0.299902121611359   77.3303036792875   0.0500393236816007
-0.0498187716552049   0.300046241573692   53.3993261729424   0.050002224361911
0.000203516165136217   0.300071957713901   104.414175002227   0.0500350911036326
0.0501704047760507   0.299994170428725   85.5245519944893   0.0500224927627897
0.10019423819407   0.299930469226013   133.527887007168   0.0500023835241462
0.175192968145208   0.349871221825616   75.2763070087158   0.0500040036034566
0.225167596762244   0.3498982394369   80.176878136017   0.0500024843200676
0.275168825207687   0.349955214263003   53.7406848922267   0.0500173097256045
0.325189107432306   0.349848397461065   90.4187553207932   0.0500186795449863
0.375192519644796   0.349965252605362   85.2265902664334   0.0500222873163073
0.425210264107937   0.35000371986757   98.3008538752844   0.0500012300887089
0.475253128643511   0.350027400119843   54.0247712536617   0.0500017584829597
0.52523926874072   0.349974093296388   98.4467594551359   0.0500038366373012
0.575231500950176   0.349911605688198   101.76761593789   0.0500147858758377
0.625206390311167   0.34992017144576   93.750517496674   0.0500053592079753
-0.324789963248198   0.349930876302745   73.6064331262552   0.0500577750511108
-0.274777338079966   0.349936616011461   102.008974307945   0.0500006093145942
-0.22475470918828   0.34987998171974   116.159195209525   0.0500140018589082
-0.174722756850902   0.349942241066016   69.5232458935692   0.0500305506203016
-0.124795152340805   0.349966438688868   94.8505604710182   0.0500004654664213
-0.0748045554043603   0.3500031275402   75.1573634582053   0.0500526939895239
-0.0247767986856524   0.350080127851192   52.8153575211993   0.0500129247655742
0.025195878417212   0.350031039805153   97.6533108671595   0.0500271850726465
0.0752198401125215   0.349901450743584   115.363671256123   0.0500086056085614
0.125224310726994   0.349833169695927   90.0965753262139   0.0500196840671079
0.200255464358092   0.399951826860606   59.8800529597219   0.0500556775590654
0.250238165449898   0.399883860939678   92.5584127830648   0.0500109989592866
0.300222082227291   0.399887323362844   102.616057877842   0.0500114678018784
0.350207281117581   0.399911994210307   44.0137691253817   0.0500044593293226
0.400252311085178   0.399972487599493   37.7000369254732   0.0500396760230982
0.450283430273888   0.399935586556471   67.3381571535514   0.0500262042853717
0.500305396516229   0.400048913259097   66.3749211005951   0.0500005618946124
0.550283572212296   0.399989332844571   87.2057923690594   0.050003871128873
0.600285421437582   0.399935179912658   72.1929112605888   0.0500119790093718
0.650262130918119   0.399927269327586   72.1686245320268   0.0500628968819838
-0.299791166176252   0.399944597752294   81.5496538974027   0.0500002827858038
-0.249770676813529   0.399894000748709   126.611979043157   0.0500293953093666
-0.199757646048855   0.39984382286404   82.439551247683   0.0500065028881649
-0.149779210887599   0.399989396434064   67.9728466260845   0.0500545894546788
-0.0998065876255221   0.400006304830425   89.0769952379465   0.0500029417703397
-0.0497505985063673   0.399999347730982   54.487205587523   0.05013009377966
0.000239017898823704   0.400124876414958   90.701297931815   0.0500459798683712
0.0502589438445654   0.400010419530171   90.7953876525498   0.050039006848626
0.100259143360335   0.399883994590328   82.4535503066269   0.0500336690728392
0.150228378409667   0.399866636230971   81.0021365671039   0.0500083005049392
0.225217854419577   0.449961027795525   100.938551194851   0.0500049012184496
0.275197919105573   0.449858518861051   67.8289893708219   0.0500012470280757
0.325213240742034   0.449896985961357   70.9781868388991   0.0500276738303028
0.37532633840732   0.449928560900785   64.651357423276   0.0500265887220839
0.425328157500971   0.449934456287019   92.1095138296398   0.0500235638953875
0.475256933623027   0.449997563888373   66.911927274808   0.0500305378399528
0.525264495730588   0.450036890437224   131.260885217578   0.0500823949717816
0.575265897874285   0.44997446414174   125.370822318671   0.0500093688245509
0.625265117412641   0.449915257675831   102.211971112347   0.0500236000690528
0.675290079513439   0.449940510900159   84.9927646425179   0.0500115248484902
-0.274738873304218   0.449940134906566   102.66758352428   0.0500783069839562
-0.224783495259786   0.44987638273189   84.7738310913141   0.0500155649381634
-0.174836396856132   0.449884354043961   92.8985889329381   0.0500336247379019
-0.12483633255169   0.449980836320269   92.6400420047575   0.0500325633169919
-0.0748211878868311   0.449957296517188   113.818085461011   0.0500337258034603
-0.0248704310551979   0.450115990207163   110.051882083759   0.0500338209730993
0.0251885363494526   0.449993047812933   138.366948286795   0.0500129249539008
0.0752821011721915   0.44999663483997   127.278399468433   0.0500200307328501
0.125266112415573   0.449927913429702   97.7587496629181   0.0500027893192008
0.175226875379593   0.449879501537348   102.92924127914   0.0500449974726788
0.250265197261262   0.499863735409633   121.746628952073   0.0500395284592952
0.300212231114264   0.49983601945245   81.805364995316   0.050055065196232
0.350272159678923   0.499860775921753   113.839752405904   0.0500097840431696
0.400276835962429   0.49995894891448   112.150414677799   0.0500047491684115
0.450288428116592   0.499986128451436   81.1174311571741   0.0500017518307741
1.33030127501748e-05   -0.499955622974915   104.040805888688   0.0500119237927548
0.0500064247903027   -0.499968038144305   108.775325449956   0.0500115873353744
0.60023246754007   0.499934234637227   92.929043584989   0.0500063759062077
0.650217508368623   0.499904625461025   77.7477544688958   0.0500241938511059
0.700208815904987   0.499906560810652   123.550952414436   0.0500108257481657
-0.249783984025132   0.499924346884581   107.450974637142   0.0500035134460937
-0.199869811857979   0.49992043685971   84.1683464104972   0.050046925317263
-0.149846763947359   0.499927087724839   65.4287540247634   0.0500070269992115
-0.0998491472911749   0.499971886160729   80.794835278032   0.0500342649631096
-0.550084253537292   -0.499992407137976   42.4574900564536   0.0500016442331601
-0.500021821454981   -0.499959812135915   98.57443815463   0.0500166211901123
0.0501910230584416   0.499973823384827   106.804699945603   0.0500326241188331
0.100224260566064   0.499978835397537   109.64735726053   0.0500022136718932
0.150233382286086   0.499893333151962   121.006184420182   0.0500303900423097
0.200262134652115   0.499914092307873   27.5174150235988   0.0500232549368592
-0.225110713272386   -0.4501099875581   99.1258697436752   0.0500314670813219
-0.175095929607922   -0.450114982965942   119.850408669039   0.0500150304445125
-0.125080729797574   -0.450084622461834   75.5179646979676   0.0500168954352226
-0.0750954941200921   -0.450030259005677   109.791855849154   0.0500369172588298
-0.0250760910456199   -0.449959148058714   127.788898937225   0.0500040740556268
0.0249338279015773   -0.449984611561275   116.964180803618   0.0500221189740794
0.0749601677741847   -0.4500320731817   108.965302846935   0.0500111160056703
0.124953072489338   -0.450091151162758   113.962582026595   0.0500841298057454
0.174930167372705   -0.450106847752456   112.833931838574   0.0500437225242501
0.224901934340225   -0.450054301578437   101.355585437735   0.0500526804138418
-0.725088885044571   -0.450032006383772   110.14951334645   0.0500304783273576
-0.675075676204918   -0.450061556239102   107.018735723265   0.0500108228348671
-0.625069657793955   -0.450031398089479   96.8848970187441   0.0500037387429809
-0.575086000105678   -0.450004586286135   85.420252575906   0.0500453429471963
-0.525064446517512   -0.449975974252438   104.621725814332   0.0500114811023161
-0.475062554930847   -0.450015127735323   123.019377769669   0.0500340409034527
-0.425038652352745   -0.449996361262905   92.6509117014327   0.0500975399090738
-0.375069826300479   -0.450075910663639   134.65640782418   0.0500166735982208
-0.325058413240701   -0.450155858415003   113.065776489607   0.0500147150785673
-0.275044897107838   -0.450038392126905   90.9318677843155   0.0500308374752121
-0.200075125155045   -0.400110375673561   103.332458828814   0.0500031016076095
-0.150114657282947   -0.400115796802881   102.357990290773   0.0500132572953212
-0.100130803326778   -0.400001815312354   120.561529430651   0.0500088399138995
-0.0501305548295276   -0.399966548298849   95.3714232627585   0.0500020161180539
-0.000129078328334691   -0.39995076916536   149.454710140776   0.0500105249003781
0.0499415008544844   -0.400040853343022   97.7651008100556   0.0500018980404165
0.0999160172475192   -0.400056595273845   114.462322675098   0.0500001368217726
0.149887938771679   -0.400100965017116   105.772048443085   0.0500028288125163
0.199884560080672   -0.400069654899088   80.8438234301006   0.0500172491426726
0.249794409062241   -0.400036719799793   128.322107472415   0.0500049389790201
0.299836383741968   -0.4000788826593   139.324107699237   0.050042657484393
-0.650159088672377   -0.400047568312126   113.214212834777   0.0500322808247917
-0.600097117793987   -0.400011827354812   107.471255826806   0.0500122478695913
-0.550089232422102   -0.399959624328215   90.8955598929677   0.0500054789135516
-0.50012549234658   -0.400010001482618   107.882429717406   0.0500079961206001
-0.450139768386691   -0.400078336153307   86.6287883148418   0.0500258392708868
-0.400125013722171   -0.400042943038581   128.422695330954   0.0500196022943933
-0.350119912771855   -0.400162138652   102.564870304823   0.0500131078386158
-0.300148298258736   -0.400124954295033   68.3990905871695   0.050014272760626
-0.250121852617816   -0.400050759953188   138.323449344162   0.0500189947724419
-0.17512424147618   -0.350122200898248   84.4581669024333   0.0500222447960269
-0.125181119855542   -0.350021522066152   74.0886946622397   0.0500066635449748
-0.075161869504043   -0.34997413967919   82.7356950728652   0.0500026474619391
-0.0251574705459788   -0.349957045418791   112.143506844365   0.0500075002067988
0.0248693152979954   -0.350004361319443   116.762831267058   0.0500326431137288
0.0749294422094833   -0.350030897075053   93.0456870135646   0.0500233670813067
0.124878114865747   -0.350033261073198   102.279459623479   0.0500404005294022
0.174868748290804   -0.350060408779587   88.9473078983524   0.0500020862822055
0.224835701793045   -0.350030876074585   91.2341041245259   0.0500003974793553
0.274840823108459   -0.350092721451024   77.5796128813546   0.0500062364115409
0.324778374424531   -0.350115961542278   88.5752662909109   0.0500428476700475
-0.625162304573426   -0.350060837145869   104.707127584114   0.0500074413715221
-0.575165450443814   -0.35002122628434   99.1418297354369   0.0500627624356437
-0.525137231956013   -0.349957246719205   118.982309617097   0.0500223347423012
-0.475120510141646   -0.350054284836363   111.048210315292   0.050023938119183
-0.425159698512207   -0.350046991290616   47.4672146942838   0.0500233205699509
-0.375086637041001   -0.350143678086593   92.4026982274868   0.0500041286170394
-0.3250570768487   -0.350184269332719   75.9677823330462   0.0500098344853763
-0.275107595903769   -0.350069837087985   72.452591514789   0.050098810806501
-0.225125791137101   -0.350109025512706   90.260764951574   0.0500655926900676
-0.150143293898419   -0.3000483087082   87.9353525582724   0.0500120646101796
-0.100151436858362   -0.300044162766126   64.2816640213144   0.0500405011931532
-0.0500979420493388   -0.299953506120249   61.4555309439621   0.0500039383799114
-5.21400157697803e-05   -0.299985561762688   82.2920721168973   0.0500144974342109
0.0498837075167712   -0.300008747890807   91.0437819391991   0.0500045505526276
0.0998784355834464   -0.300019594208168   74.8924982208701   0.0500296369787685
0.149871198516966   -0.299999914380313   80.7008325680025   0.0500252458381189
0.19985238125347   -0.300014705289224   89.9179365498063   0.0500681139329998
0.24987089327562   -0.300034572204423   87.9952773109389   0.0500344512012419
0.299862573935364   -0.30003574788176   76.6387506164179   0.0500074922530994
0.349812674723877   -0.300006121070978   76.0201550389268   0.0500249608544759
-0.600208512098368   -0.300026046006473   68.8857144662568   0.050040522505812
-0.550211291619688   -0.300017191239543   85.0739389086548   0.0500267382497674
-0.500194345704157   -0.300020196385585   112.779323739283   0.0500081215075442
-0.450106004264713   -0.300107333854967   31.628840544942   0.050025047384282
-0.400041453523256   -0.300107050090459   93.1570282765358   0.0500088989247467
-0.350077762549037   -0.300200352249719   83.212457474998   0.0500319784352855
-0.300085098833095   -0.300077855317831   61.1738037709733   0.0500213289670058
-0.250063320617964   -0.300068179523117   99.9189685011235   0.050031078547362
-0.20006580623088   -0.300086037962218   89.5995908530676   0.0500143156254724
-0.125020490456505   -0.250071205401894   78.3009838780195   0.0500038627731329
-0.075064959009849   -0.250049407241066   71.1956846521502   0.0500023052250547
-0.025079235557335   -0.249947104813503   85.2194576824207   0.0500186253835829
0.0249112606566538   -0.249961019883445   119.924098063289   0.0500077648402952
0.0749101224822063   -0.250023150505601   109.981785351449   0.0500017677020513
0.124923179819658   -0.249989812849358   92.160245752171   0.0500507564275853
0.174903234633518   -0.24990710490343   83.9215935954858   0.0500114615723829
0.224889986861831   -0.249997208476119   93.804240157473   0.0500415099401328
0.274887330956745   -0.250035381267607   107.833360159257   0.0500000370125557
0.324876071078883   -0.250007600808368   96.9079387367616   0.0500140358338987
0.374839128426916   -0.249995608106536   80.8892673410481   0.0500058954210752
-0.575108695458582   -0.249979677573017   61.8060830976441   0.0500179246573602
-0.525090895535003   -0.249990019541175   86.6702328042298   0.0500027612372755
-0.475058486820489   -0.250128748681438   110.700930676365   0.0500093515272206
-0.42504205579483   -0.250135513205791   120.673144913782   0.0500105921463665
-0.375048955791383   -0.250135365431988   96.2605031297862   0.0500593153742492
-0.325056885287749   -0.250127721436082   56.559398527589   0.0500220933481584
-0.275025766942711   -0.25001026445813   68.4905192696575   0.050040064158356
-0.225029325887903   -0.250120107511592   61.2376420875864   0.050022730388315
-0.175031573071117   -0.250008761898653   55.0165136812087   0.0500184522806252
-0.100100793917029   -0.200067996836569   104.623864716238   0.0500057965563929
-0.0500795170772344   -0.200019717008509   68.1935915753317   0.0500338096970678
-5.54804558177101e-05   -0.199943244392727   92.973821716806   0.0500114087767768
0.0498914716782429   -0.199983667365797   101.349428504743   0.0500252573882265
0.0998765648380006   -0.200069141033735   58.849812494561   0.0500002019787045
0.149917410482778   -0.200006554073296   49.5215443631484   0.0500045446871446
0.199959396313008   -0.199915022535831   80.5768182338599   0.0500016130765519
0.249916317603125   -0.199955103427614   104.222262309977   0.0500811764024917
0.299864622561256   -0.19999682991767   75.7779187420901   0.0500028137021275
0.349944940018805   -0.20000776361364   63.8044506473965   0.0500024388338282
0.399940936914938   -0.200010945343886   64.2044335843863   0.0500189552038831
-0.550046642219213   -0.199977886752847   60.2324573367648   0.0500111561278716
-0.50000061960982   -0.200052858494402   104.41128274953   0.0500241006458446
-0.449995992735016   -0.200156251505461   81.2275862526314   0.0500257793761755
-0.400028582106471   -0.200134005340125   83.9057247986172   0.0500460619326245
-0.350050246864299   -0.200196653201318   104.952028066122   0.0500779037855889
-0.300042228357708   -0.200068556907419   79.4277718223757   0.050000512505471
-0.250026573696241   -0.200103287359951   130.250248793893   0.050002416760406
-0.200057246961831   -0.200072095221061   89.0428731626971   0.0500314859271487
-0.15004106035113   -0.200012584256066   121.427294335904   0.0500315690477311
-0.0749974175995569   -0.150046863178528   50.799407674717   0.0500050307111533
-0.0250567268562421   -0.149971796983107   78.1270883150851   0.0500343324701761
0.0249392156012721   -0.14994255276345   104.012781596302   0.0500054046936621
0.0749351406627128   -0.150088959020194   90.0496461696788   0.0500215127428185
0.124980101325949   -0.150081355336565   49.3015462439016   0.0500112638394071
0.175024498532674   -0.149963994783043   72.6669420032923   0.0500003206033401
0.22500838221736   -0.149942626636307   72.6038424190684   0.0500041295102219
0.274986912804732   -0.149936896334875   90.38836510692   0.0500010700184534
0.32497666344519   -0.150033524794314   84.264229314375   0.050021910933981
0.375012566673365   -0.150062637710704   83.5885000342085   0.0500579023249658
-0.574958538555098   -0.150040977407555   35.6809942464445   0.0500067881414511
-0.524935494711171   -0.150019159632411   88.8434733326119   0.0500266879793139
-0.474907226467043   -0.150047483631678   67.3151355921978   0.050041518110908
-0.424956989253719   -0.150140941424301   74.6147979112537   0.0500087507639547
-0.374983854522062   -0.150149842268357   87.3148469573229   0.0500176867802294
-0.325021248868093   -0.150156980788021   78.793865006043   0.0500338117022388
-0.275058023547697   -0.15009038097962   117.268925944881   0.0500245648858364
-0.225035377491401   -0.150149895197371   93.3102909004631   0.0500047316639507
-0.175027162122747   -0.150054756832134   89.7057853077241   0.0500070493885651
-0.12504825276246   -0.149993886849702   86.6290741747892   0.0500252074210719
-0.0499752497259051   -0.100003719426556   64.9488568969394   0.0500130319037735
1.55276005675253e-05   -0.0999645865189369   74.8857609346454   0.0500375366689091
0.0500225751996534   -0.100049072974514   90.1604139199802   0.0500968598979537
0.100008095399562   -0.100092630408336   96.5101546283274   0.0500160992079452
0.150043660487487   -0.1000364350552   53.0662416744801   0.050029719714503
0.200071212643138   -0.0999573329048459   48.6452624718722   0.0500068442116905
0.250065501661935   -0.099893002144057   57.5570192448718   0.0500207074380542
0.300039282236577   -0.0999685184304265   64.0906184265352   0.0500319748421547
0.350084127005136   -0.100002408305287   85.8632207655137   0.0500363471510614
0.400070276469955   -0.100128081567376   70.3251423977858   0.0500270690234039
-0.549976570086673   -0.0999805268467831   73.0104376309917   0.0500254269407021
-0.49993301823849   -0.100017250883456   98.5222961132818   0.05000086279185
-0.449939622594079   -0.100060187517822   83.7785139677724   0.0500108129820058
-0.400010145984471   -0.100105384164628   86.2017450585334   0.0500009199750172
-0.350022040683654   -0.100104364996522   81.4815577092929   0.0500034950184497
-0.300050829680795   -0.100076784467091   80.5103735258447   0.0500070731092264
-0.250055333305698   -0.100144317544311   70.8863442922181   0.0500602182183097
-0.200030789799638   -0.100111232721831   25.6400285303329   0.0500139131343765
-0.150003819142262   -0.100027465384871   63.787486940155   0.0500220149663747
-0.0999815047243593   -0.10004026889792   90.5288450892976   0.0500115248628278
-0.0249180939228379   -0.0499725086334617   85.2927497161636   0.0500007768807856
0.0250675377001893   -0.0499812963206432   106.952795314649   0.0500117900311202
0.0750544980597572   -0.0501044071369355   102.80948939807   0.0500018806150729
0.125057793199962   -0.0501181523483952   79.9045893745299   0.0500167768515037
0.175112372812147   -0.0500261834277056   45.6821003796026   0.050002762983927
0.225111676520732   -0.0499376452670761   69.6351161724145   0.0500122576513226
0.275128912936057   -0.0498980305780012   101.950899969611   0.0500018880867444
0.32510230619075   -0.0499738772141136   95.029059244921   0.0500268431987474
0.375120853659754   -0.0501060406361863   89.561547105947   0.0500235455806602
0.425093417229666   -0.0500824464407923   55.1984164539632   0.0500030424689507
-0.524906899134666   -0.0499878272456718   89.0479753655184   0.0500603687925884
-0.474912906789217   -0.0500264993872118   92.7044793654209   0.0500238176689515
-0.424958026466048   -0.0500554756657446   87.5927138870687   0.0500367730390295
-0.37499025632454   -0.0500685461540717   108.46731114882   0.0500177392371593
-0.324963448372491   -0.0500618920354999   69.4467652879269   0.0500208959766458
-0.274955141287402   -0.0501431125717988   131.39819980318   0.0500053256196631
-0.225013277617745   -0.0501470902423992   95.7572305693484   0.0500533733830687
-0.174973753330271   -0.0501149452190261   60.3076897509377   0.0500165654189441
-0.124943504261883   -0.0500496067241771   117.220458244843   0.0500182819498393
-0.0749530770963988   -0.0500603696225467   60.8748882918736   0.0500019123975232
