1.0481009999999999   0.003525   0.00011757976016304847   
1.048103   0.001537   9.9040395798886022e-05   
1.0481050000000001   0.001815   0.00013971598174709848   
1.0481070000000001   0.001762   0.0001241486564119358   
1.048109   0.001832   0.00011169203691898143   
1.048111   0.001904   0.00013281733487931628   
1.0481130000000001   0.00194   8.1472558433976884e-05   
1.0481150000000001   0.001843   0.00014359704422832355   
1.048117   0.001955   0.00012071315863097389   
1.048119   0.001803   0.00010733178052706995   
1.0481210000000001   0.001942   0.00013504567128691439   
1.0481230000000001   0.001905   9.4578010129204981e-05   
1.048125   0.001927   0.0001180211845390479   
1.048127   0.001741   8.5067946698833372e-05   
1.0481290000000001   0.002037   0.00010124831960196783   
1.0481309999999999   0.001751   7.1855565005239658e-05   
1.048133   0.001983   0.00011979658685547858   
1.048135   0.00178   0.00014760307133209209   
1.0481370000000001   0.001977   8.5010456873126954e-05   
1.0481389999999999   0.001979   9.9537262704309218e-05   
1.048141   0.001999   0.00012548970741326424   
1.048143   0.001972   0.00015097313962718298   
1.0481450000000001   0.001782   0.00013340664651108405   
1.0481469999999999   0.002048   0.00015121581339999538   
1.048149   0.002208   0.00012902023958364913   
1.0481510000000001   0.001789   0.00016392037362356422   
1.0481530000000001   0.001946   0.00017629016484824734   
1.0481549999999999   0.002062   0.00013571047613700769   
1.048157   0.001953   0.00011017208761246602   
1.0481590000000001   0.00213   0.00013585940445099035   
1.0481610000000001   0.001922   0.00012378116891424874   
1.048163   0.001984   0.00015676025573396395   
1.048165   0.001895   8.2788217089685467e-05   
1.0481670000000001   0.002004   0.00017587369205073155   
1.0481690000000001   0.00191   0.0001556420394509287   
1.048171   0.001733   0.00011113605275617009   
1.048173   0.002145   0.00013526311807403787   
1.0481750000000001   0.002234   0.00017733333333333333   
1.0481770000000001   0.001961   0.00017729103505567085   
1.048179   0.002243   9.3345832496391849e-05   
1.048181   0.002044   8.8996878846645203e-05   
1.0481830000000001   0.001939   0.00011813786673017062   
1.0481849999999999   0.002146   0.0001258323399519288   
1.048187   0.002002   0.0001598179519884352   
1.048189   0.002032   0.00015393938200906659   
1.0481910000000001   0.0021   0.00022247097188921824   
1.0481929999999999   0.001903   0.00013259839114157205   
1.048195   0.002127   0.00018097912709603957   
1.048197   0.002065   0.00012222247474721388   
1.0481990000000001   0.002176   0.0001595702562091904   
1.0482009999999999   0.00218   0.00013102162671355697   
1.048203   0.002041   0.00015698159835541942   
1.0482050000000001   0.002208   0.0001138400437260789   
1.0482070000000001   0.001926   0.00016857046004564382   
1.0482089999999999   0.002173   0.00011508499274690665   
1.048211   0.002114   0.0001618380534842024   
1.0482130000000001   0.0022   0.00012338737554727568   
1.0482150000000001   0.002188   0.00013599673198687942   
1.048217   0.002306   0.00010601048166206124   
1.048219   0.002045   9.8997755305640923e-05   
1.0482210000000001   0.002338   0.00015472412725737236   
1.0482230000000001   0.002368   0.00010822610077466936   
1.048225   0.002304   0.00011805083650698965   
1.048227   0.002028   0.00012600529089420544   
1.0482290000000001   0.002071   0.00010571922982861517   
1.0482310000000001   0.002392   7.2307983269099993e-05   
1.048233   0.001975   0.00012505332196040749   
1.048235   0.00242   0.00017936307064474312   
1.0482370000000001   0.002475   0.0002304018229094553   
1.0482389999999999   0.002485   0.00011927792009513841   
1.048241   0.002178   0.00015362146840710629   
1.048243   0.002139   0.00015212166183683374   
1.0482450000000001   0.00234   0.0001687865186822955   
1.0482469999999999   0.002289   0.00015775121059581269   
1.048249   0.002252   0.00015098049910869652   
1.048251   0.002254   0.00017381471616510368   
1.0482530000000001   0.002376   0.00014973457998887379   
1.0482549999999999   0.002296   0.00013910188112794641   
1.048257   0.002278   0.00013999841268941429   
1.0482590000000001   0.002278   0.00013857047946001261   
1.0482610000000001   0.00235   0.00020994708327999648   
1.0482629999999999   0.002271   0.00012624887238220299   
1.048265   0.002411   0.00013156705092419184   
1.0482670000000001   0.002294   0.00012101606872183912   
1.0482690000000001   0.002497   9.2039242838162365e-05   
1.048271   0.002293   0.00021090308464105287   
1.048273   0.002397   0.00015855633418791919   
1.0482750000000001   0.002244   0.00018442222088337282   
1.0482770000000001   0.002318   0.00016315500469049534   
1.048279   0.002317   0.00019805751128845828   
1.048281   0.002313   0.00017575266712058739   
1.0482830000000001   0.002087   0.00019169449073402652   
1.0482850000000001   0.002348   0.00015470976411045009   
1.048287   0.002318   0.00019140300705869569   
1.048289   0.002278   0.00016223987727367701   
1.0482910000000001   0.002484   0.00022022816451227224   
1.0482930000000001   0.002418   0.00012333153151836989   
1.048295   0.002402   0.00016228096348959452   
1.048297   0.002282   0.0001369898617497741   
1.0482990000000001   0.002456   0.00013467821732641928   
1.0483009999999999   0.002459   0.0001667896213131314   
1.048303   0.002229   0.0001209448910316871   
1.048305   0.00238   0.00013353318355791234   
1.0483070000000001   0.002327   0.00013083535030292421   
1.0483089999999999   0.002285   6.6903745120218129e-05   
1.048311   0.002216   0.0001205192469644948   
1.0483130000000001   0.0021   0.00015334782540210851   
1.0483150000000001   0.002262   8.2094796153931435e-05   
1.0483169999999999   0.00252   0.00018061007723823164   
1.048319   0.002439   0.00013322870895152024   
1.0483210000000001   0.002409   0.00020111052793040061   
1.0483230000000001   0.002416   9.6622978633449301e-05   
1.048325   0.002215   0.00014086439499666968   
1.048327   0.00242   0.00017337819932159868   
1.0483290000000001   0.002606   0.00014427751037497147   
1.0483310000000001   0.002142   0.00013192422067232385   
1.048333   0.00221   0.00012348639151294724   
1.048335   0.002364   9.5733426183798983e-05   
1.0483370000000001   0.002283   0.00019658218524463389   
1.0483390000000001   0.002501   0.00021953713935358536   
1.048341   0.002275   0.00010824098628112694   
1.048343   0.002423   0.000117360318866491   
1.0483450000000001   0.002435   0.00014656246298270085   
1.0483470000000001   0.002401   0.00012868954891520912   
1.048349   0.00219   8.9727983991122363e-05   
1.048351   0.002663   0.00011871581379262177   
1.0483530000000001   0.00237   0.00019540271805228867   
1.0483549999999999   0.002197   0.00010247004982486888   
1.048357   0.002469   0.0001393433010788662   
1.048359   0.002291   0.00016712902534003814   
1.0483610000000001   0.002709   0.00012662674809586375   
1.0483629999999999   0.002269   0.00013171054121317195   
1.048365   0.00238   0.00014408330923462301   
1.048367   0.002321   0.00019890505831230694   
1.0483690000000001   0.002537   0.00015005961778202985   
1.0483709999999999   0.002558   7.12554091513994e-05   
1.048373   0.002483   0.0001144071676076285   
1.0483750000000001   0.002402   0.00013241181551843811   
1.0483770000000001   0.002213   9.1092748827164552e-05   
1.0483789999999999   0.00221   0.00010831025395183556   
1.048381   0.002197   0.00013269890730522237   
1.0483830000000001   0.002383   8.8970032407921864e-05   
1.0483850000000001   0.002428   0.00013831365321856938   
1.048387   0.002451   8.6966788041310472e-05   
1.048389   0.002215   0.00013274244067198537   
1.0483910000000001   0.002417   0.00017187883329058681   
1.0483930000000001   0.002592   0.00016709810824117004   
1.048395   0.002433   0.00012090446182374284   
1.048397   0.002209   0.00012099081691507739   
1.0483990000000001   0.002307   0.00013413136181453695   
1.0484010000000001   0.002352   0.00011185109148625536   
1.048403   0.002272   0.00012385295941379663   
1.048405   0.002366   0.00013918971864968252   
1.0484070000000001   0.002332   0.0001173674192913481   
1.0484089999999999   0.00228   0.00014944341180973263   
1.048411   0.002316   0.00017755875396924566   
1.048413   0.002292   0.00011671237199962041   
1.0484150000000001   0.002369   7.4765559510304535e-05   
1.0484169999999999   0.002484   0.00012995896788345671   
1.048419   0.0026   5.1725772643388863e-05   
1.048421   0.002312   0.00010670624265816046   
1.0484230000000001   0.002368   0.00012107665157062924   
1.0484249999999999   0.00239   0.00013950706871776147   
1.048427   0.002133   0.00012270153489939181   
1.0484290000000001   0.002532   0.00013870672498316567   
1.0484310000000001   0.002294   0.00014033452097676387   
1.0484329999999999   0.002097   0.0001220751134889226   
1.048435   0.002553   0.00014715109392880654   
1.0484370000000001   0.002376   0.00011248901180905528   
1.0484390000000001   0.002558   0.00014976871057289192   
1.048441   0.002148   0.00015330289552965977   
1.048443   0.002336   0.0001872621454301726   
1.0484450000000001   0.002416   0.00012467914376065024   
1.0484470000000001   0.002238   0.00015822487513381425   
1.048449   0.00233   0.00016436409448403126   
1.048451   0.002251   0.00016723536308647961   
1.0484530000000001   0.002296   0.00014983101592571991   
1.0484550000000001   0.002434   0.00013537766104904868   
1.048457   0.002207   0.00011113605275617009   
1.048459   0.002317   0.00016742527354680422   
1.0484610000000001   0.002296   0.00013862980279226477   
1.0484629999999999   0.002304   8.960654737982785e-05   
1.048465   0.002182   0.00012526239126995248   
1.048467   0.00194   9.4068532936837539e-05   
1.0484690000000001   0.002416   0.00013984276885130672   
1.0484709999999999   0.002152   0.00014970192606198047   
1.048473   0.002168   9.1709686874760764e-05   
1.048475   0.002303   0.00013293314944821785   
1.0484770000000001   0.002161   0.00013891204251451908   
1.0484789999999999   0.002107   0.00011822812224208286   
1.048481   0.00217   0.00010687479694587598   
1.0484830000000001   0.002137   8.5518678921300254e-05   
1.0484850000000001   0.002256   0.00016396612116193055   
1.0484869999999999   0.002317   0.00016487065637442381   
1.048489   0.002343   0.0001271661205754985   
1.0484910000000001   0.001993   0.00016295227658564468   
1.0484930000000001   0.002482   0.00014032343591384394   
1.048495   0.002076   6.6753277073114546e-05   
1.048497   0.00223   0.00012517543244937838   
1.0484990000000001   0.002279   0.00013120340442737503   
1.0485010000000001   0.00223   8.7749643873921221e-05   
1.048503   0.002089   0.00010004943222671925   
1.048505   0.002319   0.00012217883068136913   
1.0485070000000001   0.001979   0.00017015319894468958   
1.0485090000000001   0.002126   7.6189821425757974e-05   
1.048511   0.002059   7.5930523799355187e-05   
1.048513   0.002019   0.00014219274868212436   
1.0485150000000001   0.002174   0.0001485874228265038   
1.0485169999999999   0.002026   0.00013025786391274467   
1.048519   0.002016   8.6438160297148594e-05   
1.048521   0.002092   0.00011393760475706771   
1.0485230000000001   0.002117   0.00013755039480536256   
1.0485249999999999   0.001925   0.00011977061409210525   
1.048527   0.002051   0.00012493954093436108   
1.048529   0.001861   0.00010278834780481903   
1.0485310000000001   0.001926   9.484724561103501e-05   
1.0485329999999999   0.001921   0.00011415827219746763   
1.048535   0.002241   0.00011076953050766663   
1.0485370000000001   0.002172   0.0001621782284333436   
1.0485390000000001   0.001978   7.4278754252702255e-05   
1.0485409999999999   0.002173   7.9106819484093081e-05   
1.048543   0.001918   0.00011181134905624642   
1.0485450000000001   0.002129   0.00013882402930008591   
1.0485470000000001   0.002167   0.00011347099482540314   
1.048549   0.001888   0.00010369613729010782   
1.048551   0.001763   0.00011278347002602425   
1.0485530000000001   0.001892   9.8835441236655814e-05   
1.0485550000000001   0.001849   6.226199125915871e-05   
1.048557   0.001903   0.00015484795409978425   
1.048559   0.001843   0.00011449454135459908   
1.0485610000000001   0.002072   0.00015018359135108972   
1.0485630000000001   0.001832   9.7385830591518805e-05   
1.048565   0.001925   9.2270736904442727e-05   
1.048567   0.001838   0.00011584280536811751   
1.0485690000000001   0.001848   0.00012179947089832168   
1.0485710000000001   0.001787   0.00014273557525874355   
1.048573   0.001772   0.00017489552436939158   
1.048575   0.001716   0.00012852323611791847   
1.0485770000000001   0.001826   0.00013629380029920657   
1.0485789999999999   0.001776   9.4259688567748243e-05   
1.048581   0.001821   0.00016363543490196601   
1.048583   0.001779   0.00013281106044971472   
1.0485850000000001   0.001894   0.00016052137275487994   
1.0485869999999999   0.001689   0.00013409325113517086   
1.048589   0.001912   0.0001852253882286239   
1.0485910000000001   0.00156   0.00011767186013090244   
1.0485930000000001   0.001767   0.00020222127594406194   
1.0485949999999999   0.001868   0.00013965672200076873   
1.048597   0.001522   0.00014488922972011718   
1.0485990000000001   0.001829   9.6510793869563281e-05   
1.0486010000000001   0.00167   0.00016165120200948433   
1.048603   0.001701   0.00014162116916462579   
1.048605   0.001591   7.9658298026285024e-05   
1.0486070000000001   0.001679   0.00015447006182429008   
1.0486090000000001   0.001696   0.00015124079402653828   
1.048611   0.001632   0.00011745259090846447   
1.048613   0.001521   6.3917481524575453e-05   
1.0486150000000001   0.001663   7.2603183278849573e-05   
1.0486170000000001   0.001424   0.00012500844415922914   
1.048619   0.001716   0.0001319612737805216   
1.048621   0.001799   0.00012426182036329582   
1.0486230000000001   0.001555   0.00010580117621694425   
1.0486250000000001   0.001433   0.0001044355197132555   
1.048627   0.001565   0.00017357195113906573   
1.048629   0.001597   0.00010408383373245071   
1.0486310000000001   0.001422   6.2889674121521024e-05   
1.0486329999999999   0.001741   0.00013075379748043862   
1.048635   0.001469   0.00013443255227477871   
1.048637   0.001581   9.970456358662827e-05   
1.0486390000000001   0.001578   0.00012179034809412809   
1.0486409999999999   0.001393   9.0836238485651872e-05   
1.048643   0.001503   9.4681336891467452e-05   
1.048645   0.001562   0.0001370385185105106   
1.0486470000000001   0.001443   0.00014161803086707097   
1.0486489999999999   0.001462   0.00010595386836837163   
1.048651   0.001373   0.00013159745016104563   
1.0486530000000001   0.001519   8.4504437753291986e-05   
1.0486550000000001   0.001299   8.6029064856012471e-05   
1.048657   0.001416   0.00011755093458676635   
1.048659   0.001357   0.00011253690752617808   
1.0486610000000001   0.001417   0.00011546091209678807   
1.0486630000000001   0.001465   0.00010040196987886022   
1.048665   0.001461   7.9392834829235203e-05   
1.048667   0.00121   9.2604295556715702e-05   
1.0486690000000001   0.001388   0.00014976129154238903   
1.0486710000000001   0.00148   9.0209632400192042e-05   
1.048673   0.001409   0.0001254454285956868   
1.048675   0.001374   0.00011538534472703965   
1.0486770000000001   0.001339   0.00013744857624257558   
1.0486790000000001   0.001355   0.00010460773287753529   
1.048681   0.001332   7.8581875207398246e-05   
1.048683   0.001462   0.00014505784286889757   
1.0486850000000001   0.001208   0.00010895258907739029   
1.0486869999999999   0.001486   0.00016774451473065288   
1.048689   0.001421   8.7514443252401359e-05   
1.048691   0.00131   7.5967829448465296e-05   
1.0486930000000001   0.001139   7.3973719056913119e-05   
1.0486949999999999   0.001291   0.00012529476356886499   
1.048697   0.001174   9.5930530420021481e-05   
1.048699   0.001252   9.6514823271407958e-05   
1.0487010000000001   0.001188   6.4958106157396211e-05   
1.0487029999999999   0.001188   8.1877957961834881e-05   
1.048705   0.001107   0.0001434886755113448   
1.0487070000000001   0.001309   0.00011381710474851016   
1.0487090000000001   0.001287   0.00012600749536789027   
1.0487109999999999   0.001241   7.7795315483074629e-05   
1.048713   0.00131   0.00014913826545264036   
1.0487150000000001   0.001209   9.595658740631967e-05   
1.0487170000000001   0.001187   0.00010053247126067168   
1.048719   0.001342   6.3732078090846667e-05   
1.048721   0.001144   0.00010397863028312864   
1.0487230000000001   0.001325   7.3382559235829327e-05   
1.0487250000000001   0.001111   0.00011246184538174121   
1.048727   0.001157   0.0001161995410203213   
1.048729   0.001027   9.3927276833374304e-05   
1.0487310000000001   0.001118   0.00013795973647731025   
1.0487330000000001   0.001061   9.3457655295504463e-05   
1.048735   0.000958   9.2901381403435905e-05   
1.048737   0.001182   0.00012288929073673498   
1.0487390000000001   0.001094   0.00012491952965364899   
1.0487409999999999   0.001139   9.984933093861415e-05   
1.048743   0.001029   0.00011887855614496296   
1.048745   0.001139   0.00013772315225359412   
1.0487470000000001   0.00106   7.2556491401145111e-05   
1.0487489999999999   0.000966   7.9808103180900956e-05   
1.048751   0.000834   8.297523057448463e-05   
1.048753   0.001165   0.00014020817855365404   
1.0487550000000001   0.000932   0.00011338038239091942   
1.0487569999999999   0.000891   6.1598160145684005e-05   
1.048759   0.000979   7.3006088026197438e-05   
1.0487610000000001   0.000993   8.334733215753086e-05   
1.0487630000000001   0.000951   9.5002339152488474e-05   
1.0487649999999999   0.000851   7.9252760204298248e-05   
1.048767   0.000824   6.7250774468898621e-05   
1.0487690000000001   0.00097   9.2556289179432138e-05   
1.0487710000000001   0.000885   0.00012210423598075721   
1.048773   0.000977   0.00012490930042768366   
1.048775   0.00079   7.3514926677814516e-05   
1.0487770000000001   0.000817   0.0001151332561281347   
1.0487790000000001   0.000747   7.4536344602258747e-05   
1.048781   0.000971   8.7336513936993539e-05   
1.048783   0.000906   8.8332704400276723e-05   
1.0487850000000001   0.000848   5.6111001100002168e-05   
1.0487870000000001   0.000813   6.4859677595388784e-05   
1.048789   0.000786   7.2544239376167331e-05   
1.048791   0.000978   7.924364678354698e-05   
1.0487930000000001   0.000843   8.4235780204534621e-05   
1.0487949999999999   0.000774   6.4862247194428217e-05   
1.048797   0.000787   9.2688846266539655e-05   
1.048799   0.000797   6.4257295305669379e-05   
1.0488010000000001   0.000842   0.00011046165750059057   
1.0488029999999999   0.000947   0.00013280771396605277   
1.048805   0.000833   0.00011489173647878733   
1.048807   0.000803   7.4252571971915185e-05   
1.0488090000000001   0.000719   0.00010746007010358158   
1.0488109999999999   0.00081   0.00011961976796871364   
1.048813   0.000708   5.4442630355264798e-05   
1.0488150000000001   0.000844   8.7371492935498005e-05   
1.0488170000000001   0.000786   7.6379171099048841e-05   
1.0488189999999999   0.000678   7.7743166902307241e-05   
1.048821   0.000782   7.7757457663057774e-05   
1.0488230000000001   0.000802   8.3157147083766114e-05   
1.0488250000000001   0.000613   8.1541400527584759e-05   
1.048827   0.000666   5.968807809493171e-05   
1.048829   0.000787   0.00013049521064008441   
1.0488310000000001   0.000735   0.00010470328446509105   
1.0488330000000001   0.000669   0.00010782135430629892   
1.048835   0.000592   6.4889649919433736e-05   
1.048837   0.000639   9.8752777738710272e-05   
1.0488390000000001   0.00065   7.1755758576499551e-05   
1.0488410000000001   0.000489   6.6289767938448339e-05   
1.048843   0.000608   9.4455162790489e-05   
1.048845   0.000649   6.3533892967105011e-05   
1.0488470000000001   0.000516   6.206090198793082e-05   
1.0488490000000001   0.000543   0.00010361306223959731   
1.048851   0.000654   6.7596844107793474e-05   
1.048853   0.000678   8.7047879545301581e-05   
1.0488550000000001   0.000646   0.00010278564534451729   
1.0488569999999999   0.000663   0.00010081942052777111   
1.048859   0.00051   6.9105394547427016e-05   
1.048861   0.000594   9.3061508930623108e-05   
1.0488630000000001   0.000585   7.0320693966996657e-05   
1.0488649999999999   0.000603   8.4301706849729785e-05   
1.048867   0.000519   6.0063854910142644e-05   
1.0488690000000001   0.000511   5.6871199506721619e-05   
1.0488710000000001   0.000517   9.1639996120083336e-05   
1.0488729999999999   0.000528   5.9531504264548868e-05   
1.048875   0.000522   0.00010195641770438539   
1.0488770000000001   0.000461   8.6158123367574704e-05   
1.0488790000000001   0.000462   5.0723652164339358e-05   
1.048881   0.000551   7.4572112750008632e-05   
1.048883   0.000484   5.9929588314584271e-05   
1.0488850000000001   0.000531   6.2848141491128351e-05   
1.0488870000000001   0.000572   5.5673652256301235e-05   
1.048889   0.000474   8.6463865284869147e-05   
1.048891   0.000411   4.0755367744629664e-05   
1.0488930000000001   0.000502   8.5878467098051483e-05   
1.0488950000000001   0.000524   7.6116869206357783e-05   
1.048897   0.000472   8.5072518085062777e-05   
1.048899   0.000508   7.4577327504931268e-05   
1.0489010000000001   0.000401   5.2566360176658819e-05   
1.0489030000000001   0.000488   7.0707535352008668e-05   
1.048905   0.000484   7.9543139937464822e-05   
1.048907   0.00055   9.5230713999680213e-05   
1.0489090000000001   0.000476   4.8401101915831076e-05   
1.0489109999999999   0.000464   8.5077742225697446e-05   
1.048913   0.000454   6.5391130897087259e-05   
1.048915   0.000366   7.9333333333333333e-05   
1.0489170000000001   0.000431   0.00012223338332877807   
1.0489189999999999   0.000365   7.222264957138523e-05   
1.048921   0.000372   3.6690901082178702e-05   
1.048923   0.000362   7.4978515441276762e-05   
1.0489250000000001   0.000453   6.9825974154799063e-05   
1.0489269999999999   0.000408   8.3928541033429147e-05   
1.048929   0.000398   7.8723143568669394e-05   
1.0489310000000001   0.000414   5.627709224108075e-05   
1.0489330000000001   0.000447   7.7646635471216652e-05   
1.048935   0.000269   6.4780827067547969e-05   
1.048937   0.000347   7.6202216357385418e-05   
1.0489390000000001   0.000379   6.7879795717626218e-05   
1.0489410000000001   0.000375   4.3849490051513459e-05   
1.048943   0.00025   6.2769419305900863e-05   
1.048945   0.000409   9.2873270882662706e-05   
1.0489470000000001   0.000316   6.5730087817105831e-05   
1.0489490000000001   0.000274   6.4017358756998263e-05   
1.048951   0.000329   5.4394648429581543e-05   
1.048953   0.000308   5.6721542057082099e-05   
1.0489550000000001   0.000387   8.8857563924894242e-05   
1.0489570000000001   0.000259   5.5084783137753509e-05   
1.048959   0.000342   4.7721413781795415e-05   
1.048961   0.00034   5.2998951771604775e-05   
1.0489630000000001   0.00032   5.1164223611599715e-05   
1.0489649999999999   0.00027   3.0221405217715032e-05   
1.048967   0.000331   6.4712183293925933e-05   
1.048969   0.000295   5.0094355415001044e-05   
1.0489710000000001   0.000264   6.3037907466680537e-05   
1.0489729999999999   0.000349   6.9241124581662691e-05   
1.048975   0.000248   5.9736458251594097e-05   
1.048977   0.000364   4.6908895152672744e-05   
1.0489790000000001   0.000318   6.759026885909276e-05   
1.0489809999999999   0.000372   8.2189482971430786e-05   
1.048983   0.000234   3.8186675977652496e-05   
1.0489850000000001   0.00022   3.1937438845342624e-05   
1.0489870000000001   0.000259   6.8887186358890029e-05   
1.0489889999999999   0.000271   2.6975297341580253e-05   
1.048991   0.000299   8.6158123367574704e-05   
1.0489930000000001   0.000198   5.3412441330544786e-05   
1.0489950000000001   0.000191   4.5177427992306069e-05   
1.048997   0.000237   4.8075172617705932e-05   
1.048999   0.000258   5.4626001134990652e-05   
1.0490010000000001   0.000209   4.9022670492561115e-05   
1.0490030000000001   0.000305   6.7069615574664906e-05   
1.049005   0.000293   5.660879397722191e-05   
1.049007   0.000239   4.4608170651674216e-05   
1.0490090000000001   0.000332   8.8891944391928889e-05   
1.0490110000000001   0.000166   3.5345909711497501e-05   
1.049013   0.000169   3.1143039172323707e-05   
1.049015   0.000238   4.6279345044822942e-05   
1.0490170000000001   0.000305   7.2896425762096792e-05   
1.0490189999999999   0.000224   4.8309189371979507e-05   
1.049021   0.000231   4.6198845584422706e-05   
1.049023   0.000212   6.2606353955134263e-05   
1.0490250000000001   0.000208   4.3583891009816408e-05   
1.0490269999999999   0.00023   4.1686661868969285e-05   
1.049029   0.000209   4.0012498047485113e-05   
1.049031   0.000264   5.8217981185655462e-05   
1.0490330000000001   0.000206   3.9502461245401462e-05   
1.0490349999999999   0.00019   4.7586179132647795e-05   
1.049037   0.000138   3.3954217541991582e-05   
1.0490390000000001   0.000227   4.8305739249538915e-05   
1.0490410000000001   0.000275   6.1196405123176966e-05   
1.0490429999999999   0.000221   4.3113545177563139e-05   
1.049045   0.000223   3.7060011392934628e-05   
1.0490470000000001   0.000197   4.6952694870002462e-05   
1.0490490000000001   0.000221   4.8521472909767829e-05   
1.049051   0.000229   6.2688825869439355e-05   
1.049053   0.000183   4.2766809560686193e-05   
1.0490550000000001   0.000205   4.163999146120096e-05   
1.0490570000000001   0.000242   7.6373351955304992e-05   
1.049059   0.0002   3.7208123366335535e-05   
1.049061   0.000243   7.3621403892557707e-05   
1.0490630000000001   0.000155   2.5177150134375592e-05   
1.0490650000000001   0.000169   4.5373756487398944e-05   
1.049067   0.000191   4.7573335201793685e-05   
1.049069   0.000171   5.1906968061459083e-05   
1.0490710000000001   0.000231   5.8508309001561669e-05   
1.0490729999999999   0.000177   4.0553120170408042e-05   
1.049075   0.000165   3.9672268512008346e-05   
1.049077   0.000163   3.6698471055042304e-05   
1.0490790000000001   0.000185   4.9671140738080721e-05   
1.0490809999999999   0.000137   2.8286235364769047e-05   
1.049083   0.000185   4.0448870331705323e-05   
1.049085   0.000155   3.6431061228328529e-05   
1.0490870000000001   0.000235   5.5262002215707756e-05   
1.0490889999999999   0.000157   3.8036532147105338e-05   
1.049091   0.000207   5.1295440559782915e-05   
1.0490930000000001   0.000157   4.2584556407745337e-05   
1.0490950000000001   0.000167   5.066337708619292e-05   
1.0490969999999999   0.000194   6.3301746509169169e-05   
1.049099   0.000174   4.6216880033165372e-05   
