0	1	0
1   0.67586384214090921   0.00074009823745653395   
2   0.61634378146484727   0.0012459167172126769   
3   0.6052644569351293   0.0014127713393810004   
4   0.59909131395243989   0.0015146397493809127   
5   0.59398824094855395   0.0015620707404806246   
6   0.5901158941095746   0.0016037921034190132   
7   0.58721984012144682   0.0016336134470639588   
8   0.58531752529484094   0.0016466782889349815   
9   0.5841349103038755   0.0016509965323953291   
10   0.58361995125542413   0.0016572773348728788   
