-0.0426546335817235   -0.00340929839306414   97.1625823502982   0.296785818061148
0.0576631398546586   -0.00348945906967541   64.6953297574034   0.315782789870844
0.157490063340919   -0.000168128271727114   72.0444622691497   0.320373939514072
0.257388221816215   0.00263645908527247   77.7507471517747   0.308310797057734
0.356997792416937   7.51009704210137e-05   81.4935684231653   0.304304472726839
0.45604364690197   -0.00334641639715053   108.163739368604   0.303975132072951
-0.443256854128248   -0.00325398965703242   77.717346381526   0.315124417742929
-0.343391232729173   0.00330004867080105   80.0225956527688   0.313611361513226
-0.242563423796606   0.00323673438897   96.7566875152936   0.301686807664622
-0.142426699113288   -0.000152925346655146   97.2122071127274   0.305273668710219
0.010601899798456   0.0938887712068783   80.6404293278308   0.30660770729436
0.109584533242853   0.0991871729571475   77.0134896449746   0.302699641275172
0.209952596462399   0.103347738899382   82.0599127716836   0.309468057898459
0.309366441371575   0.101078612420852   98.3974732929336   0.307169205303731
0.410014048276073   0.0995268444117548   87.6166376256481   0.313598154935319
0.508208049039594   0.0948472500408186   84.8038759173379   0.321477534375851
-0.391158581940387   0.10062632697262   56.2706774610672   0.311648692684643
-0.288698785985656   0.104641733763038   67.8904340489825   0.313802307478391
-0.189542282874752   0.101970307882545   73.0922920127776   0.308395831193596
-0.0891259322868051   0.098781458630807   84.5161293557702   0.306544481205843
0.0628907077775815   0.197150581482029   64.6752568509286   0.314355270115522
0.162304113876793   0.202978495708592   78.3509538261044   0.31377320909738
0.261052452034652   0.203804254623903   97.7397670198475   0.29715029134753
0.36033931872165   0.197978795709532   96.3654820116055   0.305124269649615
0.461831448969775   0.197315872408151   88.3218807450772   0.311829138485604
0.561593043087743   0.196379300433142   69.6986318585793   0.311908202971108
-0.33749708724303   0.201966803363929   77.9603402630451   0.304846708884931
-0.236457846683538   0.203605643738462   87.7251003707723   0.306160117224822
-0.137442052728227   0.20050127270505   98.6765831114315   0.309215043725033
-0.0369290848970683   0.195195623659023   104.279712805517   0.317236017200363
0.112135156544145   0.300882932217808   86.049705581774   0.298641001944457
0.210668054763023   0.304182250216187   94.2455126660351   0.305341435183281
0.311038397036768   0.300578358537203   109.403255304597   0.306369500320749
0.411358781372721   0.296432803467614   85.5683842942459   0.297654376985166
0.512079255449659   0.295392709811491   92.8236980992714   0.311608294346692
0.611347859973633   0.299825585544483   98.5796662435316   0.298841301607871
-0.288651581820886   0.303076509628341   80.4714304163828   0.30333687347118
-0.190055343854477   0.302469608641579   106.408051730596   0.311874958676597
-0.0877600438411251   0.296627775307679   116.191411658143   0.304366639473655
0.0129748982095837   0.294798207568126   96.3562449119169   0.300331367930445
0.157588422663089   0.402527083041329   84.6912632073008   0.301229513559441
0.257701522229227   0.402507686047201   108.53891073744   0.314283568807529
0.357601832796445   0.397925678153868   104.790567244462   0.311322970706005
0.457739312246153   0.39531082268681   100.465419728449   0.311938108683992
0.557637872548989   0.398549587633369   82.585629639713   0.303615040814357
0.658662792534025   0.400385900875258   95.583752803468   0.307717484306777
-0.242366973355803   0.405066135162433   94.2720093884729   0.303378280246648
-0.142725822912539   0.399526445983625   108.768109692902   0.314891795796781
-0.043078560860629   0.39656715209715   101.544390241205   0.303409488476288
0.0574780549872695   0.39570816251854   105.600629434809   0.300514821773673
-0.295585159654617   -0.495946843381099   95.7305509603197   0.315104900192835
0.305192907170221   0.499368597166927   113.893087381202   0.314859587153733
0.405937184876066   0.496099706239981   110.492669199994   0.309254622337793
0.505340419493234   0.496306177976622   90.0679406885419   0.296133565594916
0.605631875866218   0.499781314528707   92.30638098163   0.313864080667974
0.20458687724402   -0.497162827474764   81.3854134200912   0.305783622316622
-0.69505770960638   -0.497910516093364   105.717113624354   0.306831707246037
-0.095402819293828   0.498206066448734   102.133518241064   0.302880896932714
0.00477894982734951   0.495787730843606   102.379542213767   0.307096027873537
0.1055353709824   0.497398696976062   82.8507464968888   0.305570160708149
-0.246672208005853   -0.396564012668867   101.423032156768   0.310616469668573
-0.148186944321312   -0.401437610710177   104.604082246894   0.29858895030168
-0.048207735798359   -0.405737722768277   98.7446671891331   0.31232451162639
0.0522300714071703   -0.40367293030389   109.786301867425   0.293531580622588
0.151531701246545   -0.398579897459171   86.6747811331663   0.308400724692011
0.253649684006862   -0.396757612720254   95.9473364678543   0.307788150681783
-0.647006389855444   -0.399447019529319   110.708571725636   0.316573630042693
-0.545985751866471   -0.403818338469773   97.9167859897853   0.30604664342913
-0.447489988495988   -0.404457183204949   85.4708332738109   0.304269668645707
-0.347165175344856   -0.397930259528092   78.7514155499247   0.31365022420791
-0.199200852202959   -0.297829254925138   110.777532893108   0.305726194465575
-0.0989927496566578   -0.302933776556956   94.3541190653687   0.299151757362206
-0.00107474893287026   -0.305894036260548   77.7554714541221   0.305809070646153
0.0994202480631497   -0.3015503049732   80.1040668133356   0.317347730634515
0.199126009606673   -0.299885022932192   84.8349594490463   0.306810107214081
0.300873753099961   -0.296201981967821   102.813555268687   0.311871829477973
-0.597777201903986   -0.303091256705473   99.8322159207962   0.305684897201452
-0.499586296459724   -0.304033520390531   95.9122220035715   0.305972476689588
-0.399943158988522   -0.300779092077863   72.9671307074874   0.319604731324059
-0.299127845460647   -0.296651948833459   91.5745189788592   0.319100860986047
-0.147709116674161   -0.202198215237529   97.7661139198314   0.305738623688556
-0.048208912930556   -0.205937161145192   101.994238265574   0.315180125823647
0.050876127448679   -0.201524272917623   90.3565929279603   0.303136411379594
0.151327578899258   -0.200544077656668   78.571842243614   0.301859392971675
0.251610171551078   -0.196729016437446   74.1258426554256   0.31002642600617
0.352722186959629   -0.199342017124297   79.9995260986704   0.310634230985206
-0.54696255081976   -0.203689005261825   71.9238412879582   0.307500913956144
-0.446785973752619   -0.203804613885383   80.4036769117476   0.299790897640389
-0.347671736440888   -0.197580833592983   86.1544670065506   0.314838155809888
-0.247613995071942   -0.195557542224001   87.3271066789184   0.305337584168883
-0.0956107029583943   -0.10308447769951   85.2210120858418   0.325406091813873
0.00334898951571866   -0.105614549744421   70.4081930216676   0.310977985276985
0.104532433943168   -0.101761253243238   79.4661692124855   0.30702334405019
0.205027048416359   -0.0980665356867733   73.9356961775463   0.31698060738024
0.304230738301037   -0.0977672261955948   101.451556653783   0.314697194888755
0.404980878790669   -0.101334250732707   98.7596245174078   0.315014775908382
-0.49548856221404   -0.104227703378944   97.7947120080338   0.307919696841515
-0.396346144871604   -0.100299921683913   68.3833335432096   0.298457869312062
-0.295688087424041   -0.0949395276667131   80.0079816088819   0.305109713822952
-0.19534335510567   -0.0991422403801987   97.9901768702462   0.310930105968146
