0.42972788892272645   10.058241501563879  0.011298442707950605
0.85945577784545291   5.0327795968915447  0.013343195842758778
1.2891836667681793   1.0231277095222176  0.007028855988494926
1.7189115556909058   0.049735039464027479  0.00097660340515284292
2.1486394446136323   0.004388341264467043  9.3939694564994148e-05
2.5783673335363586   0.046732603977420985  0.00096176647827085601
3.0080952224590853   0.13864517369802183  0.0022025762203966106
3.4378231113818116   0.10164855202868951  0.0027614434388022509
3.8675510003045379   0.066072499487415415  0.00090404594286544942
4.2972788892272646   1.0820113410020829  0.010576997143414701
4.7270067781499909   0.13227927052276252  0.0024968726752216085
5.1567346670727172   0.3746774633802176  0.0051862122321817455
5.5864625559954435   2.2042329654821465  0.010400537429979941
6.0161904449181707   0.069436448639584313  0.0016429125909365254
6.445918333840897   0.02409080379534232  0.00020606818760068386
6.8756462227636232   0.020352008895926553  0.00020487225915319919
7.3053741116863495   0.061395098626705426  0.0007615863902816644
7.7351020006090758   0.070965734083863415  0.00066479020254744443
8.1648298895318021   0.071621717867292518  0.001149580390519646
8.5945577784545293   0.35707982240687378  0.0031749570800915962
9.0242856673772547   0.060701840271584608  0.00053731808181001175
9.4540135562999819   0.066524441249009988  0.00068177903817663513
9.883741445222709   0.076586542935586818  0.001192763078900533
10.313469334145434   0.073971101759571257  0.00094564623051078388
10.743197223068162   0.072024445258913948  0.0011435123716867878
11.172925111990887   0.045407594798231403  0.0001819056003648067
11.602653000913614   0.066156929234428258  0.00056646520677121106
12.032380889836341   0.08102755671531226  0.0011596556161043596
12.462108778759067   0.096917351899716556  0.0017530188537880531
12.891836667681794   0.17737726542883479  0.008849897077477931
13.321564556604519   0.072352932168021469  0.0025602414518790229
13.751292445527246   0.10673964703621082  0.0021489307347474235
14.181020334449974   0.095068361446084149  0.0014033030510616678
14.610748223372699   0.13154978196793931  0.0019785336984523536
15.040476112295426   0.14140792597731773  0.0019780720162132956
15.470204001218152   0.080484968447167446  0.0004299277845314109
15.899931890140879   0.22505052474145047  0.0015256060318414225
16.329659779063604   3.729856362270124  0.067617575965817265
16.759387667986331   3.5302041198979837  0.10228713289146643
17.189115556909059   0.94854904111553615  0.0087871600995175633
17.618843445831786   0.15188840374670342  0.0022175461529433576
18.048571334754509   0.086054027580357273  0.0015208406062478781
18.478299223677237   0.1952825649240388  0.0042843437086736177
18.908027112599964   0.38399986186779278  0.006698508406723329
19.337755001522691   0.46379794441497638  0.0060880482457480743
19.767482890445418   0.25609470396485201  0.0039237103769225581
20.197210779368142   0.21537328847578734  0.0035833222602501073
20.626938668290869   1.1011650481253031  0.02599257230544856
21.056666557213596   2.8377782118285855  0.070491181619095346
21.486394446136323   7.2821100416697517  0.15248232427017716
21.91612233505905   16.797242770674313  0.35582099179687622
22.345850223981774   0.67289035131766509  0.0086650627223443715
22.775578112904501   0.53049474061432375  0.0061781325380750531
23.205306001827228   0.45768834752039873  0.0047612977292936825
23.635033890749956   0.23106621694061493  0.001897977796330357
24.064761779672683   0.19038424455902151  0.00087499243683459057
24.494489668595406   0.48009084894794178  0.0093237575157750483
24.924217557518134   0.71908143130962372  0.015668899350801358
25.353945446440861   0.75115542284172594  0.0094550071690060836
25.783673335363588   0.63173775465504369  0.0072700946666432332
26.213401224286315   0.46263014753612425  0.0034996991215531316
26.643129113209039   0.38866836763179722  0.0030215636644437393
27.072857002131766   0.58231863012534725  0.0093004950321240445
27.502584891054493   1.1683393105784695  0.0088566965864733279
27.93231277997722   0.33627398732829863  0.0029065498390469729
28.362040668899947   0.15768547307183716  0.00082447164943142872
28.791768557822671   0.11663903267542103  0.00059040662985804707
29.221496446745398   0.17945788314350871  0.0008121938820570705
29.651224335668125   0.51201477100567816  0.0027257775754814882
30.080952224590852   1.062140655079131  0.0063953060564951017
30.51068011351358   0.9735650852215026  0.0072133843167013256
30.940408002436303   0.52495562747963616  0.0035473754887136972
31.37013589135903   0.32855119155353826  0.0013948019357689906
31.799863780281758   0.30377138563501874  0.0011925282444396334
32.229591669204481   0.304397769863755  0.0017577587459614765
32.659319558127208   0.43270701345673263  0.0025890740290435066
33.089047447049936   0.43834463570786874  0.0076254075507192089
33.518775335972663   0.20653381891564701  0.00072542690592465615
33.94850322489539   0.20354049381548979  0.0019768327645763387
34.378231113818117   0.25892051959592947  0.0035880481600768343
34.807959002740844   0.3767744884480082  0.0022207486962661218
35.237686891663571   0.61586432545115731  0.010337568375159316
35.667414780586299   1.9950822244568969  0.065432121862774295
36.097142669509019   0.59060030092331922  0.0090558057644815367
36.526870558431746   0.56311638939278019  0.0052588678252597224
36.956598447354473   0.72690020456930425  0.0068120534587625847
37.3863263362772   1.0122754789096027  0.02006009382224835
37.816054225199927   2.0555118912817329  0.03892847674320352
38.245782114122655   3.9979785512757033  0.033756762093218605
38.675510003045382   1.3694354294293788  0.025876732847148445
39.105237891968109   0.6165342804865432  0.0088051241779745502
39.534965780890836   0.36847508207443656  0.0048155766220262766
39.964693669813563   0.29087052082146703  0.0019873775350541769
40.394421558736283   0.34947751653058138  0.0018889535769368325
40.824149447659011   0.81910533559455792  0.0059314071811145529
41.253877336581738   1.1046455443792175  0.014254159182371342
41.683605225504465   1.0991711833481172  0.0095193209734840555
42.113333114427192   0.88017185041590821  0.0047861580360479888
42.543061003349919   1.0338854888886486  0.018333542158147654
42.972788892272646   2.0360559401254028  0.048317206558538181
