0.4848420195558783   0.00016006505226802948  4.3971838968123213e-07     
0.9696840391117566   0.00016443899921614264  4.4565133363186463e-07     
1.454526058667635   0.00018994474242747252  2.3226152442467775e-07     
1.9393680782235132   0.0002419333059543683  1.7154714752513588e-07     
2.4242100977793917   0.0003314080132635125  4.6074103418078702e-07     
2.9090521173352699   0.00049179324520773432  5.2136794178318656e-07     
3.3938941368911482   0.00083634776601029937  1.1142427592446184e-06     
3.8787361564470264   0.001919399458488731  5.6141507634354667e-06     
4.3635781760029051   0.0078788009473598206  2.0902215178447674e-05     
4.8484201955587833   105.701983204359  0.11423431316861191     
5.3332622151146616   0.011237340735830114  2.8702838330521547e-05     
5.8181042346705398   0.0042117875039330309  8.6471119614030638e-06     
6.3029462542264181   0.0031537820541539779  1.2512936968473926e-05     
6.7877882737822963   0.0029839580034467858  1.7444788940811335e-05     
7.2726302933381746   0.0030629521442040083  1.9289439078938646e-05     
7.7574723128940528   0.0030827385808408994  1.4267672691462678e-05     
8.2423143324499311   0.0033591596122185072  1.2132428930941126e-05     
8.7271563520058102   0.004028208363035415  1.3027201865810372e-05     
9.2119983715616875   0.0050905034325153452  2.0845995109135429e-05     
9.6968403911175667   2.2176932426926595  0.0029715574177601548     
10.181682410673444   0.0057298862099259587  1.8193821547436764e-05     
10.666524430229323   0.0059787114737856905  2.7323264387482945e-05     
11.151366449785201   0.0061979197144753619  2.1052761972497216e-05     
11.63620846934108   0.0068919711655755701  3.5109292289411094e-05     
12.121050488896957   0.0077743951018311597  4.3823853513387091e-05     
12.605892508452836   0.008740433299191919  3.2190004673418647e-05     
13.090734528008714   0.011619229100992062  3.7156200538878731e-05     
13.575576547564593   0.02128982643696546  0.00012299189170035187     
14.06041856712047   0.064240356924499809  0.00055745278742827366     
14.545260586676349   40.729916658010202  0.6211606165070303     
15.030102606232226   0.073242384541254357  0.00036037703155278098     
15.514944625788106   0.027350633804974545  6.8329486940853127e-05     
15.999786645343985   0.017900852189606686  3.9820448945812889e-05     
16.484628664899862   0.015762217298417011  2.1580647575746988e-05     
16.969470684455739   0.017402889566719206  3.1984692464455285e-05     
17.45431270401162   0.023441543070234966  5.3198862657866252e-05     
17.939154723567498   0.04038924986276434  0.00012710178795108073     
18.423996743123375   0.090430344334696013  0.00066992950092375373     
18.908838762679252   0.28790327598508194  0.0020643727078807596     
19.393680782235133   84.15877774592206  2.1147412077451407     
19.878522801791011   0.31204627127731445  0.0014508558056198461     
20.363364821346888   0.10445021698829094  0.00060740688920299099     
20.848206840902765   0.063473079880155808  0.00047683845657403768     
21.333048860458646   0.050160380814218002  0.00042496858883756114     
21.817890880014524   0.048561305776522418  0.00038515234450069514     
22.302732899570401   0.052391669718161923  0.00027691140514009237     
22.787574919126278   0.071211129316056558  0.000364445351959774     
23.272416938682159   0.12880620160440978  0.00083994775561314283     
23.757258958238037   0.34364692337507207  0.0017133654663067181     
24.242100977793914   47.830097322507359  1.7406582134139514     
24.726942997349795   0.3648959801401422  0.0018986399478524722     
25.211785016905672   0.13570340170888698  0.00091383880791395526     
25.69662703646155   0.093736631665579591  0.00084721162743845205     
26.181469056017427   0.081771568331096492  0.00098359597633642156     
26.666311075573308   0.078297694379403768  0.000984272442655816     
27.151153095129185   0.075130388824701468  0.00097736266155899173     
27.635995114685063   0.062682605224493904  0.00063242995164325967     
28.12083713424094   0.062937293671950603  0.00030392193254661035     
28.605679153796821   0.089752514581859436  0.0003689269564412583     
29.090521173352698   4.7516874664529777  0.20229813318274434     
29.575363192908576   0.092359362648119032  0.00045237853615168998     
30.060205212464453   0.058819617604321953  0.00022198910951436506     
30.545047232020334   0.05485146481149751  0.00025019459678357743     
31.029889251576211   0.057409531789951104  0.00040297894924539287     
31.514731271132089   0.062341456512507475  0.0005685922204597648     
31.99957329068797   0.064615326978566841  0.00056476957890354547     
32.484415310243847   0.067384356347496371  0.00034948421382576867     
32.969257329799724   0.092215132220233019  0.00042282418850408216     
33.454099349355602   0.18792711144931234  0.00075106476650233155     
33.938941368911479   6.3985926450180611  0.29207020833693912     
34.423783388467356   0.21733167143805326  0.00085899072137172509     
34.908625408023241   0.11769184733869775  0.00038453343249527273     
35.393467427579118   0.093385508369630145  0.00042674492616768641     
35.878309447134995   0.09314479048381973  0.00038682832242752626     
36.363151466690873   0.11314877563595115  0.0006180570440751873     
36.84799348624675   0.14318683617076138  0.00065456402953085969     
37.332835505802628   0.19384329038623977  0.00058575121114743062     
37.817677525358505   0.31232369013122155  0.0011903286859111206     
38.302519544914382   0.75871776723179643  0.007018216739150097     
38.787361564470267   27.283181492536513  1.1507809564576149     
39.272203584026144   0.88097413593928545  0.0077010647383122013     
39.757045603582021   0.37286964023297141  0.0011068185114823434     
40.241887623137899   0.27689611592382357  0.0018932552826573037     
40.726729642693776   0.29209723534742898  0.0031630256283665716     
41.211571662249654   0.4934251209445925  0.010185602797175548     
41.696413681805531   0.42249350167302488  0.0063638134709010899     
42.181255701361415   0.34797865931574781  0.002257908720547058     
42.666097720917293   0.41389228111965536  0.002308560207155024     
43.15093974047317   0.88512601576262723  0.011758053528531941     
43.635781760029047   24.644859941069447  0.96689394839415847     
44.120623779584925   1.0014502627939253  0.01144063039043364     
44.605465799140802   0.41722172445811682  0.0016419322036234524     
45.090307818696679   0.32096345114615077  0.0016001367304828454     
45.575149838252557   0.36955974707865087  0.0043372302453610988     
46.059991857808441   0.86322998249911803  0.024162099956074734     
46.544833877364319   0.52795812425319052  0.010910241872611728     
47.029675896920196   0.30010323873368292  0.0034061908809539187     
47.514517916476073   0.24037633000104011  0.00078701954431274759     
47.999359936031951   0.34256716273778191  0.0037016617972603144     
48.484201955587828   5.3876039374046183  0.20319798025854342     
