0.46400628289657042   48.767666090258604  0.0097700630941963908     
0.92801256579314084   1.0968324853117623  0.002699435121581767     
1.3920188486897112   4.9535561241407073  0.0046645732906822006     
1.8560251315862817   1.2062720993323141  0.0035216195886691762     
2.3200314144828522   1.3352811887644117  0.0063189037600595363     
2.7840376973794223   1.2795394489866114  0.0045218304490083465     
3.2480439802759928   0.34331935558383609  0.0032338615370480019     
3.7120502631725634   1.2723346073929001  0.0092797607455021975     
4.1760565460691339   0.042441208614213766  0.00063228223469909351     
4.6400628289657044   1.242365801632712  0.014245988164784046     
5.104069111862275   0.066902491569947975  0.00090723521315544934     
5.5680753947588446   1.1918590215463879  0.010616896827731004     
6.0320816776554151   0.3840827013014295  0.004217557904405972     
6.4960879605519857   1.1201624744256769  0.0066391675801186164     
6.9600942434485562   1.3318705219974639  0.0093039442996204187     
7.4241005263451267   0.98004537754206502  0.0044725464365303878     
7.8881068092416973   4.6543389803116955  0.017840437702526408     
8.3521130921382678   0.77253143469821131  0.0035747666374699755     
8.8161193750348374   42.754721448660686  0.11106137082001913     
9.2801256579314089   91.495083675862911  0.20740253906838618     
9.7441319408279785   46.594405845067458  0.11179918463977162     
10.20813822372455   1.3571554171132018  0.0092855511555198124     
10.67214450662112   4.4825857250188073  0.013478160964163349     
11.136150789517689   1.2665507931838219  0.005130484325661005     
11.600157072414261   1.1463781497988377  0.0052289415569217493     
12.06416335531083   1.256672761605424  0.004675544173918741     
12.528169638207402   0.27265650585534179  0.0023298335278072716     
12.992175921103971   1.1906408579626685  0.0082709181563072284     
13.456182204000543   0.053163311888264336  0.00038967525223133072     
13.920188486897112   1.1055910331287719  0.012352806431025123     
14.384194769793684   0.11712625987580474  0.0011426795860085223     
14.848201052690253   0.99598987713313195  0.01098804820278309     
15.312207335586823   0.38356809606963736  0.005055693215025307     
15.776213618483395   0.86696362930589644  0.0080038200427968507     
16.240219901379966   1.1670722398267402  0.012159626319623022     
16.704226184276536   0.70614202783300468  0.0059851566935244833     
17.168232467173105   3.8116446495346895  0.033101831811593672     
17.632238750069675   0.49892578618439844  0.0040969657448815653     
18.096245032966248   32.366323596769938  0.26699799427811093     
18.560251315862818   72.313697151407682  0.56702008023167985     
19.024257598759387   38.513893939592744  0.29753779468915174     
19.488263881655957   1.4848514665741072  0.014750566868549733     
19.952270164552527   3.5808219541910761  0.027447726866000883     
20.4162764474491   1.1756305005902105  0.0091984480128851002     
20.88028273034567   0.8823043240584126  0.0067575472321590569     
21.344289013242239   1.1031638034831642  0.0085622049751941101     
21.808295296138809   0.21053688810926295  0.0017364737723956437     
22.272301579035378   1.0263833172529476  0.0092346651046389167     
22.736307861931952   0.10877684714455648  0.000350412876544413     
23.200314144828521   0.93349092684018593  0.010892254666749009     
23.664320427725091   0.19162953748555115  0.0013227928693952494     
24.128326710621661   0.80387672868230196  0.0099830471239181026     
24.592332993518234   0.36786339846015219  0.0053694345942351008     
25.056339276414803   0.64526258342549128  0.0074968868313556262     
25.520345559311373   0.96887563835353394  0.012570421798421087     
25.984351842207943   0.49933895803559295  0.0053820532055231168     
26.448358125104512   2.9276881963395405  0.037935601310092035     
26.912364408001086   0.33643865458435084  0.0028515105659563736     
27.376370690897655   22.841307912306979  0.31956998367483731     
27.840376973794225   53.316965506499014  0.72017784203753229     
28.304383256690794   29.740259167054822  0.38881361174071879     
28.768389539587368   1.5088328519346546  0.016227856854239185     
29.232395822483937   2.728207672494675  0.034254695795100376     
29.696402105380507   1.0418881617830167  0.012739004125896927     
30.160408388277077   0.66615550876747199  0.0068854548933805086     
30.624414671173646   0.93656280414131375  0.010910471336985341     
31.088420954070219   0.18221244654722449  0.0011453649528941212     
31.552427236966789   0.88678545243327289  0.0092169429487716328     
32.016433519863362   0.21383081549753306  0.0012682153564302008     
32.480439802759932   0.82121128166867351  0.009038095250364421     
32.944446085656502   0.2970448103212693  0.0013378524731561313     
33.408452368553071   0.69010119414047304  0.0076371731134035072     
33.872458651449641   0.36527931849886815  0.0046366778660942114     
34.33646493434621   0.50562812380034475  0.0059866740964227129     
34.80047121724278   0.81354375527852886  0.011001220194122027     
35.26447750013935   0.37838226683006445  0.0037581514718994175     
35.728483783035919   2.2564957621397371  0.033570438952823198     
36.192490065932496   0.27760160969201092  0.0015197185165112602     
36.656496348829066   16.03127929631937  0.27506809316717019     
37.120502631725635   39.086606710139513  0.65102682152071753     
37.584508914622205   22.841638637133697  0.36567247201044156     
38.048515197518775   1.4866902679611591  0.015990522170788025     
38.512521480415344   2.105433469779852  0.031741019567390939     
38.976527763311914   0.93007879925448991  0.01331549458398261     
39.440534046208484   0.52543618776794727  0.0057000458847581404     
39.904540329105053   0.81408845613661237  0.010751095172819518     
40.36854661200163   0.18709753782886228  0.00068510892985784331     
40.8325528948982   0.80985670687716732  0.007773681738169446     
41.296559177794769   0.36389036922036018  0.00288902269895656     
41.760565460691339   0.79298636943279874  0.0064203164086954553     
42.224571743587909   0.43736785945715961  0.0019902424231047291     
42.688578026484478   0.66180124911042828  0.0048764182289388596     
43.152584309381048   0.38115382017236067  0.0034549844826743278     
43.616590592277618   0.43394115835847913  0.0043487673739141772     
44.080596875174187   0.70211280982008282  0.0092366818757084983     
44.544603158070757   0.31372436889928358  0.0023074997126056593     
45.008609440967334   1.7730140645211922  0.026818480306464257     
45.472615723863903   0.29282977613771374  0.0008045578555795458     
45.936622006760473   11.259917334829003  0.20408490793893289     
46.400628289657043   28.606650547494774  0.5069443991722031     
