0.50882954214656695   1.0792137461101884e-06  1.6604621473843445e-09     
1.0176590842931339   1.1531118715023656e-06  1.6018386517049745e-09     
1.5264886264397008   1.320841038255535e-06  1.2489365807558333e-09     
2.0353181685862678   1.6593322653256487e-06  1.3995361515459059e-09     
2.544147710732835   2.3252290268047813e-06  2.9999025439780095e-09     
3.0529772528794017   3.7326311773220832e-06  3.1565730617910879e-09     
3.5618067950259684   7.1889190307676634e-06  6.7880260890131867e-09     
4.0706363371725356   1.8447486533948665e-05  2.5651060018688383e-08     
4.5794658793191028   8.743692600501993e-05  1.3416505714955802e-07     
5.0882954214656699   99.993320867922571  1.0890808723071974e-05     
5.5971249636122362   0.00013054960398775773  2.014020165832588e-07     
6.1059545057588034   4.1518094664813369e-05  5.7608436663039349e-08     
6.6147840479053706   2.4811505717167293e-05  2.3493649918052003e-08     
7.1236135900519368   2.0332538056573933e-05  1.7106012849050374e-08     
7.632443132198504   2.0928138441445829e-05  2.6995638587749841e-08     
8.1412726743450712   2.6538301351744488e-05  2.2505117486763333e-08     
8.6501022164916375   4.2387979440380951e-05  3.9967947538210478e-08     
9.1589317586382055   9.3380742215423985e-05  1.299472735194421e-07     
9.6677613007847718   0.00038976658200705034  5.9643610173939509e-07     
10.17659084293134   99.973286248609422  4.3550499431670734e-05     
10.685420385077906   0.00047565993919818325  7.3576555941803167e-07     
11.194249927224472   0.00013957027313625292  1.9340442379849395e-07     
11.70307946937104   7.7695923546613665e-05  7.3671451818300076e-08     
12.211909011517607   5.9772506489659947e-05  5.0167270806485306e-08     
12.720738553664173   5.8139701417994962e-05  7.4968541485519107e-08     
13.229568095810741   7.0068338113747899e-05  5.9593047606448906e-08     
13.738397637957307   0.00010689753568136111  1.0065299350917348e-07     
14.247227180103874   0.00022593983745453717  3.1460402288381621e-07     
14.756056722250442   0.0009081677964841511  1.3859068099004362e-06     
15.264886264397008   99.939904470858139  9.7951950885647144e-05     
15.773715806543576   0.0010361776218205536  1.6070070626223182e-06     
16.282545348690142   0.00029534474947038841  4.0865085303638614e-07     
16.79137489083671   0.00016001632100981194  1.5193696234644654e-07     
17.300204432983275   0.00012000560994580499  1.0049317247690618e-07     
17.809033975129843   0.00011397140183321268  1.4688153895552527e-07     
18.317863517276411   0.00013432086404893254  1.1458869731795312e-07     
18.826693059422976   0.0002007043874989542  1.8871563134311271e-07     
19.335522601569544   0.00041611921418302396  5.7965523547642352e-07     
19.844352143716112   0.0016426960129872238  2.4999407871073572e-06     
20.35318168586268   99.89318940946724  0.00017404560300221986     
20.862011228009244   0.0018118254571910326  2.8172474527216518e-06     
21.370840770155812   0.00050888376753641165  7.0293935435864825e-07     
21.87967031230238   0.00027182209561415776  2.5844912943716975e-07     
22.388499854448945   0.00020106431939829931  1.6801147165999072e-07     
22.897329396595513   0.00018844045446024534  2.4267918746703818e-07     
23.406158938742081   0.00021930012174202746  1.8768136939773605e-07     
23.914988480888645   0.00032380262285890051  3.0403737164241384e-07     
24.423818023035214   0.00066392082127527987  9.2505363292688034e-07     
24.932647565181782   0.0025933625243954166  3.9358501384269055e-06     
25.441477107328346   99.833160475446863  0.00027176291405915936     
25.950306649474914   0.0028022814638394087  4.3684583124043559e-06     
26.459136191621482   0.00078023656637719656  1.0757955642212735e-06     
26.967965733768047   0.00041316976018281092  3.9337020232366991e-07     
27.476795275914615   0.00030298718276287512  2.5266708074375568e-07     
27.985624818061183   0.0002815697917250518  3.6228786911502152e-07     
28.494454360207747   0.00032501646078240659  2.7908178366910879e-07     
29.003283902354315   0.00047619360908562959  4.4650958888632924e-07     
29.512113444500883   0.00096935411317514723  1.3506695522754876e-06     
30.020942986647452   0.0037601344583556796  5.690914127819531e-06     
30.529772528794016   99.75984260232744  0.00039101610324393499     
31.038602070940584   0.0040071786520170301  6.2624485082899772e-06     
31.547431613087152   0.0011094592097264948  1.5266828722535181e-06     
32.05626115523372   0.00058412287646166699  5.5686469086451821e-07     
32.565090697380285   0.00042581879745015611  3.5442131597921182e-07     
33.073920239526849   0.00039338804605967965  5.0561605248031753e-07     
33.582749781673421   0.00045148631906366386  3.8902245384646136e-07     
34.091579323819985   0.0006578859732836045  6.1603428938374846e-07     
34.60040886596655   0.0013324360235876173  1.8562901889466957e-06     
35.109238408113121   0.0051429347275255469  7.7623983025223636e-06     
35.618067950259686   99.673266228580069  0.00053169801189737914     
36.12689749240625   0.0054261047714099033  8.5008517845541854e-06     
36.635727034552822   0.0014966143918560164  2.0550064655727518e-06     
37.144556576699387   0.00078475197809875403  7.4909831682551061e-07     
37.653386118845951   0.00056960977712620282  4.7325112801790671e-07     
38.162215660992523   0.00052392952786210438  6.7255461605810264e-07     
38.671045203139087   0.00059873219840913095  5.1775798718026467e-07     
39.179874745285652   0.00086889557208915819  8.1252482212453399e-07     
39.688704287432223   0.0017531909142650644  2.4416192715564485e-06     
40.197533829578788   0.0067416419446151057  1.0147573989717107e-05     
40.706363371725359   99.573467276166177  0.00069368235853212043     
41.215192913871924   0.007058602029105969  1.1085115356146216e-05     
41.724022456018488   0.0019417712200938468  2.6601176499809737e-06     
42.23285199816506   0.0010151344830660328  9.7023696313213778e-07     
42.741681540311625   0.00073441671269200248  6.091483247247564e-07     
43.250511082458189   0.00067323419907487652  8.629772325499671e-07     
43.759340624604761   0.00076678263455955404  6.6556530160229341e-07     
44.268170166751325   0.0011092454508128564  1.0359065285112478e-06     
44.77699970889789   0.0022316504989600878  3.1062771772896319e-06     
45.285829251044461   0.008556090302346781  1.2843738066027169e-05     
45.794658793191026   99.460487125237913  0.0008768238276472501     
46.30348833533759   0.0089041667789952973  1.4016489529601825e-05     
46.812317877484162   0.0024450049743946156  3.341318426241606e-06     
47.321147419630726   0.0012753545956068256  1.2204456270994877e-06     
47.829976961777291   0.00092030212749774481  7.6211879300926967e-07     
48.338806503923863   0.00084134764239702235  1.0767408119223417e-06     
48.847636046070427   0.0009556721615639082  8.3274375561069305e-07     
49.356465588216992   0.001378965792045122  1.2861173274162781e-06     
49.865295130363563   0.002767853742658172  3.8498014952009921e-06     
50.374124672510128   0.010586069418576378  1.58482328940992e-05     
50.882954214656692   99.334372585014566  0.0010809581788797228     
