0.22051341764707871   56.965383829927045  0.081311795600534659
0.44102683529415743   14.32887807359615  0.026845992636266534
0.6615402529412362   0.71741553583652966  0.0022493990038375441
0.88205367058831485   4.6949809060148516e-06  2.0041072952225401e-08
1.1025670882353935   0.0783712345744821  0.00030683450066212405
1.3230805058824724   0.15342324381636245  0.00070496314873465179
1.543593923529551   0.028059800193759996  0.00013900927160008588
1.7641073411766297   1.652286441139214e-05  7.4297775446523881e-08
1.9846207588237084   0.014686821685296274  0.00010659168328665004
2.205134176470787   0.047276994827794334  0.00035486183650685693
2.4256475941178657   0.026750411001071672  0.00055276232693175828
2.6461610117649448   0.00016881131128724594  3.4850041082300301e-06
2.8666744294120234   0.4438455329649754  0.0039418538565564335
3.0871878470591021   0.63294546093250954  0.010071823732755246
3.3077012647061808   0.048072051164339807  0.00070409724878638587
3.5282146823532594   0.00010557000947978168  1.31317638522564e-06
3.7487281000003381   0.014172763490474032  0.00012878720231777234
3.9692415176474167   0.042633091232590366  0.00028240479926194724
4.1897549352944958   0.017318925122240189  0.00011176619234313743
4.410268352941574   0.00010216629800053806  4.642192879042659e-07
4.6307817705886531   0.011192177721333039  5.4884480665804894e-05
4.8512951882357314   0.043411481745160127  0.00029916039306513966
5.0718086058828105   0.021985335109170922  0.00018367621918517381
5.2923220235298896   0.0002176671303517514  1.6123007573421437e-06
5.5128354411769678   0.030143518983830884  0.00049879564802120507
5.7333488588240469   0.71808845410880332  0.011030966672471487
5.9538622764711251   0.55873964618640332  0.0050481486951529496
6.1743756941182042   0.0010308327630590301  2.4840031242594128e-05
6.3948891117652824   0.0174350727198583  0.00038419500177437439
6.6154025294123615   0.041515244373195108  0.00031444403608978173
6.8359159470594397   0.019549136457797599  0.00015971021589668918
7.0564293647065188   0.00028481754385764873  1.2043494028346079e-06
7.2769427823535979   0.012833292239943488  6.8937597261217034e-05
7.4974562000006761   0.108564088432575  0.00056331922686885881
7.7179696176477552   0.099838923170215162  0.0003765305796887339
7.9384830352948335   0.00059774649504258352  5.9451774975320463e-06
8.1589964529419117   0.27442692191143137  0.0011084531389537341
8.3795098705889917   10.722867053940357  0.018948700345184016
8.6000232882360699   72.197390181122195  0.11139480806024737
8.8205367058831481   760.89588948811661  0.030395595201579856
9.0410501235302281   37.597001082898538  0.045704783387195148
9.2615635411773063   16.519426551089599  0.031470557938964667
9.4820769588243845   1.4568556927868543  0.0034959452919508487
9.7025903764714627   0.0014689628698221465  1.7543322280611052e-05
9.9231037941185427   0.047229861556496375  0.00024087083569033472
10.143617211765621   0.18482083997092223  0.00075276844871850695
10.364130629412699   0.055047301187345661  0.00024855022446838983
10.584644047059779   0.00067449412694776524  3.1262615062803001e-06
10.805157464706857   0.009563305349580381  4.819249987687168e-05
11.025670882353936   0.05098105115921352  0.00038900010439450093
11.246184300001014   0.038804117475730627  0.00064189653679638583
11.466697717648094   0.0028812202692911043  5.6779269426352948e-05
11.687211135295172   0.29126454316370332  0.0028674743515813295
11.90772455294225   0.49764689209287196  0.0080357985893035733
12.128237970589328   0.065421858320627446  0.00085694914332729427
12.348751388236408   0.0015133277386025198  2.412210861322631e-05
12.569264805883487   0.008547477587710803  7.1931295040222728e-05
12.789778223530565   0.038677383724684689  0.00024856954706973607
13.010291641177645   0.02413567734396506  0.00017563328706247636
13.230805058824723   0.0010379361883399722  5.315934095446833e-06
13.451318476471801   0.0065475842062738472  2.4501026407196913e-05
13.671831894118879   0.040535409700948796  0.00028215470753295293
13.892345311765959   0.031405631239545839  0.00024851350210248184
14.112858729413038   0.0016252792180673554  9.1169739054488937e-06
14.333372147060116   0.015661747240203006  0.00027512404957420404
14.553885564707196   0.71957862820098711  0.010702733724137193
14.774398982354274   0.59924921916652221  0.0061272479110579375
14.994912400001352   0.006649057687444044  0.00018440227278710273
15.21542581764843   0.010546786493759156  0.00021977665441849897
15.43593923529551   0.035731832664306873  0.00027624507548923147
15.656452652942589   0.02366854728202988  0.0001770806395331041
15.876966070589667   0.0016606624074494709  8.4037782247096538e-06
16.097479488236747   0.0057930487962626  3.5367317109106036e-05
16.317992905883823   0.066199716073120264  0.00037883250186931042
16.538506323530903   0.10060446847278997  0.00045149931357095983
16.759019741177983   0.0047188373176706621  3.0238909836453208e-05
16.97953315882506   0.075014761797249357  0.00037608993937326342
17.20004657647214   6.8205115244857996  0.011409058120764795
17.42055999411922   77.994911704237984  0.12632362445424755
17.641073411766296   653.04655532734043  0.10673275729780612
17.861586829413376   19.821850233953513  0.016044282488524956
18.082100247060456   16.519900242166101  0.030290209693345642
18.302613664707533   2.4127080373459491  0.0044476542203943279
18.523127082354613   0.01491012586894618  0.0001402609621470947
18.743640500001689   0.020467971081926668  0.00015096555093410117
18.964153917648769   0.18964097513759283  0.00070890630217967142
19.184667335295849   0.09292542075958404  0.00036909914539725343
19.405180752942925   0.0031338149608602762  1.3113678652907878e-05
19.625694170590005   0.0051290434702394277  1.6321390439510042e-05
19.846207588237085   0.050648392224239439  0.00038537453545626115
20.066721005884162   0.052683780491526463  0.00062516827955252753
20.287234423531242   0.0086639599696051133  0.00017677854019767296
20.507747841178322   0.14826597444859319  0.0017412035772152755
20.728261258825398   0.35222373246269197  0.0055707685209079035
20.948774676472478   0.07805681470397374  0.0009857256164240212
21.169288094119558   0.0051351776730073411  8.3564621354358836e-05
21.389801511766635   0.0046607268556263155  2.9103950048719243e-05
21.610314929413715   0.032964524489083449  0.0002097979136743754
21.830828347060791   0.030306384847240265  0.00022161115353188341
22.051341764707871   0.0034000763242086212  2.0500416218823421e-05
22.271855182354951   0.0033919443170191758  1.470348648672613e-05
22.492368600002028   0.034839900216206002  0.0002366402953418288
22.712882017649108   0.040582803471452273  0.00033957673010553047
22.933395435296188   0.0050014222566394814  2.6446526546140151e-05
23.153908852943264   0.0064825198820540827  0.00010359685878916693
23.374422270590344   0.62858066757379418  0.0093625004123124301
23.594935688237424   0.55654869805982278  0.006743043100792894
23.8154491058845   0.017339470698593195  0.00052324408775822685
24.03596252353158   0.0054376689110691649  0.00010453330855418561
24.256475941178657   0.030907910622709587  0.00022286173615546284
24.476989358825737   0.027439769530760154  0.00016104320101809233
24.697502776472817   0.0045291214382670178  2.7925917322745918e-05
24.918016194119893   0.0026486017923387714  1.8349501475465758e-05
25.138529611766973   0.036854052919858155  0.00022353590481281662
25.359043029414053   0.081310023380185267  0.0004623717231032242
25.57955644706113   0.013389806423910095  6.9675367384811802e-05
25.80006986470821   0.012873911347555075  7.2964124988031238e-05
26.02058328235529   3.5845830525218564  0.0068894301623825608
26.241096700002366   71.936497892056464  0.12326372747809587
26.461610117649446   501.62770265631674  0.19211739668351803
26.682123535296526   7.4852370176598592  0.0041121917331823303
26.902636952943602   14.287489638290434  0.023311762213796283
27.123150370590682   3.3491610806483371  0.0048949020256047057
27.343663788237759   0.0646999424422987  0.00045311316162293764
27.564177205884839   0.005604013884015641  6.0659055069047086e-05
27.784690623531919   0.16526175414011937  0.00061613384342099686
28.005204041178995   0.13421783213690681  0.00045634233265037707
28.225717458826075   0.0096493476049683396  4.2602255389589056e-05
28.446230876473155   0.0020754956704295726  9.6418725006641313e-06
28.666744294120232   0.045573353931249866  0.00033595617819976128
28.887257711767312   0.066060135424423362  0.00066325180561854721
29.107771129414392   0.01808047065505264  0.00036038091085170548
29.328284547061468   0.050263165104405839  0.00072208243512148806
29.548797964708548   0.22674455369554814  0.0034190006953055283
29.769311382355625   0.083886828927169887  0.0011282452592979923
29.989824800002705   0.011246674024281124  0.00016432009930707648
30.210338217649785   0.0019440799980151143  1.0220461980212733e-05
30.430851635296861   0.026915272661688026  0.00016760961423351001
30.651365052943941   0.034673193159623839  0.00024431483542056589
30.871878470591021   0.0076361879072896236  5.0270991040981308e-05
31.092391888238097   0.0013543055402985353  7.6589978438134199e-06
31.312905305885177   0.027945580892636443  0.00018825754923554645
31.533418723532257   0.047206316137035481  0.00042450404402312613
31.753932141179334   0.011322330120468191  9.0545313273377614e-05
31.974445558826414   0.001977888576623211  2.1058635552808882e-05
32.194958976473494   0.4693097406655616  0.0074842233786582378
32.41547239412057   0.45205361918041413  0.0064426386470631564
32.635985811767647   0.031359373428510805  0.00097544491536791887
32.85649922941473   0.0019255933079692729  3.3717232905022825e-05
33.077012647061807   0.026713888020719194  0.00015491258709404787
33.297526064708883   0.03171371523785159  0.00016621599492440301
33.518039482355967   0.0090885917363504716  6.7370759587947029e-05
33.738552900003043   0.00093869478959487338  6.5685943473645326e-06
33.95906631765012   0.021963128864623789  0.00014359476025385563
34.179579735297203   0.054682784654787016  0.00037168662266284525
34.400093152944279   0.021479564114107595  0.00014475458323245102
34.620606570591356   0.0013193457747515364  7.9074685275370144e-06
34.841119988238439   1.4796720735979197  0.0048253830091803958
35.061633405885516   55.776662027203866  0.10666118833028237
35.282146823532592   339.211079951517  0.2463264030918345
35.502660241179676   1.4468027370785296  0.0058556349298675403
35.723173658826752   10.554491923118706  0.013201138274750512
35.943687076473829   3.9482310615203235  0.0049085000429521041
36.164200494120912   0.17392790660486324  0.00094295115631876317
36.384713911767989   0.00085823502125880706  9.3146023393662203e-06
36.605227329415065   0.12123418209773215  0.00050762597512650552
36.825740747062142   0.16662380140476292  0.00048791485143547742
37.046254164709225   0.02274895096434515  0.00010993317144367807
37.266767582356302   0.00054135308315791773  2.2659051246888417e-06
37.487281000003378   0.036794790055010809  0.00026929969304764308
37.707794417650462   0.076010670366008812  0.00090831093361774911
37.928307835297538   0.031673290196146942  0.00060716457740165081
38.148821252944614   0.0064563655164957598  0.00011216782249006143
38.369334670591698   0.13425211719414004  0.0020023823697216432
38.589848088238774   0.083452887993356099  0.0012908540889217257
38.810361505885851   0.019269949637082174  0.0002380901181148006
39.030874923532934   0.00040472711356097653  1.5646405758014658e-06
39.251388341180011   0.021221576006719521  0.00013440311604141855
39.471901758827087   0.036837079475679137  0.00026306909679876762
39.692415176474171   0.013595553414393899  9.0556392540771998e-05
39.912928594121247   0.00030968948802655524  1.0823336451799475e-06
40.133442011768324   0.021279068950482877  0.00015129313210212223
40.353955429415407   0.04982926674563303  0.00045490495261195184
40.574468847062484   0.020714394454023556  0.00026852206113366098
40.79498226470956   0.00055461428328984701  1.7887036222697095e-06
41.015495682356644   0.29035474462853479  0.0054086077352874794
41.23600910000372   0.32451626933765758  0.0051751682064310618
41.456522517650797   0.045301673953201833  0.0013740041179036366
41.67703593529788   0.00043197701834854445  1.4387196634455142e-06
41.897549352944957   0.022198867927698997  9.8729374569080655e-05
42.118062770592033   0.036799276986653609  0.00021830619788284603
42.338576188239117   0.01559212612190028  0.00013530649649882815
42.559089605886193   0.00028107750496547911  5.2830673904790512e-07
42.779603023533269   0.01624628442245592  0.00012207291541006389
43.000116441180346   0.037003864757265208  0.00026069935283808823
43.220629858827429   0.023826170163699176  0.00018702585978499566
43.441143276474506   0.00023260483495951035  5.8792858976112318e-07
43.661656694121582   0.43767722543012342  0.0030157479746890586
43.882170111768666   34.846210529851482  0.083121362394409575
44.102683529415742   195.69410091156268  0.24534708036843438
