0	1	0
1   0.99590536184987395   2.1972141064172528e-06   
2   0.99505360051974147   6.1636606280228888e-06   
3   0.99488180105950007   1.0205425783370767e-05   
4   0.99475414898692396   1.501883748473164e-05   
5   0.99463424180732667   1.8998230379577289e-05   
6   0.99453568707461587   2.3367321397590282e-05   
7   0.99445928670373531   2.7645525171497023e-05   
8   0.99440497915798898   3.1848991058155653e-05   
9   0.99437313846946455   3.5358552181798205e-05   
10   0.99436206522367868   3.6771818040040707e-05   
