0.22106592154331658   162.0451761863653  0.0080924537095181093     
0.44213184308663317   9.3331079359673714e-09  2.0974612349620863e-10     
0.66319776462994973   17.947559664296478  0.0080966371312341251     
0.88426368617326634   1.1334907294924929e-08  2.3293477621628584e-10     
1.1053296077165828   6.4262348624589381  0.0080970655280433964     
1.3263955292598995   1.4738633365904113e-08  3.3947590389008297e-10     
1.5474614508032161   3.2606997055227566  0.0080979877101767035     
1.7685273723465327   1.987069889099235e-08  4.5647590082175471e-10     
1.9895932938898493   1.9685794846597373  0.0080990379137413986     
2.2106592154331657   2.8342618966330191e-08  7.6784322388579534e-10     
2.4317251369764823   1.3270549799703768  0.0081005571682039616     
2.6527910585197989   4.194856749806982e-08  9.90394803645337e-10     
2.8738569800631155   0.97301445053660902  0.0081035648053598864     
3.0949229016064321   6.8211832423947896e-08  1.6949773559579436e-09     
3.3159888231497487   0.76892731779425185  0.008105359026395563     
3.5370547446930654   1.2542105391427571e-07  3.4353820668491684e-09     
3.758120666236382   0.6548464765971483  0.008104781003393768     
3.9791865877796986   3.1860321460603166e-07  1.477067664914928e-08     
4.2002525093230147   0.60331527110074964  0.0080860357503484803     
4.4213184308663314   7.3589606663008386e-06  1.6160160069835732e-07     
4.642384352409648   0.60263460981309023  0.0081607209994090978     
4.8634502739529646   4.7595810714982084e-07  2.2066446688229032e-08     
5.0845161954962812   0.65387365261292456  0.0081441545805359421     
5.3055821170395978   2.8222649045683529e-07  7.7335981493463616e-09     
5.5266480385829144   0.7674337107368052  0.0081484591142888545     
5.747713960126231   2.3528797151929724e-07  5.8462368106410109e-09     
5.9687798816695476   0.97087219145846746  0.0081588732638269938     
6.1898458032128643   2.2842691023865682e-07  5.3941338747387735e-09     
6.4109117247561809   1.3241130355202595  0.008176933487665875     
6.6319776462994975   2.5513730785785382e-07  6.9127811416011859e-09     
6.8530435678428141   1.9645771543832794  0.0081992941049947386     
7.0741094893861307   3.1800549966004267e-07  7.3074839377251409e-09     
7.2951754109294473   3.2551431502499761  0.0082332098920671183     
7.5162413324727639   4.7344175871903046e-07  1.0906082192558864e-08     
7.7373072540160805   6.418032030986332  0.0082944649076501747     
7.9583731755593972   9.1849824634232506e-07  1.8894669192523608e-08     
8.1794390971027138   17.9333419871902  0.008434750407343787     
8.4005050186460295   3.3709584403364455e-06  7.5849902430681631e-08     
8.621570940189347   162.01238016461517  0.0093086635197034628     
8.8426368617326627   399.99212966567096  0.0001501510448333833     
9.0637027832759802   162.07162281807696  0.0069818393642409838     
9.2847687048192959   4.1138049997693802e-06  9.2329787910421723e-08     
9.5058346263626134   17.961093561414372  0.0077708719499283155     
9.7269005479059292   1.3709439713679001e-06  2.8141313564096885e-08     
9.9479664694492467   6.4342091915472269  0.0079028360144603633     
10.169032390992562   8.6597348410266368e-07  1.9941458936699606e-08     
10.39009831253588   3.2661523875783112  0.0079639400954418477     
10.611164234079196   7.1515610656492954e-07  1.6421943471226672e-08     
10.832230155622513   1.9725288095704718  0.0079991123003856168     
11.053296077165829   7.0839281786828517e-07  1.9187202833422896e-08     
11.274361998709146   1.329969396130789  0.0080241194814285545     
11.495427920252462   7.875357655681576e-07  1.8587606524009518e-08     
11.71649384179578   0.97514341504005138  0.0080480118399430201     
11.937559763339095   1.0146759117712e-06  2.5212009794944685e-08     
12.158625684882413   0.77041644641050201  0.0080618719037162692     
12.379691606425729   1.5361987612268663e-06  4.2055465104786442e-08     
12.600757527969046   0.65582220478489034  0.0080649804081221757     
12.821823449512362   3.3076968172250369e-06  1.5333423048309383e-07     
13.042889371055679   0.60402111062316101  0.008010914753684913     
13.263955292598995   6.622599088534371e-05  1.4542222735418083e-06     
13.485021214142312   0.60197926730900719  0.0082349404317144134     
13.706087135685628   3.7801388731418642e-06  1.7525141162167933e-07     
13.927153057228946   0.65290392051630302  0.0081830926837882615     
14.148218978772261   2.0070848386667501e-06  5.501466205182972e-08     
14.369284900315577   0.76593589831468648  0.008191162323223712     
14.590350821858895   1.5162675781119685e-06  3.7668077789127088e-08     
14.81141674340221   0.96871702248116286  0.0082139254087066329     
15.032482664945528   1.3474451473734247e-06  3.1821014509619131e-08     
15.253548586488844   1.3211440876702868  0.0082532325265083839     
15.474614508032161   1.3893275608955016e-06  3.7642715024472899e-08     
15.695680429575477   1.9605225323660914  0.0082998607418335936     
15.916746351118794   1.6102298612376381e-06  3.700813541109286e-08     
16.13781227266211   3.2494837169638194  0.0083695835202487859     
16.358878194205428   2.2434396441143823e-06  5.167947605498359e-08     
16.579944115748745   6.4096021796433263  0.0084950160260359529     
16.801010037292059   4.0951285778124014e-06  8.4319119095228034e-08     
17.022075958835376   17.918443200725795  0.0087851928426331903     
17.243141880378694   1.4209998100459758e-05  3.201063455154047e-07     
17.464207801922011   161.97324050352523  0.010631725139067114     
17.685273723465325   399.96852018575377  0.00060055412386028184     
17.906339645008643   162.09171553642903  0.0059761296420463604     
18.12740556655196   1.567293790427947e-05  3.5127179368065531e-07     
18.348471488095278   17.97394113846464  0.0074574582657724985     
18.569537409638592   4.9943734134959435e-06  1.0239218655278878e-07     
18.790603331181909   6.4419535776041749  0.0077117920980421232     
19.011669252725227   3.0255776076541224e-06  6.9648588502575825e-08     
19.232735174268544   3.2715002188105264  0.0078310894259645241     
19.453801095811858   2.4030104351976973e-06  5.5150038178651825e-08     
19.674867017355176   1.9764244231510659  0.007899537129656458     
19.895932938898493   2.2945576889710947e-06  6.2128754738017771e-08     
20.116998860441811   1.3328557617630252  0.00794763629838964     
20.338064781985125   2.4645279025835425e-06  5.8142547999651969e-08     
20.559130703528442   0.9772587001494089  0.0079922262414612143     
20.78019662507176   3.0740951354103974e-06  7.6369819957814182e-08     
21.001262546615077   0.77190082153919851  0.0080180077427693297     
21.222328468158391   4.5137800936899686e-06  1.2349105777158854e-07     
21.443394389701709   0.65680064550086807  0.0080247615285161015     
21.664460311245026   9.4421135757885296e-06  4.3764545520463573e-07     
21.88552623278834   0.60475197482995617  0.0079353892777734905     
22.106592154331658   0.0001839352276442716  4.0384391640720467e-06     
22.327658075874975   0.60134937108084843  0.0083086651580527616     
22.548723997418293   1.0230774504874178e-05  4.7427371978270841e-07     
22.769789918961607   0.65193746392746835  0.0082215871389957008     
22.990855840504924   5.3001556700242041e-06  1.4530478162063136e-07     
23.211921762048242   0.76443415153406767  0.0082334589668814188     
23.432987683591559   3.9112917846355802e-06  9.7137564620045207e-08     
23.654053605134873   0.96654932799800173  0.0082687095067332972     
23.875119526678191   3.3992910133760019e-06  8.0272171138653007e-08     
24.096185448221508   1.3181486637732433  0.0083294383383360053     
24.317251369764826   3.4312840755909963e-06  9.2956891226556705e-08     
24.53831729130814   1.9564163396373314  0.0084007174371342329     
24.759383212851457   3.8970307576313679e-06  8.9570884310544731e-08     
24.980449134394775   3.2437224181094711  0.0085070847409415269     
25.201515055938092   5.3258762885960989e-06  1.2267252628554581e-07     
25.422580977481406   6.40094683227355  0.0086986983540498813     
25.643646899024723   9.5436617378454506e-06  1.9666366217495196e-07     
25.864712820568041   17.90286610509443  0.0091479309097532591     
26.085778742111358   3.2537644621201561e-05  7.3375297687022642e-07     
26.306844663654672   161.92776417929595  0.012063019489069432     
26.52791058519799   399.92917612886705  0.0013510378938093318     
26.748976506741307   162.10545104685854  0.0050760525509148615     
26.970042428284625   3.467518234831781e-05  7.7601548271461997e-07     
27.191108349827939   17.986099986859889  0.0071563830567624019     
27.412174271371256   1.0878415307137904e-05  2.2272316237116259e-07     
27.633240192914574   6.4494666223710638  0.0075239471328747104     
27.854306114457891   6.4917714169702639e-06  1.4937229374609502e-07     
28.075372036001205   3.2767422395612496  0.0076994573290678945     
28.296437957544523   5.0824010471243525e-06  1.1656629029848543e-07     
28.51750387908784   1.9802656273517779  0.0078003319862644233     
28.738569800631154   4.7859280544152996e-06  1.295290577833719e-07     
28.959635722174472   1.3357135574681163  0.007871123438760896     
29.180701643717789   5.0720786420085183e-06  1.195910207124975e-07     
29.401767565261107   0.97935992104057437  0.0079362199448902922     
29.622833486804421   6.2456630672814081e-06  1.5511570227200616e-07     
29.843899408347738   0.77338016626625162  0.0079737766867874786     
30.064965329891056   9.0570764548380668e-06  2.4760127455003352e-07     
30.286031251434373   0.65778160315400657  0.0079841333725506442     
30.507097172977687   1.8719981124641952e-05  8.6751093152810779e-07     
30.728163094521005   0.60550769723293798  0.007859491809597961     
30.949229016064322   0.00036043704077199935  7.912204575020348e-06     
31.17029493760764   0.60074503551836912  0.0083818674500817885     
31.391360859150954   1.9826745693522459e-05  9.1899993089414197e-07     
31.612426780694271   0.65097446233276416  0.0082596300568951279     
31.833492702237589   1.0161288142287944e-05  2.7859176861091538e-07     
32.054558623780906   0.76292873923188251  0.0082753395221771882     
32.27562454532422   7.4202794872762937e-06  1.8420656795527544e-07     
32.496690466867541   0.96436949198251525  0.0083232139041025748     
32.717756388410855   6.3840653959553936e-06  1.5072768253054815e-07     
32.938822309954169   1.3151272934561745  0.0084055349528615673     
33.15988823149749   6.3811972689145584e-06  1.7283308439480602e-07     
33.380954153040804   1.9522593043717512  0.0085018435620329613     
33.602020074584118   7.1787124833600003e-06  1.649874638097347e-07     
33.823085996127439   3.2378602830109996  0.0086456889788697261     
34.044151917670753   9.7216822114491046e-06  2.2387271899608681e-07     
34.265217839214074   6.3920675534982458  0.0089054889665154286     
34.486283760757388   1.7266273709604586e-05  3.5605028033982586e-07     
34.707349682300702   17.886613629007969  0.0095229174490518094     
34.928415603844023   5.8364960891623696e-05  1.3174815244982311e-06     
35.149481525387337   161.87595939131442  0.013603836495440418     
35.370547446930651   399.87410510740447  0.0024013273201673329     
35.591613368473972   162.1128272844848  0.0042853289085631729     
35.812679290017286   6.1108881823730736e-05  1.3654586851253468e-06     
36.0337452115606   17.99756783039401  0.0068676160836789103     
36.254811133103921   1.9019607573674287e-05  3.8883735787969644e-07     
36.475877054647235   6.456746970483259  0.0073393121299278906     
36.696942976190556   1.126256564582665e-05  2.5899902356322565e-07     
36.91800889773387   3.2818775084640279  0.007569064675185477     
37.139074819277184   8.7521146804865957e-06  2.0057569434948818e-07     
37.360140740820505   1.9840517322892232  0.0077015161628365252     
37.581206662363819   8.1814164878877889e-06  2.2130343122914635e-07     
37.802272583907133   1.3385422668742739  0.007794596661784829     
38.023338505450454   8.6091565684719451e-06  2.028479280514801e-07     
38.244404426993768   0.98144669302453618  0.0078800049401166513     
38.465470348537089   1.0528352543913668e-05  2.6137182521190606e-07     
38.686536270080403   0.77485420191345203  0.0079291890199691391     
38.907602191623717   1.5164691070659415e-05  4.1420732318633179e-07     
39.128668113167038   0.65876487831551236  0.0079431052182448279     
39.349734034710352   3.1138681514676407e-05  1.4426555645083791e-06     
39.570799956253666   0.60628809847854233  0.00778325607432725     
39.791865877796987   0.0005956570279641365  1.3072449991351249e-05     
40.012931799340301   0.6001663618714526  0.0084545207214619452     
40.233997720883622   3.2566185424009724e-05  1.5092152247106134e-06     
40.455063642426936   0.65001509101753819  0.0082972138361156995     
40.67612956397025   1.6590021010245119e-05  4.5482502832481216e-07     
40.897195485513571   0.76141992797863801  0.0083167946345085388     
41.118261407056885   1.2042927398349124e-05  2.9880182874224128e-07     
41.339327328600199   0.96217789785180144  0.0083774270325203972     
41.56039325014352   1.0301682251754719e-05  2.4314659924274636e-07     
41.781459171686834   1.312080508431628  0.0084815063851339934     
42.002525093230155   1.0239077113868247e-05  2.7722760355955025e-07     
42.223591014773469   1.9480521616291026  0.0086032182592782931     
42.444656936316782   1.1455396494740066e-05  2.6322890550035269e-07     
42.665722857860104   3.2318983575031471  0.0087853709502536713     
42.886788779403417   1.543157392902683e-05  3.5524213619335618e-07     
43.107854700946731   6.3829659481484447  0.0091153625582721015     
43.328920622490052   2.7264879742498046e-05  5.6256542534179895e-07     
43.549986544033366   17.86968882861177  0.0099100926151763767     
43.77105246557668   9.1702875474261029e-05  2.0719016103835991e-06     
43.992118387120001   161.81783555930784  0.015255279809586881     
44.213184308663315   399.8033177745802  0.0037510339314695292     
