0.000101582   -0.000961245     0
6.23155e-05   0.00106284     0
0.0501354   -0.00097623     1
0.050027   0.0010445     1
0.100118   -0.00099182     2
0.100037   0.00103064     2
0.150057   0.00101937     3
0.150109   -0.00100439     3
0.200109   0.00103754     4
0.200059   -0.000986206     4
0.2501   -0.000986942     5
0.250064   0.00103723     5
0.300083   -0.000989648     6
0.300082   0.00103493     6
0.350089   0.001029     7
0.350076   -0.000995534     7
0.400062   0.00103776     8
0.400105   -0.000986251     8
0.450126   -0.000974359     9
0.450036   0.00104764     9
0.500011   0.00104606     10
-0.499857   -0.000972794     10
-0.449943   -0.000971118     11
-0.449904   0.00105298     11
-0.399913   0.00104139     12
-0.399933   -0.000983059     12
-0.349971   0.00103096     13
-0.34987   -0.000990285     13
-0.299995   0.00102574     14
-0.299845   -0.000991419     14
-0.249914   -0.000999464     15
-0.249933   0.00102503     15
-0.199968   -0.000994818     16
-0.19989   0.00102778     16
-0.149923   -0.00097865     17
-0.149936   0.00104588     17
-0.0998991   -0.000981584     18
-0.0999474   0.00104225     18
-0.0498974   0.00103781     19
-0.0499496   -0.000985898     19
0.0250457   0.0490367     20
0.0251172   0.0510597     20
0.0750564   0.0490195     21
0.075109   0.0510432     21
0.125081   0.0510257     22
0.125087   0.0490011     22
0.175032   0.0490048     23
0.175129   0.0510263     23
0.225085   0.0510394     24
0.225079   0.0490149     24
0.27507   0.0490107     25
0.275081   0.0510352     25
0.32506   0.0490076     26
0.325086   0.051032     26
0.375062   0.0510365     27
0.375077   0.049012     27
0.425029   0.0490189     28
0.425104   0.0510416     28
0.475061   0.0490225     29
0.475077   0.051047     29
-0.474915   0.0490213     30
0.52507   0.0510459     30
-0.424913   0.0510505     31
-0.424928   0.049026     31
-0.374928   0.0510434     32
-0.37492   0.0490188     32
-0.324914   0.0510327     33
-0.32493   0.0490081     33
-0.274933   0.0490031     34
-0.27491   0.0510275     34
-0.224952   0.0490103     35
-0.224893   0.0510338     35
-0.174865   0.0510362     36
-0.174988   0.0490166     36
-0.124903   0.0510351     37
-0.124948   0.0490112     37
-0.0749029   0.0490107     38
-0.0749514   0.0510346     38
-0.0248616   0.0510491     39
-0.024981   0.0490292     39
0.0501056   0.101052     40
0.0500774   0.0990272     40
0.100078   0.101037     41
0.100103   0.0990125     41
0.150045   0.101023     42
0.15012   0.0990007     42
0.200073   0.0990065     43
0.200103   0.101031     43
0.250088   0.101038     44
0.250084   0.0990132     44
0.300056   0.0990173     45
0.300108   0.101041     45
0.350101   0.101031     46
0.350065   0.0990069     46
0.400133   0.101032     47
0.400013   0.0990126     47
0.450128   0.101044     48
0.450021   0.0990232     48
0.500095   0.0990199     49
0.500058   0.101044     49
-0.449926   0.0990229     50
0.550079   0.101047     50
-0.399916   0.101046     51
-0.399918   0.0990215     51
-0.349933   0.101033     52
-0.349901   0.0990091     52
-0.299923   0.099004     53
-0.29991   0.101029     53
-0.249888   0.101025     54
-0.249947   0.0990016     54
-0.199936   0.0990083     55
-0.199894   0.101032     55
-0.149831   0.101029     56
-0.149995   0.0990134     56
-0.0999472   0.0990176     57
-0.0998858   0.101041     57
-0.0498314   0.101035     58
-0.050001   0.09902     58
3.01864e-05   0.0990297     59
0.000146774   0.10105     59
0.0750871   0.151045     60
0.0751037   0.149021     60
0.125   0.151028     61
0.125171   0.149012     61
0.175069   0.149002     62
0.175104   0.151026     62
0.225127   0.149006     63
0.225043   0.151028     63
0.275083   0.149013     64
0.27509   0.151038     64
0.325162   0.149004     65
0.325016   0.151022     65
0.375118   0.151036     66
0.37506   0.149013     66
0.425125   0.151046     67
0.425042   0.149024     67
0.475061   0.149026     68
0.475101   0.15105     68
0.52507   0.14902     69
0.525094   0.151045     69
-0.42491   0.149019     70
0.575073   0.151043     70
-0.374857   0.149015     71
-0.374972   0.151036     71
-0.324946   0.151026     72
-0.324882   0.149003     72
-0.274941   0.151027     73
-0.2749   0.149003     73
-0.224911   0.149     74
-0.224915   0.151024     74
-0.174897   0.149008     75
-0.174919   0.151032     75
-0.124974   0.149017     76
-0.124844   0.151036     76
-0.0749274   0.149012     77
-0.0748812   0.151036     77
-0.0248729   0.151052     78
-0.0249359   0.149029     78
0.025097   0.14903     79
0.0250911   0.151055     79
0.100038   0.201046     80
0.100134   0.199024     80
0.150084   0.198998     81
0.150103   0.201023     81
0.200106   0.201039     82
0.200081   0.199015     82
0.250139   0.201028     83
0.250041   0.199007     83
0.30005   0.201036     84
0.300127   0.199014     84
0.35004   0.199003     85
0.350133   0.201025     85
0.400099   0.201043     86
0.400074   0.199019     86
0.450075   0.199025     87
0.450103   0.201049     87
0.500045   0.19903     88
0.500126   0.201052     88
0.550043   0.201045     89
0.550119   0.199022     89
-0.399971   0.199019     90
0.600131   0.20104     90
-0.34991   0.19901     91
-0.34993   0.201034     91
-0.299876   0.201031     92
-0.299953   0.199008     92
-0.249902   0.198995     93
-0.249925   0.201019     93
-0.199903   0.201028     94
-0.199925   0.199004     94
-0.149907   0.19901     95
-0.149916   0.201035     95
-0.0999435   0.20103     96
-0.0998712   0.199007     96
-0.0498821   0.201046     97
-0.0499248   0.199022     97
6.66237e-05   0.201059     98
0.000114402   0.199035     98
0.0500579   0.201049     99
0.0501233   0.199025     99
0.125076   0.251027     100
0.125112   0.249002     100
0.175108   0.251031     101
0.175069   0.249006     101
0.225089   0.251034     102
0.225098   0.24901     102
0.275079   0.249012     103
0.275105   0.251037     103
0.32512   0.24901     104
0.325067   0.251034     104
0.375167   0.251031     105
0.375033   0.249013     105
0.425168   0.251037     106
0.425023   0.24902     106
0.475038   0.249031     107
0.475146   0.251052     107
0.525093   0.251051     108
0.525094   0.249027     108
0.575085   0.251043     109
0.575101   0.249018     109
-0.374927   0.249014     110
0.625116   0.251037     110
-0.324888   0.251027     111
-0.324927   0.249002     111
-0.274882   0.25103     112
-0.274928   0.249006     112
-0.22492   0.248993     113
-0.224895   0.251017     113
-0.174862   0.251034     114
-0.174956   0.249012     114
-0.124897   0.251031     115
-0.124924   0.249007     115
-0.0749414   0.249009     116
-0.0748785   0.251032     116
-0.0248906   0.24904     117
-0.0249321   0.251064     117
0.0250867   0.249029     118
0.025087   0.251054     118
0.0750994   0.249021     119
0.0750799   0.251046     119
0.150051   0.299007     120
0.150135   0.30103     120
0.200109   0.30103     121
0.200081   0.299006     121
0.250086   0.299007     122
0.250099   0.301031     122
0.300078   0.29901     123
0.300109   0.301034     123
0.350129   0.301031     124
0.350067   0.299007     124
0.40009   0.299012     125
0.400112   0.301037     125
0.450056   0.299029     126
0.450138   0.301051     126
0.500111   0.301051     127
0.500081   0.299026     127
0.550098   0.301048     128
0.550108   0.299023     128
0.600104   0.301037     129
0.600096   0.299012     129
-0.349853   0.299005     130
0.650053   0.301027     130
-0.299902   0.301026     131
-0.299891   0.299002     131
-0.249873   0.298998     132
-0.249927   0.301022     132
-0.19997   0.299005     133
-0.199833   0.301024     133
-0.149906   0.301039     134
-0.149906   0.299015     134
-0.0999565   0.299011     135
-0.09986   0.301033     135
-0.0498207   0.30104     136
-0.0499907   0.299025     136
0.000101976   0.301054     137
9.61711e-05   0.29903     137
0.0501396   0.299031     138
0.0500453   0.301053     138
0.100032   0.301038     139
0.100155   0.299019     139
0.175126   0.351033     140
0.175067   0.34901     140
0.225083   0.349006     141
0.225103   0.35103     141
0.275133   0.351028     142
0.275053   0.349006     142
0.325081   0.349003     143
0.325103   0.351027     143
0.375102   0.349015     144
0.37509   0.35104     144
0.425059   0.349022     145
0.425134   0.351044     145
0.475054   0.34903     146
0.47515   0.351051     146
0.525114   0.351052     147
0.525086   0.349028     147
0.575072   0.35104     148
0.575131   0.349017     148
0.625091   0.351033     149
0.625111   0.349009     149
-0.324947   0.349001     150
0.675156   0.351022     150
-0.274872   0.35103     151
-0.274923   0.349007     151
-0.224897   0.349001     152
-0.224896   0.351026     152
-0.174941   0.349016     153
-0.174852   0.351038     153
-0.124913   0.349014     154
-0.124895   0.351039     154
-0.0749068   0.349017     155
-0.0748995   0.351042     155
-0.0248448   0.351051     156
-0.0249544   0.34903     156
0.0250923   0.349035     157
0.0250999   0.351059     157
0.0750943   0.351038     158
0.0751011   0.349014     158
0.125155   0.351028     159
0.125045   0.349007     159
0.200052   0.399018     160
0.200165   0.401039     160
0.250146   0.401024     161
0.250072   0.399001     161
0.300082   0.399004     162
0.300122   0.401028     162
0.350188   0.401025     163
0.350016   0.39901     163
0.400051   0.39902     164
0.40015   0.401041     164
0.450143   0.401038     165
0.450067   0.399015     165
0.500039   0.399034     166
0.500172   0.401053     166
0.550079   0.40105     167
0.550136   0.399026     167
0.600086   0.399014     168
0.600129   0.401038     168
0.650126   0.401019     169
0.650088   0.398995     169
0.700142   0.401029     170
-0.299931   0.399006     170
-0.249943   0.401026     171
-0.249846   0.399004     171
-0.19994   0.399005     172
-0.199853   0.401027     172
-0.149857   0.401039     173
-0.149935   0.399016     173
-0.0998638   0.401045     174
-0.0999333   0.399022     174
-0.0499675   0.39902     175
-0.0498285   0.401039     175
7.91785e-05   0.399036     176
0.0001231   0.40106     176
0.0501148   0.401049     177
0.0501036   0.399024     177
0.100076   0.399011     178
0.100151   0.401034     178
0.150149   0.401037     179
0.150073   0.399015     179
0.225088   0.451035     180
0.225146   0.449012     180
0.27508   0.448999     181
0.275134   0.451023     181
0.325096   0.449005     182
0.325114   0.45103     182
0.375163   0.451035     183
0.375067   0.449013     183
0.425107   0.449014     184
0.425127   0.451038     184
0.475183   0.451042     185
0.475038   0.449024     185
0.525153   0.44903     186
0.525066   0.451052     186
0.575162   0.449022     187
0.575058   0.451043     187
0.625085   0.451029     188
0.625137   0.449005     188
0.675109   0.448999     189
0.675112   0.451024     189
-0.274846   0.449009     190
0.725057   0.451031     190
-0.224895   0.448998     191
-0.224894   0.451022     191
-0.17489   0.451027     192
-0.174904   0.449003     192
-0.124907   0.449017     193
-0.124885   0.451042     193
-0.0749273   0.451041     194
-0.0748632   0.449018     194
-0.0249289   0.449035     195
-0.0248683   0.451059     195
0.0251   0.451047     196
0.0251116   0.449023     196
0.0750751   0.451043     197
0.0751606   0.449021     197
0.125147   0.451041     198
0.125087   0.449018     198
0.175163   0.449012     199
0.175067   0.451034     199
0.250175   0.499002     200
-0.249987   -0.498978     200
0.300046   0.499007     201
-0.199864   -0.498974     201
0.350132   0.499003     202
-0.149937   -0.498973     202
-0.0999308   -0.498963     203
0.40013   0.499013     203
0.450083   0.499022     204
-0.0498858   -0.498955     204
6.52697e-05   -0.498943     205
0.500129   0.499032     205
0.0500552   -0.498944     206
0.550135   0.499032     206
0.100051   -0.498964     207
0.600134   0.499012     207
0.650077   0.499003     208
0.150104   -0.498974     208
0.700104   0.499006     209
0.200063   -0.498969     209
-0.249875   0.499001     210
0.25004   -0.498975     210
-0.69991   -0.498976     211
-0.199933   0.499001     211
-0.149939   0.499008     212
-0.649893   -0.49897     212
-0.0998928   0.499019     213
-0.599944   -0.498957     213
-0.0499654   0.499023     214
-0.549864   -0.498958     214
-0.499917   -0.498944     215
0.000112151   0.499032     215
-0.44996   -0.498954     216
0.0501475   0.499023     216
-0.399942   -0.498961     217
0.100137   0.499015     217
-0.349963   -0.498963     218
0.150163   0.499015     218
-0.299891   -0.498967     219
0.200093   0.499009     219
-0.224915   -0.448973     220
-0.224944   -0.450997     220
-0.174974   -0.448962     221
-0.174886   -0.450984     221
-0.124914   -0.448966     222
-0.124943   -0.45099     222
-0.0749241   -0.450985     223
-0.0749306   -0.44896     223
-0.0249492   -0.448943     224
-0.0249062   -0.450967     224
0.0251138   -0.450974     225
0.0250312   -0.448951     225
0.0751228   -0.450976     226
0.0750285   -0.448954     226
0.125064   -0.448968     227
0.125079   -0.450992     227
0.175079   -0.450997     228
0.175057   -0.448972     228
0.225078   -0.448969     229
0.225055   -0.450993     229
-0.724925   -0.450996     230
0.275059   -0.448971     230
-0.674909   -0.448972     231
-0.674961   -0.450996     231
-0.624939   -0.45098     232
-0.624929   -0.448955     232
-0.574933   -0.450986     233
-0.574933   -0.448961     233
-0.524946   -0.450979     234
-0.524908   -0.448955     234
-0.474875   -0.450974     235
-0.474979   -0.448953     235
-0.42494   -0.448952     236
-0.4249   -0.450976     236
-0.374968   -0.448966     237
-0.374877   -0.450987     237
-0.324879   -0.45099     238
-0.324978   -0.448969     238
-0.274922   -0.450988     239
-0.274928   -0.448963     239
-0.199918   -0.398961     240
-0.199928   -0.400985     240
-0.1499   -0.40099     241
-0.149955   -0.398966     241
-0.0999803   -0.398959     242
-0.0998792   -0.40098     242
-0.0499766   -0.400971     243
-0.0498892   -0.398949     243
0.000130267   -0.400966     244
1.30769e-05   -0.398946     244
0.0500892   -0.398955     245
0.0500689   -0.40098     245
0.100051   -0.398962     246
0.100091   -0.400986     246
0.150062   -0.400993     247
0.150072   -0.398969     247
0.200096   -0.39897     248
0.200037   -0.400993     248
0.250005   -0.398973     249
0.250114   -0.400994     249
0.300022   -0.398969     250
-0.699896   -0.400992     250
-0.64998   -0.400985     251
-0.649891   -0.398963     251
-0.599925   -0.398958     252
-0.599933   -0.400983     252
-0.54996   -0.400982     253
-0.549886   -0.398959     253
-0.499928   -0.400976     254
-0.499925   -0.398952     254
-0.449881   -0.39896     255
-0.449972   -0.400982     255
-0.399985   -0.398959     256
-0.39987   -0.400979     256
-0.34991   -0.400988     257
-0.349951   -0.398964     257
-0.299972   -0.400994     258
-0.299897   -0.398972     258
-0.249975   -0.398967     259
-0.249883   -0.400989     259
-0.174937   -0.34896     260
-0.174912   -0.350985     260
-0.124909   -0.348955     261
-0.124961   -0.350978     261
-0.0749064   -0.350977     262
-0.0749645   -0.348954     262
-0.0249663   -0.348946     263
-0.0248963   -0.350969     263
0.0250383   -0.348951     264
0.0251046   -0.350975     264
0.0751322   -0.350977     265
0.0750177   -0.348957     265
0.125069   -0.34896     266
0.125072   -0.350985     266
0.175053   -0.35099     267
0.175088   -0.348966     267
0.225059   -0.34897     268
0.225071   -0.350994     268
0.275099   -0.348971     269
0.275034   -0.350994     269
0.325112   -0.348974     270
-0.67499   -0.350996     270
-0.624934   -0.348962     271
-0.624933   -0.350986     271
-0.574967   -0.348963     272
-0.574897   -0.350986     272
-0.524962   -0.348952     273
-0.524893   -0.350975     273
-0.474909   -0.350982     274
-0.474937   -0.348957     274
-0.424909   -0.348953     275
-0.424945   -0.350977     275
-0.374914   -0.34896     276
-0.374935   -0.350985     276
-0.324929   -0.348973     277
-0.324908   -0.350998     277
-0.274968   -0.350987     278
-0.274881   -0.348965     278
-0.224948   -0.350991     279
-0.224907   -0.348967     279
-0.149926   -0.298955     280
-0.149931   -0.30098     280
-0.0998884   -0.298954     281
-0.0999668   -0.300976     281
-0.0499936   -0.300973     282
-0.049859   -0.298954     282
6.27484e-05   -0.300977     283
8.72328e-05   -0.298953     283
0.0500944   -0.300971     284
0.0500379   -0.298947     284
0.100073   -0.300985     285
0.100067   -0.29896     285
0.150066   -0.298962     286
0.150067   -0.300986     286
0.200045   -0.298967     287
0.200088   -0.300991     287
0.250027   -0.300993     288
0.25011   -0.29897     288
0.300043   -0.300992     289
0.300101   -0.298968     289
0.350086   -0.298958     290
-0.649956   -0.300982     290
-0.599948   -0.300979     291
-0.599915   -0.298955     291
-0.549909   -0.298959     292
-0.549951   -0.300983     292
-0.499928   -0.300984     293
-0.499933   -0.29896     293
-0.449926   -0.300982     294
-0.44993   -0.298957     294
-0.399955   -0.298953     295
-0.399898   -0.300976     295
-0.349986   -0.298971     296
-0.349869   -0.300991     296
-0.299905   -0.298966     297
-0.299948   -0.30099     297
-0.249968   -0.298965     298
-0.24988   -0.300987     298
-0.199905   -0.298961     299
-0.199937   -0.300985     299
-0.124953   -0.250983     300
-0.124876   -0.248961     300
-0.0749312   -0.250978     301
-0.074905   -0.248954     301
-0.0249288   -0.250967     302
-0.0249145   -0.248942     302
0.0250891   -0.250967     303
0.025051   -0.248943     303
0.0751141   -0.250978     304
0.0750253   -0.248956     304
0.125075   -0.248957     305
0.12507   -0.250981     305
0.175067   -0.250982     306
0.175084   -0.248958     306
0.225079   -0.250996     307
0.225063   -0.248972     307
0.275106   -0.250991     308
0.275039   -0.248968     308
0.325095   -0.248963     309
0.32505   -0.250987     309
0.375109   -0.248956     310
-0.624968   -0.250979     310
-0.574954   -0.25098     311
-0.574889   -0.248957     311
-0.524898   -0.250979     312
-0.524957   -0.248956     312
-0.474949   -0.24896     313
-0.474907   -0.250984     313
-0.424969   -0.248955     314
-0.424886   -0.250977     314
-0.374898   -0.250988     315
-0.37496   -0.248965     315
-0.324901   -0.248969     316
-0.324953   -0.250993     316
-0.274901   -0.248964     317
-0.274949   -0.250988     317
-0.22487   -0.248972     318
-0.224972   -0.250994     318
-0.174975   -0.250974     319
-0.174859   -0.248954     319
-0.0998945   -0.200983     320
-0.0999595   -0.19896     320
-0.0498911   -0.198951     321
-0.049953   -0.200975     321
8.65264e-05   -0.198937     322
7.29957e-05   -0.200962     322
0.0500755   -0.200971     323
0.0500793   -0.198946     323
0.100111   -0.198967     324
0.100041   -0.20099     324
0.150086   -0.200988     325
0.150072   -0.198963     325
0.200082   -0.200983     326
0.200082   -0.198958     326
0.250043   -0.200989     327
0.250107   -0.198966     327
0.300046   -0.20099     328
0.300095   -0.198966     328
0.350044   -0.200984     329
0.350118   -0.198961     329
0.400099   -0.198961     330
-0.599939   -0.200985     330
-0.54996   -0.200971     331
-0.549885   -0.198949     331
-0.499945   -0.198956     332
-0.499901   -0.20098     332
-0.449971   -0.20098     333
-0.449869   -0.198958     333
-0.399889   -0.200979     334
-0.399962   -0.198956     334
-0.349878   -0.200995     335
-0.349977   -0.198974     335
-0.299943   -0.198969     336
-0.299895   -0.200993     336
-0.249959   -0.198972     337
-0.249882   -0.200995     337
-0.199936   -0.200988     338
-0.199912   -0.198963     338
-0.149935   -0.19895     339
-0.149903   -0.200975     339
-0.0749672   -0.150978     340
-0.0748641   -0.148957     340
-0.0249071   -0.148943     341
-0.0249322   -0.150967     341
0.0251306   -0.150965     342
0.025034   -0.148943     342
0.0751125   -0.150987     343
0.0750557   -0.148964     343
0.125069   -0.150993     344
0.125093   -0.148969     344
0.175091   -0.148961     345
0.175079   -0.150986     345
0.225096   -0.148965     346
0.225068   -0.150989     346
0.275087   -0.148965     347
0.275077   -0.150989     347
0.32507   -0.150994     348
0.325098   -0.14897     348
0.375088   -0.15099     349
0.375091   -0.148966     349
0.42515   -0.148958     350
-0.574974   -0.150977     350
-0.524914   -0.14895     351
-0.524918   -0.150975     351
-0.47488   -0.148954     352
-0.474945   -0.150977     352
-0.424885   -0.148951     353
-0.424953   -0.150974     353
-0.374932   -0.150988     354
-0.374914   -0.148963     354
-0.324937   -0.151002     355
-0.324912   -0.148978     355
-0.274884   -0.150994     356
-0.274971   -0.148972     356
-0.224923   -0.150996     357
-0.224922   -0.148971     357
-0.174871   -0.148961     358
-0.174973   -0.150982     358
-0.124929   -0.148949     359
-0.124913   -0.150973     359
-0.0498615   -0.0989534     360
-0.0499783   -0.100974     360
9.12563e-05   -0.0989449     361
6.76395e-05   -0.100969     361
0.0501322   -0.10098     362
0.0500299   -0.0989588     362
0.100115   -0.100989     363
0.100048   -0.0989657     363
0.150075   -0.100992     364
0.15009   -0.0989678     364
0.200126   -0.0989653     365
0.200052   -0.100988     365
0.250065   -0.100989     366
0.250104   -0.0989649     366
0.300041   -0.100991     367
0.300128   -0.0989685     367
0.350088   -0.100988     368
0.350088   -0.0989637     368
0.400113   -0.098967     369
0.400055   -0.10099     369
0.450096   -0.0989486     370
-0.549936   -0.100973     370
-0.499945   -0.0989532     371
-0.499888   -0.100977     371
-0.449924   -0.0989449     372
-0.449917   -0.100969     372
-0.399943   -0.0989556     373
-0.399903   -0.10098     373
-0.349924   -0.0989674     374
-0.349923   -0.100992     374
-0.299949   -0.100993     375
-0.299908   -0.0989695     375
-0.249951   -0.101001     376
-0.249897   -0.0989769     376
-0.199864   -0.0989654     377
-0.199983   -0.100985     377
-0.149914   -0.0989567     378
-0.149935   -0.100981     378
-0.0999338   -0.0989558     379
-0.0999165   -0.10098     379
-0.0248782   -0.0489437     380
-0.0249489   -0.0509667     380
0.0250641   -0.0489469     381
0.0251055   -0.0509709     381
0.0750978   -0.0509901     382
0.0750695   -0.0489657     382
0.125064   -0.0509999     383
0.125105   -0.0489758     383
0.175054   -0.0509961     384
0.175128   -0.0489733     384
0.22509   -0.0509835     385
0.225087   -0.0489589     385
0.275047   -0.0489652     386
0.275124   -0.0509878     386
0.325067   -0.0489618     387
0.325095   -0.0509862     387
0.375094   -0.0489699     388
0.375075   -0.0509944     388
0.425013   -0.0509823     389
0.425149   -0.0489638     389
0.475063   -0.0489502     390
-0.524901   -0.0509744     390
-0.474885   -0.0489534     391
-0.474957   -0.0509763     391
-0.424903   -0.0509762     392
-0.424943   -0.0489521     392
-0.374979   -0.0489645     393
-0.374871   -0.0509852     393
-0.324941   -0.0489661     394
-0.324898   -0.0509901     394
-0.275   -0.0489801     395
-0.274836   -0.0509958     395
-0.224925   -0.048972     396
-0.224929   -0.0509966     396
-0.174939   -0.0509817     397
-0.174903   -0.0489575     397
-0.124925   -0.0489539     398
-0.124914   -0.0509785     398
-0.0749501   -0.0509845     399
-0.0748909   -0.048961     399
