0.46400628289657042   97.423283724762237  0.036805359164358777     
0.92801256579314084   2.1783500460683528  0.0096664992791352943     
1.3920188486897112   9.7985542118025245  0.023099045307650462     
1.8560251315862817   2.3640160604393804  0.012035980448896118     
2.3200314144828522   2.6022017024185274  0.010663736861834102     
2.7840376973794223   2.4738681549059539  0.017766023884966733     
3.2480439802759928   0.63308672666952134  0.0037992382540527134     
3.7120502631725634   2.3713536902179249  0.018196617701852485     
4.1760565460691339   0.061277521493571039  0.00045332296221015476     
4.6400628289657044   2.2550620826075092  0.022028347545377908     
5.104069111862275   0.10266418842889092  0.00069792198985330129     
5.5680753947588446   2.1462888111270765  0.022883388300713247     
6.0320816776554151   0.67314242106014318  0.0064666013816221826     
6.4960879605519857   2.0630776844997283  0.023354917530122308     
6.9600942434485562   2.4235591242457514  0.018291812301065275     
7.4241005263451267   1.7982081264046798  0.015909829388934227     
7.8881068092416973   8.5083418859120812  0.040109073422542226     
8.3521130921382678   1.3742480982681611  0.0092615773583089622     
8.8161193750348374   78.703391747712024  0.15817250822873402     
9.2801256579314089   168.5479250009604  0.3792964848954639     
9.7441319408279785   85.721640436296572  0.26008150894081484     
10.20813822372455   2.4474939621467135  0.011849316379059484     
10.67214450662112   8.1275283435406702  0.038351005601847402     
11.136150789517689   2.2887959643286538  0.011226638147473162     
11.600157072414261   2.0391596463811238  0.008583544755527459     
12.06416335531083   2.1951516929011185  0.0049725162617985475     
12.528169638207402   0.45873045859573771  0.0030966305018561979     
12.992175921103971   1.9725510706420251  0.00763487914008314     
13.456182204000543   0.055419300576627975  0.00018402608230699588     
13.920188486897112   1.7280292905958256  0.0086613440400430383     
14.384194769793684   0.19367756142162874  0.00073461597345918167     
14.848201052690253   1.5188029427839094  0.015040583431085446     
15.312207335586823   0.59853175134297537  0.00607276587002751     
15.776213618483395   1.3322519922343342  0.017049840564674919     
16.240219901379966   1.6946054671747088  0.017912240383317019     
16.704226184276536   1.0709763468857577  0.012207356509578261     
17.168232467173105   5.2710846743391516  0.038433094066251621     
17.632238750069675   0.64023897513502772  0.0062267344959529084     
18.096245032966248   44.268813564373176  0.14595183282267618     
18.560251315862818   98.630562676931147  0.26311094299290906     
19.024257598759387   52.43252806084033  0.2680846328033747     
19.488263881655957   1.9725255077859715  0.020269326220581788     
19.952270164552527   4.8128260900086652  0.043347310459577158     
20.4162764474491   1.6804274839902332  0.021207201428719076     
20.88028273034567   1.2545980275041481  0.0084182844678353318     
21.344289013242239   1.4947424979199244  0.012775181043301182     
21.808295296138809   0.34812283345763069  0.0029103465940625783     
22.272301579035378   1.2828575921169474  0.013302388148790452     
22.736307861931952   0.13089064895644397  0.00018171902821853893     
23.200314144828521   1.0884803595692973  0.0065758876890933018     
23.664320427725091   0.35643189382028385  0.00090891379311284974     
24.128326710621661   0.97150738383599036  0.0075246260047414447     
24.592332993518234   0.57405504303403166  0.0038551924764730812     
25.056339276414803   0.81961680595318795  0.0052985221423064505     
25.520345559311373   1.0593341775880533  0.0083980637769363511     
25.984351842207943   0.74574470547129527  0.007522414812719173     
26.448358125104512   2.2491153341534998  0.021561189696876971     
26.912364408001086   0.34092419372088584  0.0025187612984731246     
27.376370690897655   14.990125389243111  0.085500486559819033     
27.840376973794225   34.195584247017651  0.08675014241866582     
28.304383256690794   19.145101427259918  0.15747257160175165     
28.768389539587368   1.1736949459952498  0.018323460611626258     
29.232395822483937   1.9724418428906053  0.027963402315088136     
29.696402105380507   1.0585450581868103  0.020669102950637901     
30.160408388277077   0.79250067946937109  0.0066587786647273424     
30.624414671173646   0.92840343819241701  0.014257118364868577     
31.088420954070219   0.46039940994509759  0.002076539234887726     
31.552427236966789   0.8071494884807161  0.015423578418115348     
32.016433519863362   0.32559956933483186  0.00042894973613477183     
32.480439802759932   0.73284131532968084  0.011833860351789805     
32.944446085656502   0.54151740825517423  0.0012246429538124267     
33.408452368553071   0.75760295440345229  0.011454258060952394     
33.872458651449641   0.66759402902631925  0.0052730025435588255     
34.33646493434621   0.71390417987815062  0.004503487957759649     
34.80047121724278   0.95425060501407946  0.0087305469266771249     
35.26447750013935   0.93646257490778151  0.0046540088923212733     
35.728483783035919   0.87430648796956381  0.0043148786899923497     
36.192490065932496   0.41433800966433296  0.001214131809618128     
36.656496348829066   1.8825006191874021  0.017728271679806307     
37.120502631725635   3.4763083933182951  0.0091901149975130329     
37.584508914622205   2.3329647692441954  0.042088033024421964     
38.048515197518775   0.69058689994916485  0.0079171845014787494     
38.512521480415344   0.76741961698265657  0.0099387487959097859     
38.976527763311914   0.81944752487018713  0.01152301145745206     
39.440534046208484   0.76981213159517198  0.0040268396428252826     
39.904540329105053   0.80991968270037471  0.0084300631005000863     
40.36854661200163   0.7240399596282197  0.0010570347718842037     
40.8325528948982   0.76269736947606379  0.0098177306286373072     
41.296559177794769   0.58762617828111706  0.00071421132050882133     
41.760565460691339   0.73687734711559492  0.0085030087664640097     
42.224571743587909   0.66430157422139393  0.0013398170303352323     
42.688578026484478   0.77579162735535514  0.010941816469739906     
43.152584309381048   0.78389607755584492  0.0057558642624377878     
43.616590592277618   0.80147100600128508  0.0064599397299264428     
44.080596875174187   1.2136437831403742  0.014298658586208335     
44.544603158070757   1.2845972327988654  0.0053441480202085974     
45.008609440967334   0.97598171665978516  0.009582993617203455     
45.472615723863903   0.60942709506099417  0.0018290894054309024     
45.936622006760473   1.5486956632860225  0.023228807461743653     
46.400628289657043   2.8010865661928095  0.013517433851668133     
