0.00230314   -0.0316292     0
-0.00294749   -0.00905661     0
0.100602   -0.0389966     1
0.0968929   -0.0157688     1
0.201123   -0.0119559     2
0.194359   -0.0352424     2
0.294285   -0.0277134     3
0.30025   -0.0053089     3
0.394908   -0.000264577     4
0.399209   -0.0233675     4
-0.495412   -0.0297037     5
0.491818   -0.00955317     5
-0.396876   -0.0393518     6
-0.405019   -0.0165793     6
-0.302275   -0.0340747     7
-0.299873   -0.0105912     7
-0.196995   -0.00420329     8
-0.205428   -0.0260334     8
-0.0967761   -0.024431     9
-0.102137   -0.0017294     9
0.0467955   0.0886084     10
0.0512496   0.0650498     10
0.149905   0.0851551     11
0.145239   0.0624394     11
0.250518   0.0917295     12
0.245457   0.0689661     12
0.344364   0.0764856     13
0.349601   0.0988847     13
0.446151   0.0974391     14
0.451216   0.0742017     14
-0.448601   0.0641409     15
-0.454847   0.0872259     15
-0.35846   0.0628982     16
-0.345064   0.082205     16
-0.255507   0.0699405     17
-0.244972   0.090908     17
-0.15296   0.0759615     18
-0.147671   0.0989938     18
-0.0474953   0.0726005     19
-0.0534943   0.0959616     19
0.0966483   0.185703     20
0.101109   0.161833     20
0.194609   0.167394     21
0.20052   0.189993     21
0.301668   0.195098     22
0.294742   0.173608     22
0.396253   0.199538     23
0.399915   0.176012     23
0.4928   0.19074     24
0.505303   0.170611     24
-0.398567   0.159623     25
-0.402012   0.182835     25
-0.296865   0.187135     26
-0.303194   0.164594     26
-0.196006   0.19502     27
-0.202432   0.172605     27
-0.100767   0.17517     28
-0.100014   0.199113     28
-0.00439997   0.191761     29
0.00330359   0.16898     29
0.148379   0.263077     30
0.150587   0.286276     30
0.247676   0.268122     31
0.25081   0.291497     31
0.347983   0.275292     32
0.350687   0.299058     32
0.45392   0.273938     33
0.445016   0.295262     33
0.551754   0.262995     34
0.548769   0.286953     34
-0.348224   0.283993     35
-0.351498   0.260474     35
-0.252068   0.26785     36
-0.246599   0.291236     36
-0.152419   0.275163     37
-0.148683   0.298818     37
-0.0462829   0.272929     38
-0.0534412   0.295114     38
0.0522106   0.265155     39
0.0491621   0.288716     39
0.203383   0.388937     40
0.196886   0.366459     40
0.297188   0.37259     41
0.302374   0.395627     41
0.402124   0.376526     42
0.39527   0.399727     42
0.502368   0.36717     43
0.495741   0.389786     43
0.604315   0.360539     44
0.596068   0.382776     44
-0.297391   0.386939     45
-0.30145   0.363726     45
-0.204723   0.373046     46
-0.197009   0.394828     46
-0.102948   0.398154     47
-0.10016   0.375236     47
0.0010673   0.369148     48
-0.0038871   0.3921     48
0.103809   0.363075     49
0.0954889   0.385304     49
0.249341   0.494372     50
0.247108   0.47046     50
0.344306   0.476565     51
0.350895   0.49867     51
0.453063   0.470366     52
0.446591   0.493437     52
0.545322   0.487247     53
0.552206   0.465008     53
0.647427   0.458916     54
0.651138   0.482863     54
-0.246374   0.490727     55
-0.253551   0.468628     55
-0.147219   0.497763     56
-0.152523   0.474427     56
-0.053782   0.495454     57
-0.047192   0.472977     57
0.0526001   0.465558     58
0.0464439   0.488371     58
0.1474   0.461423     59
0.152381   0.485159     59
-0.197701   -0.402814     60
-0.202201   -0.426159     60
-0.0964053   -0.425328     61
-0.103897   -0.40329     61
-6.6754e-05   -0.432307     62
-0.00127809   -0.407988     62
0.103143   -0.439693     63
0.0963443   -0.417721     63
0.203886   -0.41442     64
0.194347   -0.435581     64
-0.697919   -0.406077     65
-0.701564   -0.429528     65
-0.603281   -0.400027     66
-0.597322   -0.423202     66
-0.498536   -0.430397     67
-0.502194   -0.406885     67
-0.398517   -0.438674     68
-0.402936   -0.415441     68
-0.30554   -0.4331     69
-0.296694   -0.410477     69
-0.151662   -0.300753     70
-0.148436   -0.324107     70
-0.0510897   -0.305456     71
-0.0489642   -0.329001     71
0.0518392   -0.336063     72
0.0462805   -0.312924     72
0.147178   -0.34031     73
0.151773   -0.315881     73
0.251527   -0.309708     74
0.24558   -0.332724     74
-0.655833   -0.324305     75
-0.646625   -0.301568     75
-0.552968   -0.304497     76
-0.546335   -0.327614     76
-0.446925   -0.333794     77
-0.453904   -0.311415     77
-0.354455   -0.338003     78
-0.34731   -0.315371     78
-0.253311   -0.33004     79
-0.247482   -0.308002     79
-0.096479   -0.227299     80
-0.102933   -0.204389     80
0.00296221   -0.232044     81
-0.00164477   -0.208185     81
0.0957135   -0.216409     82
0.102108   -0.238494     82
0.204187   -0.214042     83
0.194062   -0.234953     83
0.301675   -0.20605     84
0.297013   -0.229688     84
0.398147   -0.19855     85
-0.600138   -0.223243     85
-0.502033   -0.207431     86
-0.50022   -0.230962     86
-0.395312   -0.237152     87
-0.405397   -0.216817     87
-0.298406   -0.210752     88
-0.302568   -0.234137     88
-0.194959   -0.2035     89
-0.203587   -0.226151     89
-0.0541871   -0.106354     90
-0.0487991   -0.129137     90
0.0532607   -0.134663     91
0.044225   -0.113316     91
0.150654   -0.116218     92
0.147793   -0.14     92
0.252019   -0.107976     93
0.244832   -0.130804     93
0.351246   -0.101625     94
0.342891   -0.123911     94
-0.547084   -0.125841     95
0.444324   -0.103708     95
-0.45483   -0.111503     96
-0.446329   -0.134213     96
-0.348497   -0.116442     97
-0.353469   -0.139264     97
-0.25302   -0.130484     98
-0.249373   -0.107499     98
-0.152687   -0.100412     99
-0.150018   -0.124358     99
