0.42972788892272645   10.091523573795324  0.010046448349208263
0.85945577784545291   5.0123354978364085  0.0084217329562214476
1.2891836667681793   0.96652871042962484  0.0069625996981750448
1.7189115556909058   0.049863454757322837  0.0012401727439668406
2.1486394446136323   0.0047900060751398718  0.00011067025843318103
2.5783673335363586   0.051195856654614106  0.00067041418478772521
3.0080952224590853   0.14618909434511016  0.0031047079136076861
3.4378231113818116   0.1204866265199192  0.002648043531781414
3.8675510003045379   0.085596995137188867  0.0026807131740954218
4.2972788892272646   0.99134620102474758  0.014045609333083691
4.7270067781499909   0.19146707044162117  0.0027335442147541531
5.1567346670727172   0.46172971386188011  0.013844625134435292
5.5864625559954435   2.3241847833006474  0.028377145776183919
6.0161904449181707   0.055827384045747587  0.00067155804106695057
6.445918333840897   0.01827125972671528  0.00013593763999644788
6.8756462227636232   0.016934526801943414  0.00032241125851177201
7.3053741116863495   0.048929227590715177  0.00067095146808598787
7.7351020006090758   0.055941488503478107  0.001515430799797295
8.1648298895318021   0.070551560087608509  0.0014344609399660598
8.5945577784545293   0.30993190532166582  0.0021820312134265462
9.0242856673772547   0.039280232784955767  0.00064302302526155012
9.4540135562999819   0.03974043164263906  0.00026955112593145305
9.883741445222709   0.059515608638700354  0.00040425287547657018
10.313469334145434   0.052292562138688164  0.00053137113071014482
10.743197223068162   0.072719781747249254  0.0020084586910552798
11.172925111990887   0.028812860053142094  6.0452010054823798e-05
11.602653000913614   0.038377070305061242  0.00035199750106304176
12.032380889836341   0.062821849009522665  0.0015093074318397825
12.462108778759067   0.096370762805563602  0.0023602840141285473
12.891836667681794   0.13626567195240003  0.0047541594621321466
13.321564556604519   0.09779851074440457  0.0024817372597493779
13.751292445527246   0.20035745539345934  0.0032296368141267106
14.181020334449974   0.11329393004543024  0.0017914741377068986
14.610748223372699   0.14966438800161273  0.0028926149249823639
15.040476112295426   0.15901561747948989  0.0026147961865482349
15.470204001218152   0.064364422744602277  0.00073725765991964406
15.899931890140879   0.20381221460159604  0.0013861034476087446
16.329659779063604   6.5386526546549654  0.031881220037799368
16.759387667986331   6.4198471276273294  0.031670960829136476
17.189115556909059   0.82179343119214486  0.014230439326126143
17.618843445831786   0.1444095801113394  0.0013186270698633831
18.048571334754509   0.094716254278727008  0.0015988487197606653
18.478299223677237   0.20897575372642271  0.0044241000539768506
18.908027112599964   0.31273602201104441  0.0040403070493344401
19.337755001522691   0.31109583105573422  0.0039403862237221871
19.767482890445418   0.10007011646628167  0.0027054393218337853
20.197210779368142   0.070746136866684897  0.00073615284104195277
20.626938668290869   0.34876444669604156  0.02288717267646717
21.056666557213596   1.5224021362445017  0.082269599503564616
21.486394446136323   5.9065454295435617  0.022885430423623006
21.91612233505905   25.423703754713733  0.086872103607967854
22.345850223981774   0.42999427355191256  0.0039331380793156795
22.775578112904501   0.5320577850246738  0.0064967996343690264
23.205306001827228   0.39350264941372357  0.0063193295687445776
23.635033890749956   0.18140473194282817  0.0028532307533483602
24.064761779672683   0.16289479394839443  0.0016240003545170366
24.494489668595406   0.9007076226070467  0.0026994482164817617
24.924217557518134   1.1685602403446945  0.0057645966983122069
25.353945446440861   0.94046390754233683  0.0075699110647206533
25.783673335363588   0.38396706869086281  0.0056500270638089317
26.213401224286315   0.37263037482547955  0.0049744564521233153
26.643129113209039   0.48570164822051691  0.0031045746108218521
27.072857002131766   1.1651607784170072  0.010573813974108152
27.502584891054493   1.3418906152750453  0.0062018505056135048
27.93231277997722   0.18509827114108717  0.0016696081660780313
28.362040668899947   0.094617605888281375  0.0002960961754215281
28.791768557822671   0.070530797413260449  0.00010255980118756315
29.221496446745398   0.11032549262401877  0.00034554180574968836
29.651224335668125   0.22786487401752687  0.0016915163502849365
30.080952224590852   1.0206358706406272  0.0083187177649094891
30.51068011351358   0.59008600194494498  0.0071968888151685757
30.940408002436303   0.34036716965808515  0.0029663218678113976
31.37013589135903   0.20180977225808539  0.00080984539674784068
31.799863780281758   0.20278242869739558  0.00070780586339841132
32.229591669204481   0.2341013103663266  0.0011218281975951631
32.659319558127208   0.52745081853357352  0.0074330872950099593
33.089047447049936   0.79633776737552593  0.0060348962175438333
33.518775335972663   0.17573958094956212  0.00054044103203927718
33.94850322489539   0.14754369126288866  0.00085610130256801192
34.378231113818117   0.23215043761927618  0.0022562010089348041
34.807959002740844   0.44468899282675894  0.0081945309190118459
35.237686891663571   1.0491058874208209  0.0078824476442208226
35.667414780586299   7.6736025349622612  0.023058944643580978
36.097142669509019   0.81603656595675845  0.0048955869882617207
36.526870558431746   0.66591674823043665  0.010171996554983003
36.956598447354473   0.49277014565239957  0.0089031789545147163
37.3863263362772   0.45304874021950223  0.0033123545704203728
37.816054225199927   0.5511549802874272  0.0030939586427657282
38.245782114122655   1.5136060847139171  0.019288576593517394
38.675510003045382   0.62086170738665061  0.010967549888672218
39.105237891968109   0.30576749346102862  0.0031579739557188073
39.534965780890836   0.22890372186436442  0.0047314775810551943
39.964693669813563   0.2196842598045576  0.016588416148340245
40.394421558736283   0.23210677407701186  0.0051045781970829311
40.824149447659011   1.337006961452744  0.018920641196541859
41.253877336581738   1.9336004046819086  0.022824856813587464
41.683605225504465   1.258662563780507  0.008130658715266946
42.113333114427192   0.63144255779376052  0.0017505805420916313
42.543061003349919   0.334510259194688  0.0027110543006476325
42.972788892272646   0.56369642910928781  0.002831729900462742
