-0.177465   -0.0533441     0
-0.172439   -0.0769767     0
-0.0776236   -0.0523183     1
-0.0698642   -0.0745638     1
0.0213937   -0.0517175     2
0.0313097   -0.0739982     2
0.123264   -0.0520465     3
0.130137   -0.0745819     3
0.223234   -0.050916     4
0.228557   -0.0741318     4
0.322042   -0.052112     5
0.32879   -0.0755735     5
0.42179   -0.050661     6
0.428006   -0.0737254     6
-0.480471   -0.0498956     7
-0.472552   -0.0722732     7
-0.378939   -0.0500794     8
-0.372316   -0.0725123     8
-0.277901   -0.0513169     9
-0.270303   -0.0735306     9
-0.135253   0.0487936     10
-0.129114   0.0249038     10
-0.0341282   0.0489384     11
-0.0284363   0.0252073     11
0.0662367   0.0478678     12
0.0717145   0.0251025     12
0.163912   0.0486688     13
0.173543   0.0267695     13
0.264001   0.0489029     14
0.274274   0.0278083     14
0.367034   0.0492882     15
0.370855   0.0250602     15
0.464963   0.0496494     16
0.469631   0.0266809     16
-0.438337   0.0495908     17
-0.428752   0.0274929     17
-0.336487   0.0483031     18
-0.326136   0.0274563     18
-0.236291   0.0463535     19
-0.227255   0.024745     19
-0.0932545   0.147562     20
-0.0839139   0.12569     20
0.00604345   0.147454     21
0.0159298   0.12568     21
0.10447   0.147631     22
0.118083   0.128727     22
0.206027   0.147327     23
0.217924   0.127136     23
0.308119   0.14927     24
0.316068   0.126301     24
0.410399   0.150237     25
0.413807   0.125795     25
0.505646   0.150496     26
0.515821   0.128995     26
-0.395407   0.147379     27
-0.385658   0.125752     27
-0.294096   0.146432     28
-0.283157   0.12514     28
-0.193704   0.147286     29
-0.184385   0.125727     29
-0.0519496   0.246178     30
-0.0419237   0.225067     30
0.0471843   0.247103     31
0.057341   0.225715     31
0.148781   0.248286     32
0.157421   0.225676     32
0.249387   0.247967     33
0.257429   0.225526     33
0.348762   0.248544     34
0.35907   0.226899     34
0.447147   0.249247     35
0.458008   0.228512     35
0.548852   0.248435     36
0.557844   0.22639     36
-0.350295   0.24638     37
-0.341126   0.224917     37
-0.250008   0.248657     38
-0.242048   0.225544     38
-0.15058   0.246936     39
-0.14403   0.224419     39
-0.00794577   0.347735     40
-0.00235143   0.324247     40
0.0913347   0.347289     41
0.0989324   0.324707     41
0.191043   0.347287     42
0.199197   0.325398     42
0.29113   0.347924     43
0.299873   0.325619     43
0.390062   0.34957     44
0.398479   0.326936     44
0.495192   0.349946     45
0.496384   0.326174     45
0.592425   0.348526     46
0.59843   0.325223     46
-0.308468   0.347806     47
-0.299076   0.325641     47
-0.208792   0.347409     48
-0.198114   0.325823     48
-0.108779   0.347279     49
-0.0996253   0.326122     49
0.0350403   0.447472     50
0.0436034   0.425444     50
0.132305   0.44699     51
0.14301   0.425808     51
0.233467   0.448358     52
0.243346   0.426867     52
0.33488   0.450453     53
0.341331   0.427639     53
0.433882   0.447478     54
0.443735   0.426382     54
0.534868   0.449383     55
0.543773   0.427611     55
0.633244   0.447097     56
0.643898   0.425631     56
0.735077   0.447868     57
-0.259153   0.424824     57
-0.167872   0.445682     58
-0.155261   0.426019     58
-0.0674867   0.447007     59
-0.0559164   0.425764     59
-0.351482   -0.452533     60
-0.342533   -0.4743     60
-0.252578   -0.451727     61
-0.241315   -0.472479     61
-0.151787   -0.451761     62
-0.140163   -0.472537     62
-0.0501215   -0.452828     63
-0.0397401   -0.474041     63
0.05178   -0.452294     64
0.0613594   -0.473801     64
0.151656   -0.452251     65
0.158994   -0.475053     65
0.248981   -0.454088     66
-0.740383   -0.47498     66
-0.648909   -0.452376     67
-0.642083   -0.474931     67
-0.548991   -0.451915     68
-0.541637   -0.475121     68
-0.451164   -0.45193     69
-0.441253   -0.474187     69
-0.307779   -0.351075     70
-0.301681   -0.374214     70
-0.208102   -0.353091     71
-0.19695   -0.373055     71
-0.106363   -0.352065     72
-0.097879   -0.374142     72
-0.00649839   -0.353489     73
0.0027539   -0.376034     73
0.094346   -0.352594     74
0.102968   -0.373985     74
0.192378   -0.353817     75
0.204165   -0.374138     75
0.295034   -0.351728     76
0.300867   -0.374544     76
-0.608976   -0.353428     77
-0.595991   -0.373615     77
-0.505824   -0.350591     78
-0.498198   -0.374077     78
-0.407051   -0.351164     79
-0.399465   -0.373329     79
-0.265039   -0.25125     80
-0.254851   -0.272686     80
-0.164835   -0.251874     81
-0.155256   -0.273463     81
-0.0636175   -0.253338     82
-0.0533081   -0.273975     82
0.0375036   -0.252594     83
0.0441319   -0.275551     83
0.133021   -0.253203     84
0.145542   -0.273449     84
0.234961   -0.252402     85
0.244974   -0.274224     85
0.334968   -0.251962     86
0.345914   -0.272859     86
-0.564812   -0.252721     87
-0.555797   -0.274868     87
-0.462964   -0.250232     88
-0.457313   -0.273607     88
-0.363949   -0.250162     89
-0.356217   -0.272633     89
-0.225549   -0.154218     90
-0.21121   -0.172222     90
-0.119293   -0.151626     91
-0.112457   -0.174166     91
-0.0203507   -0.151723     92
-0.0113495   -0.174583     92
0.0800465   -0.15215     93
0.0872744   -0.175169     93
0.180426   -0.152399     94
0.185373   -0.175226     94
0.276984   -0.151774     95
0.286925   -0.173695     95
0.378196   -0.151466     96
0.387409   -0.173595     96
-0.523241   -0.152387     97
-0.512711   -0.172906     97
-0.422365   -0.150447     98
-0.413704   -0.171955     98
-0.323871   -0.151914     99
-0.314582   -0.173353     99
