-0.0223732   0.0206714     0
-0.0271595   -0.00249109     0
0.0794117   0.0185811     1
0.0684039   -0.00205041     1
0.167485   0.00169849     2
0.173132   0.0248542     2
0.265653   0.0114976     3
0.284727   0.0268064     3
0.376326   0.0255184     4
0.383014   0.00353413     4
0.481252   0.00602656     5
0.472017   0.0271659     5
-0.426034   0.00397201     6
-0.419739   0.0258461     6
-0.328615   0.0252911     7
-0.322523   -0.00208488     7
-0.233263   0.00761578     8
-0.214899   0.0249916     8
-0.122983   -0.000277976     9
-0.120776   0.0246138     9
0.0304248   0.101204     10
0.0184623   0.121456     10
0.117472   0.103275     11
0.134317   0.119819     11
0.232861   0.106858     12
0.225597   0.127179     12
0.325522   0.131866     13
0.328907   0.108796     13
0.427255   0.130774     14
0.422516   0.106566     14
0.531699   0.104749     15
0.513232   0.119632     15
-0.378414   0.104427     16
-0.372579   0.129494     16
-0.273241   0.118972     17
-0.279273   0.0977767     17
-0.173104   0.126358     18
-0.174359   0.10034     18
-0.0729131   0.126965     19
-0.0727838   0.104288     19
0.0729199   0.216578     20
0.0721976   0.194177     20
0.168857   0.225967     21
0.170508   0.202062     21
0.272288   0.207221     22
0.262629   0.229314     22
0.365271   0.228042     23
0.375414   0.208092     23
0.46533   0.230829     24
0.476742   0.211631     24
0.581713   0.215253     25
0.564089   0.200239     25
-0.331624   0.20282     26
-0.321282   0.221187     26
-0.221279   0.219608     27
-0.233369   0.200452     27
-0.11842   0.203016     28
-0.135335   0.22424     28
-0.0207855   0.205825     29
-0.032343   0.225086     29
0.120497   0.318455     30
0.109683   0.294518     30
0.220668   0.33265     31
0.215438   0.308469     31
0.31431   0.307602     32
0.328364   0.325487     32
0.432966   0.324363     33
0.413084   0.311965     33
0.528916   0.2996     34
0.528142   0.324268     34
0.6205   0.317152     35
0.636498   0.300083     35
-0.272361   0.300816     36
-0.276164   0.326238     36
-0.174719   0.323076     37
-0.179152   0.302144     37
-0.0802797   0.301491     38
-0.0770806   0.326799     38
0.0165043   0.321992     39
0.0208234   0.29821     39
0.178367   0.424423     40
0.161836   0.408866     40
0.266019   0.428059     41
0.280745   0.410409     41
0.385801   0.419833     42
0.364202   0.413451     42
0.485325   0.421309     43
0.482405   0.397947     43
0.573971   0.426583     44
0.580226   0.403156     44
0.680395   0.402608     45
0.679289   0.427734     45
-0.224401   0.40054     46
-0.221067   0.427658     46
-0.116386   0.424247     47
-0.129482   0.401261     47
-0.0333497   0.402135     48
-0.0203465   0.42418     48
0.0704084   0.397888     49
0.0720722   0.422023     49
-0.270783   -0.477814     50
-0.287243   -0.496235     50
-0.172664   -0.477317     51
0.320464   0.498708     51
0.42681   0.496949     52
-0.0803588   -0.476291     52
0.0183044   -0.497766     53
0.0285836   -0.479423     53
0.127711   -0.493365     54
0.12319   -0.470475     54
0.224854   -0.49855     55
0.229329   -0.474124     55
-0.669092   -0.49977     56
-0.674532   -0.474751     56
-0.58007   -0.468147     57
-0.568667   -0.490829     57
-0.474395   -0.494666     58
-0.477333   -0.473136     58
0.126899   0.498974     59
-0.382466   -0.479474     59
-0.232043   -0.375991     60
-0.23529   -0.398363     60
-0.146605   -0.390137     61
-0.124912   -0.386293     61
-0.0363688   -0.38396     62
-0.029765   -0.406686     62
0.0636707   -0.400168     63
0.0780241   -0.381851     63
0.181913   -0.399764     64
0.172471   -0.376383     64
0.27916   -0.40099     65
0.273955   -0.374986     65
-0.625313   -0.391184     66
-0.628673   -0.367648     66
-0.522688   -0.393946     67
-0.524258   -0.371247     67
-0.426635   -0.368595     68
-0.424836   -0.391712     68
-0.32828   -0.379125     69
-0.33086   -0.406316     69
-0.174296   -0.303219     70
-0.183629   -0.282142     70
-0.0872647   -0.280804     71
-0.0806499   -0.304567     71
0.0162492   -0.285686     72
0.0168876   -0.308648     72
0.128896   -0.290803     73
0.107433   -0.283047     73
0.224737   -0.272415     74
0.22198   -0.297631     74
0.320998   -0.272187     75
0.320339   -0.295639     75
-0.582713   -0.293162     76
-0.583638   -0.267279     76
-0.48676   -0.273295     77
-0.467742   -0.288741     77
-0.371382   -0.29656     78
-0.381139   -0.274193     78
-0.277727   -0.298248     79
-0.278406   -0.272596     79
-0.134449   -0.197109     80
-0.111646   -0.187888     80
-0.0201408   -0.210902     81
-0.0249809   -0.184771     81
0.0879823   -0.187105     82
0.0674726   -0.200663     82
0.176357   -0.200527     83
0.178377   -0.178652     83
0.280943   -0.170913     84
0.268997   -0.19228     84
0.372374   -0.191015     85
0.367961   -0.16795     85
-0.532662   -0.194021     86
-0.526616   -0.1711     86
-0.438197   -0.182825     87
-0.416916   -0.187268     87
-0.318238   -0.173529     88
-0.328361   -0.193858     88
-0.226916   -0.198138     89
-0.218484   -0.177436     89
-0.0763503   -0.0790256     90
-0.0764888   -0.106086     90
0.0285181   -0.0826522     91
0.0254443   -0.106647     91
0.12418   -0.103716     92
0.127019   -0.0815118     92
0.230544   -0.094801     93
0.21815   -0.0753874     93
0.315906   -0.0849568     94
0.330202   -0.067942     94
0.426805   -0.073961     95
0.421707   -0.0940364     95
-0.47135   -0.0961452     96
-0.476635   -0.0733391     96
-0.370346   -0.0981003     97
-0.378612   -0.0768542     97
-0.273245   -0.0738479     98
-0.267149   -0.0966005     98
-0.173457   -0.0735811     99
-0.169326   -0.0985752     99
