0.4848420195558783   0.00077962603050607974  9.459336247387698e-07     
0.9696840391117566   0.00083472531597851143  5.3087015011759743e-07     
1.454526058667635   0.000959581969819165  7.050581844611244e-07     
1.9393680782235132   0.0012090687927552899  3.5899799357638497e-07     
2.4242100977793917   0.0017114950563946643  1.3707787905610847e-06     
2.9090521173352699   0.0027754392271950754  1.2884217973245676e-06     
3.3938941368911482   0.0054486821483529067  3.9060541304200725e-06     
3.8787361564470264   0.014130101113417093  1.0432742940499253e-05     
4.3635781760029051   0.06430765949734982  7.9601988782286417e-05     
4.8484201955587833   93.171188634729032  0.0051725253902094183     
5.3332622151146616   0.095483239717795838  0.00011369521773055418     
5.8181042346705398   0.031539798801340471  2.3644947368044939e-05     
6.3029462542264181   0.019114985140176816  1.2243908832866299e-05     
6.7877882737822963   0.01584116022912537  4.7324163052682166e-06     
7.2726302933381746   0.016644165611511655  1.1779292714339479e-05     
7.7574723128940528   0.021662860334363366  1.4394682652630437e-05     
8.2423143324499311   0.035972727021606755  2.2503564181993534e-05     
8.7271563520058102   0.080406586990974339  7.2538537848974913e-05     
9.2119983715616875   0.29359280533737762  0.00038782707242187764     
9.6968403911175667   75.438946210754939  0.016648535947781961     
10.181682410673444   0.35286867287217341  0.00043791980038075045     
10.666524430229323   0.11790072794141108  0.00011343012040277321     
11.151366449785201   0.067623912360649341  3.3711497439375208e-05     
11.63620846934108   0.052714560944970223  1.9364990516714404e-05     
12.121050488896957   0.052318468411154428  3.6625246311066619e-05     
12.605892508452836   0.064736610714668581  5.2414803030998645e-05     
13.090734528008714   0.10241773719473309  5.6413579050222872e-05     
13.575576547564593   0.21442342510011467  0.00020594053371675462     
14.06041856712047   0.66926245127186296  0.00094438070001218386     
14.545260586676349   53.275429291044723  0.026131557792188452     
15.030102606232226   0.74242963542325527  0.0010179158942960223     
15.514944625788106   0.27158797942851983  0.00028878397841143458     
15.999786645343985   0.15712385925267732  7.7113369731894993e-05     
16.484628664899862   0.1207945794074381  5.6574085788147395e-05     
16.969470684455739   0.11679285122493167  8.7072140124373237e-05     
17.45431270401162   0.13929200741358099  0.00012618050569555316     
17.939154723567498   0.20944305631621276  0.00011266535990597081     
18.423996743123375   0.40627250311150033  0.00037318803016273255     
18.908838762679252   1.0889467002079185  0.001598445991615866     
19.393680782235133   33.069746071094643  0.028170868757125481     
19.878522801791011   1.1535600234009037  0.0016508609925347011     
20.363364821346888   0.47587320500979012  0.00049437510760437312     
20.848206840902765   0.28797069457444878  0.00016866784626914784     
21.333048860458646   0.22442781880441867  0.00012819294634733073     
21.817890880014524   0.21476437910487221  0.00015700618677719066     
22.302732899570401   0.24731251746612618  0.00022677214167264703     
22.787574919126278   0.34905599897295533  0.00019965212314116462     
23.272416938682159   0.61480833447178688  0.00053603376233864234     
23.757258958238037   1.4052158355229521  0.0021072650996543417     
24.242100977793914   18.323448341094682  0.02327162819055763     
24.726942997349795   1.4465251218927138  0.0019588727443242104     
25.211785016905672   0.68572136933594316  0.00067068984227071472     
25.69662703646155   0.44474369349886537  0.00026691560891182448     
26.181469056017427   0.35785135090664533  0.000238926873816989     
26.666311075573308   0.3427522941839387  0.00023624088205470934     
27.151153095129185   0.38208005206065809  0.00031441837512557021     
27.635995114685063   0.5025115618593644  0.00032259108667585576     
28.12083713424094   0.79204144421644767  0.00068545755959072848     
28.605679153796821   1.5294908994316797  0.0022316957847391314     
29.090521173352698   9.3480570953108408  0.015501525243541189     
29.575363192908576   1.5497497737439091  0.0018127367672099399     
30.060205212464453   0.85514895183638595  0.00077692032392062939     
30.545047232020334   0.60266716848201584  0.00030794247726354086     
31.029889251576211   0.50565842720843108  0.00038685136424827327     
31.514731271132089   0.48803905132338834  0.00032840383769297671     
31.99957329068797   0.52871869097998834  0.00035878777315316429     
32.484415310243847   0.6481652374142403  0.00045720229435890422     
32.969257329799724   0.91092626292860605  0.00077302487167030104     
33.454099349355602   1.4826158905212707  0.0018739375068557371     
33.938941368911479   4.6642540538064993  0.0086044362433209037     
34.423783388467356   1.4937597371849985  0.0014067581043321202     
34.908625408023241   0.96217789360486339  0.00074959597612720886     
35.393467427579118   0.739330448822505  0.00029545809241551001     
35.878309447134995   0.6486030934042913  0.00054734916681516756     
36.363151466690873   0.63239541219629499  0.0004046595697593523     
36.84799348624675   0.66873753598039135  0.00038397953119734125     
37.332835505802628   0.76942044549102244  0.00052670784826081204     
37.817677525358505   0.97280887511695204  0.00073832994679671786     
38.302519544914382   1.3515693112205458  0.0012498839364210686     
38.787361564470267   2.510918121305258  0.00414110870715583     
39.272203584026144   1.362597585949935  0.0010071492311792428     
39.757045603582021   1.0121706590762299  0.00058318234798775153     
40.241887623137899   0.84279362115203292  0.00028303931270162385     
40.726729642693776   0.7706903267967388  0.00066305454740545498     
41.211571662249654   0.75860475114576645  0.0004108290039042421     
41.696413681805531   0.78644852026327049  0.00041209427152858342     
42.181255701361415   0.85894536393594272  0.00049101667162300832     
42.666097720917293   0.99603192712429418  0.00060956960770462518     
43.15093974047317   1.2171935321810731  0.0008394011411830722     
43.635781760029047   1.6086979233871822  0.0018942087307010761     
44.120623779584925   1.2293761304998345  0.00075240338862190252     
44.605465799140802   1.0249680836475022  0.00039480492229571067     
45.090307818696679   0.91246498395313851  0.00029084054277796043     
45.575149838252557   0.86356443589795983  0.00067774596330407544     
46.059991857808441   0.85605518893898186  0.0003506922972629894     
46.544833877364319   0.87375821000373721  0.00040152708501183105     
47.029675896920196   0.91825835339244253  0.00042691883154769048     
47.514517916476073   1.000693072880231  0.000507850813863103     
47.999359936031951   1.1185974597409029  0.00083696541195078978     
48.484201955587828   1.2485798693007717  0.0010412209091131402     
