0.42972788892272645   5.1229102679921642  0.0098418956094414771
0.85945577784545291   2.6583882852393435  0.0058688043469576521
1.2891836667681793   0.56843755366639943  0.0028274808282775537
1.7189115556909058   0.030706396417598814  0.00061731467696643412
2.1486394446136323   0.0026898022805315338  0.00017187391824907443
2.5783673335363586   0.034970676602797656  0.00025788550667383596
3.0080952224590853   0.11366004697450355  0.0016225610777213851
3.4378231113818116   0.082453366538479218  0.0037736931615413926
3.8675510003045379   0.051472512307007638  0.0029651790576732663
4.2972788892272646   0.88683415714087737  0.0075711157867559069
4.7270067781499909   0.067359772515673569  0.0031462520036737002
5.1567346670727172   0.32922131736061962  0.0044521652324816031
5.5864625559954435   1.873746778247492  0.0076404983170511206
6.0161904449181707   0.056214882390728085  0.0017165021126010605
6.445918333840897   0.014887772652107533  0.00030726386011862075
6.8756462227636232   0.01432967752082727  0.00027488473202765323
7.3053741116863495   0.068795210095813963  0.00057020286464007963
7.7351020006090758   0.14030194465580058  0.0022067025898395433
8.1648298895318021   0.16332737727700931  0.0016045960289276581
8.5945577784545293   0.95903311081176664  0.0044390074741917322
9.0242856673772547   0.084454343183380823  0.00040584089060328362
9.4540135562999819   0.076440735726481493  0.0011481671732627986
9.883741445222709   0.073333277538603903  0.0015403726582135762
10.313469334145434   0.1254801090009405  0.001873191622897308
10.743197223068162   0.23208539572259749  0.0026857225569890904
11.172925111990887   0.011775306371175207  4.6147347378125184e-05
11.602653000913614   0.084976992305016587  0.0010661878731645195
12.032380889836341   0.10977859421707973  0.0020066598640782017
12.462108778759067   0.15846116845806828  0.0032520760572085973
12.891836667681794   0.86238038290630524  0.0094765946655145612
13.321564556604519   0.36474872635277972  0.0037767444093534777
13.751292445527246   0.21073711436416464  0.0015917753301958527
14.181020334449974   0.13164131949452484  0.0010457778868878186
14.610748223372699   0.11515543394941682  0.0010099641556070083
15.040476112295426   0.10163367538777871  0.00077949163524727985
15.470204001218152   0.037211495053216277  0.00036093932437978553
15.899931890140879   0.11058946614544389  0.0011047237936727508
16.329659779063604   2.5622096162545308  0.011125081992799211
16.759387667986331   1.262719254610057  0.015716899792292405
17.189115556909059   1.3733336582906984  0.012818933309378528
17.618843445831786   0.19220172154176114  0.001522983108554664
18.048571334754509   0.096262790789231989  0.00039215454738681016
18.478299223677237   0.12202544961784789  0.0017281694297262338
18.908027112599964   0.36459845979239632  0.003298357072407635
19.337755001522691   0.52394930445006297  0.0040102216705723293
19.767482890445418   0.22345359540364114  0.0017295420540575164
20.197210779368142   0.12716876279823182  0.00043080018401643299
20.626938668290869   0.94770749444936176  0.00507990763329093
21.056666557213596   1.9500166715257595  0.016830332538065421
21.486394446136323   4.8174680487930453  0.041763248283035643
21.91612233505905   5.8600550936383531  0.056455031329740029
22.345850223981774   0.39915680756657333  0.0041524104214922671
22.775578112904501   0.30143839283797175  0.0021713300631596879
23.205306001827228   0.29444536239936443  0.001829126383619633
23.635033890749956   0.15505619956710618  0.00063676098620577039
24.064761779672683   0.12130296024517258  0.00061495212748703407
24.494489668595406   0.19209566670736679  0.0010882809587600503
24.924217557518134   0.30342214536788432  0.0015583986512950886
25.353945446440861   0.37189630383346444  0.0022745190267786867
25.783673335363588   0.56865551728589522  0.0048323968612091779
26.213401224286315   0.2919350809054407  0.0013983307676948381
26.643129113209039   0.17919847956857281  0.00079808007189744622
27.072857002131766   0.23125619953259836  0.0018582654989608281
27.502584891054493   0.72284461819000678  0.003431448156400087
27.93231277997722   0.25204402032166077  0.0019452574288254477
28.362040668899947   0.15539846851812337  0.00064127119474309234
28.791768557822671   0.14201985340652659  0.00040933124157038863
29.221496446745398   0.32458206731418224  0.0012472739084070167
29.651224335668125   1.1443778858114733  0.0079616967053815167
30.080952224590852   1.5978758095748629  0.0062970935575076078
30.51068011351358   1.2616792596986685  0.010213703344953925
30.940408002436303   0.37263037567114409  0.0017398584626906947
31.37013589135903   0.14932460705169883  0.00047003745601194654
31.799863780281758   0.17136905941685912  0.00065180038424509431
32.229591669204481   0.29454892675494543  0.0021758273792258908
32.659319558127208   0.69091119370330072  0.0054515294886089745
33.089047447049936   0.33920546035798304  0.0017057346649822074
33.518775335972663   0.2835341472429638  0.00047597118449761095
33.94850322489539   0.41355152530195252  0.00088797037215174683
34.378231113818117   0.68609444645387105  0.0044390744783904725
34.807959002740844   0.58388393935291821  0.0021753982644555842
35.237686891663571   0.51285013401765005  0.0021409052288800655
35.667414780586299   0.40049669811574647  0.0028702987648191375
36.097142669509019   0.25839306558468243  0.00090532148602155533
36.526870558431746   0.27708267456877508  0.00090665511436043387
36.956598447354473   0.45068584531170569  0.002119640641898545
37.3863263362772   0.65827498979577141  0.0047168715693162258
37.816054225199927   1.4884297744878322  0.012583288187530951
38.245782114122655   5.6934994804607351  0.066499715633937294
38.675510003045382   3.2768813570804795  0.028219986483388104
39.105237891968109   2.1766310640422447  0.020421021538743298
39.534965780890836   1.1336173560117154  0.0094985892902624398
39.964693669813563   0.35407102608234771  0.0016430337938387216
40.394421558736283   0.25813804525380697  0.00084013470418788176
40.824149447659011   0.48110631903446553  0.0017362984196605524
41.253877336581738   0.5005419310216011  0.0021768533118361609
41.683605225504465   0.39339214116142398  0.0019108752019089886
42.113333114427192   0.40908939304061178  0.00092586126889773743
42.543061003349919   0.68910944147563445  0.0031758029660164923
42.972788892272646   1.774331601425575  0.0077570755488233976
