0.46400628289657042   97.356224856767962  0.021093902884955695     
0.92801256579314084   2.1545299463787733  0.0040888980880084041     
1.3920188486897112   9.7617381942684867  0.016300555989786151     
1.8560251315862817   2.3284950506960238  0.0085600728639906701     
2.3200314144828522   2.5870781404195761  0.013761755673549825     
2.7840376973794223   2.4211245483323995  0.014566731995187807     
3.2480439802759928   0.64996508270286671  0.0076930016124735864     
3.7120502631725634   2.3716763420840987  0.023830928938266318     
4.1760565460691339   0.070762530971066012  0.0012271814639999948     
4.6400628289657044   2.2566711280899798  0.02975466759130897     
5.104069111862275   0.11436008108615432  0.0021305815351479289     
5.5680753947588446   2.1332560879974652  0.026542048955433088     
6.0320816776554151   0.68638799096676753  0.0099706399060876428     
6.4960879605519857   1.9721375203454219  0.01980230402370974     
6.9600942434485562   2.3653666825532266  0.021351805641383742     
7.4241005263451267   1.7168754085935303  0.013277017883258556     
7.8881068092416973   8.2378130084748393  0.044101137060422623     
8.3521130921382678   1.3854608079727704  0.0088323499529471491     
8.8161193750348374   76.462681394216729  0.14734144373487454     
9.2801256579314089   163.75051419436019  0.14844222823223626     
9.7441319408279785   83.246404701724248  0.11626498477228492     
10.20813822372455   2.4090907440975369  0.0098625474522759979     
10.67214450662112   7.9712840573734144  0.017472908139614827     
11.136150789517689   2.2151235724929005  0.0082214298427100595     
11.600157072414261   2.0035661190484323  0.0039572786737350647     
12.06416335531083   2.1320103126184052  0.0040806896343645427     
12.528169638207402   0.46929457601046901  0.0032738291147195152     
12.992175921103971   1.9557484929087583  0.008595711534048377     
13.456182204000543   0.08831258820215334  0.00050913107650175005     
13.920188486897112   1.7310269463882726  0.014271666461055986     
14.384194769793684   0.24016587628751928  0.0027424071485339252     
14.848201052690253   1.5118639771828954  0.014626849440603209     
15.312207335586823   0.61186118391744836  0.0072034633514141699     
15.776213618483395   1.2536422402438421  0.012965652613088103     
16.240219901379966   1.626887078591885  0.016718375868584686     
16.704226184276536   0.98437555893999772  0.010026169645352094     
17.168232467173105   4.9663841192495076  0.042353676122731616     
17.632238750069675   0.72120962904654836  0.0049744903804839019     
18.096245032966248   41.452522968387332  0.192602233635556     
18.560251315862818   92.365722415785515  0.30621158673256761     
19.024257598759387   49.240561456056452  0.1900699245047343     
19.488263881655957   2.0786960696594549  0.013901836208015151     
19.952270164552527   4.7552976995849945  0.024814075835530082     
20.4162764474491   1.6089648317453892  0.011167915419552288     
20.88028273034567   1.2342873724041453  0.0078798667375078966     
21.344289013242239   1.4671270393604204  0.011307450579446962     
21.808295296138809   0.35897169934989318  0.0015466309554990214     
22.272301579035378   1.3163345817888227  0.00689048410004199     
22.736307861931952   0.1917732903225092  0.00024464804508215779     
23.200314144828521   1.1783405774801724  0.0041220831624596297     
23.664320427725091   0.46553600035912013  0.0028864490500107608     
24.128326710621661   1.0638466294054462  0.0041622070579660788     
24.592332993518234   0.62578356446735925  0.0030392839147320214     
25.056339276414803   0.85471500292755374  0.0051895409874772806     
25.520345559311373   1.0766460310243983  0.0082128981780619219     
25.984351842207943   0.6632554795280846  0.0040367984006369255     
26.448358125104512   2.4880726661872753  0.023523271693444077     
26.912364408001086   0.50672522465124052  0.0015419715268294252     
27.376370690897655   16.969346905271039  0.13692702012616958     
27.840376973794225   39.000259068049902  0.25995771464761266     
28.304383256690794   22.018181546806763  0.15872584416806315     
28.768389539587368   1.6380722347244184  0.012535292422710988     
29.232395822483937   2.5047780127200008  0.016809217828062314     
29.696402105380507   1.1396359743210887  0.009372720705695747     
30.160408388277077   0.85157306349538486  0.0063824481380916483     
30.624414671173646   1.0236905158879488  0.011565816220456428     
31.088420954070219   0.44589917681061746  0.0011248708334948465     
31.552427236966789   0.93958435504639377  0.0089664192996417112     
32.016433519863362   0.38040686313541048  0.00031867358520856527     
32.480439802759932   0.91445232528163416  0.0060709027808597094     
32.944446085656502   0.71009777180059881  0.0024296863555511571     
33.408452368553071   0.93724743869726812  0.0034955583956174142     
33.872458651449641   0.76289013187227196  0.0019130279514962782     
34.33646493434621   0.82313242173056828  0.0020186067078518816     
34.80047121724278   0.91564057834538159  0.0039549769906219098     
35.26447750013935   0.70413755726041438  0.0015810891366557056     
35.728483783035919   1.3959666989272325  0.0093140104483446903     
36.192490065932496   0.60888142805608192  0.00045563798066842655     
36.656496348829066   6.1278989749539155  0.06990604665924703     
37.120502631725635   13.954531624429013  0.14906155593334344     
37.584508914622205   8.5366817411073614  0.092276211667498089     
38.048515197518775   1.3553039781669158  0.0088473122727131681     
38.512521480415344   1.5378796387453448  0.0094953052118323412     
38.976527763311914   0.98183043622506717  0.0065689395718786174     
39.440534046208484   0.81828707285812239  0.0036437708002409016     
39.904540329105053   0.91017326443818631  0.008222441588548018     
40.36854661200163   0.64417727050343725  0.00098311982487343649     
40.8325528948982   0.86411608913701428  0.0068018065139594232     
41.296559177794769   0.59981067841663976  0.00049824785098433951     
41.760565460691339   0.87856230532366717  0.0050203437948965222     
42.224571743587909   0.87145251994663256  0.0015892503302264564     
42.688578026484478   0.95508147111089725  0.0029896165435872428     
43.152584309381048   0.90801218537580164  0.0021186896793283529     
43.616590592277618   0.91919805245002262  0.0015831486709437939     
44.080596875174187   0.94708461473810349  0.0030467656127609818     
44.544603158070757   0.84957166984934487  0.0016671139525452737     
45.008609440967334   1.0823747690383277  0.0030046539552429795     
45.472615723863903   0.78608460656781283  0.00047328666418187813     
45.936622006760473   2.4347561869739387  0.028344799563064421     
46.400628289657043   4.852806595525901  0.066249050109936558     
