0.46400628289657042   97.617211782391401  0.012129495345590199     
0.92801256579314084   2.1829341367625437  0.0015692285594620771     
1.3920188486897112   9.9557394450373218  0.009409787120268607     
1.8560251315862817   2.4378911309730047  0.0049332505174106308     
2.3200314144828522   2.6787943811058241  0.0060161453368648769     
2.7840376973794223   2.6002919654837767  0.0080612548558014725     
3.2480439802759928   0.6737464238418138  0.002625024386818841     
3.7120502631725634   2.6003483301886282  0.011141323869931356     
4.1760565460691339   0.062380310555101462  0.00037056751430930997     
4.6400628289657044   2.5383824912262289  0.012056280809105401     
5.104069111862275   0.10300739655275235  0.00045117663796159131     
5.5680753947588446   2.4861957032651642  0.011838763460689383     
6.0320816776554151   0.7748962185800467  0.0034611104411722508     
6.4960879605519857   2.3594863189785066  0.0093198862384907194     
6.9600942434485562   2.7862838264220307  0.0084388343426764153     
7.4241005263451267   2.0603643855336172  0.0059459254947788957     
7.8881068092416973   9.785221535617419  0.015588520429437236     
8.3521130921382678   1.5719117903009168  0.0026905973943195717     
8.8161193750348374   90.293730273173736  0.039801575953926217     
9.2801256579314089   193.10419004128092  0.0087441106160539644     
9.7441319408279785   98.336735654514911  0.021131033960692933     
10.20813822372455   2.7585178576557842  0.0017176534644550285     
10.67214450662112   9.4534934023658392  0.0031358765330467091     
11.136150789517689   2.6830996322082102  0.003079600014972839     
11.600157072414261   2.4030109726219833  0.003488839279318567     
12.06416335531083   2.6792928381492976  0.0055172195192201082     
12.528169638207402   0.5481141318457074  0.001794689927949607     
12.992175921103971   2.5537382819685857  0.0088852609351811014     
13.456182204000543   0.048726878543046613  0.00030811500248626753     
13.920188486897112   2.3888688860583149  0.010353847394502757     
14.384194769793684   0.16530785656217782  0.00056225381263616149     
14.848201052690253   2.2372077356894845  0.010873382682522757     
15.312207335586823   0.83452089208141378  0.0040279520553985583     
15.776213618483395   2.0072590465050183  0.0091570539647068358     
16.240219901379966   2.7073462456444057  0.010029017475580714     
16.704226184276536   1.6243581182434424  0.0058823532342206692     
17.168232467173105   8.9798520849628504  0.019907920992028637     
17.632238750069675   1.0295627484460101  0.0027550168923429956     
18.096245032966248   77.824301227121298  0.059519668147926264     
18.560251315862818   173.83758539688884  0.031274750544617891     
19.024257598759387   92.337967832702152  0.052296955888138851     
19.488263881655957   3.1939787669057501  0.005061112037229477     
19.952270164552527   8.3883300516552158  0.0037836344262025329     
20.4162764474491   2.7525558831179395  0.0022330904930890163     
20.88028273034567   2.0185676950918656  0.0018374239708070414     
21.344289013242239   2.585951600369983  0.0022626732674073255     
21.808295296138809   0.42563946529666557  0.0011877376112082795     
22.272301579035378   2.3604417383527775  0.0056813246463208695     
22.736307861931952   0.066762219178580801  0.0002545125225257371     
23.200314144828521   2.1258176739867169  0.007433022820576102     
23.664320427725091   0.2446054350104625  0.00071213389131212701     
24.128326710621661   1.9102084457312816  0.0086276695044204223     
24.592332993518234   0.85136933167295975  0.0041180883902279433     
25.056339276414803   1.6168034188930129  0.0078523858677458217     
25.520345559311373   2.4707668779471923  0.010356347289946211     
25.984351842207943   1.2104349064200463  0.0049814352802021704     
26.448358125104512   7.7113411949719401  0.021440994375566587     
26.912364408001086   0.63046848050007857  0.0021219688273017613     
27.376370690897655   62.531015392002737  0.06925280184974365     
27.840376973794225   145.98014482876628  0.058421495553216363     
28.304383256690794   80.878813202950441  0.076794389482461274     
28.768389539587368   3.4154954505860011  0.0087019019045198364     
29.232395822483937   6.9789564041411968  0.0073054600407113291     
29.696402105380507   2.646199183861012  0.0042747328660906904     
30.160408388277077   1.6054719901637692  0.001834230153548602     
30.624414671173646   2.3515821612265727  0.0014391414355339841     
31.088420954070219   0.33457841126434333  0.00085432895495958627     
31.552427236966789   2.0683285203098146  0.0027044730479735308     
32.016433519863362   0.11834726529662687  0.00023306219484819744     
32.480439802759932   1.8078125129273658  0.0040949126989831858     
32.944446085656502   0.33660533470121889  0.00092961171528633065     
33.408452368553071   1.5727946396811793  0.0057878137679147845     
33.872458651449641   0.83810431164289882  0.00368367961053567     
34.33646493434621   1.2599659959392649  0.005942282361950003     
34.80047121724278   2.1396485437359528  0.0093980074894644817     
35.26447750013935   0.88197402599691742  0.0036721000772637722     
35.728483783035919   6.2254903160328841  0.020128050490527459     
36.192490065932496   0.40421569445145995  0.0013025152060054436     
36.656496348829066   46.888037486830808  0.06932778990231915     
37.120502631725635   114.45005042893335  0.080108067545783809     
37.584508914622205   66.157919360196239  0.090338589718621832     
38.048515197518775   3.4009624553315706  0.011574846512292186     
38.512521480415344   5.4800397781672439  0.0088440206445674279     
38.976527763311914   2.4041809277000297  0.0064929788698162425     
39.440534046208484   1.2375600667211304  0.0021511321575107634     
39.904540329105053   2.0360290827065105  0.0040390642706159958     
40.36854661200163   0.29398821255107058  0.00068390745450917062     
40.8325528948982   1.74110481360346  0.0025961806431023948     
41.296559177794769   0.20057747336399687  0.00028796863548311442     
41.760565460691339   1.4959959171055112  0.0015196178627206006     
42.224571743587909   0.43648791688737641  0.0012270093712377946     
42.688578026484478   1.2818199929412275  0.003093652644415126     
43.152584309381048   0.81402859347009114  0.0028582846296851682     
43.616590592277618   0.98683005556653045  0.0039933172206001134     
44.080596875174187   1.7877171982627605  0.0075055608881491547     
44.544603158070757   0.67068466747793019  0.0023690527996601542     
45.008609440967334   4.7652237210843579  0.016684368796816257     
45.472615723863903   0.33713761701769279  0.00065615259740327832     
45.936622006760473   32.87866451361641  0.061799429414597194     
46.400628289657043   83.889166640328723  0.089766283092541938     
