-0.00567804448768498   -0.00658736460658547   94.9244415380169   0.313836316162336
0.0943992859706909   -0.00798752418951114   100.158060486119   0.303946853636873
0.194357774654833   -0.00671031979432809   88.7899425990118   0.310206262251264
0.294195951654926   -0.00623495273310809   84.5004957903151   0.307518619406031
0.394198867885469   -0.00643489783500078   96.0117763972008   0.302996922674214
0.493977306146728   -0.00558122564146665   104.345755792337   0.306582884223142
-0.405488282309725   -0.00574118072893336   81.203632935368   0.301703089689387
-0.306315477249286   -0.00579596869643536   87.1713236793541   0.315365089026411
-0.205572615995322   -0.00593548463120165   88.7302194158013   0.307156734644676
-0.105378530940844   -0.00584536579749595   87.0922809381741   0.309505373803645
0.0434177319365366   0.0929696757830636   94.8711327462669   0.309375970560738
0.143683980364861   0.0924851129348352   88.8932787985675   0.309758069959079
0.24386014874342   0.0934323887214136   98.5966722495569   0.299952305023223
0.34373508173144   0.0943283688641765   95.7850333650001   0.302765397865131
0.443904657907754   0.0937858583003453   93.4661514435791   0.307865848663338
0.543228758878482   0.092650403112366   98.4268759754576   0.308525467932738
-0.356557648522216   0.0953750348592543   93.0471452464909   0.313727152265267
-0.256640305737601   0.0930427680611737   94.3547053254683   0.300309349098973
-0.155740893777248   0.093713065327144   96.2578121445839   0.304338130393954
-0.0554638679239449   0.0945237157019799   88.0235135767981   0.299916937505868
0.0922978240189579   0.192247798199347   94.0546800178011   0.307037519488329
0.191669688526767   0.193288273081607   97.712042300531   0.311162114243341
0.290868888694015   0.194422567455295   92.6660007773532   0.312409811437457
0.391072573282875   0.193659567940417   100.617840755243   0.304310286114573
0.49139986416259   0.194248150460335   97.3661360206946   0.306128481757411
0.592372857927564   0.193432980547203   83.9600507780751   0.308576826265331
-0.307108816390062   0.193818084284579   91.8752176688775   0.300483788630038
-0.207028337614001   0.193416618233513   90.0526097074486   0.310436596850206
-0.10728191786555   0.192656713802451   93.0410811297788   0.316366309525569
-0.00719207876440287   0.194524432122363   100.262088478361   0.308210211908112
0.142058144898738   0.292563956742052   79.5321018042075   0.311390304227826
0.242179134423164   0.294351102491944   89.4481374494117   0.310564067730645
0.342164859165033   0.294693306814554   84.3465789136031   0.305165699241396
0.44204344568932   0.293276014237772   85.5764713751821   0.30615356165886
0.542191955167696   0.293116891866396   91.1726032830594   0.305472304280518
0.642771923907321   0.293783350998052   94.053834604286   0.308796648481765
-0.25697759605424   0.293570424693778   90.5523282357065   0.30847668320795
-0.156265225348871   0.292746628660091   89.1304025336696   0.30755986726081
-0.0571614566241703   0.293985936982936   89.1224341816322   0.312506288616671
0.0424190538558383   0.293033158374662   86.3522843909268   0.307794642658198
0.193035988405224   0.39414934132651   81.5872632375915   0.302609265291356
0.29287155650342   0.39476868308593   88.7588695115343   0.311029811433445
0.392701214041746   0.3946132997369   93.5354279170173   0.306821603128718
0.493645738081478   0.392746858484981   85.9270120506729   0.30455729030932
0.593481821397899   0.392901872135668   85.8292057183372   0.311576859649252
0.693919066504789   0.394228059042025   89.0309730514656   0.311759093743486
-0.206278812367161   0.393366800114863   90.4993271906659   0.310167115938661
-0.106731912343468   0.392772324776686   83.6526334620489   0.309149844424241
-0.00591069082327067   0.39439442129206   83.2725744586909   0.312812765552573
0.0936889677844408   0.392878904888271   96.0209159953341   0.304971190001454
0.242626731266767   0.494122826469654   95.8002641871844   0.310138533586242
0.342966720060829   0.494505129503066   84.1057543892109   0.307802132934558
0.443117841458732   0.492945521039859   96.3335109294254   0.312404024153426
0.542881352506886   0.492750988443589   95.610354182779   0.316177599999981
0.642756357240085   0.494202703249223   97.1431996380303   0.310204292053623
0.742759967564221   0.493610523083969   99.0966974674205   0.308868932177945
-0.157228765363571   0.493000607092144   102.656148706883   0.316159580407617
-0.0571545544634075   0.493443667326492   96.3156779765986   0.311474655369543
0.0432700428028272   0.494484654780605   95.1133091972201   0.303102155373516
0.142860247492008   0.492283797172519   94.7172702018654   0.30822267382778
-0.207339186380577   -0.40614546654035   94.553479235459   0.298412013797809
-0.107413869983582   -0.40550759326699   87.7269839343428   0.304357041407941
-0.00752182027623255   -0.40734574412252   91.2656365310719   0.307158087069887
0.0931748819545226   -0.406972897250907   90.042762787915   0.306006837553077
0.193240619208983   -0.406491885771357   89.6131284767278   0.308561151197508
0.292887047631646   -0.406730671502991   92.9300934141818   0.315220075195005
-0.607682974422206   -0.406823074195616   91.2123198994795   0.306029125163516
-0.507082888070992   -0.406875285030244   84.1459194444451   0.303985388541058
-0.407388908329402   -0.405482190663655   90.3425694189994   0.307211210725711
-0.307950639869672   -0.407514686941031   81.7319798242933   0.315455450649036
-0.15716173594023   -0.307045184659299   86.7001746652999   0.308630083156594
-0.0568978996412555   -0.306292516680611   93.7972391179199   0.304393758691769
0.0430862956075224   -0.307335618767091   86.2608838714212   0.301617664798723
0.143934397998248   -0.307245230877708   93.6373697234981   0.303841110919443
0.244449431398183   -0.305781044190194   88.6067529691258   0.307440007171028
0.343683897704031   -0.307035391866685   93.7628844386005   0.302296262368158
-0.557452364566906   -0.307474868778531   91.4288807692821   0.310830380393252
-0.457118806070841   -0.306605296219236   80.293751626031   0.308089036533003
-0.356249829932407   -0.305812573244407   87.4081963202466   0.302652470026689
-0.256161953346238   -0.306053295321061   84.2457824709025   0.310957888826435
-0.105597287950985   -0.206742096751537   84.2957615082123   0.309510591782478
-0.00543404609033743   -0.207510950754278   96.7557151726904   0.314528132697096
0.0945064738017306   -0.208150547594133   85.6932310254115   0.308411966826505
0.194927781957866   -0.206966142055708   80.2658651005143   0.304164642713692
0.295041430708047   -0.206324444117507   83.9771814586852   0.309666122160098
0.394277507336265   -0.206479800887672   86.42797910981   0.305597599177692
-0.505964918723485   -0.207610695889878   92.9567407188666   0.30417794059159
-0.406098047565422   -0.205452708081315   98.0302509985696   0.311968654918622
-0.305260597335795   -0.206567706563202   90.7382709590156   0.312524362346949
-0.205750589675735   -0.205478060229173   96.4617971061519   0.302838054503276
-0.0561040630169493   -0.107143448985774   87.1647909015839   0.311457316335053
0.0443599276243547   -0.106921317543159   89.7602939837339   0.307201327249772
0.144256093968338   -0.108124885299414   83.4267900144845   0.300839594394882
0.244645774374166   -0.106641134854639   99.3109756847196   0.307551532957602
0.344566189820385   -0.105736529802806   86.7476758631719   0.307177034201482
0.444654931685311   -0.105578074774973   88.2515556381176   0.304346627953631
-0.456172268800658   -0.106719574856155   85.0522646148637   0.308586426706864
-0.356060388395791   -0.10680805438979   92.6207855199459   0.309861156327581
-0.25630022123276   -0.104828610901492   92.5166309920804   0.307706328301739
-0.15568555137054   -0.105446077068179   90.3171424647716   0.306713106529678
