0.0064796213473364795   0   0   
0.019438864042009438   0   0   
0.032398106736682399   0   0   
0.045357349431355359   0   0   
0.058316592126028313   0   0   
0.071275834820701281   0   0   
0.084235077515374235   0   0   
0.097194320210047189   0   0   
0.11015356290472016   0   0   
0.12311280559939311   0   0   
0.13607204829406608   0   0   
0.14903129098873902   0   0   
0.16199053368341199   0   0   
0.17494977637808495   0   0   
0.18790901907275789   0   0   
0.20086826176743086   0   0   
0.21382750446210383   0   0   
0.2267867471567768   0   0   
0.23974598985144974   0   0   
0.2527052325461227   0   0   
0.26566447524079567   0   0   
0.27862371793546864   0   0   
0.29158296063014155   0.14441258955067273   0.00015041505565826617   
0.30454220332481452   29.026518111290331   0.00055868420078004486   
0.31750144601948749   5.9642273298711584   0.00046260186304726271   
0.33046068871416046   0.00047607918665989078   4.4800958360729653e-06   
0.34341993140883342   0   0   
0.35637917410350639   0   0   
0.36933841679817936   0   0   
0.38229765949285227   0   0   
0.39525690218752524   0   0   
0.40821614488219821   0   0   
0.42117538757687117   0   0   
0.43413463027154414   0   0   
0.44709387296621711   0   0   
0.46005311566089002   0   0   
0.47301235835556299   0   0   
0.48597160105023596   0   0   
0.49893084374490893   0   0   
0.51189008643958189   0   0   
0.52484932913425486   0   0   
0.53780857182892783   0   0   
0.5507678145236008   0   0   
0.56372705721827376   0   0   
0.57668629991294673   0   0   
0.58964554260761959   0   0   
0.60260478530229256   0   0   
0.61556402799696552   0   0   
0.62852327069163849   0   0   
0.64148251338631146   0   0   
0.65444175608098443   0   0   
0.66740099877565739   0   0   
0.68036024147033036   0   0   
0.69331948416500333   0   0   
0.7062787268596763   0   0   
0.71923796955434927   0   0   
0.73219721224902223   0   0   
0.7451564549436952   0   0   
0.75811569763836806   0   0   
0.77107494033304103   0   0   
0.78403418302771399   0   0   
0.79699342572238696   0   0   
0.80995266841705993   0   0   
0.8229119111117329   0   0   
0.83587115380640586   0   0   
0.84883039650107883   0   0   
0.8617896391957518   0   0   
0.87474888189042477   0   0   
0.88770812458509774   0   0   
0.9006673672797707   0   0   
0.91362660997444356   0   0   
0.92658585266911653   0   0   
0.9395450953637895   0   0   
0.95250433805846246   0   0   
0.96546358075313543   0   0   
0.9784228234478084   0   0   
0.99138206614248137   0   0   
1.0043413088371542   0   0   
1.0173005515318272   0   0   
1.0302597942265002   0   0   
1.0432190369211731   0   0   
1.0561782796158461   0   0   
1.0691375223105191   0   0   
1.082096765005192   0   0   
1.095056007699865   0   0   
1.108015250394538   0   0   
1.1209744930892109   0   0   
1.1339337357838839   4.1317176073605764e-08   2.9395445726576184e-08   
1.1468929784785569   5.7353842719123934e-05   8.2047876883964404e-07   
1.1598522211732298   0.012969750097270726   1.4295130353661293e-05   
1.1728114638679028   0.50560997683008604   0.00011004744606048879   
1.1857707065625758   4.1094811848551885   0.00024894554340712697   
1.1987299492572487   8.1287399812059172   0.00058033618578487502   
1.2116891919519217   4.429117970531079   0.00018209398967585875   
1.2246484346465947   0.73930915786957644   0.00019053683055196412   
1.2376076773412676   0.042714623196817809   3.4310178283936934e-05   
1.2505669200359406   0.0010323763653728378   4.129414486973089e-06   
1.2635261627306136   0.00019933948333358107   1.9966910896382646e-06   
1.2764854054252865   0.0029308139602546923   8.3870807590321828e-06   
1.2894446481199595   0.029782598780057137   2.467976746643911e-05   
1.3024038908146325   0.19098515362569813   9.2209988697038482e-05   
1.3153631335093054   0.78311452367597268   0.00017211996648982032   
1.3283223762039782   2.1099568860354483   0.00031788142040917745   
1.3412816188986512   3.8887182859492346   0.00027273365975127571   
1.3542408615933241   5.1888197103755956   0.00041888051649894523   
1.3672001042879971   5.4273265205266795   0.00036812187471987546   
1.3801593469826701   4.8383045742338719   0.00051045062366414012   
1.393118589677343   3.8309462934958559   0.00053442074081599935   
1.406077832372016   2.6604400345725106   0.00021000914073964932   
1.419037075066689   1.7580169403471551   0.00042908495040813939   
1.4319963177613619   2.1505063196520573   0.00055396543708989432   
1.4449555604560349   5.2574458838268635   0.0003119270857854081   
1.4579148031507079   9.4969599517059953   0.0010433450377217396   
1.4708740458453808   8.8558120572818232   0.00048155300362856902   
1.4838332885400538   3.7468578792064007   0.00050068271721389484   
1.4967925312347268   0.65919503173716767   0.00031439768823709589   
1.5097517739293997   0.047498578790364604   4.3714670818050853e-05   
1.5227110166240727   0.0017796992655202879   7.8439431840265074e-06   
1.5356702593187457   5.2220319759696182e-05   1.0055001583686828e-06   
1.5486295020134186   1.1193670086886919e-06   1.3567155770806443e-07   
1.5615887447080916   0   0   
1.5745479874027646   0   0   
1.5875072300974375   0   0   
1.6004664727921105   0   0   
1.6134257154867835   1.451908797767271e-07   5.8165906862746346e-08   
1.6263849581814565   9.8903333164242228e-07   1.5878455473696409e-07   
1.6393442008761294   1.1088680851374829e-05   8.3487235342617911e-07   
1.6523034435708024   0.00011584877091304906   2.9444067490720959e-06   
1.6652626862654751   0.0011742866613044208   9.2458541187590469e-06   
1.6782219289601481   0.010982663740581624   3.4153598352621365e-05   
1.6911811716548211   0.082133430197520684   0.00011912008489594748   
1.704140414349494   0.43562089327064961   0.00030168721713103994   
1.717099657044167   1.5127127930982873   0.00025999279476428093   
1.73005889973884   3.2064089832058767   0.00049913472951598954   
1.7430181424335129   3.8612682504812811   0.00087430540593653836   
1.7559773851281859   2.4381478603020271   0.0001248302429751539   
1.7689366278228589   0.73867008945144984   0.00042821245508465211   
1.7818958705175318   0.097849322106035985   0.0001276684588680842   
1.7948551132122048   0.0061530212312466892   1.4347563664159564e-05   
1.8078143559068778   0.00059303969421061083   9.5765472167696672e-06   
1.8207735986015507   4.914685445766095e-05   1.0204801567069367e-06   
1.8337328412962237   5.2802280376751779e-07   7.4893539229257235e-08   
1.8466920839908967   0   0   
1.8596513266855697   0   0   
1.8726105693802426   0   0   
1.8855698120749156   0   0   
1.8985290547695886   0   0   
1.9114882974642615   0   0   
1.9244475401589345   0   0   
1.9374067828536075   0   0   
1.9503660255482804   0   0   
1.9633252682429534   0   0   
1.9762845109376264   0   0   
1.9892437536322993   0   0   
2.0022029963269721   0   0   
2.0151622390216453   0   0   
2.028121481716318   0   0   
2.0410807244109912   0   0   
2.0540399671056639   0   0   
2.0669992098003371   0   0   
2.0799584524950099   0   0   
2.0929176951896831   0   0   
2.1058769378843558   0   0   
2.118836180579029   0   0   
2.1317954232737018   0   0   
2.1447546659683749   1.5291099906394885e-07   5.2563539001128713e-08   
2.1577139086630477   3.987996699597033e-06   1.9494193427467357e-07   
2.1706731513577204   0.000100824187524094   5.4951247822358803e-07   
2.1836323940523936   0.0016957145294220702   4.5204253099388201e-06   
2.1965916367470664   0.018018413376057576   2.0129250630167864e-05   
2.2095508794417396   0.11851319227925686   5.9696517998121327e-05   
2.2225101221364123   0.48559694082489811   7.1179045720095114e-05   
2.2354693648310855   1.2596720641595671   7.0600284631797852e-05   
2.2484286075257582   2.1303943226312774   0.00021124033800389139   
2.2613878502204314   2.6062352884965627   0.00022905515022326874   
2.2743470929151042   3.0543128129773447   0.00022441331648438443   
2.2873063356097774   2.9434677311041183   0.00015446778604003514   
2.3002655783044501   1.348595904289862   0.00010515856503970029   
2.3132248209991233   0.25356885649238692   6.7329692728146406e-05   
2.326184063693796   0.032360024705344594   1.8431573002612619e-05   
2.3391433063884692   0.032414965108572135   4.9003058569315322e-05   
2.352102549083142   0.15211694823296261   0.00015488825325234481   
2.3650617917778152   0.57471461509951066   0.0002963608284903137   
2.3780210344724879   1.5524687920942153   0.00023791899082866255   
2.3909802771671611   2.9780280437855897   0.00020898201480201193   
2.4039395198618339   4.0525306018725103   0.00062669580626717683   
2.416898762556507   3.9167423316219222   0.00061028308354252225   
2.4298580052511798   2.6940454158877957   0.00012405253976518444   
2.442817247945853   1.3239189054274474   0.00025947404090340188   
2.4557764906405257   0.4675023056007341   0.00028406074451529859   
2.4687357333351989   0.11979925866205109   0.00011586400521519566   
2.4816949760298717   0.022884941055610342   3.8547101831764532e-05   
2.4946542187245444   0.0050712013293142495   1.5589232135569606e-05   
2.5076134614192176   0.010141572222535753   3.2843988540268546e-05   
2.5205727041138903   0.043086639901213563   8.5189762897723693e-05   
2.5335319468085635   0.15218681104532047   0.00019890782587555165   
2.5464911895032363   0.42676480765536607   0.00029974348040488914   
2.5594504321979095   1.0123244171734393   0.00015840135931373479   
2.5724096748925822   2.4707972454681899   0.00039638951260708294   
2.5853689175872554   4.8672931764682044   0.00062470136040025904   
2.5983281602819281   4.7191381416605332   0.00044368825165110156   
2.6112874029766013   2.1385528831848866   0.0001111417209695228   
2.6242466456712741   0.95505199479141498   0.00038554595297521333   
2.6372058883659473   1.4319032738536205   0.00022795612902521801   
2.65016513106062   2.5421041977875903   0.00022783804755865955   
2.6631243737552932   2.7750564437184558   0.00015967545423851707   
2.676083616449966   2.1942371463506293   0.00029824958626202743   
2.6890428591446391   2.2052763730492501   0.00023313000558003401   
2.7020021018393119   2.8419984784462816   0.00022909781021813089   
2.7149613445339851   3.1964044418171677   0.00033640731059672283   
2.7279205872286578   2.8331388936318322   0.00028515506703544054   
2.740879829923331   1.9804778881837282   0.00018890275573022199   
2.7538390726180038   1.1012625863637119   0.0001326320972665457   
2.7667983153126769   0.48917070422757625   0.00017908353764390003   
2.7797575580073497   0.17364432752047089   0.00010677514523604554   
2.7927168007020229   0.049115265808152212   4.2248124715763997e-05   
2.8056760433966956   0.011057619775710949   1.7821705924880777e-05   
2.8186352860913688   0.0019966169155017629   5.5593561742333969e-06   
2.8315945287860416   0.00033821228677597416   3.4888159710708355e-06   
2.8445537714807143   0.00075757803083799365   5.7470358571447517e-06   
2.8575130141753875   0.013912176338349358   2.8228136872592515e-05   
2.8704722568700602   0.18579700332644938   0.00014695268140781157   
2.8834314995647334   1.095093316942585   0.00027672927593600795   
2.8963907422594062   2.7602496325825035   0.00043036529091373355   
2.9093499849540794   3.9699364799171981   0.0003587804512333486   
2.9223092276487521   4.5101373561728881   0.00099591223169998472   
2.9352684703434253   3.6427404058514897   0.0004622142553555394   
2.9482277130380981   1.7402781160605895   0.00039451627032177818   
2.9611869557327712   0.46350015715874518   0.00038634897489565757   
2.974146198427444   0.068028636638906327   0.00010551350525711931   
2.9871054411221172   0.0056355022381163298   1.5240194920612682e-05   
3.0000646838167899   0.0017366592208609962   1.2261908188656104e-05   
3.0130239265114631   0.00030144211976023926   4.2855995998047757e-06   
3.0259831692061359   7.4937148039280696e-06   3.0081509426785554e-07   
3.038942411900809   1.5930751968678842e-07   3.6297481949492078e-08   
3.0519016545954818   5.1171307946787044e-09   5.1171307946787044e-09   
3.064860897290155   0   0   
3.0778201399848277   1.1162886167254892e-07   3.1002891415527889e-08   
3.0907793826795009   1.9806836328786554e-06   2.9508605354456877e-07   
3.1037386253741737   2.2707914219576892e-05   8.8639419268660613e-07   
3.1166978680688469   0.00025743707356090619   2.8502295374808023e-06   
3.1296571107635196   0.0026658810062129846   9.831654290057986e-06   
3.1426163534581928   0.02152572765518644   6.0915009203306975e-05   
3.1555755961528655   0.1238154982765109   0.00017325431174169212   
3.1685348388475383   0.47802662086767475   0.00027334313370225528   
3.1814940815422115   1.1926556909672854   0.00014594938754175204   
3.1944533242368842   1.8570063102445097   0.00051210222612827942   
3.2074125669315574   1.7469355009547301   0.00054928123154524484   
3.2203718096262302   0.96051875213952347   0.00020761834147917669   
3.2333310523209033   0.29837296612497704   0.00029457560534723927   
3.2462902950155761   0.050815624427812903   0.00010562168142649998   
3.2592495377102493   0.0047501356574511434   1.6536568210876985e-05   
3.272208780404922   0.00030157652264695584   2.5982127739338878e-06   
3.2851680230995952   2.7895205857978804e-05   1.9537584095935651e-06   
3.298127265794268   8.2343481392272923e-06   1.1218735970327638e-06   
3.3110865084889411   1.1083945636184195e-06   3.753718882607637e-07   
3.3240457511836139   1.4094553241483449e-08   1.0027686164036711e-08   
3.3370049938782871   0   0   
3.3499642365729598   0   0   
3.362923479267633   0   0   
3.3758827219623058   0   0   
3.388841964656979   9.216705943761644e-09   9.216705943761644e-09   
3.4018012073516517   1.5149631226988781e-07   3.4928965916975528e-08   
3.4147604500463249   3.672420093449368e-06   1.6907747918000643e-07   
3.4277196927409976   6.2181438773913052e-05   7.0647225800087549e-07   
3.4406789354356708   0.00076764550885342169   1.7559796440596742e-06   
3.4536381781303436   0.0066123360019643668   1.0027068243711222e-05   
3.4665974208250168   0.039759618932507272   2.0606030467158016e-05   
3.4795566635196895   0.16842313411783368   4.8950777899175529e-05   
3.4925159062143623   0.51534031031483266   8.9857856680068905e-05   
3.5054751489090354   1.1734879050246999   0.00013616995137876527   
3.5184343916037082   2.0236335843788205   0.00013470915313308212   
3.5313936342983814   2.6342732276024814   0.00019437391537447358   
3.5443528769930541   2.5454762231917902   0.00023981314234222591   
3.5573121196877273   1.8220403897313625   0.00010130399934344535   
3.5702713623824001   1.0838315803731093   0.00017653057199158251   
3.5832306050770732   0.89534306604777594   0.00027796237360589529   
3.596189847771746   1.358368324254017   0.00017060975159708531   
3.6091490904664192   2.18383354337702   0.00022612950592605229   
3.6221083331610919   3.1161915513478796   0.00043112632135596144   
3.6350675758557651   4.0009486438200259   0.00042192262446507363   
3.6480268185504379   3.7228144631540415   0.00019842913601468106   
3.6609860612451111   1.9825354687307154   0.00025162358482280441   
3.6739453039397838   0.62138678330770238   0.00030174801021610016   
3.686904546634457   0.26648936904711977   0.00032146693565936285   
3.6998637893291297   0.50253004792729401   0.00048654404024065836   
3.7128230320238029   1.242185205216548   0.0004804336383478778   
3.7257822747184757   2.4348523271923543   0.00020107075223940805   
3.7387415174131489   3.5608213286927142   0.0010735222578304021   
3.7517007601078216   3.8111833047457602   0.0010701661831005429   
3.7646600028024948   2.956071100398274   0.00037044339888990961   
3.7776192454971675   1.6559778178221068   0.00044894156843952321   
3.7905784881918407   0.67155806240781382   0.00052624876858308393   
3.8035377308865135   0.19898906705359338   0.00027060156897693403   
3.8164969735811862   0.043918730654302189   9.7343367483254336e-05   
3.8294562162758594   0.0075223768230490259   2.2893129813973476e-05   
3.8424154589705322   0.0010703627865877754   5.3020715923021406e-06   
3.8553747016652054   0.00016510262544942132   1.2671280078219421e-06   
3.8683339443598781   0.00025832405106019942   1.3963534540182997e-06   
3.8812931870545513   0.0019237973846779598   7.4569974741714967e-06   
3.894252429749224   0.016946877971444453   4.2201176612466545e-05   
3.9072116724438972   0.14969986075382809   0.00017144752308340722   
3.92017091513857   0.91017914718027554   0.00034078456343460477   
3.9331301578332432   2.9592311231734181   0.00030135757390072708   
3.9460894005279159   4.732423372218463   0.00044818122892228957   
3.9590486432225891   3.8569881943454243   0.00066497773036442115   
3.9720078859172618   2.0256996644740514   0.0004458595352605739   
3.984967128611935   1.0165908470373573   0.0001029079074314424   
3.9979263713066078   0.51672177366637383   0.00024721495392985387   
4.010885614001281   0.3308628920412987   0.000299087978285367   
4.0238448566959537   0.51449729475937884   0.0001899344771483682   
4.0368040993906265   1.0400365673714166   0.0001004149939914285   
4.0497633420853001   1.7026604792122123   0.0001003549006572384   
4.0627225847799728   2.1431102218960948   0.00015264343178734418   
4.0756818274746456   2.1433803474231132   0.00019338925274719485   
4.0886410701693183   1.9327032568049322   0.00010373400196589917   
4.101600312863992   1.9026306315656338   0.00013204064144155676   
4.1145595555586647   1.891526471927914   0.00026458503218868609   
4.1275187982533375   1.4313055688476   0.0001601090844732654   
4.1404780409480102   0.70381005444875038   0.00015779490703979884   
4.1534372836426829   0.21507685494363615   0.00014519498280119751   
4.1663965263373566   0.040897453859073594   4.1825618904861382e-05   
4.1793557690320293   0.0053227209731964357   1.3213225382805794e-05   
4.1923150117267021   0.00300255228584018   1.0742668306027915e-05   
4.2052742544213748   0.030415477356894304   4.4384848434926955e-05   
4.2182334971160484   0.2311425588545804   0.00012739617186668111   
4.2311927398107212   0.9029034304075474   0.00011561763920234554   
4.2441519825053939   1.7062824878617266   0.00025251873308847444   
4.2571112252000667   1.4978708431704663   0.00021608756336148999   
4.2700704678947403   0.59171002315589898   0.00012979701693367739   
4.2830297105894131   0.10269720036529534   6.8691223313256422e-05   
4.2959889532840858   0.0078995329920146477   1.0575935289029064e-05   
4.3089481959787586   0.0011158609477099904   4.8636009100350915e-06   
4.3219074386734322   0.0085786681301037246   2.9429133245754348e-05   
4.3348666813681049   0.064487717691185595   0.00014449529277424267   
4.3478259240627777   0.32386330638749767   0.00033450047112833129   
4.3607851667574504   1.0494768157466201   0.00030085728629837881   
4.3737444094521241   2.1477333003138363   0.00042070861222866227   
4.3867036521467968   2.7307989835567933   0.00084847615786791291   
4.3996628948414696   2.1330259822247065   0.00035428579271165555   
4.4126221375361423   1.0152992490507918   0.00035996900915669851   
4.4255813802308159   0.2935826870921751   0.00033593279275436138   
4.4385406229254887   0.052027802997706403   0.00011302273956444363   
4.4514998656201614   0.0060351569079349245   1.4872872679004449e-05   
4.4644591083148342   0.00061640849120029709   4.8033936158001489e-06   
4.4774183510095078   8.1433004926836913e-05   2.4847227693718923e-06   
4.4903775937041805   1.2972480366544572e-05   1.2011632904583708e-06   
4.5033368363988533   2.9476882210785892e-06   5.4467496569824513e-07   
4.516296079093526   3.5270760062834189e-07   1.1524086668387354e-07   
4.5292553217881988   8.6200593858858001e-08   3.3803140314608159e-08   
4.5422145644828724   8.6986113678501921e-07   1.2301363177145914e-07   
4.5551738071775452   1.4269020954580731e-05   2.6218768217321859e-07   
4.5681330498722179   0.00019407839952588883   1.1459460531450919e-06   
4.5810922925668907   0.0020312676002463875   4.7436332712666332e-06   
4.5940515352615643   0.015648293314395897   2.1875721896254176e-05   
4.607010777956237   0.08679226296526885   0.00010834822874551234   
4.6199700206509098   0.34182839223485812   0.00025664577333933906   
4.6329292633455825   0.94498592788363368   0.00025056022491557517   
4.6458885060402562   1.8002398646196403   0.00028451169662428029   
4.6588477487349289   2.3159247266555884   0.00069257273973137597   
4.6718069914296017   1.9843173242683599   0.00027772330059982087   
4.6847662341242744   1.1367078388444226   0.00022184459930910289   
4.697725476818948   0.44980419829875905   0.00023541547522283104   
4.7106847195136208   0.13195504363553292   0.00011752174694625774   
4.7236439622082935   0.031913604531513842   3.3416168830814219e-05   
4.7366032049029663   0.012277336225670747   2.4639686391227687e-05   
4.7495624475976399   0.033434118637724596   7.3070000168491975e-05   
4.7625216902923126   0.13090263482835295   0.00018585091103643399   
4.7754809329869854   0.40313097497169642   0.00031823738728046622   
4.7884401756816581   0.95013615840751611   0.00018343843752070887   
4.8013994183763318   1.719021795615774   0.00031418680570743524   
4.8143586610710045   2.4027207032189819   0.000600975037119683   
4.8273179037656773   2.6225111712176522   0.0005186931347901509   
4.84027714646035   2.2929584720684101   0.00018779980017368613   
4.8532363891550228   1.8073594297074065   0.00028277692472388508   
4.8661956318496964   1.7148675489749301   0.00044604557699004068   
4.8791548745443691   1.9304298664647771   0.00039012119856587139   
4.8921141172390419   2.1301264119378025   0.00022496057271117892   
4.9050733599337146   2.504760395991115   0.0002372871765952976   
4.9180326026283883   2.8097516860997148   0.00047057216515365057   
4.930991845323061   2.5537218220294669   0.0002573352315117105   
4.9439510880177338   1.8751646653529849   0.00038885659556774344   
4.9569103307124065   1.3521677113723508   0.00052352129129795626   
4.9698695734070801   1.313216538574794   0.00023440930406453705   
4.9828288161017529   1.5741493461150612   0.00050449729633667882   
4.9957880587964256   1.7239154019018393   0.00077043658476365718   
5.0087473014910984   1.5290365920411709   0.0004657035621026863   
5.021706544185772   1.1148675022595938   0.00010376288532217573   
5.0346657868804447   0.88870074361892252   0.00037895369030464907   
5.0476250295751175   1.1605184685186944   0.00031157178970603792   
5.0605842722697902   1.4656886984893998   0.00025393815427110227   
5.0735435149644639   1.0969792213502528   0.00013182677063729713   
5.0865027576591366   0.44702736666334126   0.00016115017281944905   
5.0994620003538094   0.1674861595970878   0.00024017316300018262   
5.1124212430484821   0.30314644941617234   0.00038241630701958498   
5.1253804857431557   0.78269956070575206   0.00026607812182947536   
5.1383397284378285   1.4841913334690535   0.00030708464112854503   
5.1512989711325012   2.0725050924191823   0.00083290785609951724   
5.164258213827174   2.4139113179234506   0.00057901844809540232   
5.1772174565218467   2.5307048042357263   0.00028511652572417542   
5.1901766992165204   1.894279500811136   0.00040347123101996372   
5.2031359419111931   0.77592829379395642   0.00023941849590818684   
5.2160951846058659   0.1576637660643724   0.00013146390429337114   
5.2290544273005386   0.016852182606149973   3.8048298365212958e-05   
5.2420136699952122   0.0012885375072685584   3.4983319752671986e-06   
5.254972912689885   0.00011677578931826814   1.2365823618973103e-06   
5.2679321553845577   1.9423646611724629e-05   5.1597329573276859e-07   
5.2808913980792305   0.00010503012042956316   1.3674380477999611e-06   
5.2938506407739041   0.0017764270123891509   8.8473267723321414e-06   
5.3068098834685768   0.022655967446805623   5.0941705105416788e-05   
5.3197691261632496   0.17945292858456266   0.00019700923077805242   
5.3327283688579223   0.81743224205679533   0.00034288157804296192   
5.345687611552596   2.0788656038739526   0.00028324390475040554   
5.3586468542472687   2.9831209288936846   0.00048681466025622053   
5.3716060969419415   2.6966408957215686   0.00018089538625741755   
5.3845653396366142   2.1582049784881663   0.00036868813885671092   
5.3975245823312878   2.1007142830054668   0.0004066859422665943   
5.4104838250259606   2.1298424769870253   0.00011541999254628324   
5.4234430677206333   1.8972017602129675   0.00010144799215974853   
5.4364023104153061   1.4182246153099913   0.00013890648571984583   
5.4493615531099797   0.87950712330633849   8.8202875218347475e-05   
5.4623207958046525   0.53800691901253956   7.1455901115439138e-05   
5.4752800384993252   0.58636573260545772   8.4891352694139485e-05   
5.488239281193998   0.74642720780165665   9.7996364041690675e-05   
5.5011985238886707   0.52624889128643483   6.1161640315471527e-05   
5.5141577665833443   0.17358599020931114   4.1193766777859357e-05   
5.5271170092780171   0.047353755159379282   6.9460453422114391e-05   
5.5400762519726898   0.12484615300681854   0.00013530202301121571   
5.5530354946673626   0.41150892800420458   0.00011554658740506522   
5.5659947373620362   0.84032957356057049   0.00017979905996699312   
5.578953980056709   1.0585412810553713   0.00031682399605082879   
5.5919132227513817   0.83204835345440952   0.00013822312108917866   
5.6048724654460544   0.42663103304940897   0.00016588281196011644   
5.6178317081407281   0.2361157478238535   0.00022756617046728128   
5.6307909508354008   0.45278219788258865   0.00018947159852173208   
5.6437501935300736   0.96818565336771273   0.00019145590298586522   
5.6567094362247463   1.1933775417525032   0.00034010299172530253   
5.6696686789194199   0.78542962031833681   7.8505591392490835e-05   
5.6826279216140927   0.26925810311477127   0.0001622188408959366   
5.6955871643087654   0.047334195093403702   7.173198740172775e-05   
5.7085464070034382   0.0042831513889061758   1.0516808153438948e-05   
5.7215056496981118   0.00022243972846920535   2.0334616914654945e-06   
5.7344648923927846   1.158514942674042e-05   1.0604402891205297e-06   
5.7474241350874573   8.6679118914281928e-06   4.8140630772109864e-07   
5.7603833777821301   0.00010180725694987163   1.1130476681632022e-06   
5.7733426204768037   0.0012296431357701595   5.872491237966883e-06   
5.7863018631714764   0.011656069279495862   3.9681526231285199e-05   
5.7992611058661492   0.07762985035859064   0.00017194864825819077   
5.8122203485608219   0.34496033348589458   0.00037989101460977778   
5.8251795912554947   1.0017124227842708   0.00020133225894668989   
5.8381388339501683   1.8959425502866186   0.00048572143985611512   
5.8510980766448411   2.3811023499335758   0.00077826249506933071   
5.8640573193395138   2.0999745359709017   0.00016739325170979959   
5.8770165620341865   1.4678996548301735   0.00033650766541949953   
5.8899758047288602   0.96813061478122168   0.00025543216679322763   
5.9029350474235329   0.72265047478038073   0.00017763388833397391   
5.9158942901182057   0.71203212461687039   9.7446669891919535e-05   
5.9288535328128784   0.83225709610781571   0.00014272438523763994   
5.941812775507552   0.90322984490520903   0.00015405670978250787   
5.9547720182022248   0.87381853933193737   0.00022051502450307541   
5.9677312608968975   0.90099349159115186   0.00028816189495841237   
5.9806905035915703   1.1186128291547414   0.0001143123112696207   
5.9936497462862439   1.4083766095078062   0.00037963334153299178   
6.0066089889809167   1.0159281783612206   0.00033605004951733321   
6.0195682316755894   0.6225366607552341   0.00015767738978986617   
6.0325274743702622   0.39795997770686492   6.7861476121771224e-05   
6.0454867170649358   0.19876463377933037   0.00012576506580541786   
6.0584459597596085   0.097510405485760433   0.00017296193565042787   
6.0714052024542813   0.13702068052242142   0.00032599311952968313   
6.084364445148954   0.42204573312942685   0.00054143664524281061   
6.0973236878436277   1.098446609959034   0.00049863649319738361   
6.1102829305383004   2.0635905812640389   0.00031495152928515503   
6.1232421732329732   2.6988353855840755   0.0010695986778881847   
6.1362014159276459   2.1219373502341899   0.00068766221611974695   
6.1491606586223186   1.6918772018683606   0.00021541177835665985   
6.1621199013169923   1.3818841614283101   0.0001909602590851021   
6.175079144011665   1.2486654336627419   0.00027950369685788522   
6.1880383867063378   1.4732308759328924   0.00030000456642288688   
6.2009976294010105   2.1235226635463642   0.00020565081290914852   
6.2139568720956841   2.5217800340755604   0.00016340387591210607   
6.2269161147903569   1.9406186915521402   0.00021217899555190214   
6.2398753574850296   0.92490273999349004   9.9506197664326496e-05   
6.2528346001797024   0.56578260668491276   7.593074266467716e-05   
6.265793842874376   0.40735619444652839   0.00013945339911783116   
6.2787530855690488   0.38521034832589987   0.00015855514489104719   
6.2917123282637215   0.48016540829613532   9.0495618890780414e-05   
6.3046715709583943   0.66229624257159914   8.6208713027012361e-05   
6.3176308136530679   0.91222166463084677   0.0002082882782419138   
6.3305900563477406   1.1537295840392443   0.00039488531213662116   
6.3435492990424134   1.208547598723417   0.00037935493656249285   
6.3565085417370861   0.97055394739993865   0.00015032256415779679   
6.3694677844317598   0.5744151279430523   0.00018881575813587606   
6.3824270271264325   0.24743535964105218   0.00021693977368181904   
6.3953862698211053   0.077722455392709315   0.00011474370088205677   
6.408345512515778   0.018096803360308677   4.2327098756625316e-05   
6.4213047552104516   0.0032853030133641078   1.1117454260457812e-05   
6.4342639979051244   0.0012169943699628158   5.0008921338424643e-06   
6.4472232405997971   0.0099190961254306827   2.5546781953441384e-05   
6.4601824832944699   0.078005803095174283   0.00010123768327529091   
6.4731417259891426   0.37119489432222022   0.00015367911043801923   
