0.4848420195558783   5.5584032374479753e-05  8.54486705870844e-08     
0.9696840391117566   6.1686245201349111e-05  5.8405427756584628e-08     
1.454526058667635   7.3055016264543891e-05  3.2285241914859537e-08     
1.9393680782235132   9.215377922245148e-05  3.214658013607787e-08     
2.4242100977793917   0.00012481205433000432  7.8874135807887671e-08     
2.9090521173352699   0.00018348879975040521  9.5801616532444287e-08     
3.3938941368911482   0.00030856294165469473  1.7799733492067388e-07     
3.8787361564470264   0.00066679143249176338  6.013488484881092e-07     
4.3635781760029051   0.0026748124953658771  3.9083310277034315e-06     
4.8484201955587833   108.4079903173003  0.00026818898939803769     
5.3332622151146616   0.0035515145895483829  5.4348071352367824e-06     
5.8181042346705398   0.0012051804245667428  1.0951621759851581e-06     
6.3029462542264181   0.00077785945801065457  2.9716415091193373e-07     
6.7877882737822963   0.00065709898686254877  2.6180596557393277e-07     
7.2726302933381746   0.00063550109245956979  2.6341197223325523e-07     
7.7574723128940528   0.00065546928368845731  3.3484112589653116e-07     
8.2423143324499311   0.0007071599799913911  3.56583178046325e-07     
8.7271563520058102   0.00080607505477040598  4.5153610964831708e-07     
9.2119983715616875   0.0010606497967591217  7.3020810689479223e-07     
9.6968403911175667   1.4984860794236193  5.5774684458627051e-05     
10.181682410673444   0.0010214540295571521  6.3486084248213832e-07     
10.666524430229323   0.0010305140320771048  3.6182544073387942e-07     
11.151366449785201   0.001125140019484789  3.684786071216071e-07     
11.63620846934108   0.0012691660949605858  5.726312564816039e-07     
12.121050488896957   0.0014830702484867062  7.7882222379825133e-07     
12.605892508452836   0.0018445936142849613  7.9374531889601091e-07     
13.090734528008714   0.0026160304272187893  9.8805113642009987e-07     
13.575576547564593   0.0048370461293046981  4.3699064362372137e-06     
14.06041856712047   0.017129570666704941  2.3573768407466405e-05     
14.545260586676349   72.390408579778983  0.0015073337810013497     
15.030102606232226   0.022841475625149026  3.5230571519336229e-05     
15.514944625788106   0.0083838437267537699  6.77809963982535e-06     
15.999786645343985   0.0057776213109465489  2.8357770725047461e-06     
16.484628664899862   0.0052222323137354624  3.2068837361768488e-06     
16.969470684455739   0.0056216109403030138  3.067931892571232e-06     
17.45431270401162   0.0070513433860712355  2.1616852368724654e-06     
17.939154723567498   0.010682069940226651  5.4334752519112661e-06     
18.423996743123375   0.02154838700176076  2.1534795610711099e-05     
18.908838762679252   0.081155865516245816  0.00011408820102528144     
19.393680782235133   185.81851978117826  0.006368703919424779     
19.878522801791011   0.09109671093717779  0.00015003972614525021     
20.363364821346888   0.027575236033331897  2.4143638156758604e-05     
20.848206840902765   0.015759788218665417  6.9065361703257807e-06     
21.333048860458646   0.012154731573731329  5.5156497945839964e-06     
21.817890880014524   0.011415362449806757  6.5116365012227047e-06     
22.302732899570401   0.012542703249150641  5.5670830763362918e-06     
22.787574919126278   0.016637027109721102  1.1165718031930429e-05     
23.272416938682159   0.029587687270881589  2.9606621986894721e-05     
23.757258958238037   0.099703964385986886  0.00013486385011138918     
24.242100977793914   132.94538921282377  0.0070502144141901895     
24.726942997349795   0.098512292940211037  0.00016234820789672861     
25.211785016905672   0.029381156972632516  2.5148034787424589e-05     
25.69662703646155   0.01661046876843378  7.6084278012951265e-06     
26.181469056017427   0.012457703709391581  4.9731190915459391e-06     
26.666311075573308   0.010849124030253841  4.7366338181866064e-06     
27.151153095129185   0.010226508258431366  4.8911734427675928e-06     
27.635995114685063   0.010442798560090225  7.0895268687695126e-06     
28.12083713424094   0.012333972635299192  1.0259101606287262e-05     
28.605679153796821   0.022812828469917177  2.3045318315085813e-05     
29.090521173352698   12.124247965295219  0.00098961871353408605     
29.575363192908576   0.017611873376523568  1.9389382909885014e-05     
30.060205212464453   0.0098587846091950444  4.5283493865915331e-06     
30.545047232020334   0.0087381152203182587  3.4556974873167163e-06     
31.029889251576211   0.0086805183635022227  3.0907057960244072e-06     
31.514731271132089   0.0090819430151834473  5.2058186306859736e-06     
31.99957329068797   0.010085641168184948  4.8789351152840563e-06     
32.484415310243847   0.012572230798036893  5.7353238504859766e-06     
32.969257329799724   0.019884840946685692  1.6282510435641186e-05     
33.454099349355602   0.058147300320023962  7.1754093581573333e-05     
33.938941368911479   37.477905967304832  0.004072762424374498     
34.423783388467356   0.075737852037284899  0.00011172296394736495     
34.908625408023241   0.031817420053582487  2.3091090481708753e-05     
35.393467427579118   0.023642490598471684  1.0158221233256198e-05     
35.878309447134995   0.022138584585481636  1.480143058210069e-05     
36.363151466690873   0.024047039237184585  1.0370417291062616e-05     
36.84799348624675   0.029868908493695706  1.185362382185341e-05     
37.332835505802628   0.044038102358238188  2.6660521618126473e-05     
37.817677525358505   0.085090574108431502  8.834983923873391e-05     
38.302519544914382   0.29740487472304295  0.00039676309983527923     
38.787361564470267   148.80875319061245  0.020318755933191445     
39.272203584026144   0.32252178478246568  0.00053712558558160408     
39.757045603582021   0.10353395755436187  8.0710638993604834e-05     
40.241887623137899   0.061490542335111756  3.13477389387112e-05     
40.726729642693776   0.048901703113375196  2.6084060429422213e-05     
41.211571662249654   0.046796113126363051  2.333383166980126e-05     
41.696413681805531   0.05153188777273963  2.6064721338060709e-05     
42.181255701361415   0.067626066108236366  4.8883526055441408e-05     
42.666097720917293   0.11801808851765988  0.00012894122926874251     
43.15093974047317   0.37858624961882434  0.00049752499038161918     
43.635781760029047   137.29152950515623  0.023520636029414064     
44.120623779584925   0.36751461254547469  0.00061732968849525599     
44.605465799140802   0.11403467735674771  8.6527732073766094e-05     
45.090307818696679   0.065093030527521084  3.9442969405185572e-05     
45.575149838252557   0.049029771397706757  2.1166149945699383e-05     
46.059991857808441   0.042824439767404993  2.3294395919915509e-05     
46.544833877364319   0.040528718331705266  2.0348640047412892e-05     
47.029675896920196   0.042416101855119727  3.1157428387951825e-05     
47.514517916476073   0.054627833036078577  5.6596684493680967e-05     
47.999359936031951   0.12275980945780205  0.00014222820023960145     
48.484201955587828   27.235448597513607  0.0057495334202075871     
