0.4848420195558783   2.7780050813692186e-05  4.2687353091431428e-08     
0.9696840391117566   3.0866762347987005e-05  2.9049620815279607e-08     
1.454526058667635   3.6892084218707943e-05  1.7490419146645083e-08     
1.9393680782235132   4.7680063594244955e-05  1.9808685571340402e-08     
2.4242100977793917   6.7654506542051851e-05  4.6115119513502138e-08     
2.9090521173352699   0.00010731056424417474  4.3077661370975781e-08     
3.3938941368911482   0.00020099956967728477  9.9875451721546819e-08     
3.8787361564470264   0.00049433002544143553  4.7134270984053944e-07     
4.3635781760029051   0.002251323259335988  3.3818713517670764e-06     
4.8484201955587833   99.742237012747033  0.00021369371083708909     
5.3332622151146616   0.003358503319136125  5.2715310321287288e-06     
5.8181042346705398   0.0011128087239947796  1.0328791595693244e-06     
6.3029462542264181   0.00069517910291296267  3.1722946083738544e-07     
6.7877882737822963   0.00058725417896116795  2.5355660398560212e-07     
7.2726302933381746   0.00061275914136980972  4.1049886370542732e-07     
7.7574723128940528   0.00076767662914498826  3.0030405917578281e-07     
8.2423143324499311   0.0011913079329805551  6.2405183273468279e-07     
8.7271563520058102   0.0025108150128897593  2.4252966559419334e-06     
9.2119983715616875   0.010035197556543107  1.4728602249587833e-05     
9.6968403911175667   98.973074118817574  0.00084792919521868269     
10.181682410673444   0.012225282104645823  1.9558426246985289e-05     
10.666524430229323   0.0037543314707392565  3.431391410372763e-06     
11.151366449785201   0.0021926214991891619  9.7396606594734194e-07     
11.63620846934108   0.0017447871973274165  7.837214818728619e-07     
12.121050488896957   0.0017234426621011673  1.1168668523320163e-06     
12.605892508452836   0.0020505813535754384  7.9226929170004267e-07     
13.090734528008714   0.0030320303630675749  1.6788815169589666e-06     
13.575576547564593   0.0061094582429903648  5.9814480524352366e-06     
14.06041856712047   0.023372747719260241  3.3531755253013261e-05     
14.545260586676349   97.704777430943044  0.0018824579698142572     
15.030102606232226   0.026595390262860866  4.3249787485617061e-05     
15.514944625788106   0.0079901181010654125  7.1751243880754517e-06     
15.999786645343985   0.0045657153915793099  2.0006803029903548e-06     
16.484628664899862   0.0035585281647987865  1.6609183168727999e-06     
16.969470684455739   0.003439899943957437  2.1291765011254364e-06     
17.45431270401162   0.0039972842959052749  1.5527661374817887e-06     
17.939154723567498   0.0057666463956312863  3.3736264409700707e-06     
18.423996743123375   0.011339095551456057  1.126268857350043e-05     
18.908838762679252   0.042241086369426278  5.9324165494894871e-05     
19.393680782235133   95.95742116358077  0.0032844768905818202     
19.878522801791011   0.046416532851508075  7.649119038901982e-05     
20.363364821346888   0.013872598160813989  1.2205423116804665e-05     
20.848206840902765   0.0078689031768011449  3.4525390735280251e-06     
21.333048860458646   0.0060846578482651581  2.9431921485839173e-06     
21.817890880014524   0.0058205650391612749  3.4155709710375531e-06     
22.302732899570401   0.0066669160458778586  2.6557551490356616e-06     
22.787574919126278   0.0094558404965363288  5.8257620564313399e-06     
23.272416938682159   0.018264988521808147  1.842592872948109e-05     
23.757258958238037   0.066594910697257301  9.1779071228389833e-05     
24.242100977793914   93.75834860622474  0.005009988734868585     
24.726942997349795   0.071609602055969646  0.00011919194442175708     
25.211785016905672   0.02146787247998774  1.8446112214034889e-05     
25.69662703646155   0.012171909274344449  5.4323214012580055e-06     
26.181469056017427   0.0093950147511190848  4.6925826757211914e-06     
26.666311075573308   0.0089399528118211002  4.9746329687897359e-06     
27.151153095129185   0.010134186215904481  4.215514489472325e-06     
27.635995114685063   0.014174621570236406  9.146916209744826e-06     
28.12083713424094   0.02696427623655367  2.7656573422877336e-05     
28.605679153796821   0.096358162199698305  0.00013073681613469888     
29.090521173352698   91.141446580520886  0.0070055995328897371     
29.575363192908576   0.10205993103694116  0.00017101368476498031     
30.060205212464453   0.030850558583273366  2.5799629925836786e-05     
30.545047232020334   0.017556324077378956  8.0951975824645626e-06     
31.029889251576211   0.013574199685237051  6.9719579167090784e-06     
31.514731271132089   0.012885898187137156  6.8653756880308067e-06     
31.99957329068797   0.014486475374779005  6.3777559018897799e-06     
32.484415310243847   0.020008761716079649  1.3429035293758467e-05     
32.969257329799724   0.037520402277080975  3.9155417505460338e-05     
33.454099349355602   0.13141425081024  0.00017619471678980035     
33.938941368911479   88.146260722642377  0.009210654955933711     
34.423783388467356   0.1376078710411752  0.0002313816378766682     
34.908625408023241   0.042097848923605558  3.4148951813357537e-05     
35.393467427579118   0.024111594601211673  1.1649021661960368e-05     
35.878309447134995   0.018716172311363689  9.8428258472652655e-06     
36.363151466690873   0.017756288890412346  9.2286844724179524e-06     
36.84799348624675   0.019820424527097708  9.3046534632059367e-06     
37.332835505802628   0.027050720724699615  1.8732755536500178e-05     
37.817677525358505   0.050016823510900851  5.3118871667586709e-05     
38.302519544914382   0.17159571618616138  0.00022826026723450736     
38.787361564470267   84.816984362880773  0.011559603355212366     
39.272203584026144   0.17803958761925059  0.00029951413817020144     
39.757045603582021   0.055283114062998983  4.3366202869363327e-05     
40.241887623137899   0.031930606525753662  1.634724553331575e-05     
40.726729642693776   0.024920471918744042  1.3365001489026412e-05     
41.211571662249654   0.023655405728453304  1.2283081743885748e-05     
41.696413681805531   0.026238153481899594  1.3158796226519533e-05     
42.181255701361415   0.035395241370186141  2.5079518780718798e-05     
42.666097720917293   0.064530345255059346  6.9714578113852388e-05     
43.15093974047317   0.21667428164492264  0.00028707611517238343     
43.635781760029047   81.201357624003208  0.013984465879786536     
44.120623779584925   0.22307897213130392  0.00037446379878478002     
44.605465799140802   0.07046940307083203  5.3328108606836438e-05     
45.090307818696679   0.041105058366231246  2.2474557446824805e-05     
45.575149838252557   0.032288207668773444  1.7598549063279143e-05     
46.059991857808441   0.030689998588000217  1.6288076845233814e-05     
46.544833877364319   0.033843251066161531  1.8089500673101653e-05     
47.029675896920196   0.045134808889126652  3.2448472118975765e-05     
47.514517916476073   0.081124444758316895  8.905520137189514e-05     
47.999359936031951   0.26635226346852543  0.00035273174437983481     
48.484201955587828   77.349515485953771  0.016417294791234991     
