0.24242100977793915   0.0090349091678248351  2.2473993429794994e-06     
0.4848420195558783   0.0088673047215517709  2.0909932085302569e-06     
0.72726302933381748   0.0085839695981134606  1.9598057569389496e-06     
0.9696840391117566   0.0081825986954898719  1.9355455003654049e-06     
1.2121050488896958   0.0076561761347855205  1.7128521532544173e-06     
1.454526058667635   0.0069978781561683781  1.512764831760705e-06     
1.6969470684455741   0.0062022309903753859  1.3985346110138146e-06     
1.9393680782235132   0.0052665824250685348  1.1604639270267846e-06     
2.1817890880014525   0.0041962505492971788  9.2607118491369798e-07     
2.4242100977793917   0.0030155757057468893  6.7541860108186502e-07     
2.6666311075573308   0.0017899274314871261  4.1115855836065551e-07     
2.9090521173352699   0.00067309085968382309  1.6115475363323082e-07     
3.151473127113209   1.8321239243622475e-05  1.2220980362877306e-08     
3.3938941368911482   0.00065202496908916042  1.7211532478977725e-07     
3.6363151466690873   0.0046284819611727515  1.0318387940728066e-06     
3.8787361564470264   0.017623534374805182  4.3364529530887269e-06     
4.1211571662249655   0.058313450227278497  1.3140232035095747e-05     
4.3635781760029051   0.20995806763969061  4.8962418377122076e-05     
4.6059991857808438   1.1805948736550003  0.00027722658676849626     
4.8484201955587833   418.08966336066266  0.002345729721396159     
5.090841205336722   2.9572172148209112  0.00075626222290410906     
5.3332622151146616   0.90223620583280154  0.00021001660488572111     
5.5756832248926003   0.50047026316520316  0.00011224277032794844     
5.8181042346705398   0.34833012328926508  7.9684460138266407e-05     
6.0605252444484785   0.27251038382411245  5.961730541349025e-05     
6.3029462542264181   0.22861893737019025  4.8785498494735439e-05     
6.5453672640043568   0.2007552277132329  4.3816176452897843e-05     
6.7877882737822963   0.18194561733096143  3.9118822039850281e-05     
7.030209283560235   0.16868090807051979  3.6115023045569989e-05     
7.2726302933381746   0.15899536851852699  3.4438254626345989e-05     
7.5150513031161132   0.15168960391143924  3.2442112674330333e-05     
7.7574723128940528   0.14592052115250515  3.1318241189683615e-05     
7.9998933226719924   0.14102824966177779  3.0271650098204679e-05     
8.2423143324499311   0.13635022763600246  2.9443961735626781e-05     
8.4847353422278697   0.13104915047073782  2.8216320563852967e-05     
8.7271563520058102   0.12376916670421218  2.6436472234939432e-05     
8.9695773617837489   0.11181329955802122  2.3560749262451546e-05     
9.2119983715616875   0.08858005842988653  1.92727852265477e-05     
9.4544193813396262   0.034963303096614668  8.4168581631190085e-06     
9.6968403911175667   2.7914155975809422  0.00024376824941393406     
9.9392614008955054   0.61978467531155587  0.00014054084970995047     
10.181682410673444   0.38663220543837455  8.1014767232968552e-05     
10.424103420451383   0.33817124896447364  6.9292003104948181e-05     
10.666524430229323   0.32577176831601288  6.7970926569939619e-05     
10.908945440007262   0.32800989494639297  6.7326631230861562e-05     
11.151366449785201   0.33907913107456895  6.8771670798534481e-05     
11.393787459563139   0.3572453240773098  7.2258616453535811e-05     
11.63620846934108   0.38239989833766246  7.6714584934750567e-05     
11.878629479119018   0.41545463571582543  8.2821541564986447e-05     
12.121050488896957   0.45827640915950175  9.2016517989826925e-05     
12.363471498674897   0.51406593179778459  0.00010114497034883944     
12.605892508452836   0.58800092178517619  0.00011594420749454417     
12.848313518230775   0.68892087292333932  0.00013631059308406991     
13.090734528008714   0.83265786097547287  0.00016084427465191472     
13.333155537786654   1.0501697037248897  0.00020745233853885598     
13.575576547564593   1.4097605634529564  0.00028343264176171132     
13.817997557342531   2.0916886761350432  0.00039687354506507584     
14.06041856712047   3.7299505933116968  0.00071984963598649166     
14.30283957689841   10.259479779222373  0.0018982400680928921     
14.545260586676349   285.92018720382036  0.0070417836035497914     
14.787681596454288   13.722974562017393  0.0039165543814408435     
15.030102606232226   1.8578921823216711  0.00044361296120455552     
15.272523616010167   0.46022000724206829  0.00011011478365498688     
15.514944625788106   0.1152496141142815  2.9217593248813185e-05     
15.757365635566044   0.01631291903644885  3.7626036066017055e-06     
15.999786645343985   0.00065238663161177042  4.9961963118311223e-07     
16.242207655121923   0.021899015562793988  4.1634537260700482e-06     
16.484628664899862   0.065086199163967683  1.0951303327907129e-05     
16.727049674677801   0.1265270597933322  2.1781989449107168e-05     
16.969470684455739   0.20816807110512359  3.5669763771228467e-05     
17.211891694233678   0.31654168871544993  5.3278152333240578e-05     
17.45431270401162   0.46399776162594923  7.8673368286443416e-05     
17.696733713789559   0.67279442602116141  0.00011535846094140769     
17.939154723567498   0.98458864713778605  0.00016293251955632487     
18.181575733345436   1.4839190271432652  0.00025650253872270037     
18.423996743123375   2.3642553219609658  0.0004210274604058015     
18.666417752901314   4.1540234382914398  0.00066639758893331025     
18.908838762679252   8.7656178950813931  0.0014686533325433073     
19.151259772457191   28.121073833833874  0.0042535118347821731     
19.393680782235133   618.08579403888185  0.035982453882733863     
19.636101792013072   82.478264338368959  0.022524621261013047     
19.878522801791011   14.176322329344206  0.0029099411679832064     
20.120943811568949   5.4033934789833552  0.0010392930145478125     
20.363364821346888   2.6938610857117998  0.00050665376736141027     
20.605785831124827   1.5207320106037065  0.00025286460616395991     
20.848206840902765   0.91035994957934891  0.00014680630407664647     
21.090627850680708   0.55407128416406721  9.9383015929545449e-05     
21.333048860458646   0.32980290184589205  5.4892618492479746e-05     
21.575469870236585   0.18229257519479298  3.1609787481170551e-05     
21.817890880014524   0.08482186184830719  1.5652891374159125e-05     
22.060311889792462   0.025131571468580321  5.8194285154878183e-06     
22.302732899570401   0.0004520396764913485  4.2756581379587155e-07     
22.54515390934834   0.017357522696749897  2.3326119404428667e-06     
22.787574919126278   0.096679830594919754  1.5621134470917936e-05     
23.029995928904221   0.2888874370054628  4.1111672285257876e-05     
23.272416938682159   0.72040711011019901  0.00010798314532660008     
23.514837948460098   1.7573625161705033  0.00020654787838960663     
23.757258958238037   4.7784904090363334  0.00067225413934442553     
23.999679968015975   18.457960463181885  0.0020510129194039308     
24.242100977793914   353.61335723651908  0.036743426893472008     
24.484521987571853   108.25576965904196  0.027998632982096078     
24.726942997349795   19.932667366288144  0.0033792464998552716     
24.969364007127734   8.8515162129047363  0.001351060213396701     
25.211785016905672   5.2529891150424783  0.00076428403089261574     
25.454206026683611   3.5960000657288027  0.0004566513454965661     
25.69662703646155   2.676096589484755  0.0003256139627394477     
25.939048046239488   2.1012859177841555  0.00027123133385692554     
26.181469056017427   1.7107705763099859  0.00020579113415823439     
26.423890065795366   1.4277533815837774  0.00017006217631373799     
26.666311075573308   1.2111935345589625  0.00014596764364214011     
26.908732085351247   1.037058404143744  0.0001202560944447593     
27.151153095129185   0.88973617058985606  0.0001037329901143245     
27.393574104907124   0.75820580164497826  8.7073613854594286e-05     
27.635995114685063   0.63338218176355111  7.5797686795767357e-05     
27.878416124463001   0.50663190272831945  5.7617536929144329e-05     
28.12083713424094   0.36856384007993754  4.1260356723928128e-05     
28.363258144018882   0.2100110564874078  2.7307888985231002e-05     
28.605679153796821   0.041600563679094468  1.7672961418537188e-05     
28.84810016357476   0.15239869063897694  3.8509543526303299e-05     
29.090521173352698   14.998547535121589  0.0032703892114828194     
29.332942183130637   18.70114166255849  0.0039246756209811873     
29.575363192908576   5.0459445010365268  0.00054193641573706754     
29.817784202686514   3.1447479090773449  0.0002823395594684233     
30.060205212464453   2.4621632399384106  0.00021432443791600922     
30.302626222242395   2.1333546142000567  0.00016000264610093976     
30.545047232020334   1.956352528006969  0.00013735482832659313     
30.787468241798273   1.8617974716754936  0.00013020446995203934     
31.029889251576211   1.820857446397834  0.00011891834079831353     
31.27231026135415   1.8210118428906404  0.00011476841630376126     
31.514731271132089   1.8579422527915504  0.00011628921967703487     
31.757152280910027   1.9331543137216075  0.000107097690753305     
31.99957329068797   2.0533041881858205  0.00011367638364903274     
32.241994300465905   2.232798350113545  0.00011840813440559614     
32.484415310243847   2.4985276560353622  0.00012088488977200127     
32.726836320021782   2.902673143003518  0.00014732951228615473     
32.969257329799724   3.5557777924242235  0.00017225973706657121     
33.211678339577666   4.7301799396367389  0.00014101149578109112     
33.454099349355602   7.2803879980637145  0.00036924902661178393     
33.696520359133544   15.419998824925508  0.00064284928529570265     
33.938941368911479   106.67040224995904  0.019202152937955135     
34.181362378689421   55.757694122058824  0.015663477661050712     
34.423783388467356   3.797935155374056  0.00056916901583663462     
34.666204398245299   0.60576763858774584  0.00013612045404268508     
34.908625408023241   0.06517872239024019  1.4461417251751938e-05     
35.151046417801176   0.0028709947735974794  1.7390879431117331e-06     
35.393467427579118   0.07074820403128738  9.0070533775682003e-06     
35.635888437357053   0.185701580639394  2.0436170284005748e-05     
35.878309447134995   0.32598073935157099  1.1482979646126193e-05     
36.120730456912931   0.48907992348337169  1.9793257090530074e-05     
36.363151466690873   0.68102825046980744  2.0339373964516896e-05     
36.605572476468815   0.91466075179570354  3.0735604075270456e-05     
36.84799348624675   1.2113206031296639  4.0431112380427875e-05     
37.090414496024692   1.6071782257732885  4.3169023500861891e-05     
37.332835505802628   2.1665538754254468  0.00012653421992550272     
37.57525651558057   3.0140060918109968  0.00012812570056828705     
37.817677525358505   4.4198376975693939  0.00019966203666729476     
38.060098535136447   7.0726760307625681  0.00045091653899209472     
38.302519544914382   13.212240169268482  0.0013372789766517173     
38.544940554692324   34.157118513160503  0.0039377389524285643     
38.787361564470267   261.03477541870816  0.073565184519350763     
39.029782574248202   330.94301524491291  0.07865992879710356     
39.272203584026144   29.944920059490398  0.0024021493893998277     
39.514624593804079   9.4068922584486742  0.0010025418668617463     
39.757045603582021   4.1342623604227994  0.00015930801458747606     
39.999466613359957   2.0910645554067465  0.00016584828448635262     
40.241887623137899   1.1187716813354286  9.5020148249911803e-05     
40.484308632915841   0.59808333780215385  6.5449840454721477e-05     
40.726729642693776   0.30034624578930424  1.8113025345201742e-05     
40.969150652471718   0.12749907507450861  1.2281920175573743e-05     
41.211571662249654   0.034232631231067716  5.7205718569514086e-06     
41.453992672027596   0.00050069616184764535  6.5115993796106547e-07     
41.696413681805531   0.021746366761873801  7.2351958103328107e-06     
41.938834691583473   0.10727849483867821  1.8276931437004361e-05     
42.181255701361415   0.28574751746571056  6.3359376486411601e-05     
42.42367671113935   0.62312561159636007  9.534504637808167e-05     
42.666097720917293   1.2748287064366706  0.00018707086625352573     
42.908518730695228   2.6571231454121456  0.00048653973455494997     
43.15093974047317   6.170647797313691  0.0013370389208132686     
43.393360750251105   18.980263098463719  0.004460735328743634     
43.635781760029047   151.33178980863787  0.061622712432067967     
43.87820276980699   400.8741623004944  0.081120913337530803     
44.120623779584925   34.925758300472272  0.0043641230179662183     
44.363044789362867   12.757180192506141  0.0020432728936567546     
44.605465799140802   6.7550634916128069  0.00094773579538055499     
44.847886808918744   4.239865068588077  0.00075855323834088274     
45.090307818696679   2.9273911617006699  0.00052990331695687317     
45.332728828474622   2.1439961979538871  0.00037182208876953895     
45.575149838252557   1.6306675094091916  0.00029874333922905091     
45.817570848030499   1.2697290254390101  0.00023814850975235328     
46.059991857808441   1.000988807245266  0.00018896651718236382     
46.302412867586376   0.79065222315166086  0.00015728684099733224     
46.544833877364319   0.61805302091026314  0.00012498714152188083     
46.787254887142254   0.4699944887201914  9.7551491905580013e-05     
47.029675896920196   0.33748457479631382  7.153755150008008e-05     
47.272096906698131   0.21502209983060128  5.077503240024235e-05     
47.514517916476073   0.10230025020216724  2.3406258237044998e-05     
47.756938926254016   0.014862078518632846  5.7795078552896293e-06     
47.999359936031951   0.039649410819599194  3.6691938362966629e-05     
48.241780945809893   0.75168419923255184  0.00037795110151246918     
48.484201955587828   11.90628031415525  0.0074647436409142281     
