0.24242100977793915   0.0045413623260516333  2.2472347923707875e-06     
0.4848420195558783   0.0045314244557695923  9.4649761171075915e-06     
0.72726302933381748   0.0045220614469256542  2.1639180616250323e-05     
0.9696840391117566   0.0045267340362587828  3.889632241838451e-05     
1.2121050488896958   0.0045644415290753885  6.107287429806895e-05     
1.454526058667635   0.0046647089603797492  8.8149503009782119e-05     
1.6969470684455741   0.0048716593594565763  0.00012011804120512088     
1.9393680782235132   0.0052507972131808462  0.00015696389772314827     
2.1817890880014525   0.0059027478305717516  0.00019862879754663989     
2.4242100977793917   0.0069852614263949146  0.00024515616248248941     
2.6666311075573308   0.0087544863048590396  0.00029651317919089002     
2.9090521173352699   0.011648338970931403  0.00035269261829836107     
3.151473127113209   0.0164562595936384  0.00041348724576507625     
3.3938941368911482   0.024710378698940662  0.00047881587478077782     
3.6363151466690873   0.039687318385421477  0.00054837272199327128     
3.8787361564470264   0.069366764423231418  0.00062134202148694248     
4.1211571662249655   0.13732582297172978  0.00069558917884537937     
4.3635781760029051   0.33916544323121596  0.00077270236822690885     
4.6059991857808438   1.4190911281871131  0.00082575359270270066     
4.8484201955587833   394.08020664374964  0.0023917632966347772     
5.090841205336722   2.2662858694502389  0.0009530241460892305     
5.3332622151146616   0.57725702649277723  0.0011021882788021275     
5.5756832248926003   0.27307852324271172  0.0012330960082395159     
5.8181042346705398   0.16525629236161599  0.0013613685865793783     
6.0605252444484785   0.11469632722603472  0.0014855063976482163     
6.3029462542264181   0.087414483154499489  0.0016104024389846977     
6.5453672640043568   0.071855021216947321  0.0017379447724743966     
6.7877882737822963   0.063346844075504001  0.0018688588789704657     
7.030209283560235   0.059940087325144648  0.0020030907879938081     
7.2726302933381746   0.061045550013835547  0.0021415524902895777     
7.5150513031161132   0.067028938279306299  0.0022841286618344936     
7.7574723128940528   0.079296811454815767  0.0024309653927563966     
7.9998933226719924   0.10083571377815044  0.0025810106883802926     
8.2423143324499311   0.13767391391749244  0.0027345246690879876     
8.4847353422278697   0.20267948264164297  0.002890832760880807     
8.7271563520058102   0.32659028741101891  0.0030478119270770045     
8.9695773617837489   0.59760870591905609  0.0032005959757947928     
9.2119983715616875   1.3583466742757053  0.0033661638668193998     
9.4544193813396262   5.0625170283787638  0.0034496220095138294     
9.6968403911175667   376.74017855796529  0.009188388863355204     
9.9392614008955054   9.5853142279863198  0.0034437596142176667     
10.181682410673444   2.1544773325229678  0.0037486310261511962     
10.424103420451383   0.95251679320672942  0.0040540099451966196     
10.666524430229323   0.54685470847745338  0.0043166011392148668     
10.908945440007262   0.36256577416039146  0.0045437139949958805     
11.151366449785201   0.26503036933587324  0.004758365375109276     
11.393787459563139   0.20950090475714349  0.0049689495188199217     
11.63620846934108   0.17793523228780251  0.0051788063674846457     
11.878629479119018   0.16243114212734927  0.0053885477182114696     
12.121050488896957   0.15979873899856822  0.005601177336672989     
12.363471498674897   0.16972409278864039  0.0058165734075847441     
12.605892508452836   0.19451630140536484  0.0060353557212512434     
12.848313518230775   0.23998686747435282  0.0062553594447220924     
13.090734528008714   0.31829973804304847  0.0064782198319806095     
13.333155537786654   0.45549866465266878  0.00670374878685529     
13.575576547564593   0.7131575284081916  0.0069299929023374859     
13.817997557342531   1.2646839204300053  0.0071540514810093148     
14.06041856712047   2.7629296979820753  0.007428940214059464     
14.30283957689841   9.5795436392546595  0.0075993755822258556     
14.545260586676349   349.19819501487642  0.019315121061606241     
14.787681596454288   23.104656490260589  0.0071906460648744706     
15.030102606232226   4.6731331263135882  0.007385496759464576     
15.272523616010167   1.9801992564492419  0.0079347994436125292     
15.514944625788106   1.1048777176041503  0.0083524433710465381     
15.757365635566044   0.71569681168792684  0.0086756315606954263     
15.999786645343985   0.51239149216919282  0.0089627409538454528     
16.242207655121923   0.39715466114198271  0.0092341916713229482     
16.484628664899862   0.33090871212646666  0.0094981374811629821     
16.727049674677801   0.29638406929212585  0.0097567706335336865     
16.969470684455739   0.28612224868912438  0.010016364420718626     
17.211891694233678   0.29829714755973642  0.010276906423323668     
17.45431270401162   0.33575951127206975  0.010539863003812457     
17.696733713789559   0.40710342883168782  0.01080206389752618     
17.939154723567498   0.5308883871303948  0.011067877567511894     
18.181575733345436   0.7469493926961689  0.011339002844205686     
18.423996743123375   1.1486534560446334  0.011616337070501788     
18.666417752901314   1.9947334141768252  0.011906632076659032     
18.908838762679252   4.232618729847208  0.012320171299230444     
19.151259772457191   13.83603551370635  0.012697477901803314     
19.393680782235133   313.35651777035295  0.031174644116110708     
19.636101792013072   43.564573089447925  0.012017753024701545     
19.878522801791011   7.8979703424450036  0.011301597683591305     
20.120943811568949   3.2255575837464485  0.012156269065680736     
20.363364821346888   1.7602233158929451  0.012738198222107177     
20.605785831124827   1.1210338636059485  0.013140448589375009     
20.848206840902765   0.79087315302175993  0.013474243664411989     
21.090627850680708   0.60461820106517213  0.013776991972395333     
21.333048860458646   0.49698528202985803  0.014063497221503429     
21.575469870236585   0.43909681512723264  0.014338338722861624     
21.817890880014524   0.41808787339697856  0.014611924043660229     
22.060311889792462   0.42993022605056406  0.014884404869927049     
22.302732899570401   0.47746928649279168  0.015158413940591863     
22.54515390934834   0.57144805784217343  0.015430144169566756     
22.787574919126278   0.73579781165863006  0.015708048958191495     
23.029995928904221   1.0220163939506007  0.015997160599845467     
23.272416938682159   1.5498597210748043  0.016304111097781392     
23.514837948460098   2.6462898044072233  0.016653259230107299     
23.757258958238037   5.4781043178065406  0.017227780734212311     
23.999679968015975   17.006677745268175  0.017944419758983651     
24.242100977793914   271.62390343076747  0.042904074038142013     
24.484521987571853   71.164890558962318  0.017906348867226461     
24.726942997349795   11.437109047488305  0.014775846321762615     
24.969364007127734   4.5067571739790242  0.015961273133468547     
25.211785016905672   2.4107608555392003  0.016695694745250387     
25.454206026683611   1.5132337759334933  0.017148451698399931     
25.69662703646155   1.0545960785658605  0.017496408376829687     
25.939048046239488   0.79715005476079218  0.017796703927776596     
26.181469056017427   0.64796695572880668  0.018071532613257729     
26.423890065795366   0.56603335044901427  0.018328191561707249     
26.666311075573308   0.53274544183437176  0.018581532922128442     
26.908732085351247   0.54149723068916323  0.018831774695451672     
27.151153095129185   0.59454076314585348  0.0190828748012394     
27.393574104907124   0.70372339669896984  0.019330864857307288     
27.635995114685063   0.89634895543869455  0.019589272587076067     
27.878416124463001   1.2313672736555024  0.019867451558926009     
28.12083713424094   1.8448719770374084  0.02017987373592292     
28.363258144018882   3.103268101285436  0.020574211455943006     
28.605679153796821   6.2826428059657552  0.021311662882003049     
28.84810016357476   18.615552834417141  0.022459561560569349     
29.090521173352698   226.69491558888914  0.052672800136019474     
29.332942183130637   105.47309930709988  0.024862175973075263     
29.575363192908576   14.786541590030053  0.017215095173781419     
29.817784202686514   5.6181041753678481  0.01868968746510736     
30.060205212464453   2.9479272518599345  0.019536241401407995     
30.302626222242395   1.8256288818716914  0.019999728820126917     
30.545047232020334   1.2582524167816003  0.020325449805914772     
30.787468241798273   0.9414465581805183  0.020589328613418308     
31.029889251576211   0.75761807046486686  0.020820009717592559     
31.27231026135415   0.6550750149625664  0.021027090443948859     
31.514731271132089   0.61009387153487402  0.021229466816314163     
31.757152280910027   0.61354872346934957  0.021427124106799753     
31.99957329068797   0.6666172346529571  0.02162526356016783     
32.241994300465905   0.7810353330488409  0.021820186134414288     
32.484415310243847   0.98495215977567827  0.022030819586200976     
32.726836320021782   1.3394197375280014  0.022270986340105409     
32.969257329799724   1.9844482681810345  0.022563601263774411     
33.211678339577666   3.2920160661921848  0.022981332935008818     
33.454099349355602   6.5279012520755979  0.023855501400059908     
33.696520359133544   18.530044879222455  0.025448261380764021     
33.938941368911479   181.30977720533223  0.058971959971431947     
34.181362378689421   145.39256592151274  0.032661496542377014     
34.423783388467356   17.400630443736917  0.018268104906488443     
34.666204398245299   6.3644983632370289  0.019892215999153118     
34.908625408023241   3.2757284481204775  0.020779058179579867     
35.151046417801176   2.0020766926889768  0.021205186963797155     
35.393467427579118   1.3652004478329988  0.021472483686840014     
35.635888437357053   1.0115896859307713  0.021670175013794112     
35.878309447134995   0.80632907786924118  0.021830482641510795     
36.120730456912931   0.69041772353015876  0.021964051348013482     
36.363151466690873   0.6365589350065993  0.022092684627041855     
36.605572476468815   0.63363481880041442  0.022215653723325545     
36.84799348624675   0.68149270646562845  0.022339054357379475     
37.090414496024692   0.79061912517723373  0.022459731394996341     
37.332835505802628   0.98744981115672834  0.022601494830226982     
37.57525651558057   1.3296890995329422  0.022781780421566646     
37.817677525358505   1.9488738778109614  0.023030741865376985     
38.060098535136447   3.1900855002534086  0.023442991488131168     
38.302519544914382   6.2017637474629847  0.024399354016801129     
38.544940554692324   16.914173946152258  0.026358953867478287     
38.787361564470267   138.02008239635194  0.060847982442031937     
39.029782574248202   189.19892095399509  0.040645416414901217     
39.272203584026144   18.781380442298333  0.017896761978001356     
39.514624593804079   6.5976731982939647  0.019402861794997599     
39.757045603582021   3.3289738142973802  0.02023051513389669     
39.999466613359957   2.0076509131961153  0.020568787603299114     
40.241887623137899   1.3544109165159998  0.020746769613480679     
40.484308632915841   0.99391523199684623  0.020857105248867028     
40.726729642693776   0.78474657721654607  0.020931009467891795     
40.969150652471718   0.66543519948125623  0.02097824245790177     
41.211571662249654   0.60737861694202693  0.021021773664136515     
41.453992672027596   0.59840403552910965  0.021059593802381745     
41.696413681805531   0.63705958593923482  0.021098117241080392     
41.938834691583473   0.7317329106275044  0.021134806033987379     
42.181255701361415   0.90501094227286923  0.021196972940017784     
42.42367671113935   1.2066506055679293  0.021303906611298893     
42.666097720917293   1.7494735460860619  0.021490159156862355     
42.908518730695228   2.825934784856795  0.021864927374358765     
43.15093974047317   5.3887409425507091  0.022828246523375265     
43.393360750251105   14.15190037723707  0.024997424820845391     
43.635781760029047   98.984304575282783  0.058042196261435689     
43.87820276980699   234.64507532587807  0.047683458280629484     
44.120623779584925   18.575594617267592  0.016389236134063938     
44.363044789362867   6.248142664153192  0.017357729933546112     
44.605465799140802   3.0874678955037429  0.018010884133382008     
44.847886808918744   1.8362110726208216  0.018217062033222667     
45.090307818696679   1.2249821761639399  0.01828573184729519     
45.332728828474622   0.88990461373371467  0.018300012438878159     
45.575149838252557   0.6957074033217838  0.018284565827843432     
45.817570848030499   0.58399521868661645  0.018246060107372021     
46.059991857808441   0.52748073199454058  0.018206561596826899     
46.302412867586376   0.5141280814334599  0.01816229494629427     
46.544833877364319   0.54149682481353684  0.018119293896298864     
46.787254887142254   0.61545018739671292  0.018075537729107804     
47.029675896920196   0.75335185337355488  0.018059750453375048     
47.272096906698131   0.9939722500392837  0.018090749764971518     
47.514517916476073   1.4248401749735707  0.018203601263634397     
47.756938926254016   2.2702962751070518  0.018511818361462039     
47.999359936031951   4.2462026608378299  0.019399750813996462     
48.241780945809893   10.753657130579649  0.021574719961637378     
48.484201955587828   65.812924632131259  0.051014253539579543     
