0.21486394446136323   21.133974652670611  0.013601424928021953
0.42972788892272645   10.580061667498927  0.026495525684281777
0.64459183338408965   1.8019450342445102  0.011051384356770589
0.85945577784545291   0.029719144461068453  0.00075739885241534561
1.0743197223068162   0.0065481791027537231  0.00021785509929109651
1.2891836667681793   0.061620640650164504  0.00062912768211448715
1.5040476112295427   0.12030855852019743  0.0012982622991559259
1.7189115556909058   0.044679650491736485  0.00058019195085263943
1.933775500152269   0.023327145163359596  0.0007146570604689828
2.1486394446136323   0.0093273015159805579  0.0003219395335071231
2.3635033890749955   0.020922117524881514  0.00031967586239418731
2.5783673335363586   0.13309601100745649  0.00068647264869139998
2.7932312779977218   0.16092991327605836  0.001357553545541814
3.0080952224590853   0.028691513448525015  0.00065765288298151391
3.2229591669204485   0.011259017048538566  0.00029719833944058612
3.4378231113818116   0.013513185000678774  0.00043940851744919377
3.6526870558431748   0.061842118710308191  0.00083782450081098436
3.8675510003045379   0.043394906845268251  0.00087407987360197423
4.0824149447659011   0.029643654709409213  0.00061078509611036152
4.2972788892272646   0.022112114504588699  0.00044747448526457874
4.5121428336886273   0.0060421880373413438  0.00016065435772075426
4.7270067781499909   0.019693384074206524  0.00050724099770901118
4.9418707226113545   0.098210915613038725  0.00073789437828806193
5.1567346670727172   0.13228466601291978  0.00094401861005601562
5.3715986115340808   0.12833897582177316  0.00040395927414927569
5.5864625559954435   0.004369550638721268  0.00013170929067764453
5.8013265004568071   0.026995554607017132  0.00054061899747263267
6.0161904449181707   0.025911402879426208  0.00068207583123410313
6.2310543893795334   0.051907764122185326  0.00043054539175275383
6.445918333840897   0.021051240068836223  0.00028600904127410684
6.6607822783022597   0.007224668168834985  0.0002923417340983715
6.8756462227636232   0.016822944354737462  0.00051741707116910691
7.0905101672249868   0.021260223952044781  0.00079153365253340445
7.3053741116863495   0.072511147889664528  0.00090241775616022966
7.5202380561477131   0.15170404962054533  0.0010767002172475028
7.7351020006090758   0.019544013913441732  0.00046143560700686834
7.9499659450704394   0.025721654342048688  0.00069500557660624492
8.1648298895318021   7.7199958700860234  0.0068238547117471397
8.3796938339931657   2.9840735047423178  0.0095958218948165291
8.5945577784545293   3.1565576718609917  0.0048402408925981178
8.8094217229158929   0.015642937292309951  0.00017861433763213266
9.0242856673772547   0.025511131030810069  0.00051062578480584228
9.2391496118386183   0.096667301916815593  0.0016306458183778542
9.4540135562999819   0.59160278646193364  0.0051824248923895822
9.6688775007613454   0.62367041303051973  0.0081073953642923326
9.883741445222709   0.055372769335930355  0.00088934257099734161
10.098605389684071   0.20144771660408944  0.0046574070991187967
10.313469334145434   0.54728710257999699  0.014813386499814395
10.528333278606798   0.27567044381379708  0.0082123952904736541
10.743197223068162   0.052897987001609754  0.00068838529103976584
10.958061167529525   0.011653648782660473  0.00028884437271965634
11.172925111990887   0.012133095124701763  0.00029200143404524079
11.387789056452251   0.0818258807570899  0.00086074130507336625
11.602653000913614   0.066910582389871788  0.00052985838985902322
11.817516945374978   0.030207161445608418  0.00083824653915150432
12.032380889836341   0.022764893831729642  0.00069093524005134508
12.247244834297703   0.015939216166416222  0.00072498836229404676
12.462108778759067   0.10815035421517694  0.0023058393399225343
12.67697272322043   0.093960466167059201  0.00092806875262122989
12.891836667681794   0.3051168532152132  0.0024480459369528102
13.106700612143158   0.30749703229704105  0.0018617577092100248
13.321564556604519   0.024317316527999599  0.00058316765871323518
13.536428501065883   0.063516610177189788  0.00045882272621467714
13.751292445527246   2.954116848450816  0.00182983932959379
13.96615638998861   0.017000904459233233  0.00065498581753381227
14.181020334449974   0.078107608920570826  0.0002801735814930669
14.395884278911335   0.010341509236157667  4.134125458800606e-05
14.610748223372699   0.0096167749223297493  0.00039671975166469898
14.825612167834063   0.016537083011617906  0.0006924810356412193
15.040476112295426   0.020557554440486079  0.00058680580574319608
15.25534005675679   0.018673859037088645  0.00014507385642208132
15.470204001218152   0.0076366299745476956  0.00017644473079856238
15.685067945679515   0.012077173002759757  0.00042079882557711559
15.899931890140879   0.02341248858876969  0.00075528549157392588
16.114795834602241   0.11163499776268739  0.0011227572757840668
16.329659779063604   1.0754417498369224  0.0021999152020578807
16.544523723524968   0.25574327739313401  0.0013038652461742661
16.759387667986331   0.029241985459886559  0.0011714385603073119
16.974251612447695   0.050956142098047188  0.0016003134017142705
17.189115556909059   0.69702076525071072  0.0032250290785898305
17.403979501370422   0.12064865472830677  0.0023119744280647858
17.618843445831786   0.026264360441909522  0.00095923468649378686
17.833707390293149   0.01463336836088209  0.00057175761649280084
18.048571334754509   0.033607243003938318  0.0010119529633644052
18.263435279215873   0.044372360667971408  0.00085872202773554006
18.478299223677237   0.049796138692322387  0.00052509408315098319
18.6931631681386   0.0211815345250119  0.00033338223183975183
18.908027112599964   0.0049882435543467517  0.00028523750875335117
19.122891057061327   0.051743123897914926  0.0011585496109137641
19.337755001522691   0.2205340288028708  0.0016175148922152102
19.552618945984054   0.2489539292920718  0.0072605631148657365
19.767482890445418   0.10257404547083409  0.002502370561348131
19.982346834906782   0.053167732686400584  0.0013781373890784276
20.197210779368142   0.6121621417325378  0.011548996374831533
20.412074723829505   0.79236006714385046  0.011039789361702731
20.626938668290869   0.22309746844582344  0.0021512552130600176
20.841802612752232   0.037551242469576056  0.00082731474328184201
21.056666557213596   0.028747528464405754  0.00088623594698589936
21.27153050167496   0.37387078198538293  0.0021238468289467096
21.486394446136323   5.1668010877647854  0.0078775977040168084
21.701258390597687   0.55101507348601287  0.0049543154486568707
21.91612233505905   11.56870307970023  0.011342968949970121
22.130986279520414   0.29905449681821549  0.0016876331161499786
22.345850223981774   0.045727837244443107  0.00080298618670249112
22.560714168443138   0.16870693899458022  0.0014950665505447264
22.775578112904501   0.028655951664327516  0.00079247926637904914
22.990442057365865   0.033376689576858274  0.00033298798312218694
23.205306001827228   0.016090885452450108  9.3440367326479307e-05
23.420169946288592   0.007090593731206099  0.00036583614891907604
23.635033890749956   0.018626259878339672  0.00073135835701511356
23.849897835211319   0.023306164531761096  0.00067094408893388759
24.064761779672683   0.018412809399132249  0.00030157534911550726
24.279625724134046   0.01746374395033208  0.00014767235120685639
24.494489668595406   0.0079107517880505553  0.00029882193066693018
24.70935361305677   0.054021254231309213  0.00075720390321658352
24.924217557518134   0.017435720254633462  0.00076775673331539556
25.139081501979497   0.056337428280958877  0.00040535102265663399
25.353945446440861   0.024674889705815151  0.00062600748052867156
25.568809390902224   0.059717346809273628  0.0018254913024002309
25.783673335363588   0.44898962348348624  0.0070704238469711955
25.998537279824951   0.20344960954207292  0.0023652338484634051
26.213401224286315   0.034789661072095356  0.0009045338012440669
26.428265168747679   0.038592660959176123  0.00072113339198907154
26.643129113209039   0.013099327234125428  0.00056420029321834577
26.857993057670402   0.027518036037232253  0.00077759642306323043
27.072857002131766   0.096230196171059436  0.0010244139273991737
27.287720946593129   0.21243970246512554  0.0013057303738824266
27.502584891054493   0.57507032260946359  0.0015449695295051899
27.717448835515857   0.0070559349658551436  0.00014769408915029491
27.93231277997722   0.01542566500867888  0.00076517780940360591
28.147176724438584   0.036409563165024762  0.0010262714448156872
28.362040668899947   0.039058027851623335  0.00041356645064808407
28.576904613361307   0.033216852645957133  0.00039547741198585953
28.791768557822671   0.0068501787319517126  0.00010878701471683062
29.006632502284035   0.020428300207712909  0.0010229492931369631
29.221496446745398   0.16133219877761548  0.0025817914878887651
29.436360391206762   1.3443864268645851  0.0087886427038295002
29.651224335668125   2.2010893053348005  0.0069599381524128563
29.866088280129489   0.50267094427277382  0.0019494699782338195
30.080952224590852   242.84848008490414  0.088851097096590007
30.295816169052216   94.663323681766197  0.051605239671477088
30.51068011351358   7.1650114160369046  0.023317400277276861
30.72554405797494   0.24160894932661006  0.001574900095310675
30.940408002436303   0.075460762353189373  0.00066554282193434094
31.155271946897667   0.020659653699484473  0.0007223726723960672
31.37013589135903   0.11544597973547608  0.0013356670506916757
31.584999835820394   0.075236110044413923  0.00061221232797796643
31.799863780281758   0.012973325683146474  0.00041272516326574545
32.014727724743118   0.027100341690655408  0.00020586175161114625
32.229591669204481   0.011297915333570612  0.00036187783208513395
32.444455613665845   0.024385631711928304  0.00084297172882961033
32.659319558127208   0.043237222993047748  0.00062128334478525707
32.874183502588572   0.019449679669941619  0.00041891792103094748
33.089047447049936   0.021060732238942928  0.00016788274267305096
33.303911391511299   0.013317585176484274  0.00017032064054505593
33.518775335972663   0.013125642290263768  0.00074146476119011957
33.733639280434026   0.031536153773950116  0.00081804975008861266
33.94850322489539   0.037223327448818479  0.00056804710729550125
34.163367169356754   0.050220981632594236  0.00098224526749433691
34.378231113818117   0.34990240689486342  0.0046029898313212872
34.593095058279481   0.083089678261948459  0.0011857868643083974
34.807959002740844   0.029444559083806709  0.00080829578171547804
35.022822947202208   0.12985914075573705  0.0009697694092133093
35.237686891663571   0.19799932140761838  0.00080987842382677619
35.452550836124935   0.035999846705463668  0.00032843670588555332
35.667414780586299   0.024317756699547103  0.00075548301462225482
35.882278725047662   0.034725355912136228  0.00089078902097874565
36.097142669509019   0.07887257585109214  0.00042908517454092429
36.312006613970382   0.070257229866983965  0.00048568166183828492
36.526870558431746   0.010271151266295405  0.00025490173593970381
36.741734502893109   0.013561590063506079  0.00054843508439327399
36.956598447354473   0.023840385344798749  0.00091133741642953528
37.171462391815837   0.021159297547433174  0.00060854591394133774
37.3863263362772   0.020683729369737372  0.00022785856249876918
37.601190280738564   0.026481439701977835  0.0001351662050055916
37.816054225199927   0.011143521961977503  0.00058168114472465617
38.030918169661291   0.032168122836176007  0.001197834090627297
38.245782114122655   1.4494207231158868  0.004782655429044839
38.460646058584018   5.5853573292438289  0.0093737194116840459
38.675510003045382   1.3542297074291687  0.0048326562372736473
38.890373947506745   0.11672465555827072  0.0017363589797805475
39.105237891968109   0.1933430666663518  0.0030699529559134807
39.320101836429473   0.28379471886479254  0.0011349616066811185
39.534965780890836   0.28232020442533666  0.0025595136021520412
39.7498297253522   0.034532686327233264  0.00043767099984016461
39.964693669813563   0.18372339756471114  0.0031140534641502845
40.179557614274927   0.53584630164224692  0.011548028473526478
40.394421558736283   0.37005084170176726  0.0088485392856599635
40.609285503197647   0.052954258663855069  0.001089591946879928
40.824149447659011   0.06680527463948685  0.00031172773849522625
41.039013392120374   0.057885040303559291  0.00073047211080463511
41.253877336581738   0.032320370323743393  0.0011688396874054676
41.468741281043101   0.070442306684769423  0.00074709964182819794
41.683605225504465   0.019973878819097566  0.00042420714809001568
41.898469169965828   0.038192095235133761  0.00031532260156696238
42.113333114427192   0.027837202836519863  0.0002162086529371211
42.328197058888556   0.015737437905169367  0.0008588230518097132
42.543061003349919   0.050521233863902461  0.00085966379058121034
42.757924947811283   0.016783644206317871  0.00064822333881081799
42.972788892272646   0.17978864495356011  0.0009152652340383919
