-0.00801941   -0.0131579     0
-0.0111554   -0.0112225     0
0.0908168   -0.0100974     1
0.0890181   -0.0139752     1
0.18917   -0.0113946     2
0.190306   -0.01528     2
0.287855   -0.014019     3
0.291213   -0.0121353     3
0.391485   -0.0122743     4
0.388063   -0.013341     4
0.489754   -0.0165539     5
0.488428   -0.0128014     5
-0.412127   -0.0163443     6
-0.409815   -0.0129779     6
-0.309611   -0.0141589     7
-0.313026   -0.0125851     7
-0.208323   -0.0143551     8
-0.211117   -0.0109984     8
-0.10941   -0.010872     9
-0.110386   -0.0153754     9
0.0414594   0.0894181     10
0.0401956   0.0856047     10
0.138075   0.0902103     11
0.140084   0.0866804     11
0.241009   0.0873223     12
0.237824   0.0853117     12
0.339738   0.0890797     13
0.338762   0.0849549     13
0.440774   0.090583     14
0.439054   0.08628     14
0.538235   0.0846819     15
0.540547   0.0883082     15
-0.36269   0.0860312     16
-0.359145   0.0884173     16
-0.259148   0.0874497     17
-0.26236   0.0856722     17
-0.158164   0.0855251     18
-0.161239   0.0888318     18
-0.0573518   0.0885118     19
-0.0611169   0.0876492     19
0.0894803   0.186447     20
0.0903471   0.190975     20
0.188096   0.186488     21
0.191657   0.188809     21
0.289171   0.185971     22
0.287159   0.189356     22
0.386879   0.189056     23
0.390324   0.188093     23
0.491121   0.189424     24
0.486919   0.187245     24
0.587526   0.185319     25
0.590666   0.18738     25
-0.308689   0.187924     26
-0.312024   0.186406     26
-0.211906   0.185306     27
-0.208434   0.186635     27
-0.110218   0.185131     28
-0.108604   0.188957     28
-0.00798032   0.185762     29
-0.0112652   0.188161     29
0.14022   0.287411     30
0.140208   0.291986     30
0.240069   0.285816     31
0.237458   0.288878     31
0.336963   0.287071     32
0.340154   0.289277     32
0.437975   0.286549     33
0.440644   0.289218     33
0.538373   0.286334     34
0.541901   0.287868     34
0.639754   0.286912     35
0.643304   0.286852     35
-0.256887   0.286079     36
-0.260042   0.288638     36
-0.160271   0.284872     37
-0.158106   0.288582     37
-0.0590372   0.284648     38
-0.0590165   0.288828     38
0.0424734   0.288318     39
0.0388699   0.286773     39
0.189218   0.389977     40
0.192275   0.387597     40
0.292126   0.389132     41
0.289165   0.386654     41
0.389641   0.386491     42
0.389473   0.390617     42
0.490865   0.384963     43
0.488405   0.388011     43
0.58857   0.385158     44
0.59083   0.388724     44
0.690641   0.387433     45
-0.307848   0.383342     45
-0.210217   0.386744     46
-0.206531   0.386786     46
-0.107574   0.388199     47
-0.10806   0.384114     47
-0.00754506   0.387044     48
-0.0103844   0.389637     48
0.0890235   0.387297     49
0.0920708   0.389372     49
0.239077   0.489381     50
0.242672   0.487562     50
0.337827   0.488584     51
0.341206   0.487289     51
0.439383   0.487805     52
0.44236   0.485319     52
0.542101   0.48875     53
0.538486   0.486954     53
0.639507   0.486597     54
0.643425   0.485969     54
0.741242   0.484124     55
0.741959   0.48811     55
-0.158141   0.489151     56
-0.15749   0.485158     56
-0.0597336   0.487267     57
-0.0564649   0.4888     57
0.0408085   0.487232     58
0.0422724   0.491052     58
0.141113   0.489086     59
0.141616   0.485025     59
-0.210522   -0.412828     60
-0.207082   -0.410675     60
-0.108513   -0.414904     61
-0.109968   -0.41104     61
-0.00942837   -0.414675     62
-0.0110214   -0.410609     62
0.0902418   -0.412947     63
0.093493   -0.414829     63
0.191289   -0.410987     64
0.189771   -0.414733     64
0.291693   -0.416324     65
0.290778   -0.41236     65
-0.609596   -0.410357     66
-0.607249   -0.4144     66
-0.506201   -0.41171     67
-0.509483   -0.413374     67
-0.408793   -0.413587     68
-0.408188   -0.409592     68
-0.310599   -0.41139     69
-0.307023   -0.413131     69
-0.160061   -0.311678     70
-0.157061   -0.313928     70
-0.0563964   -0.311635     71
-0.0595362   -0.313677     71
0.0406628   -0.315888     72
0.0429427   -0.312111     72
0.144128   -0.314685     73
0.139924   -0.313179     73
0.242414   -0.31262     74
0.240327   -0.316171     74
0.340433   -0.310854     75
0.341747   -0.31484     75
-0.56044   -0.314198     76
-0.557236   -0.312184     76
-0.459494   -0.314572     77
-0.459859   -0.310338     77
-0.361004   -0.314014     78
-0.35799   -0.310921     78
-0.259444   -0.314497     79
-0.258956   -0.310096     79
-0.10863   -0.21169     80
-0.107265   -0.215502     80
-0.00865822   -0.215791     81
-0.00755399   -0.211884     81
0.0890571   -0.211238     82
0.092251   -0.213641     82
0.189215   -0.212453     83
0.192378   -0.214272     83
0.291311   -0.215786     84
0.291135   -0.211308     84
0.39122   -0.210444     85
0.391091   -0.215196     85
-0.507507   -0.212005     86
-0.510705   -0.213822     86
-0.410285   -0.212945     87
-0.406761   -0.212892     87
-0.309376   -0.211125     88
-0.307352   -0.214953     88
-0.205942   -0.21085     89
-0.209297   -0.21378     89
-0.0578979   -0.111295     90
-0.0593484   -0.115773     90
0.0412804   -0.110846     91
0.0392254   -0.115289     91
0.141011   -0.115477     92
0.139425   -0.111838     92
0.241898   -0.112152     93
0.23899   -0.114989     93
0.339286   -0.110371     94
0.33952   -0.114475     94
0.441843   -0.114039     95
0.438714   -0.112085     95
-0.46126   -0.111922     96
-0.458782   -0.115567     96
-0.358165   -0.114027     97
-0.361762   -0.11471     97
-0.261094   -0.110225     98
-0.258455   -0.113338     98
-0.160848   -0.111508     99
-0.15709   -0.113517     99
