0.44213184308663317   81.564634676911072  0.014972537649108545     
0.88426368617326634   0.00014127375128213768  1.0835028727633545e-07     
1.3263955292598995   9.540170133228408  0.01515685741767314     
1.7685273723465327   0.00020689478766851576  1.5974066210059246e-07     
2.2106592154331657   3.8333867342311752  0.015308657406679246     
2.6527910585197989   0.00041825139203855388  2.8221054388316988e-07     
3.0949229016064321   2.3476694214077684  0.015619377301224016     
3.5370547446930654   0.0012501702181530829  1.1205078437619603e-06     
3.9791865877796986   1.8705039278665169  0.01610000409249019     
4.4213184308663314   0.0035576596819880877  7.5746705122080072e-06     
4.8634502739529646   1.8560216421257524  0.017045414810391729     
5.3055821170395978   0.0029452198424570051  2.3886789965375048e-06     
5.747713960126231   2.2958744042538041  0.018277811787989405     
6.1898458032128643   0.0023931138834008762  1.582722746904429e-06     
6.6319776462994975   3.7125441412364212  0.020399857196346821     
7.0741094893861307   0.0033501771448120646  2.1892972875860998e-06     
7.5162413324727639   9.1994849905775842  0.02501610610342372     
7.9583731755593972   0.011115054541363712  8.0223085151986058e-06     
8.4005050186460295   78.61400953070808  0.049555078330442489     
8.8426368617326627   192.92295376668332  0.00089943316756784676     
9.2847687048192959   78.767216325696643  0.021835131571510142     
9.7269005479059292   0.017092071796118778  1.447339533540118e-05     
10.169032390992562   9.2336166995215702  0.0034632833174954233     
10.611164234079196   0.0075540822500238928  6.6024502122823032e-06     
11.053296077165829   3.7047455525344089  0.0083102599066472782     
11.495427920252462   0.007744210696956473  5.2441618452061568e-06     
11.937559763339095   2.2575324873749597  0.011031390860923076     
12.379691606425729   0.014571423079400917  1.4207354117033481e-05     
12.821823449512362   1.7845951766874753  0.013085058766781385     
13.263955292598995   0.031023596053252822  6.3510420483150358e-05     
13.706087135685628   1.744653414092446  0.015757454052234467     
14.148218978772261   0.021730580039609323  1.6008208348361705e-05     
14.590350821858895   2.1131833844382554  0.018553026444988677     
15.032482664945528   0.015205694099299633  9.4779014710980073e-06     
15.474614508032161   3.3652338850569357  0.022725419763412828     
15.916746351118794   0.017568314011849199  9.9987620768748181e-06     
16.358878194205428   8.2730591773209436  0.031340164236342219     
16.801010037292059   0.046790699003273666  3.4155442147654754e-05     
17.243141880378694   70.447641285761787  0.076095659073309413     
17.685273723465325   172.96864794988244  0.0032385651155434922     
18.12740556655196   70.726207556097626  0.054220382709419318     
18.569537409638592   0.060540820562879459  5.5710756402929299e-05     
19.011669252725227   8.3360811832278063  0.0082725455266296122     
19.453801095811858   0.026379105929393983  2.3898925218909364e-05     
19.895932938898493   3.3508436656798073  0.00072954849651664316     
20.338064781985125   0.024862958490465199  1.7117290722022984e-05     
20.78019662507176   2.0419372498542064  0.0053773890637155453     
21.222328468158391   0.040882084101254244  4.1302869786190531e-05     
21.664460311245026   1.6133526680751501  0.0086097937522986377     
22.106592154331658   0.081106717844405136  0.00015318181020291095     
22.548723997418293   1.557425974012365  0.012557999624530085     
22.990855840504924   0.058816842577691528  3.9405146659414033e-05     
23.432987683591559   1.8350298570942756  0.016506478615690319     
23.875119526678191   0.041802559156879334  2.3776491862132834e-05     
24.317251369764826   2.8555902184925087  0.022036695200355033     
24.759383212851457   0.04478236937475539  2.3599219214935416e-05     
25.201515055938092   6.9241858325017324  0.033273522711472631     
25.643646899024723   0.10049969131589722  7.6980928955045611e-05     
26.085778742111358   58.495537715303528  0.09059224543322496     
26.52791058519799   143.63387808225867  0.006099903138969606     
26.970042428284625   58.851305388817647  0.07699858822539714     
27.412174271371256   0.12495711008767945  0.00011904307623913068     
27.854306114457891   7.0071502305958798  0.017786347924365625     
28.296437957544523   0.059029742669161299  5.0148071828979868e-05     
28.738569800631154   2.8371027269996907  0.0063427704920433856     
29.180701643717789   0.054319531654597353  3.8739639148963675e-05     
29.622833486804421   1.7410496338829446  0.00072041402926269947     
30.064965329891056   0.079205895481655203  7.6620845229146517e-05     
30.507097172977687   1.387171449900995  0.003582826247601543     
30.949229016064322   0.1461090229841989  0.00024355203006240094     
31.391360859150954   1.3279302725330395  0.0081614086545950123     
31.833492702237589   0.11406857521115294  6.9022066095564473e-05     
32.27562454532422   1.5122472089742935  0.01268043535170497     
32.717756388410855   0.085542618596485365  4.4487101827230823e-05     
33.15988823149749   2.2726073223229524  0.018729512919975697     
33.602020074584118   0.087670083071467157  4.435284929205474e-05     
34.044151917670753   5.3768692455321054  0.030925186834157477     
34.486283760757388   0.164705806507379  0.00012879085139226911     
34.928415603844023   44.721535266749316  0.091903607327243753     
35.370547446930651   109.74396987341685  0.0084070836805418454     
35.812679290017286   45.09850950972798  0.087275469730085926     
36.254811133103921   0.20273447141268628  0.00018807048942427504     
36.696942976190556   5.4695632927442725  0.023876849632601093     
37.139074819277184   0.10856563235941528  7.9069455834732156e-05     
37.581206662363819   2.2538232616988588  0.011561772807831922     
38.023338505450454   0.10007602542458933  7.4480227896897545e-05     
38.465470348537089   1.409105789914484  0.0052268766681454868     
38.907602191623717   0.13029130264296832  0.00010927221209930261     
39.349734034710352   1.1451694750808684  0.0014209817542625955     
39.791865877796987   0.21862387866843759  0.00030811433419030506     
40.233997720883622   1.0948896708880451  0.0034999204549830362     
40.67612956397025   0.1860732175046734  0.00010202233790980095     
41.118261407056885   1.1989939440853602  0.0079342751792580173     
41.56039325014352   0.14910994423815248  7.3685720079885816e-05     
42.002525093230155   1.708882773818734  0.013699910266560453     
42.444656936316782   0.14889846662891968  7.3916448721717591e-05     
42.886788779403417   3.8626869398136142  0.025262276301044158     
43.328920622490052   0.23401692351441482  0.00017446549080082098     
43.77105246557668   31.15135270842808  0.081742018052117934     
44.213184308663315   76.290019014572459  0.0093670194123872069     
