-0.00958739520973565   -0.0121901981125179   151.796547858324   0.0505694327506843
0.0899174520304151   -0.0120363148339297   61.9051403264226   0.0542809872684472
0.189738182424752   -0.0133372927178771   108.593721761487   0.0506207679450706
0.289534080460005   -0.0130771326368694   25.9902465191933   0.0530810530842068
0.389773542474626   -0.0128076752618272   15.1549840708513   0.0503838564222726
0.489091179438977   -0.014677648281418   112.125663539655   0.0500217613150924
-0.410971023074067   -0.0146611100216849   51.6716657076261   0.0529916289228551
-0.311318424582401   -0.0133720045079083   158.178496896935   0.0522823269017232
-0.20971992750032   -0.012676757651036   133.762913211864   0.0573927895106097
-0.109897711855862   -0.0131237010729772   75.9909901738903   0.0573136886508835
0.0408275152841466   0.0875113939190911   69.12376914586   0.050397285367186
0.139079166490506   0.0884453836577283   123.228206785195   0.0521084804616259
0.239416591685762   0.086316984676469   28.7431964706084   0.0516280044230974
0.339250469256082   0.0870172973960586   74.7670668976967   0.0527897608023645
0.439913854886603   0.0884314979737214   65.2904254270246   0.0584904147933645
0.539390672701903   0.0864950177950492   53.7321169987379   0.055538449730249
-0.360917710580693   0.0872242763022334   30.3255318647981   0.058355770959049
-0.2607541494195   0.0865609567838549   25.6777944564195   0.0506554352714108
-0.1597016354176   0.0871784793327692   136.9358269001   0.0597996264311438
-0.0592343590271218   0.0880804975779431   11.2583992208315   0.0545561322235319
0.0899136930341897   0.188711027644756   77.5738012585804   0.0572506005052295
0.189876412872958   0.187648409816694   29.5180764805787   0.0581533655322307
0.288165413472771   0.187663662109711   124.368660479052   0.0506462859757908
0.388601478157092   0.188574818846918   166.346858904174   0.050376539693251
0.489020172613095   0.188334712005585   24.2617435862328   0.0654942260447613
0.589095906004746   0.186349542624996   29.7002365828391   0.0513758291141908
-0.310356535192763   0.187165214507506   21.5830860916259   0.050969419210951
-0.210169892993549   0.185970831587215   18.4036777047766   0.0519931054376139
-0.109410759653693   0.187043535264778   64.1072982914299   0.0525170192376919
-0.00962274415776074   0.186961361684192   147.603688052291   0.0552858903084962
0.140214065272259   0.289698358757406   90.1763026511384   0.056501180544221
0.23876342561364   0.287346777020033   134.456549454721   0.0529687649564055
0.338558523430366   0.288174171422719   30.9911493115656   0.0528984661986782
0.439309735171098   0.287883465628167   40.9966118701213   0.05025633211146
0.540137008298252   0.287100812794977   20.7010310916091   0.0536002797307924
0.641528722867381   0.286882162885037   179.166157201712   0.0504501739058436
-0.25846437907921   0.287358380241024   144.821860965989   0.0548416361373294
-0.159188692259806   0.286727067560683   56.1147974350865   0.0551745682626649
-0.0590268378654084   0.286737866269305   89.6725808372733   0.0516179717417388
0.0406716804032059   0.287545498134833   20.4442574389238   0.0546526307360191
0.190746890599664   0.388786711421513   145.915855822631   0.0524512133484695
0.290645577894041   0.387893104972124   36.0184219070528   0.0520385976002469
0.389556709364255   0.388553713154153   92.6859435782906   0.0510042587774227
0.489634654610284   0.386487296258019   132.882234133535   0.0513692496378036
0.589699641163837   0.386940808786322   53.8966499948268   0.0544992308514757
0.691396741299977   0.385387265841224   113.031989457139   0.0548957596850997
-0.208374209223343   0.386765114965537   0.563370452042656   0.0523884730679538
-0.107816620145248   0.386156049716707   82.2053730130221   0.0509138430770799
-0.00896471095774284   0.388340314920705   141.569324435234   0.0515083682194006
0.0905471478844188   0.388334357012457   30.6058665714327   0.0503150270560772
0.240874373700111   0.488471753267538   156.262394981996   0.0558007321775141
0.339516308478871   0.487936097624873   161.585437266778   0.0506172004211415
0.440871168323122   0.486561671227808   144.033199046515   0.0522747382480355
0.54029303178027   0.48785199576781   23.3484614252325   0.0559545270114552
0.641465863936177   0.486283290702304   172.076660849695   0.0562204128120879
0.741600456391945   0.486117350854996   78.3171368932705   0.0502602515272279
-0.157815482424165   0.487154597937271   100.611017297336   0.0501720295810669
-0.0580992295621444   0.488033084845954   22.1739091177741   0.0501614000420835
0.0415404741983077   0.489141803938492   66.1999743729722   0.0515511371580822
0.141364694240787   0.487055481358783   98.1071011089052   0.0506632563137378
-0.208801666906182   -0.41175190746771   28.540512841562   0.0556494060397747
-0.109240566256313   -0.412972124329447   113.419483944309   0.0520053892869091
-0.010224910222542   -0.412641755232062   114.271011377462   0.0550765645197618
0.091867402824056   -0.413887993582547   153.304193141246   0.0517161879899438
0.19053007086509   -0.41286023619018   64.9866725645384   0.0510405370032086
0.291235467892731   -0.414342133111703   104.883189989711   0.0506450546594456
-0.60842215067542   -0.412378307959761   123.746473947232   0.0600378530715455
-0.507842018044695   -0.412542152771039   23.7746704998261   0.0509654515662091
-0.40849068682938   -0.411589295361457   80.1164717163563   0.0500763134635102
-0.30881093909304   -0.412260849673973   157.06664180866   0.0551796336753288
-0.158561002237692   -0.312802985770168   146.902795420965   0.0508979498389443
-0.0579663230266677   -0.312655728165595   29.4721965730459   0.0512525494178756
0.0418027443298872   -0.313999461736155   55.2064369785007   0.0567796939028935
0.142025817794396   -0.313932417533773   162.710999743156   0.0625694451435538
0.241370508587334   -0.314395413461092   55.9272564610769   0.0529312966533837
0.341090234185902   -0.312846979097985   110.765915115863   0.0526496171644736
-0.55883783259793   -0.313190692681581   28.6449365562688   0.0518788298758521
-0.459676565369427   -0.312455353421611   95.6603447440538   0.0525397421288242
-0.35949704826965   -0.312467689111469   41.724307589208   0.0573850409119706
-0.259199838766879   -0.312296868691811   82.7288768400102   0.0547859462433146
-0.107947366193198   -0.213596004082316   112.383256020745   0.0509144972398119
-0.00810610472537924   -0.213837911355451   71.9824389513909   0.0507332198944331
0.0906540264080069   -0.212439577925718   146.829637157122   0.0542244827853021
0.190796704303479   -0.213362532413807   153.453564367748   0.0502427041641545
0.291222729937746   -0.213547000583023   92.5869315064435   0.0553441001213676
0.391155128328211   -0.212819936765949   88.2130324312897   0.0586985039739263
-0.509106392300916   -0.212913410429797   26.2739864782083   0.0506800338163508
-0.408522907660427   -0.212918226952783   0.750598939335217   0.0500954964339253
-0.308363687636519   -0.213039281077169   121.323789069461   0.0553349075890482
-0.207619469660466   -0.212315097111168   37.1926933188428   0.0598517881722678
-0.0586231395670234   -0.113534060602198   69.5527355078208   0.0590068209440812
0.0402528950366314   -0.113067212792101   61.9727893084621   0.0621507794894748
0.140218139928124   -0.113657778107959   116.640804204362   0.0502712826959273
0.240444101084064   -0.113570357245112   40.2851354717392   0.0541871959386201
0.339402515951376   -0.112423254173651   93.7539495649194   0.050786392705431
0.440278616758581   -0.113061836835589   151.515341375049   0.0505902718547341
-0.460021275123754   -0.113744153247323   128.041186772967   0.0571539474309868
-0.359963267008407   -0.114368101458701   9.3660226931646   0.0518094376958874
-0.259774448685383   -0.11178139220535   134.297256308057   0.0537153368309153
-0.158968992743508   -0.112512381507406   155.079183851352   0.0588767221324508
