0.46400628289657042   48.916952078519292  0.017495303351408179     
0.92801256579314084   1.1468595220583071  0.0063512896490179554     
1.3920188486897112   4.9486220145770815  0.012130457273151574     
1.8560251315862817   1.2615902574009079  0.0048943001853554147     
2.3200314144828522   1.302592705184958  0.0052594915162643246     
2.7840376973794223   1.3039617348443545  0.0040832521378905599     
3.2480439802759928   0.32490865673779938  0.0035083165012065203     
3.7120502631725634   1.2559918079052964  0.007984848968455576     
4.1760565460691339   0.03974046352698161  0.00024291475364726852     
4.6400628289657044   1.2284119701930457  0.0051882100103673195     
5.104069111862275   0.062878313883399945  0.00039518875327179511     
5.5680753947588446   1.2025670504522888  0.0079347510504235772     
6.0320816776554151   0.37349435467426526  0.0038258160713559074     
6.4960879605519857   1.188026019875015  0.0047396449234697281     
6.9600942434485562   1.3571334219397906  0.0055155678070016434     
7.4241005263451267   1.0714937565232096  0.0048235510242711986     
7.8881068092416973   4.8716441664364137  0.0093847196388420299     
8.3521130921382678   0.83782365922554528  0.005029020930331751     
8.8161193750348374   45.295293499726588  0.075309863068200973     
9.2801256579314089   96.712146077997086  0.17387789310383466     
9.7441319408279785   49.398131457609254  0.1184795455069626     
10.20813822372455   1.4584538753476982  0.010847630874894295     
10.67214450662112   4.7236654115090741  0.011367396353376809     
11.136150789517689   1.3941536277608307  0.005523574902531149     
11.600157072414261   1.177553623068997  0.0043161947993305825     
12.06416335531083   1.351417798109595  0.0045387104508360058     
12.528169638207402   0.27275195829247783  0.0026275852065792299     
12.992175921103971   1.2519510362326751  0.0057338959537318728     
13.456182204000543   0.046572973198752355  0.00015541630009111804     
13.920188486897112   1.1797858829775867  0.0048371268076356799     
14.384194769793684   0.11177631064875921  0.00063813132969089128     
14.848201052690253   1.1047408207752545  0.0062373211752789217     
15.312207335586823   0.41122630590483192  0.0035694774508067911     
15.776213618483395   1.0290367362189249  0.0061844456816957313     
16.240219901379966   1.338874345238409  0.0066184501680056586     
16.704226184276536   0.86165707442877476  0.0054230922281020358     
17.168232467173105   4.5318046426479365  0.019172942195076775     
17.632238750069675   0.57486349548427288  0.0040011427429643398     
18.096245032966248   39.482407388693941  0.20552373408294215     
18.560251315862818   88.145697648395023  0.48829493968709584     
19.024257598759387   47.035883240409973  0.29426294150518443     
19.488263881655957   1.735613566490728  0.016936665494952678     
19.952270164552527   4.2756028108500736  0.018453863120934603     
20.4162764474491   1.4578221745554935  0.008960258622261966     
20.88028273034567   1.0138984673819023  0.0056143892162006676     
21.344289013242239   1.3349721280287584  0.0081913040861167606     
21.808295296138809   0.22876264201193186  0.0019238806315207173     
22.272301579035378   1.2035779199773746  0.0057127036880358584     
22.736307861931952   0.085267651667634985  0.00036628289348253088     
23.200314144828521   1.1044648841972264  0.0060371282173055448     
23.664320427725091   0.18163130408405631  0.00080913031738443794     
24.128326710621661   0.99244592071284006  0.0056867254886970192     
24.592332993518234   0.43834228532311437  0.0034031005235740619     
25.056339276414803   0.86346515841934515  0.0071631687810749577     
25.520345559311373   1.2685437711889974  0.0084614138811447552     
25.984351842207943   0.670728908291383  0.0054184584013702241     
26.448358125104512   4.0398158461235073  0.028377174603509821     
26.912364408001086   0.38805459237333633  0.0026677457661036873     
27.376370690897655   32.852032629717099  0.26348226011800945     
27.840376973794225   76.781861101440917  0.63815918220368923     
28.304383256690794   42.830006470785486  0.38294209317281724     
28.768389539587368   1.9537774436045865  0.021383062321232338     
29.232395822483937   3.7246654361706506  0.023566218795558324     
29.696402105380507   1.4623643351517303  0.011715410570412041     
30.160408388277077   0.84754848958981546  0.0059101451270865747     
30.624414671173646   1.2756240609993816  0.0099763044357243265     
31.088420954070219   0.20182050776785769  0.0015404522156775473     
31.552427236966789   1.1333052598482555  0.0063979564188350958     
32.016433519863362   0.15460059213145764  0.0010651389517541759     
32.480439802759932   1.0269402458733304  0.0056585536369031918     
32.944446085656502   0.26798188006324236  0.00055606059854735358     
33.408452368553071   0.8903583493580555  0.005030512042176908     
33.872458651449641   0.45784151444550829  0.0032749796864403125     
34.33646493434621   0.71605781167809829  0.0061672130875361979     
34.80047121724278   1.1672236436896571  0.0084293820596099677     
35.26447750013935   0.51781873263991476  0.0043161837282564983     
35.728483783035919   3.4854387979029458  0.028546808799208015     
36.192490065932496   0.2852003829689074  0.0013783894767367574     
36.656496348829066   26.296209436382647  0.23634693720039215     
37.120502631725635   64.380026187106444  0.59374010324181513     
37.584508914622205   37.549990548437347  0.36710181732906744     
38.048515197518775   2.0946715887349615  0.02345071319827093     
38.512521480415344   3.1530831162468719  0.02234792383857972     
38.976527763311914   1.4175961269259801  0.012176898143341562     
39.440534046208484   0.69820457866548497  0.004826536180336058     
39.904540329105053   1.188953864222399  0.0094177086681468222     
40.36854661200163   0.1953353053460763  0.0012769217448638609     
40.8325528948982   1.0559461699363717  0.0057754499193971161     
41.296559177794769   0.24997623309153223  0.0021978207128390798     
41.760565460691339   0.96119562773360918  0.0038323277678005088     
42.224571743587909   0.36597554896401669  0.00094586032159904653     
42.688578026484478   0.81162467123578866  0.0040873665344002561     
43.152584309381048   0.47195467463024844  0.0031490631449177461     
43.616590592277618   0.5976530636829456  0.0043655946085004287     
44.080596875174187   1.0502048224904239  0.0072982010509470702     
44.544603158070757   0.40702608186770595  0.0031919761616946098     
45.008609440967334   2.9227587112048534  0.024539615813012324     
45.472615723863903   0.2591064205149457  0.000671015774221049     
45.936622006760473   20.261188956706376  0.18395123416225045     
46.400628289657043   51.95186054879552  0.48488879105792648     
