0.42972788892272645   10.049534771199228  0.0086093721753465492
0.85945577784545291   4.9550250600312996  0.016020602871699741
1.2891836667681793   0.97593793088050594  0.0066085315018277304
1.7189115556909058   0.05541503735533363  0.0010051741425071735
2.1486394446136323   0.0046388462945016713  6.2073457001262445e-05
2.5783673335363586   0.04257106709976488  0.00083110683734037969
3.0080952224590853   0.12955134009072673  0.0034906897620658897
3.4378231113818116   0.11532950380414178  0.0025781341651832905
3.8675510003045379   0.080635989075711074  0.0020899663921539962
4.2972788892272646   1.0134962713710928  0.011965806052837274
4.7270067781499909   0.18480518034836466  0.0021848801204038809
5.1567346670727172   0.44750298185887123  0.0085760764583595802
5.5864625559954435   2.4429729643536171  0.026529813730187545
6.0161904449181707   0.056404754125151834  0.00072286737351769342
6.445918333840897   0.021275845519731309  0.00014019753474248987
6.8756462227636232   0.019910740841124532  0.00024667218306624266
7.3053741116863495   0.065350914334451576  0.0013963174600837465
7.7351020006090758   0.0754563923038978  0.00228970284131194
8.1648298895318021   0.084771436819641741  0.0019849734856979712
8.5945577784545293   0.34422599508109745  0.0037096846697002974
9.0242856673772547   0.047610924667796514  0.00060631673445979619
9.4540135562999819   0.051618037369098414  0.00042647465793538206
9.883741445222709   0.070997145720187207  0.0006511214744109035
10.313469334145434   0.067511781900225981  0.00036693630360522226
10.743197223068162   0.079348639926505235  0.0010358896773941905
11.172925111990887   0.035973092033604802  0.00010478305910670239
11.602653000913614   0.050211310172910717  0.00034266652556204421
12.032380889836341   0.069639007036491545  0.00085490785224346092
12.462108778759067   0.095787996352869971  0.0015148250703891085
12.891836667681794   0.15831875284043518  0.0074877096008538295
13.321564556604519   0.09994493501412867  0.0028142978031406813
13.751292445527246   0.1795344647388128  0.0027514939270148494
14.181020334449974   0.11082911562844594  0.00051623576238320488
14.610748223372699   0.14212682177996598  0.002809879764495898
15.040476112295426   0.15064650724775528  0.0023345278389873158
15.470204001218152   0.072535867968303493  0.00032530691390103584
15.899931890140879   0.21320173002938342  0.0016802023225358393
16.329659779063604   6.2762348480979504  0.08156397843507367
16.759387667986331   6.0337928179219267  0.041126920477643829
17.189115556909059   0.75837874893216876  0.011051128081402977
17.618843445831786   0.15391180136250876  0.0049988298695285163
18.048571334754509   0.093616891385096832  0.0021910570357672483
18.478299223677237   0.19095845102363832  0.004230681535599296
18.908027112599964   0.36636285137516236  0.010161540729827661
19.337755001522691   0.30084967517258294  0.0044707460482444703
19.767482890445418   0.12984646106175396  0.001697349265848931
20.197210779368142   0.10190845243256792  0.0012403622978838672
20.626938668290869   0.39610550252436569  0.0079194109338507548
21.056666557213596   1.4265206800202462  0.030994702871287061
21.486394446136323   5.8199053292267921  0.1281100062227141
21.91612233505905   23.600644613451127  0.19886904361270518
22.345850223981774   0.57621170416069757  0.0085530675071160163
22.775578112904501   0.51372245319821103  0.01001043095565684
23.205306001827228   0.39173095133458413  0.011495193754949222
23.635033890749956   0.20812383376751433  0.0052294512607804597
24.064761779672683   0.18045974030026646  0.0021564855155532137
24.494489668595406   0.78980277348603392  0.0053830622664092289
24.924217557518134   1.0854702111409554  0.010829070421764469
25.353945446440861   1.0629823775379833  0.013311220362815542
25.783673335363588   0.45212987584959199  0.0053642946983256201
26.213401224286315   0.41697394176693087  0.0061067326386116041
26.643129113209039   0.46430609856616715  0.0036735853629644143
27.072857002131766   0.98128636012879793  0.012567789588883011
27.502584891054493   1.429239609312096  0.018060206265337858
27.93231277997722   0.2515779093879006  0.0034977513826189671
28.362040668899947   0.11748499230228715  0.00044598717626999997
28.791768557822671   0.088517351134604672  0.00024562750754381521
29.221496446745398   0.14040876184196146  0.00048990085036670105
29.651224335668125   0.34355410505706407  0.0032868310521434271
30.080952224590852   1.147832752404578  0.024112401993717562
30.51068011351358   0.76376113439870496  0.01477863701766905
30.940408002436303   0.41987638910553339  0.0056531151342131743
31.37013589135903   0.25080064470051254  0.0012783725546338109
31.799863780281758   0.24654757861747076  0.0016487052791507366
32.229591669204481   0.27070140812290986  0.0014623924367205235
32.659319558127208   0.55368973312452899  0.0096714407524988457
33.089047447049936   0.70190308139225018  0.012052695777687253
33.518775335972663   0.20054704711538042  0.00040288385459907911
33.94850322489539   0.16950920066383837  0.0017147453307845182
34.378231113818117   0.22571940046312733  0.0028832066534393287
34.807959002740844   0.39601409457090443  0.0074143898545532981
35.237686891663571   0.98152160370528501  0.010952063603603066
35.667414780586299   5.4246472030243003  0.057664302780538549
36.097142669509019   0.80578595372691739  0.0062786744532482359
36.526870558431746   0.69961437197160775  0.0088033697914038499
36.956598447354473   0.59878376584260025  0.0093461678249988443
37.3863263362772   0.60518217044540826  0.018559958930461405
37.816054225199927   0.9173306074153454  0.04441525142461585
38.245782114122655   2.3152525097429353  0.052712113146623894
38.675510003045382   0.74584863826305967  0.012940190956569655
39.105237891968109   0.37564414992477832  0.0058091602004089954
39.534965780890836   0.25851047235430976  0.0021912226022687199
39.964693669813563   0.22331171025411994  0.000863404914728438
40.394421558736283   0.27119022280613806  0.00078055754416647048
40.824149447659011   1.056096554049679  0.02544526406292837
41.253877336581738   1.4313539657970232  0.020023539726107656
41.683605225504465   1.3211217596573928  0.0089794670720540365
42.113333114427192   0.73161824233875329  0.0029448425069305325
42.543061003349919   0.49716785090417308  0.01280545082439928
42.972788892272646   0.86699720920298  0.032841065566002275
