0.4848420195558783   0.0001179191527698959  4.7791668492341606e-07     
0.9696840391117566   0.00012244203235840478  4.394534369296707e-07     
1.454526058667635   0.00015784669978338802  2.2282301125431609e-07     
1.9393680782235132   0.00021697394263494887  1.3822099897489426e-07     
2.4242100977793917   0.00030427666964874022  2.1685187529090404e-07     
2.9090521173352699   0.00043643859112365452  2.1609361970108617e-07     
3.3938941368911482   0.00067708568501221016  1.0718780744832071e-06     
3.8787361564470264   0.0014540397387255376  5.6610329912958626e-06     
4.3635781760029051   0.0063640074133301483  1.3001639553372526e-05     
4.8484201955587833   102.10732648889916  0.052846047764641218     
5.3332622151146616   0.0077917899637731912  4.6867193645434322e-05     
5.8181042346705398   0.0036732811373757706  6.3635565761133325e-06     
6.3029462542264181   0.0031129021709877183  4.8949731261539873e-06     
6.7877882737822963   0.0031003509623220076  4.5257398639749309e-06     
7.2726302933381746   0.0032158555326424228  7.3740742050715849e-06     
7.7574723128940528   0.00304573307450009  4.0251404142375626e-06     
8.2423143324499311   0.0032198773414300017  4.1294198006444121e-06     
8.7271563520058102   0.003564399750259159  9.3275386640913155e-06     
9.2119983715616875   0.0042140696989817534  1.0195668867661218e-05     
9.6968403911175667   2.2052287693688736  0.0018382323115364275     
10.181682410673444   0.0049526567809634398  8.6275018361569093e-06     
10.666524430229323   0.0052152157360465769  1.8120656974220794e-05     
11.151366449785201   0.0058620757075830129  8.7406897897741607e-06     
11.63620846934108   0.0068670094230959001  8.0999311447757605e-06     
12.121050488896957   0.0080723559191874994  1.5261291688455811e-05     
12.605892508452836   0.0085291962669516148  1.2088969373831853e-05     
13.090734528008714   0.010544714977187211  1.3899862544176565e-05     
13.575576547564593   0.02081303944749644  4.5995641527610928e-05     
14.06041856712047   0.069620239344149117  0.00021579367574677334     
14.545260586676349   23.631507033323532  0.227147810025453     
15.030102606232226   0.044460713091957729  0.00037921657753689015     
15.514944625788106   0.022462782060102926  5.4622335417732342e-05     
15.999786645343985   0.016033015741033043  9.1793759293844069e-06     
16.484628664899862   0.013941293938357385  1.5489881977631558e-05     
16.969470684455739   0.014916691766998905  2.4431896638409554e-05     
17.45431270401162   0.018838868084156671  5.7951607294301356e-05     
17.939154723567498   0.032905333267824523  9.8399917061225357e-05     
18.423996743123375   0.090334028500065994  0.00025457134715735915     
18.908838762679252   0.28590939449937117  0.00082380513941178319     
19.393680782235133   29.581674694380678  0.72406672219430358     
19.878522801791011   0.18403856668564587  0.0017645852204154121     
20.363364821346888   0.097188829153249934  0.00016066142444393926     
20.848206840902765   0.069130829148158339  0.00014758310824925504     
21.333048860458646   0.055051279680366835  0.0001457943181415713     
21.817890880014524   0.050476032270168067  0.00012208357088247974     
22.302732899570401   0.046906644364870419  9.7248370948115727e-05     
22.787574919126278   0.064076905180154445  0.0001324516478905848     
23.272416938682159   0.12638538072563906  0.00030506372030011321     
23.757258958238037   0.29540464434057816  0.0010918417579531636     
24.242100977793914   7.4632559102874631  0.527173805829941     
24.726942997349795   0.20831606484953142  0.0021703743917509185     
25.211785016905672   0.1257158897950322  0.0002297343165724651     
25.69662703646155   0.10392520546398835  0.00020568261577669464     
26.181469056017427   0.095623822454180861  0.00031546114304920749     
26.666311075573308   0.086074289895373553  0.00025708006676997259     
27.151153095129185   0.088080328368426609  0.00028798909238594353     
27.635995114685063   0.070874837932279217  0.00016937159892331539     
28.12083713424094   0.062693024283109369  0.00010225134351697399     
28.605679153796821   0.069771196362991941  0.00029436210510842294     
29.090521173352698   0.58425678967601525  0.0552627290317723     
29.575363192908576   0.062657233039347385  0.00043856611778235753     
30.060205212464453   0.049835268168153515  0.00017227522595873776     
30.545047232020334   0.050985121646969368  0.0001001917563824275     
31.029889251576211   0.058420603207054347  0.0001037680392992512     
31.514731271132089   0.063903160138943241  9.907110685301236e-05     
31.99957329068797   0.07104019519788036  0.00014726497265301859     
32.484415310243847   0.066673503975381097  9.2639985500432025e-05     
32.969257329799724   0.089148010144730427  0.00011832244891122618     
33.454099349355602   0.14692804235483054  0.0007283833807664054     
33.938941368911479   1.8951378685275615  0.069399130354810974     
34.423783388467356   0.1539771660246557  0.00069570168265381054     
34.908625408023241   0.11584448855012002  0.0001551864292707406     
35.393467427579118   0.093837891250384674  9.7361814772994315e-05     
35.878309447134995   0.086196278492941983  0.00010356447833522358     
36.363151466690873   0.093038357278526866  0.00045794064517994427     
36.84799348624675   0.13112386288407016  0.00023822888854633707     
37.332835505802628   0.17521514638617941  0.00034838882442354358     
37.817677525358505   0.24386232454546302  0.0012079878994816786     
38.302519544914382   0.40696639174389278  0.0057063839491562729     
38.787361564470267   11.55610285145089  0.28160983900811779     
39.272203584026144   0.488676454480315  0.004901761671907887     
39.757045603582021   0.33379171891535716  0.0004398204605075569     
40.241887623137899   0.28916305582031773  0.00043743825954442799     
40.726729642693776   0.32622464484951845  0.0011657713107426138     
41.211571662249654   0.53386046531754441  0.004381828054437154     
41.696413681805531   0.54143953247594737  0.002446024650365861     
42.181255701361415   0.36730645478364734  0.00060959768655013231     
42.666097720917293   0.29544005912935162  0.0019467843616965002     
43.15093974047317   0.41026213314527601  0.0073202668204038998     
43.635781760029047   11.135410629668307  0.24779342418438004     
44.120623779584925   0.51772992038577292  0.0062873522396855237     
44.605465799140802   0.32375944366421415  0.0012171648168486813     
45.090307818696679   0.30155659726284038  0.00046222402684013063     
45.575149838252557   0.42681549520272287  0.0017051695067502721     
46.059991857808441   1.1126234286745415  0.011251520561926174     
46.544833877364319   0.7949605980766008  0.0050144135486453004     
47.029675896920196   0.36620319513725426  0.001144887662184106     
47.514517916476073   0.20639397661801151  0.0005403314490782298     
47.999359936031951   0.20513689560562494  0.0019793927147695827     
48.484201955587828   2.078249339327806  0.049789285861596393     
