0.42972788892272645   5.1459769026640097  0.010177720166016249
0.85945577784545291   2.6809817544352496  0.017072787567985511
1.2891836667681793   0.5970155177238832  0.0073367707483558946
1.7189115556909058   0.056156146513943498  0.0014474813208222013
2.1486394446136323   0.0035894945961577772  0.00012278318075527025
2.5783673335363586   0.046148919039559305  0.0010333132454571579
3.0080952224590853   0.14401909241042143  0.0024955168255608723
3.4378231113818116   0.11946877666527018  0.0027584725230285061
3.8675510003045379   0.080561682013690702  0.00073978033081585574
4.2972788892272646   0.81567635935378943  0.0057074271695646334
4.7270067781499909   0.1807405506325558  0.0034853997535863011
5.1567346670727172   0.44379738261617867  0.0068477444575886304
5.5864625559954435   2.0037201423963709  0.01077262735802013
6.0161904449181707   0.041035283850636712  0.0007554326206170154
6.445918333840897   0.01303901039629966  0.00024521771108298761
6.8756462227636232   0.012646670582111544  0.00027997515197909533
7.3053741116863495   0.070106306814639686  0.0018647421166937473
7.7351020006090758   0.22726174641041919  0.004866076542311432
8.1648298895318021   0.13527381558948632  0.0019274735373186415
8.5945577784545293   0.7705652895916175  0.0062857248152483727
9.0242856673772547   0.04773417775215963  0.00050774933862181054
9.4540135562999819   0.061069339438638357  0.00054147932576744661
9.883741445222709   0.063274645898475602  0.00065951465993915045
10.313469334145434   0.087966269008090311  0.0014014282502275341
10.743197223068162   0.23748900756085548  0.0015467435660733379
11.172925111990887   0.0071387398261576604  4.1872213158015672e-05
11.602653000913614   0.053534446503943743  0.0010142915753773599
12.032380889836341   0.10178039830684726  0.0017450560490674278
12.462108778759067   0.23925851652741235  0.0026518983939553961
12.891836667681794   0.53482064935182806  0.0082699121490715084
13.321564556604519   1.0552624726382278  0.0074552781437046409
13.751292445527246   0.57849505658224634  0.006324686130830086
14.181020334449974   0.1632077446886899  0.0024594621175051982
14.610748223372699   0.10644499656010528  0.0020289725179880744
15.040476112295426   0.093984840329616953  0.00095483110536642672
15.470204001218152   0.026892242826195614  0.00021632630334685904
15.899931890140879   0.10214602174018326  0.00093564605607603522
16.329659779063604   5.1171328285734675  0.078430607352739966
16.759387667986331   4.7512228027623421  0.035429590838733763
17.189115556909059   0.95948512227240805  0.011820278934245367
17.618843445831786   0.19312304173251532  0.0039979041205453079
18.048571334754509   0.10005741922292127  0.0020414931197923334
18.478299223677237   0.18333709951240121  0.002244663794457803
18.908027112599964   0.39346269599857732  0.009203261196387915
19.337755001522691   0.2848750298361783  0.0078216552625141867
19.767482890445418   0.086114137079067976  0.0016632506447675883
20.197210779368142   0.040559135904834012  0.00037557452149616948
20.626938668290869   0.27562013497897686  0.0035481459702101427
21.056666557213596   0.93939574674825743  0.010733851345671355
21.486394446136323   4.0241316713109493  0.069820203954044804
21.91612233505905   17.983066812493317  0.13320157461619794
22.345850223981774   0.55918477602889147  0.0085088624345707428
22.775578112904501   0.45769406919258394  0.006349385990576898
23.205306001827228   0.37006003142364614  0.00934584887530624
23.635033890749956   0.18138354124329463  0.0050130398158241409
24.064761779672683   0.12814552222241059  0.0015818865890078903
24.494489668595406   0.60750163668362737  0.0051246508191231312
24.924217557518134   0.7886731281935581  0.010500341075071929
25.353945446440861   0.70920536282697101  0.010326743864910214
25.783673335363588   0.29797236693601327  0.0050671187447899565
26.213401224286315   0.26328047872091601  0.0015204570427449654
26.643129113209039   0.25880162724280548  0.0018017569622654927
27.072857002131766   0.49989819504595827  0.0081130508197670708
27.502584891054493   0.92032006118510595  0.0051851640200791442
27.93231277997722   0.17809834711278981  0.0020087077380429362
28.362040668899947   0.0941289644032989  0.0007766189966469553
28.791768557822671   0.086730693300186092  0.00066356894244139412
29.221496446745398   0.23047888561751251  0.0019279899788732656
29.651224335668125   0.55856855367870434  0.0068582336948837008
30.080952224590852   1.0812350458691993  0.014138834185322524
30.51068011351358   0.69822541277677921  0.01063952316603332
30.940408002436303   0.30037731965708866  0.0031741003778632015
31.37013589135903   0.13591048412366772  0.00045081653088763229
31.799863780281758   0.1301904300461099  0.00072427913162407587
32.229591669204481   0.2011683396321892  0.0033130420740455605
32.659319558127208   0.96521841956959574  0.022891441726845862
33.089047447049936   1.2770357580683135  0.019405039761702064
33.518775335972663   0.53913998110175682  0.0028429747402214002
33.94850322489539   0.31187663589293933  0.004527348953257382
34.378231113818117   0.39689412357775833  0.0050502432751265326
34.807959002740844   0.70181594041116694  0.022607279998266527
35.237686891663571   1.2997518208811147  0.011333455923438183
35.667414780586299   4.1499511935514651  0.047942872698443287
36.097142669509019   0.48540955698874801  0.0046245138439248014
36.526870558431746   0.41154929628842152  0.0049916074554156804
36.956598447354473   0.36953158676739004  0.0032522081376134705
37.3863263362772   0.43513873740579078  0.014896602465356157
37.816054225199927   0.8317175675612714  0.040085689725124994
38.245782114122655   4.3215864735128819  0.092889353365750883
38.675510003045382   1.3021969667312349  0.031823081140089049
39.105237891968109   0.56310078648180478  0.024050206057675389
39.534965780890836   0.29310083518574  0.0084760442530820794
39.964693669813563   0.1703726698079758  0.0012700924477384637
40.394421558736283   0.17044885894313485  0.00052614498773844772
40.824149447659011   0.58497921683412407  0.006026199296940159
41.253877336581738   0.80114099524458885  0.0047233319150039206
41.683605225504465   0.52037128981679696  0.0046485288078766336
42.113333114427192   0.33839598839088847  0.0012192799277077345
42.543061003349919   0.21765844503842181  0.0062733358047695547
42.972788892272646   0.57649872912036993  0.022335266113050697
