-0.0274771   -0.00638472     0
-0.0235298   0.0163367     0
0.0707498   0.000594458     1
0.0763584   0.0237825     1
0.170184   0.0223189     2
0.176904   0.000130521     2
0.272074   0.0140314     3
0.275099   -0.00890862     3
0.373236   -0.0124575     4
0.375007   0.0108777     4
0.471827   -0.00721185     5
0.475628   0.0159335     5
-0.427478   0.0226457     6
-0.426214   -0.000785194     6
-0.321492   0.00245411     7
-0.32972   0.0243084     7
-0.2211   -0.00577469     8
-0.227159   0.0183184     8
-0.122355   -0.0116657     9
-0.126557   0.0116605     9
0.0274853   0.12045     10
0.0206773   0.0978547     10
0.120775   0.125992     11
0.124261   0.102503     11
0.225447   0.0952552     12
0.219209   0.117517     12
0.323928   0.0880783     13
0.320735   0.111706     13
0.424255   0.112767     14
0.420129   0.0891163     14
0.520436   0.0981717     15
0.524645   0.12205     15
-0.382841   0.103073     16
-0.371099   0.123337     16
-0.279172   0.121022     17
-0.273409   0.0978096     17
-0.170236   0.092031     18
-0.181376   0.11258     18
-0.0767752   0.0910053     19
-0.0742317   0.114668     19
0.06837   0.202839     20
0.0768773   0.22502     20
0.174006   0.199251     21
0.169929   0.222951     21
0.275076   0.192389     22
0.269701   0.214761     22
0.372663   0.210751     23
0.371846   0.186949     23
0.478198   0.216617     24
0.467161   0.195208     24
0.572051   0.199615     25
0.576142   0.222817     25
-0.331315   0.223679     26
-0.323764   0.201233     26
-0.224591   0.193794     27
-0.227043   0.217429     27
-0.128697   0.188238     28
-0.124405   0.211878     28
-0.0290126   0.193821     29
-0.0253763   0.217873     29
0.124196   0.303382     30
0.122903   0.326388     30
0.224261   0.295784     31
0.218732   0.318645     31
0.324006   0.288511     32
0.319461   0.311722     32
0.419678   0.289855     33
0.423728   0.312461     33
0.518538   0.296851     34
0.526035   0.319857     34
0.622822   0.303793     35
0.620634   0.326698     35
-0.274516   0.296479     36
-0.280795   0.319373     36
-0.170797   0.290732     37
-0.182912   0.311357     37
-0.0780423   0.291276     38
-0.0730646   0.314675     38
0.020853   0.298941     39
0.0269108   0.321772     39
0.173041   0.424082     40
0.175942   0.401152     40
0.275182   0.391683     41
0.271605   0.415209     41
0.369771   0.387171     42
0.374316   0.410647     42
0.474816   0.415385     43
0.469099   0.39228     43
0.566688   0.402952     44
0.578703   0.422925     44
0.670244   0.424035     45
0.677044   0.400932     45
-0.226302   0.392869     46
-0.227923   0.416409     46
-0.120936   0.409618     47
-0.131058   0.388295     47
-0.0280476   0.396348     48
-0.0203604   0.418864     48
0.0728237   0.402033     49
0.0763723   0.425126     49
-0.278554   -0.480154     50
0.226123   0.496964     50
-0.179496   -0.488283     51
0.326371   0.489168     51
0.420846   0.489097     52
-0.0714207   -0.488487     52
0.0264921   -0.480819     53
0.520541   0.496822     53
0.12542   -0.47324     54
0.122745   -0.496862     54
0.222445   -0.47928     55
0.724411   0.497133     55
-0.677159   -0.488856     56
-0.173746   0.48713     56
-0.572739   -0.485526     57
-0.078754   0.491695     57
-0.474054   -0.477447     58
0.0213386   0.499219     58
-0.37585   -0.475491     59
-0.376535   -0.499332     59
-0.222777   -0.407023     60
-0.227826   -0.383739     60
-0.124154   -0.414059     61
-0.127569   -0.390462     61
-0.0277977   -0.406752     62
-0.0246344   -0.382455     62
0.0730816   -0.400467     63
0.0743559   -0.377306     63
0.169273   -0.376544     64
0.178292   -0.398172     64
0.278642   -0.409921     65
0.272022   -0.387069     65
-0.626512   -0.386275     66
-0.624219   -0.410927     66
-0.520675   -0.3835     67
-0.529132   -0.404864     67
-0.427425   -0.39926     68
-0.423976   -0.37556     68
-0.323551   -0.400106     69
-0.326312   -0.376093     69
-0.179478   -0.286969     70
-0.171731   -0.309362     70
-0.072595   -0.287776     71
-0.0787453   -0.310204     71
0.0206544   -0.303266     72
0.0264054   -0.280029     72
0.125951   -0.29898     73
0.121247   -0.274869     73
0.219216   -0.283999     74
0.229476   -0.304951     74
0.323718   -0.286494     75
0.324834   -0.310744     75
-0.573339   -0.28556     76
-0.577264   -0.309217     76
-0.478993   -0.301592     77
-0.473798   -0.27815     77
-0.377868   -0.298201     78
-0.373053   -0.274354     78
-0.278086   -0.280334     79
-0.273158   -0.303173     79
-0.123998   -0.213161     80
-0.126907   -0.189575     80
-0.0282361   -0.20725     81
-0.0234627   -0.184457     81
0.0749629   -0.175021     82
0.0722519   -0.197879     82
0.178774   -0.20154     83
0.169821   -0.179959     83
0.272909   -0.184402     84
0.275625   -0.208835     84
0.375924   -0.187031     85
0.373314   -0.210893     85
-0.518516   -0.183257     86
-0.529896   -0.204497     86
-0.423773   -0.199992     87
-0.422996   -0.176921     87
-0.328516   -0.176763     88
-0.319283   -0.198103     88
-0.225918   -0.181285     89
-0.221994   -0.205751     89
-0.0718847   -0.0881072     90
-0.0775796   -0.111863     90
0.0277187   -0.0805872     91
0.0202225   -0.102406     91
0.123031   -0.0754104     92
0.125981   -0.0986641     92
0.222363   -0.0801117     93
0.225791   -0.104186     93
0.322197   -0.0877192     94
0.325705   -0.111347     94
0.420811   -0.108912     95
0.428763   -0.0870985     95
-0.474096   -0.0795858     96
-0.47307   -0.103792     96
-0.373925   -0.0748407     97
-0.375733   -0.097767     97
-0.273315   -0.100102     98
-0.277885   -0.0773167     98
-0.178346   -0.085633     99
-0.171853   -0.10937     99
