-0.0255034285330433   0.00497599173266551   79.711282152036   0.299264601982783
0.0735540980219909   0.0121884887230043   75.816463627386   0.309948241962388
0.173543814824113   0.0112247149048835   107.559904424807   0.301598589476984
0.273586569791955   0.00256136795362021   97.8450813660979   0.300093461613955
0.374121278020442   -0.000789909073111606   85.4654106509461   0.303355654361184
0.473727720768569   0.00436081885662049   80.2632639389863   0.304329864825594
-0.426845807950689   0.010930239848026   93.2277511182471   0.304128760557103
-0.325605612565028   0.0133812725514357   111.474830934246   0.304343454768031
-0.224129806974953   0.00627185624550064   104.723196369671   0.322828189943265
-0.12445561277385   -2.62767398179787e-06   100.660449339073   0.307598434104589
0.0240812834236766   0.109152582909985   72.5247423263498   0.306991436517719
0.122518001158363   0.114247892177769   98.8140566602562   0.308035934826819
0.222328258089485   0.106386015311179   106.318722309618   0.300604483807362
0.322331207087884   0.099892214921339   98.0362907125678   0.309236724519058
0.422191696638612   0.100941781880928   79.6687658640749   0.311550559497489
0.522540774442421   0.110110754504182   79.5638929042837   0.314647224753299
-0.376970124380726   0.113205125313488   58.8081867353411   0.306989357166258
-0.276290150361051   0.109415738053835   104.542478427033   0.310770389554024
-0.175805888743564   0.102305669238331   119.528536714193   0.306057684630155
-0.0755034789232922   0.10283657243511   83.5915982448327   0.308576615109355
0.0726236499098019   0.213929337421495   68.1606927207145   0.309668404985321
0.171967434319057   0.211101187779901   100.189387027692   0.312054867265007
0.272388629448852   0.203574851591457   104.092016091729   0.298917334440526
0.37225458113725   0.198849957676953   87.9477351036034   0.308655317623023
0.472679718367514   0.205912382906908   61.6903289480111   0.315144962566473
0.574096531234856   0.211216025662819   79.5597036223237   0.305751062109646
-0.327539389861698   0.2124560011532   109.368097591758   0.3083225758138
-0.225817354936224   0.205611894066865   96.1869362908633   0.308086240217098
-0.126551289228143   0.200057913305875   79.2592427168643   0.311826075530416
-0.027194413813294   0.205846859552577   81.0229761782793   0.315560759003239
0.12354944200859   0.314884742400229   93.3619094502631   0.29864934723208
0.221496589146178   0.307214705573731   104.181032019823   0.305574494621919
0.321733512944362   0.300116806479129   101.563113999441   0.307031052961741
0.421703039032781   0.301158090867727   79.3970989519599   0.298051296352386
0.522286617065598   0.30835400837417   71.1980317331832   0.314953723950282
0.621727891356664   0.315245731072738   95.7001388421135   0.298310123793176
-0.277655020989856   0.307926270833653   105.991190026986   0.308632036843841
-0.176854653668792   0.30104428995774   121.539885832381   0.31361760263278
-0.0755534806211154   0.302975310420389   77.4680157024713   0.310636640601665
0.0238819060264932   0.310356150419161   74.5043101347305   0.307033539242743
0.174491599193759   0.412616819265887   97.5289254750747   0.299735517868339
0.273393425006771   0.403446213310323   99.0253168551566   0.308702286868706
0.372043561486118   0.398908581484395   78.5639101510487   0.310394146182882
0.471957173809419   0.403832482007583   75.5033623443127   0.309269811123552
0.572695483510998   0.412938453776773   57.8493747010671   0.305725041851009
0.67364393641373   0.412483682219264   107.095061169818   0.313242236392804
-0.227112616968444   0.404638870291422   94.1163455782076   0.305852991995031
-0.125997251977235   0.398956488398437   63.618326176609   0.308461444031569
-0.0242040020980893   0.407605745478426   70.3665841308672   0.30980048361043
0.0745980093889961   0.413579521397863   80.8784153703331   0.303112042407173
-0.27621512012278   -0.491595135304728   102.055077413563   0.303225053121396
-0.176562661028569   -0.499557190487436   105.211107240556   0.302822537913112
-0.0752873197568566   -0.499694808834501   70.1765643001902   0.30878920888423
0.0235167415773589   -0.491998534774654   74.4584808882422   0.300740529368685
0.124082477107091   -0.485050800786038   83.2537719619806   0.308259625101423
0.223427948603679   -0.491073975575204   94.9753291833271   0.306825149805325
-0.175452451943303   0.499136733494227   98.4485198064846   0.314622703430116
-0.575746281934883   -0.496915564004301   74.5743047905764   0.306241393312006
-0.476357840076975   -0.489114279041337   78.3425396156931   0.308754920654158
-0.376192783867327   -0.487411334941536   88.2806829084851   0.309092478772182
-0.225301617857536   -0.395380875276154   102.76578056143   0.309389431860883
-0.125861915924556   -0.402260501759321   98.5990435140456   0.309271809376221
-0.02621604166527   -0.394603566111207   82.2529507248436   0.317772800107236
0.0737187613013834   -0.388886497434596   86.7099884346838   0.300654151556724
0.173782307809585   -0.387357986987962   113.545819410581   0.305734316155756
0.275332055976391   -0.39849493034871   106.840721421467   0.309416901275092
-0.625365337018407   -0.398600837875796   95.5503461419767   0.320978647923623
-0.524903149620802   -0.394182133340521   67.5291601642175   0.299616166170943
-0.425700599675771   -0.387410001895114   81.3522226081166   0.310660133254371
-0.324931832526251   -0.388099540657781   96.8513473049707   0.313430345379942
-0.175604689077591   -0.298165557907789   109.874262920736   0.308567660986014
-0.0756701167112123   -0.298989958744358   74.0110945020093   0.302347853752381
0.0235299167846561   -0.29164744425993   75.5007594167037   0.311040794347649
0.123599221378864   -0.286924469767397   101.521404973345   0.318880839950472
0.2243459446567   -0.294474612996022   117.095964695932   0.304998953729258
0.324275999835301   -0.298618940439283   92.7548832458817   0.314624371233264
-0.575301825423622   -0.297388740845602   80.1653575311504   0.311150194447081
-0.476395311617914   -0.289871171740282   76.9607217778596   0.311822287997409
-0.375460510543126   -0.28627772738349   78.0879324668846   0.315841124018576
-0.27562231586137   -0.291753392056303   102.705714029445   0.303404533235649
-0.125452254932057   -0.201368169996739   97.3440346018804   0.308179142155357
-0.0258493854501209   -0.195853303966956   77.656717724749   0.302374276030883
0.0736073708735152   -0.186449982471012   82.9355450406196   0.298489373003607
0.174297875399636   -0.190749691719781   113.435248861241   0.304825982872236
0.274267390616938   -0.196618375781733   96.6256406036663   0.318753402032799
0.374618709660942   -0.198961908781239   83.4788161470971   0.31124345821787
-0.524206084928348   -0.193876995841152   60.7576352827322   0.315446745246597
-0.423384605203012   -0.18845652105413   87.9828704040051   0.299172152752862
-0.323899589284547   -0.187433119428648   114.32739683937   0.303508418642767
-0.223956153675189   -0.193517887633128   99.5133343455292   0.32147430940665
-0.0747321190272767   -0.0999848767151603   75.9370058599796   0.317363903073289
0.0239705588015425   -0.0914966677909907   70.2523682783737   0.300425440464162
0.12450589056889   -0.0870372615950477   97.5497686841004   0.303984578638143
0.224076763754796   -0.0921489531758609   98.462883417011   0.315422946645091
0.323951258542145   -0.0995331837346509   98.8180450240541   0.309861980777063
0.424787117771917   -0.0980050596642889   69.1457736590172   0.302499645034306
-0.473582707957788   -0.0916889357179064   92.5354939713143   0.314003351429089
-0.374828719630497   -0.0863038734898907   85.2899057124964   0.298114040878936
-0.27560003548568   -0.0887094931634697   101.837544318329   0.301701162004642
-0.175099820640431   -0.0975017106886238   105.950307003797   0.319935646768773
