0.42972788892272645   5.0976055066158014  0.0045552418753465344
0.85945577784545291   2.6527875319416842  0.003601153986340479
1.2891836667681793   0.58273264077964407  0.0013241372747337245
1.7189115556909058   0.033592034388814494  0.00022820898581764517
2.1486394446136323   0.0039719899417335007  0.00013288251394411119
2.5783673335363586   0.038778069103448551  0.00010679631685263146
3.0080952224590853   0.1175649758017289  0.00076247467168545828
3.4378231113818116   0.08147712369386096  0.0020669143716707714
3.8675510003045379   0.056216308084344688  0.0011054187828775922
4.2972788892272646   0.89464005637070373  0.0043010033159917855
4.7270067781499909   0.072873227755139923  0.001279998639805538
5.1567346670727172   0.31244497856310049  0.0028545037165020726
5.5864625559954435   1.8089643835379985  0.0068267005050244971
6.0161904449181707   0.06857930035785481  0.00081236831245057223
6.445918333840897   0.026531514264153447  0.00016384358620192199
6.8756462227636232   0.029008180419896654  0.00020627114579963573
7.3053741116863495   0.10598439451015856  0.0004017051749187444
7.7351020006090758   0.26509831153316316  0.0013147048981378752
8.1648298895318021   0.4646816802708008  0.0020303616540312955
8.5945577784545293   1.6838066870498094  0.0073116594438345832
9.0242856673772547   0.32423819932648219  0.00079035696710043421
9.4540135562999819   0.18290046144906259  0.00054890510918154754
9.883741445222709   0.14115500283571243  0.00068311010839281885
10.313469334145434   0.16365632648698243  0.0007182971912129011
10.743197223068162   0.23878226944982025  0.0016727501060745503
11.172925111990887   0.042360639424199404  4.6384260824110735e-05
11.602653000913614   0.14636942300713398  0.00029051613902114638
12.032380889836341   0.22171673499883288  0.0011844075699824382
12.462108778759067   0.28527766380755828  0.0012184985208035428
12.891836667681794   1.0021626120536991  0.0049142351291302333
13.321564556604519   0.50463706026173462  0.0015826951255781051
13.751292445527246   0.39120901846309499  0.0011578821612833462
14.181020334449974   0.28336375896404668  0.00079320387616731516
14.610748223372699   0.20897021797672674  0.00035733506885242434
15.040476112295426   0.16213754158882208  0.00036701362400389513
15.470204001218152   0.10774205484439714  0.00028200425812333485
15.899931890140879   0.21546401983057499  0.0003108065211810078
16.329659779063604   2.0046972950838061  0.0087176451953925787
16.759387667986331   1.0333885611134348  0.0041721031229139335
17.189115556909059   1.5355039394763631  0.0054416354693620152
17.618843445831786   0.50445102632802498  0.00073150112378618278
18.048571334754509   0.3049595466447629  0.00048725134086722744
18.478299223677237   0.25763085953330547  0.00048912316168672393
18.908027112599964   0.45045912283728666  0.0013049386483965121
19.337755001522691   0.54942871394104517  0.00098311960905924962
19.767482890445418   0.28483226443127599  0.00072652701579054985
20.197210779368142   0.26117888771286144  0.00031196155851461451
20.626938668290869   0.95080100553774977  0.0019172730878076426
21.056666557213596   1.6763785419939627  0.0033649075145105925
21.486394446136323   3.6497504947803768  0.012816066148802746
21.91612233505905   3.290778427678095  0.012924067438624489
22.345850223981774   0.68294777268740926  0.00137496082824647
22.775578112904501   0.42042746602714557  0.00053180589684093871
23.205306001827228   0.3960434426476763  0.00048492208146790612
23.635033890749956   0.31362873185593927  0.00049384768002852276
24.064761779672683   0.28604797695676848  0.00041935119852207039
24.494489668595406   0.35524149409918895  0.00043868968305190753
24.924217557518134   0.56074924598460545  0.00097677915029627961
25.353945446440861   0.65799275647669386  0.0012927307755422678
25.783673335363588   0.86501691693268958  0.0019913504767472313
26.213401224286315   0.63838845444877903  0.00076896263509529354
26.643129113209039   0.4978729911232105  0.00059712334228347635
27.072857002131766   0.44506243560163467  0.00068312445819980593
27.502584891054493   0.66517347837062246  0.0013366338558616362
27.93231277997722   0.45360060247434545  0.000929383937889128
28.362040668899947   0.40276881999022817  0.00073133217936234426
28.791768557822671   0.41321566157434063  0.00034355299906384959
29.221496446745398   0.77855799750612421  0.00090218082058882864
29.651224335668125   2.1767710836420338  0.0064460223864088888
30.080952224590852   2.5082307160812471  0.0063817655593265804
30.51068011351358   2.0527362287787859  0.0056954245670713625
30.940408002436303   0.81995124952866192  0.0016143807231133995
31.37013589135903   0.44906199508874277  0.00032931468993408761
31.799863780281758   0.43566014945670834  0.00035728709762710735
32.229591669204481   0.50012041845511561  0.00038984044851051297
32.659319558127208   0.62778454161219953  0.00089396149493006958
33.089047447049936   0.53467567450123188  0.0005385436852120239
33.518775335972663   0.6494923823592225  0.00084039819781788259
33.94850322489539   0.82316907034681331  0.0008578110409302706
34.378231113818117   1.0051772259193369  0.001737664659213463
34.807959002740844   0.91696747762147197  0.0012410637663260725
35.237686891663571   0.85604598009392313  0.0012361521627136879
35.667414780586299   0.67950043621312529  0.00060269736719630267
36.097142669509019   0.57327309360403831  0.00040485079335109241
36.526870558431746   0.57731519471384722  0.00065444677128160545
36.956598447354473   0.64432990236326708  0.00049563764220101807
37.3863263362772   0.75005029492948132  0.00090702132094611801
37.816054225199927   1.1624733359174033  0.0010514876062889551
38.245782114122655   2.1615946363086995  0.0061290491999870762
38.675510003045382   1.8250788380056796  0.0037713416869085055
39.105237891968109   1.4499852295166335  0.0021215220232865125
39.534965780890836   1.0801695153510489  0.0013186364902976036
39.964693669813563   0.6927532416395253  0.00078219371786679592
40.394421558736283   0.56410479602865556  0.00035157967602620434
40.824149447659011   0.65752437731462566  0.00093660208113338074
41.253877336581738   0.71943117267225462  0.0007788123274795621
41.683605225504465   0.72137922562823655  0.00092681039997903302
42.113333114427192   0.84735716581233319  0.00096643834625256644
42.543061003349919   1.1235523574343085  0.0021450506971805143
42.972788892272646   1.4647647061711069  0.0016508021161176989
