0.22051341764707871   58.365899003306046  0.010196084263999717
0.44102683529415743   14.758104747551171  0.0064555165364054523
0.6615402529412362   0.75998253968519801  0.0011837661562911264
0.88205367058831485   0.00014799474943464431  4.3901392389447362e-07
1.1025670882353935   0.1078621805154871  0.00024762434670011699
1.3230805058824724   0.2156191029129014  0.00079207462005629588
1.543593923529551   0.040894215458474638  0.00016962370455891459
1.7641073411766297   0.00023080466083705509  6.2160507830160811e-07
1.9846207588237084   0.02464267334936072  0.00013747476226396341
2.205134176470787   0.073673256901571268  0.00094521251949379382
2.4256475941178657   0.033784202944684374  0.00022779108844307636
2.6461610117649448   0.00050120005747111312  1.2702134833691602e-06
2.8666744294120234   0.60061197553283597  0.0076536519503632833
3.0871878470591021   0.75099923197780503  0.0065917693116309535
3.3077012647061808   0.051570239049170152  0.00030851485810759076
3.5282146823532594   0.0013484335864892344  2.695530933054154e-06
3.7487281000003381   0.022219409163793651  0.00027724637348367179
3.9692415176474167   0.053419139886599385  0.00066661743102068414
4.1897549352944958   0.022392517013219563  0.00025317617493885561
4.410268352941574   0.0069448292075430469  0.00011453464536496866
4.6307817705886531   0.01932991043456299  0.00021778227421009061
4.8512951882357314   0.053500824255829121  0.000678270084599375
5.0718086058828105   0.028051876127843644  0.00030911245140898289
5.2923220235298896   0.003155212082442839  5.8683217009257136e-06
5.5128354411769678   0.040948288063904115  0.00029217317435951825
5.7333488588240469   0.78056087438196123  0.0051178053042044031
5.9538622764711251   0.86370662717061198  0.0094896171014925154
6.1743756941182042   0.0028248393030703704  6.4246520547988036e-06
6.3948891117652824   0.028272137244165331  0.0001617176043160232
6.6154025294123615   0.075051613149630925  0.0008427648796990903
6.8359159470594397   0.033719423667251475  0.00018981320204232547
7.0564293647065188   0.0037661820592150419  1.2160852207704932e-05
7.2769427823535979   0.03350567397838714  0.00012420261604279571
7.4974562000006761   0.19532864458015574  0.00084076201749655786
7.7179696176477552   0.13618217864482369  0.00043498068447735249
7.9384830352948335   0.011862551989405812  3.594343586875056e-05
8.1589964529419117   0.48631661304438817  0.0023030242656536472
8.3795098705889917   11.895163834483223  0.016370171860201202
8.6000232882360699   57.425519043198963  0.07821710318319062
8.8205367058831481   758.5525327502495  0.049195902039903972
9.0410501235302281   53.829221512568832  0.078569033542006703
9.2615635411773063   16.558624974811296  0.019721735298668569
9.4820769588243845   1.1285752719646496  0.0025354357417340395
9.7025903764714627   0.017831617132725551  4.7445725170873547e-05
9.9231037941185427   0.093699069510124199  0.0002102610249099255
10.143617211765621   0.23530843197464743  0.00073626971721865314
10.364130629412699   0.062523352691306365  0.00021719605854781437
10.584644047059779   0.0083630546826795745  1.6786270736217452e-05
10.805157464706857   0.025562853494284829  9.4658696606673303e-05
11.025670882353936   0.077540014924782498  0.00092715062461698012
11.246184300001014   0.047696657812043389  0.00030935119972298345
11.466697717648094   0.009386852574193273  2.2428922557962805e-05
11.687211135295172   0.35754596616108723  0.0050616786455618622
11.90772455294225   0.65338242829700236  0.0070015142027153586
12.128237970589328   0.072904506187172419  0.00036218674452876439
12.348751388236408   0.015875778499832916  3.3038260388933425e-05
12.569264805883487   0.034052430531281291  0.00022042090494254911
12.789778223530565   0.071018180219117233  0.00060724020494401194
13.010291641177645   0.049728822843705798  0.00027900459741976584
13.230805058824723   0.058609092071355685  0.00092983276612884884
13.451318476471801   0.042768787785547066  0.00020470977904664658
13.671831894118879   0.073646725782470235  0.00064661379320921675
13.892345311765959   0.05318223269292412  0.00033403244483410844
14.112858729413038   0.023232905312895659  4.0703289775994237e-05
14.333372147060116   0.04530869040905714  0.00027176985999894418
14.553885564707196   0.73328198080166367  0.0032912892685770944
14.774398982354274   1.0743819802673487  0.0098385084844862984
14.994912400001352   0.017717392717889724  3.2529631222318332e-05
15.21542581764843   0.033639051843472354  0.00011521881915452099
15.43593923529551   0.082729894928599822  0.00065781301981916354
15.656452652942589   0.05257350612964686  0.00023405431768888555
15.876966070589667   0.019815013520080179  6.8198369155596737e-05
16.097479488236747   0.041165254167550969  8.3665932887352854e-05
16.317992905883823   0.17944579365377641  0.00084056770043604275
16.538506323530903   0.17045246094019729  0.00063412791909180145
16.759019741177983   0.051113268532565193  0.0001513355168224509
16.97953315882506   0.33512052340505769  0.0022188747515770423
17.20004657647214   8.6749928793161788  0.023073500779337582
17.42055999411922   51.053960638957611  0.1282251559697347
17.641073411766296   645.81454396916554  0.16837286696972865
17.861586829413376   45.165190176402682  0.13303716304032465
18.082100247060456   16.801948391451984  0.039588090469462065
18.302613664707533   1.5183490135131017  0.0072142093977089426
18.523127082354613   0.064093001833023364  0.00013579002084454713
18.743640500001689   0.10037161502566225  0.00027740609811037813
18.964153917648769   0.25273553305957611  0.00069851757664227531
19.184667335295849   0.097559151636078485  0.00033801539798707986
19.405180752942925   0.02905146584806465  4.1864441198822542e-05
19.625694170590005   0.038237487962589314  6.0683457519193348e-05
19.846207588237085   0.088176076573969295  0.00079012547905109124
20.066721005884162   0.069625203326285617  0.00037135821333967853
20.287234423531242   0.030131476994867142  5.9532569324806425e-05
20.507747841178322   0.18801340726372291  0.0026111457611415102
20.728261258825398   0.52039329681023662  0.0061927245960877673
20.948774676472478   0.10166283681079823  0.00048198648923752558
21.169288094119558   0.044942447867383312  9.0258292900690123e-05
21.389801511766635   0.061153274595438112  0.00015156083845702126
21.610314929413715   0.10258877838122855  0.00052250089826227397
21.830828347060791   0.095812807182580519  0.00027296295102405989
22.051341764707871   0.14367185267604303  0.0021000717506701111
22.271855182354951   0.090817880496706214  0.00025854345298099505
22.492368600002028   0.11368538611152543  0.0005976987805649232
22.712882017649108   0.097379677702476461  0.00036081000447854791
22.933395435296188   0.062948630451337233  0.00010568044676224934
23.153908852943264   0.068670621546558071  0.00025502476611025018
23.374422270590344   0.62943795044626725  0.0020700848970610658
23.594935688237424   1.1720200765249595  0.0085597514645720074
23.8154491058845   0.048183111365432706  7.6788618258057374e-05
24.03596252353158   0.053800110520788515  7.8047487503610687e-05
24.256475941178657   0.099993589880529424  0.00045164899719356043
24.476989358825737   0.082310784606677255  0.00025273634559535291
24.697502776472817   0.050273265400307562  0.00016612805764795562
24.918016194119893   0.064918260082261287  0.00011257586464705747
25.138529611766973   0.17448504249112658  0.00075890305497889498
25.359043029414053   0.20444774284376351  0.00076445556335794303
25.57955644706113   0.11165496282331566  0.00031329332045949944
25.80006986470821   0.2906114249707188  0.0016586703539812055
26.02058328235529   5.7445635089613124  0.023479287386771818
26.241096700002366   40.758548431423353  0.14080371913593444
26.461610117649446   491.65426072008516  0.29082103326517089
26.682123535296526   34.515971799517763  0.14970789801133456
26.902636952943602   15.408086583163141  0.055050668575410935
27.123150370590682   1.8294108663124985  0.012265010990383548
27.343663788237759   0.13626738538809161  0.00021850133819473798
27.564177205884839   0.13070824226006398  0.00033183337899076831
27.784690623531919   0.27026652984691057  0.00067948438755452415
28.005204041178995   0.14494362658415375  0.00056057456017477149
28.225717458826075   0.064753309621236176  7.8832213968215713e-05
28.446230876473155   0.065774545200413465  5.9988847288205207e-05
28.666744294120232   0.10934057985252979  0.00058179563434657456
28.887257711767312   0.10130900401262304  0.00038933335124470725
29.107771129414392   0.064788639805612266  0.00010372995126623726
29.328284547061468   0.11110121175144123  0.00091665770983891053
29.548797964708548   0.39353153031728463  0.0045617572328952344
29.769311382355625   0.13665595134963331  0.00060711246429732357
29.989824800002705   0.087297079919195318  0.00015374365593813198
30.210338217649785   0.10154924931539195  0.00010979156771054514
30.430851635296861   0.14466496954813399  0.00045817505206137591
30.651365052943941   0.15359655222015228  0.00029680697987597851
30.871878470591021   0.23586197747682827  0.0030110244824897257
31.092391888238097   0.15772654016444243  0.00047277289531312689
31.312905305885177   0.1705778665213414  0.00057371367239182055
31.533418723532257   0.15808343750885529  0.00038387159526704738
31.753932141179334   0.12213427115802964  0.00019395326511479719
31.974445558826414   0.11362010053535857  0.00025739982827579967
32.194958976473494   0.50974566417052301  0.0017442183799082961
32.41547239412057   1.1371482941742123  0.0062001315816434308
32.635985811767647   0.097392157562440594  0.00015488488558077228
32.85649922941473   0.092921236359779469  7.8551572475239321e-05
33.077012647061807   0.1314119435830482  0.00030416659612357726
33.297526064708883   0.12494535132498298  0.00024630730251079869
33.518039482355967   0.097117331205047046  0.0002818787906531273
33.738552900003043   0.10608015393218265  0.0002028724417948054
33.95906631765012   0.18651110596437289  0.00059207183959279116
34.179579735297203   0.23685084617996527  0.00080100114071723857
34.400093152944279   0.1833840675133598  0.00046134034218770802
34.620606570591356   0.31284375391965624  0.0012707722864146948
34.841119988238439   3.4952141524486615  0.019357584593864474
35.061633405885516   28.95739017245183  0.12136213323804803
35.282146823532592   332.09599090618167  0.35332359580156905
35.502660241179676   24.018697932871942  0.1316688486868809
35.723173658826752   12.74357364034192  0.061132067111704442
35.943687076473829   1.9734243586555655  0.015952770624824516
36.164200494120912   0.22868658851935627  0.00034903783185498916
36.384713911767989   0.18348176877569395  0.00038408852188910413
36.605227329415065   0.29338945571761216  0.00064740884769147696
36.825740747062142   0.20354227115635258  0.00082447791065391037
37.046254164709225   0.11841278383623317  0.0001503861970323168
37.266767582356302   0.11191738075770374  0.00013267997600096434
37.487281000003378   0.14605361978158652  0.00038901825039892164
37.707794417650462   0.14607611470282488  0.00038217224591460718
37.928307835297538   0.11591765781341263  0.00016276092163644608
38.148821252944614   0.11587208596012307  0.00016679348015249108
38.369334670591698   0.30715600107882108  0.0027580250877800067
38.589848088238774   0.17951014408589366  0.00066755909316175197
38.810361505885851   0.14258248687642213  0.00020328840683484869
39.030874923532934   0.15459566349136483  0.00011238547099390415
39.251388341180011   0.1954785950267252  0.00043372248116248583
39.471901758827087   0.21706914250674442  0.00041454825762709948
39.692415176474171   0.31477167537167806  0.0032610273017183417
39.912928594121247   0.23554458266312489  0.00079842802881225415
40.133442011768324   0.23944825942164054  0.0006053573770539398
40.353955429415407   0.23101455625780304  0.00041668715464295033
40.574468847062484   0.19845265338139718  0.00028819900829202049
40.79498226470956   0.18043020332535836  0.0002865815078108629
41.015495682356644   0.41751037784449189  0.0015098268352181878
41.23600910000372   1.0010922032329283  0.0037115556092348393
41.456522517650797   0.16686280009309503  0.0002691784591062872
41.67703593529788   0.15403827044247365  0.00014983860144480086
41.897549352944957   0.1815246322736801  0.00028698670881628933
42.118062770592033   0.18288549713858471  0.00023473432155178992
42.338576188239117   0.16172712002202581  0.00038228115313587506
42.559089605886193   0.16596853490338271  0.00032584133713889423
42.779603023533269   0.21997217821998698  0.00037604783496148834
43.000116441180346   0.2720524090602635  0.00075395850646491538
43.220629858827429   0.25656574861254267  0.0005258373972329272
43.441143276474506   0.36103883547076895  0.0010878399727223026
43.661656694121582   2.0150605291392488  0.013281453771157599
43.882170111768666   18.075484692377949  0.085776259446589519
44.102683529415742   196.42631725197238  0.33137151544742098
