0	1	0
1   0.00078768239013272863   5.3912391352647046e-05   
2   -0.00090571248993302094   4.8315785857308701e-05   
3   -0.00035421066820517061   4.6226061489163289e-05   
4   -0.00017389488851436588   4.9573459895647121e-05   
5   -2.1765504766019321e-05   6.215949162751555e-05   
6   7.2621526586022637e-05   2.8898044578530239e-05   
7   0.00016753922502476266   3.354324637854596e-05   
8   5.6673871206441735e-05   4.0447950083465084e-05   
9   5.0576691098432069e-05   4.360760659007921e-05   
10   4.2382912208311713e-05   7.546308970443785e-05   
