-0.0013164549570924   0.00124174856082421   14.3048056426214   0.0541118318294869
0.0489806253293866   0.000793708443556846   53.0842515559234   0.0512244672636414
0.0986812934383867   0.000336857656513502   98.0997824316586   0.0516479052235581
0.148833842793558   0.000175435555769448   56.8048853822101   0.0522759109102337
0.199294431923726   0.000935447656724351   25.0105611233982   0.0520343002330698
0.249025088654579   0.000557042068706503   146.99491193265   0.050214717332657
0.298777905549541   0.00135362581728549   84.1294473025875   0.0538143587213626
0.348765995377407   0.00140093881556535   135.106050417326   0.0531657862487782
0.398751425533294   0.000254293280569658   165.827215194114   0.0671906366147639
0.448727614784437   0.000808096923511425   120.493040827902   0.0509949849169329
0.498470859038365   0.00047517256466528   61.2971414018081   0.0506482313611259
-0.451824381184618   0.000733376205984379   99.1118389303611   0.0527533202378853
-0.401730613509434   0.000619122073678183   102.27575223758   0.0532212103437591
-0.351829726507837   9.65609105494106e-05   113.449847715831   0.0514273281334204
-0.301747555917473   0.000568570208532254   154.542681491049   0.0509908817119218
-0.251773520048319   0.00103646005679929   59.694403297173   0.0676809398677034
-0.201802503014417   0.000389184992970382   124.341937154365   0.0530296768424842
-0.151903580964773   0.00142657241056298   149.939971482356   0.0585927974828847
-0.101578953915476   0.000735445075290112   142.483892987738   0.0563521126981005
-0.0516290140816748   2.14693016781604e-05   147.008757284547   0.0582443538231671
0.0235667703080789   0.0512124698347031   89.0972964070282   0.0501197124469786
0.0741176326618797   0.0505918675153527   37.2984546036355   0.0545036753338293
0.124203049969816   0.0506817023491911   162.225091249902   0.0527739506964933
0.173728913091837   0.0504444589269137   1.68921653485857   0.0511592753025712
0.22414392991157   0.0504845228384252   25.7127521221598   0.0523687106066138
0.273764835501613   0.0508381757656428   160.083878148191   0.0503212631789477
0.323568455349877   0.0515849917563189   174.049309809517   0.0516118094985502
0.373271602434723   0.0511729104493353   55.9961413372739   0.0536516590751787
0.423603009533821   0.0508610692231945   147.080666159885   0.0540985120727253
0.473737589220332   0.0500465060037833   52.853768445213   0.0534262674142394
0.524026009404925   0.0507370004460398   59.7755427379732   0.0527725578116151
-0.426471094838582   0.0511785339940429   110.367459106683   0.0538057474181204
-0.376940276001845   0.0511661498920399   134.905998276766   0.0525918800495719
-0.326760974134285   0.0508223124576816   54.0105717256287   0.0589843880295388
-0.27678936840997   0.0507645306850094   169.591240123443   0.0507801996543919
-0.226470552792324   0.0512113768869661   40.2410453766383   0.0571719458476948
-0.176519751663976   0.0510065209879525   6.92723612931279   0.0520403238326841
-0.126429610538436   0.0506675477571749   43.3457290322388   0.0614255760529491
-0.0763579373995338   0.0499834889657858   70.9378228910697   0.0537651259227825
-0.0266832308085865   0.0501902640726353   107.206295260045   0.0502345067233709
0.0495748597847221   0.10031751679685   55.4034743572095   0.072188934090776
0.0994385072471871   0.100106960133158   170.442076592895   0.0563298792261329
0.149260710225139   0.100789370448773   85.6509918849251   0.0520117505881731
0.199638363399295   0.100202518628656   26.2703619952839   0.0548555489221262
0.249189056408348   0.100633908395351   68.6890010971925   0.0558906731075919
0.299002310776997   0.101374807375113   15.6424855652921   0.0525487699499123
0.349461265598729   0.100927332920096   177.953915677614   0.0530930334951721
0.398963189494509   0.100623999437712   60.675663238547   0.0528122513251674
0.448841856615904   0.10017226820765   88.9776107843145   0.0511233274524894
0.498691772663155   0.100215659190611   115.419010589725   0.0506087916779213
0.548686998937192   0.101468960782425   64.9171369851343   0.0527407681064791
-0.401433959246988   0.101409007095486   80.5639787061142   0.0504485536919351
-0.351360066325905   0.100969158370957   50.424547668463   0.0511516005255551
-0.301496891587495   0.101055714141408   137.543556800462   0.0534834126314342
-0.251376618290121   0.1002983300184   87.7424838826808   0.071470337900935
-0.201418615179738   0.10084983100322   75.3439297322106   0.0533533003442118
-0.151094888824766   0.0999883576774477   155.670929851645   0.0516935529973661
-0.100907642784146   0.100369996458741   22.5234043957258   0.0500586035976589
-0.0509843455083706   0.100178576693682   101.91925929613   0.0519252911199087
-0.00102133628252574   0.099886762240346   8.54061202193748   0.0591390982617887
0.074891430571596   0.150330953433211   110.654272461504   0.0607521423076356
0.124267154972025   0.150652995690484   128.222455643847   0.0556071814476534
0.174360376585326   0.151006030893808   141.071573447771   0.0517776317670456
0.224018063676285   0.15061498918891   112.754765620355   0.0544126595044918
0.274162294630225   0.150896184364722   168.533564327774   0.0520173711859356
0.324313047294388   0.15071189228234   37.55596446829   0.0525813656853038
0.374226153199021   0.15083020465825   98.3262327007951   0.0552506082096763
0.423768457822897   0.150684736035692   112.249439337419   0.0515920777277564
0.47357532870388   0.150267148759247   141.229192915411   0.0508380441565736
0.523282772756597   0.150624708306463   42.3184539343128   0.0502936813231284
0.573375009585421   0.151793960772608   56.7581798645173   0.0506673985295812
-0.376098658570958   0.150724298238526   117.77379879294   0.0502261676817306
-0.326521536381513   0.150931134939276   153.734490011492   0.0523557951810762
-0.276449457764388   0.150771387728668   176.135560913747   0.0521936588429396
-0.22637634082739   0.150880383071968   37.8561227456839   0.0551697676335085
-0.176154258602243   0.150600159547944   153.094675554587   0.0530188660178812
-0.126237875048082   0.150100716518514   34.8410292743547   0.0551218489025601
-0.0758172560104175   0.150736368707213   154.929556874433   0.0530710914554309
-0.0262146861602615   0.15052834086974   64.3708192111518   0.0508522727824671
0.0241533763796828   0.150431377905638   33.5468226076252   0.0566618257206117
0.0988192096283418   0.200497827413901   131.61469708385   0.0524123067808352
0.149347133925602   0.200242724236298   9.56167376674212   0.0593090877174706
0.19916441219708   0.20043653508337   141.048096615305   0.0525074907820965
0.249346800820542   0.200252841175192   4.15642741948179   0.0536931742480913
0.299057967293671   0.200907927037485   65.8096769041836   0.0502700546424955
0.348690551576751   0.200876621061822   152.43317220246   0.0568589610572565
0.398642622953647   0.200840300454313   128.433549478472   0.0562559724998523
0.449269535471205   0.200567541307619   93.6980651786575   0.0594279308448776
0.498996863417829   0.20061314265129   83.7789237080785   0.0519412147885208
0.548660167751192   0.201071841322863   115.312116639812   0.0587352681876081
0.59855088641541   0.201222780872868   153.151900166693   0.0575805412307301
-0.351948489055525   0.201549605399332   117.379495048971   0.0522973336353274
-0.301621133873164   0.201280854505098   150.227964181553   0.0559523701602793
-0.251228852891411   0.20081672705314   21.2302128412931   0.0553975972535611
-0.20142757440519   0.201269554908031   148.17875403999   0.0530503083225318
-0.151387533882803   0.200530021166149   150.632509336146   0.0505693605907605
-0.101416539689879   0.200262462473921   134.859224954465   0.0501017644821555
-0.0511203744625147   0.200322769178006   0.715282706068996   0.0520168645648668
-0.00158947742707179   0.200626220730124   8.00247357816804   0.0515238961838384
0.0489766073314824   0.200297503036853   141.778813290017   0.0574267658292287
0.124487397482064   0.249606684619959   12.0893992082961   0.0523233942369544
0.174504467795295   0.250521397635536   126.685662367618   0.0536203966505909
0.224359471204242   0.250346939873526   20.9302362500384   0.0559202664449111
0.273987218168655   0.250835556813651   41.043170164788   0.0501768940053997
0.323918435073897   0.251338442660812   19.8711536620786   0.0534973508597763
0.374181079866006   0.250619098391401   178.508150697143   0.0625333911268519
0.423813653704029   0.250395341619742   128.31226776503   0.0554543423163181
0.473593676539774   0.250947775430135   98.0001842395022   0.053757247092967
0.523324720329864   0.250914511812853   65.4080578722602   0.0615344891533638
0.572973736619856   0.251579319715778   175.039356208191   0.0519341696958165
0.623609794288757   0.251294234184637   107.505034119928   0.0502836556164113
-0.326308425555862   0.251583889023456   179.923942852986   0.0510303483014572
-0.276101211935705   0.251481942400097   18.618555218414   0.0582350135387547
-0.226240516877769   0.250780168035013   134.260360124253   0.0517158780508481
-0.176501740074549   0.250885718941529   176.307098308762   0.0552624260333969
-0.126954409520002   0.250306939850131   97.5472170390561   0.0506520199798719
-0.0763850961478794   0.250178804410303   80.2211147320083   0.0532496577646089
-0.0269032504938035   0.250793985547916   55.7566903312918   0.0526933895906528
0.023045540806431   0.250314569474112   17.8185068222268   0.0538926218233746
0.0737214503010944   0.250365737342752   16.9947196003699   0.0587225190400433
0.149063135725568   0.300299370103595   154.982111621403   0.051121201809217
0.199077137091966   0.300507144553336   136.530101356081   0.0534179643819029
0.248771195865014   0.300755439842338   162.809999429957   0.0533265166784828
0.298727580050087   0.300685904692326   165.554420330014   0.0560641875842773
0.348834623975715   0.300779237565596   13.2805214978145   0.0509797902248824
0.398833030345092   0.300776414516531   151.385793420983   0.0547898970899052
0.448490463254485   0.301091561837706   28.0320932746255   0.0519891297464248
0.498539639376073   0.3007039150995   7.61878485460238   0.0536716141868115
0.548253923906309   0.301025968454485   110.53221430458   0.0569867038486433
0.598452438377467   0.300789515903322   125.341377208779   0.0517469967863315
0.649021882001839   0.30133504039595   112.849903734052   0.0623114374064212
-0.300868128557224   0.301341273063864   17.3694581469674   0.0533293515443151
-0.251149017580185   0.301298658839453   102.378312554875   0.0602096552885343
-0.201153086546749   0.301280242140473   18.9003289292639   0.0557213239500371
-0.151923374582499   0.30115921797535   81.8698139347256   0.0513726799131643
-0.101718971525614   0.300203436636889   169.91960678582   0.0556765384161179
-0.0516973623175407   0.300963229098391   66.8669283626298   0.0506470702151207
-0.00128701918780486   0.300347765735154   113.338220887472   0.0568390659907697
0.0488654579617327   0.30038434506342   139.321085651576   0.0510922543501925
0.0993101520316947   0.299944655306226   119.531354235201   0.0502084134777716
0.174123669411226   0.3504801687728   71.5507682196308   0.0542885591111668
0.22387519190051   0.35103384254934   166.118866580853   0.0512417027056641
0.273419960888206   0.350608535552787   67.5569262098921   0.0522169067112802
0.323364899550259   0.350624396787901   140.158456745296   0.0527106000252883
0.373270707545997   0.350881316015237   102.876263789613   0.0597992064808314
0.423103005358715   0.350872524296337   137.7149554313   0.0515769735170061
0.473536725424988   0.351033857619584   81.5951761774809   0.0505464243573403
0.523437270391616   0.351167674510082   111.268414380588   0.0568013625287935
0.573375964020009   0.350854949631316   138.825882191142   0.0512617293151015
0.623270867531788   0.350982394561459   80.9777126923046   0.0520759519053942
0.673872065181752   0.351280998790121   146.856882643991   0.0539198765807964
-0.276456137669548   0.351428973477526   5.62208369165921   0.0512439489251199
-0.226154540760188   0.351111266553342   58.17307474819   0.0552871405067169
-0.175832400619968   0.351746824663121   92.2570302966878   0.0517885906651384
-0.126333401956712   0.351043710258438   108.249125707153   0.0517429555453969
-0.0765561295398629   0.351053721444038   23.6312311151298   0.0521638487213127
-0.026101660878129   0.350369515112364   48.1553252639281   0.0515606884863713
0.0236391820258493   0.350378653532081   97.8391126292943   0.0526258358477659
0.0740560316549175   0.349670055480106   146.784277586711   0.0507318014451272
0.124264170586192   0.349782133700937   151.259328254715   0.0515978360963475
0.199065779777751   0.401522341826181   102.509766076159   0.0519299466840896
0.249210953450344   0.400873680832587   36.0633247502203   0.0510095224827885
0.298716309106336   0.400711509484994   66.4087065358172   0.0505520960779168
0.348591572815773   0.400646076381324   29.7340992459631   0.0520780254034415
0.399006879728982   0.400939133690754   26.02745295043   0.0598574951542211
0.448853971178901   0.400710722493954   64.0729373592489   0.0585776199695302
0.498692482959736   0.401271096248276   28.9107235131231   0.0504757583190449
0.548363434596481   0.4010218238091   175.781963804458   0.0564907998098402
0.59817609506871   0.400658978800084   66.1920809893573   0.0511034753494226
0.648439732008408   0.400725566197125   20.8573365273718   0.0594913076480951
0.69827033990551   0.401154626124711   169.36897585923   0.0501425130047122
-0.251452368357045   0.40117564022478   66.1211583488648   0.0552347831044113
-0.201363283369163   0.401132638653282   48.3903341078579   0.0508231414997005
-0.151105598250277   0.40154820369036   97.4901206707017   0.0515789903339298
-0.101430784471149   0.401067562506323   53.851417187568   0.0558702056032902
-0.050967902007974   0.400173826232355   163.877405203358   0.0743203043557751
-0.00132491933105945   0.400717379523546   63.68862695867   0.0506254703971243
0.0491365024267832   0.40024187486095   125.296366016782   0.0576932130725797
0.099293652768172   0.399501775709978   46.5792614232858   0.0504168073287145
0.149170681550024   0.400547439094706   157.025846499199   0.050687164247936
0.223950651461585   0.450815808854315   155.966195033409   0.0574315710513438
0.273723515909178   0.450851004947426   132.759225341596   0.0517018596172986
0.323563334842149   0.450880446322088   72.7399346881571   0.0504204177728253
0.373956360397136   0.450165547762772   162.8210975025   0.0516773841341744
0.424034533099668   0.450775025013461   152.158542023776   0.0502778397461661
0.473343785187811   0.451410928592716   170.869886575235   0.0504968802186899
0.523879558225965   0.452197592596287   89.0674909710727   0.0550561626624431
0.573596474170151   0.451177121847603   169.830380119713   0.0536490090059366
0.623156522365255   0.450570624509234   43.0337488275762   0.0506233665998527
0.673033653098465   0.450956688315202   163.458912348036   0.0559734744430202
0.723147612617139   0.451167674869492   148.855205859866   0.0501309990791268
-0.22675910381153   0.451053895301194   120.540918067227   0.0532061956722356
-0.176449817959355   0.450724636913786   130.102329121671   0.0558322770151404
-0.126434418834764   0.451002867479443   144.125769579535   0.0523618558239219
-0.0766934577630054   0.450500428227905   68.2082797542446   0.0508311900282317
-0.026808734592118   0.450482005449851   82.8589959885198   0.0562460087831241
0.0234018875145334   0.450097534910831   58.8304024557377   0.0516332216492047
0.0739905917687314   0.450855399337079   134.297946284457   0.0563354617402827
0.123672165126106   0.450765111739286   171.368920440817   0.0510220640562031
0.17353012243155   0.450905592593351   162.949585546566   0.0515749323767801
-0.251317597034444   -0.499573608697251   93.2386148632893   0.0577824411130759
-0.201410971799099   -0.499546371758598   42.3634051942325   0.0505558407672774
-0.151405866541128   -0.499465140583324   138.021175629891   0.0648598076677456
-0.101720805067437   -0.499518123464063   144.428663722551   0.051330003064033
-0.0517296376144252   -0.498660104290657   23.7668893599648   0.0513718865148069
-0.00188327606894918   -0.49886162346679   120.027833883282   0.0503582656349452
0.0483586108085261   -0.497913440818402   78.9737155031083   0.0544899289596211
0.0982496924964451   -0.498772251156262   48.420868379759   0.052149746931609
0.148209415987063   -0.499121273816422   123.843223937632   0.055156029069088
0.197418310320104   -0.499237208236991   79.5840327016903   0.0536035146313068
0.247266961044822   -0.499024390794073   15.7958481580783   0.050163907417445
-0.702739914721898   -0.499596779499622   164.50154079647   0.058602895487815
-0.652240554537129   -0.499290495894165   6.06224542183288   0.0501508917399663
-0.602509520983605   -0.499407322567963   54.9323290638056   0.057825024424484
-0.0517127377608505   0.499986461722465   8.16337931530938   0.0511008117608675
-0.502266101023063   -0.499933175713869   97.1209541110278   0.0521327686087307
-0.452172748147482   -0.499418908031916   6.78164921853791   0.0535748661221248
-0.401203298367453   -0.49910166498824   63.4019366240187   0.0513553116221663
-0.350774875578368   -0.49918546375246   26.773512428936   0.0502622712768238
-0.300742263018831   -0.499048917992797   133.70164690273   0.0512474462392928
-0.226784890585314   -0.449001074054396   34.0199811536932   0.0519171875088695
-0.176113406627414   -0.448864001282192   159.629805486739   0.0535654437699157
-0.12632729136455   -0.449004579056795   178.782210825822   0.0504509073787331
-0.0765642735960125   -0.448775413497926   142.684352181527   0.0548729665528749
-0.0263206807408555   -0.448412912565264   161.334635694641   0.050126153682224
0.0234854450539991   -0.44846501056864   111.081961235159   0.0541288099644526
0.0738367082461706   -0.448392264124478   131.858019097653   0.051112954550755
0.123313245116575   -0.449497910365304   58.8771129216194   0.057818250382736
0.17289822350155   -0.449134964316841   36.8776803993527   0.0507573170597283
0.222362255775915   -0.448905418627818   70.2567731074491   0.0579679024777815
0.272666961504077   -0.448918643039962   82.8826684621154   0.0519482256605877
-0.677174784865412   -0.44945492088842   77.8906960951779   0.0540021943519468
-0.626951732211725   -0.449196249273033   165.067877389522   0.0519616394899643
-0.576959887249438   -0.449616906993746   7.95397477904234   0.0510238230103614
-0.526513304735233   -0.45016485250999   147.686956187465   0.0526443666913284
-0.4766622402687   -0.449536746057155   111.361814167409   0.051167757259858
-0.426076691019046   -0.449619146308385   44.7832824389428   0.0596965595943221
-0.376127928183581   -0.449454957998724   41.2577159457009   0.0517360925524667
-0.326429761773331   -0.449266236311635   110.412330792535   0.053535133720129
-0.276189594197958   -0.448994019094873   36.6338836283865   0.0544124690702988
-0.201299282441338   -0.398976213589492   179.623196759516   0.0552793884506138
-0.1515535606237   -0.3985764235226   167.299514686361   0.0515377079174389
-0.10197010218947   -0.398142416177921   40.768008622812   0.0516633179977613
-0.051810456104789   -0.398617868621117   77.98660180283   0.0530894391743823
-0.00203604175046258   -0.397700802162049   21.1181970576286   0.0555559837275824
0.0486595674097384   -0.398495368535473   16.7832758872369   0.0507085614786934
0.0987387370925139   -0.399013805948935   30.2477971023359   0.0500452092193211
0.148278382929774   -0.399074021860842   32.8986662494454   0.0502867033756315
0.197979580116822   -0.398840160086017   7.89087862594676   0.0524349361473373
0.247101818148796   -0.399244270241528   25.7091415036637   0.0507628939707769
0.297777850447746   -0.399468148363104   63.2187235770555   0.0547610700549207
-0.652140585807725   -0.399394212552166   175.566744720811   0.0534456728757745
-0.601782440533929   -0.400178919727846   174.006882225373   0.0524843186109246
-0.551212887329314   -0.400010636908177   81.7623304490335   0.0503199995994825
-0.501834420675029   -0.399865804495034   16.1846326352464   0.0508404844257861
-0.451809467830297   -0.399547726987687   151.779625822262   0.0503702707648692
-0.401799273285256   -0.399355430094056   131.985020930056   0.0503016528477854
-0.35190026788974   -0.399356192375938   49.2230609406889   0.0519606185092757
-0.302031730538279   -0.398749870917404   166.440075296561   0.0503930980178381
-0.251795309966845   -0.398719572576475   50.3353901076419   0.05255740160616
-0.17655518691832   -0.348868278664869   161.494927442974   0.0517356038015039
-0.127294606030494   -0.347675877839318   10.5180471848047   0.0554727951308972
-0.0772910280567305   -0.3480375139364   28.0550124458421   0.0508794362441154
-0.0273891208636143   -0.348389865468499   93.037287939403   0.0534199468401828
0.0231932210672132   -0.34846292768684   164.317855827739   0.0610878010467457
0.0737827215378551   -0.34892386848967   155.904507619227   0.0559777382243528
0.123412793520319   -0.348638579537002   12.193064460979   0.055795013460529
0.173286617593124   -0.34900043371272   43.2574830089069   0.0517153365162944
0.223139174985964   -0.349184217328296   77.3116377802185   0.0522553781221005
0.273203526616562   -0.349871429581104   167.083642770478   0.0512415332338682
0.322957166657955   -0.350028570877201   63.7584687876502   0.054172385688251
-0.62649253141577   -0.349634000756041   42.8178231955844   0.050070233890011
-0.576802929222164   -0.350234117521144   137.006289451059   0.0531448481984717
-0.526470468580609   -0.349421406619477   143.958569202642   0.0509473860249004
-0.476335470289913   -0.349674321391833   169.054042316557   0.0505803036913787
-0.426856699454159   -0.349594324309463   80.839913856472   0.0568031366100261
-0.376696368047588   -0.349408800983841   153.141039706486   0.0511083495871255
-0.326405272554113   -0.349313184454346   50.4850131245746   0.052539716591527
-0.276318282619815   -0.348913991594959   174.225823195104   0.0560533815249974
-0.226413660881454   -0.348821034889851   70.1260635727179   0.0564403198575601
-0.152114246286826   -0.29818186928481   133.055517591674   0.0500515847122682
-0.102028142940666   -0.297867343514659   148.481051837668   0.0535147706037244
-0.0517154997457551   -0.29828615594146   45.8508650319932   0.0562636133237445
-0.00124364421781153   -0.298856708489163   37.0340198690374   0.0541531452760767
0.0483758795046016   -0.298390913852304   31.1143575870912   0.0553231763824733
0.0981470734111997   -0.298616302387968   47.7848994977212   0.0558270715989764
0.148200818767458   -0.298567141231902   114.306039887032   0.0530151657301133
0.198171912267437   -0.29938504642583   79.825632663703   0.0656545864316445
0.248517995881994   -0.299288469470137   160.88439728999   0.0588819558766112
0.298156187067336   -0.299435721432667   156.670414196145   0.0512223309741625
0.347731709353071   -0.299397290536993   69.8700152383181   0.0573970657692135
-0.60195224518639   -0.299711257822003   175.894659508075   0.0571983309199327
-0.552015620170281   -0.299795250918145   77.9312079164019   0.0538334413741417
-0.502032393841062   -0.300210462464989   81.8706718087682   0.0542498466974945
-0.45160632713995   -0.300019039695564   148.633221881583   0.050732945782437
-0.40135106358384   -0.29902683756039   158.967674608074   0.0504045429346545
-0.351487196159916   -0.299390624772227   170.795698019165   0.0574919054656609
-0.301226260278701   -0.299716664372937   92.5137959741403   0.0506417151271179
-0.251350900424338   -0.298664550312484   48.5843345143349   0.0503890648360566
-0.201519498148331   -0.298677723820294   179.050038114526   0.0537802924210091
-0.126452337237467   -0.248240161828247   177.808185130769   0.0500623100146662
-0.0763870622073273   -0.248519372695428   152.447667240122   0.0527089759439282
-0.0265311343578462   -0.248654461636617   113.240831607447   0.0518706827516331
0.0235346251115614   -0.248344866469188   20.5173454308268   0.0547417902428971
0.0732888309936181   -0.248763338190875   140.450504831427   0.0541523430035564
0.123615672086889   -0.248798153728688   86.0982917614235   0.0540644896403348
0.173590375021189   -0.248262513218513   111.010343675744   0.0502377842781551
0.223758796286065   -0.24926641083271   112.274537658197   0.0557155387672295
0.273953481205103   -0.249011609222685   107.385377862676   0.0588584762976382
0.323744804207908   -0.248985210234995   81.159494902689   0.0651331399580573
0.372804578574457   -0.249229808595715   3.00883867140881   0.0514634730426977
-0.576580656341218   -0.249114363177943   82.3250113976862   0.0533183576641582
-0.527109632875729   -0.249578981282155   36.543025619178   0.0523600634135263
-0.47705038648915   -0.250364132081458   115.857106530651   0.0512732023281512
-0.426896087794879   -0.24923404349472   8.12798275909072   0.0506554700878594
-0.376689221243707   -0.249115392024132   178.701168728738   0.0551571580988634
-0.326577264948636   -0.249220026192389   84.6007361331887   0.0538122860382948
-0.276581117204612   -0.248978697413154   86.8349183791939   0.0573724505786039
-0.226202954349332   -0.249199643955124   46.5172025464086   0.0515242087935578
-0.176523028979358   -0.248471446090555   1.18434466508057   0.0541535065974772
-0.101587158421045   -0.199222672670278   157.658998706608   0.0506319826936694
-0.0513335500017683   -0.199040796979863   132.527399791277   0.0506925189227931
-0.00104465011526562   -0.198387222060227   57.5725710323594   0.0541720504931192
0.0489419930973036   -0.1984159686946   112.195270182869   0.0542795334747425
0.0985399924339933   -0.199515265019046   86.9210895268007   0.0546903115920762
0.148802271735517   -0.199223162709601   14.4608963031972   0.055756870055007
0.199301594347212   -0.198040979772658   23.5926080466662   0.0525028624263077
0.248845089255549   -0.198669315152805   48.3969022429754   0.0801934383719386
0.298392775887009   -0.198986445865135   162.030336209688   0.0542277370323246
0.348698872580066   -0.198563061871839   20.8468604262881   0.0503316129765148
0.398339003551123   -0.199197633390033   156.195963390806   0.0517519019352226
-0.5517020897683   -0.199266776282779   168.39816464062   0.050685045158443
-0.50153204931178   -0.199954229682249   81.8742982976986   0.0619929437831742
-0.451599285090789   -0.199998014983346   6.73716338597624   0.0514425625749405
-0.401919331602264   -0.199315465446212   74.3536070622209   0.0553524416273271
-0.35181790973788   -0.199378259615126   40.2939791747859   0.0576064153263461
-0.301715743299081   -0.199027665089096   62.1369976653437   0.0520457872759625
-0.251626117127024   -0.198832046486864   88.7836640873055   0.0511382318481663
-0.201803544877425   -0.198850596353041   30.6234857786793   0.0580798526539247
-0.151455645418444   -0.19833779936398   52.4615687834008   0.0515428521713498
-0.0763770548322199   -0.149450702038991   175.364681213555   0.0623838089471059
-0.0263644163808225   -0.148990450984945   163.139806090176   0.050136547440452
0.0239242069934759   -0.148861675558589   153.772183453662   0.0509798279084708
0.0738273554885183   -0.149400757163187   38.207984123162   0.0538354733210665
0.123572023231746   -0.149766912757739   137.527745881421   0.0508024230708208
0.173747864014121   -0.14906185351921   147.413452931942   0.0519839196412192
0.223671435158962   -0.148173379207466   98.7231264715894   0.0510016257719485
0.273829712808932   -0.148590927468116   125.332207887225   0.0504134072883162
0.324027409750359   -0.148889350725015   49.7767118895719   0.0508581545726811
0.374317940538371   -0.148680990663507   112.20614747363   0.0626674936462507
0.424297492296865   -0.14904384643311   10.3298675267742   0.0508187176643651
-0.526321050848699   -0.149985924152498   100.727331908878   0.0514111656786603
-0.47634903661398   -0.149474033215397   145.619429023863   0.0559589241135021
-0.426711922428361   -0.149381166852231   29.0641139050835   0.0616777404899569
-0.377133470204387   -0.149468682787053   60.8060691162714   0.051239741960202
-0.326912972139888   -0.149546913446755   118.710492320423   0.0587443626116613
-0.277008734627323   -0.149096087878175   156.597232029519   0.0562279796679782
-0.226492395039935   -0.148848430553175   75.4821206149216   0.0557840712267647
-0.176616413051067   -0.149131640654914   162.855844179373   0.0503846237839348
-0.126346023522771   -0.14882881694759   34.5578207132665   0.0543539741204258
-0.0514218561328085   -0.0988115068366   149.992167626033   0.0609019678054676
-0.00141427989058311   -0.0993202623452612   90.1733364110597   0.0532123492769205
0.0485310047297996   -0.0989620302308156   94.0398589589268   0.0507490541167074
0.0987419355029147   -0.0997372861476075   114.650630159365   0.0600493158582693
0.148610150078628   -0.0992716138658516   56.0140526189203   0.0582119042396578
0.198667469204248   -0.0989083205281002   175.571704434519   0.0530386487414443
0.248426501914473   -0.0988587989401879   85.0175740698393   0.055017749271269
0.298416995533667   -0.0988880873830198   168.271680850404   0.0583837209606331
0.348865931954719   -0.097859902444275   14.8066987351046   0.055201852351423
0.399029306107455   -0.0992902562683223   34.7671649195769   0.0538135624337149
0.447964159318443   -0.0992550439279939   126.572161040625   0.0540839246608247
-0.501397214896418   -0.0993508707535356   91.6507925361995   0.050425013827089
-0.451903025377797   -0.0990307560501924   10.1242346311978   0.0503597529327393
-0.402425272501381   -0.0992478792251487   150.231358449334   0.0502945684228457
-0.352762735345817   -0.0995340197946143   75.7944452829503   0.0501975723259862
-0.302681807127445   -0.0995783117583724   24.2392439850691   0.0502525178626731
-0.252091651561057   -0.0989879919000511   61.9123302935948   0.050653965883555
-0.20221236543357   -0.0989460512008155   133.051536351094   0.0555678748702757
-0.152391817381402   -0.0991223706168142   127.077532982648   0.0617054416106388
-0.102039014015861   -0.098558389795894   144.67503581701   0.050719816130015
-0.0259811484879949   -0.0491397582253623   52.6315623363735   0.0501396184399129
0.0237544498138649   -0.0489172677277228   96.0962691176659   0.0516050443545567
0.0739636147378044   -0.0493445526154792   48.3733323586169   0.0531809467926655
0.124005980421705   -0.0498234325289701   121.12844621565   0.0532265332050964
0.173977174232333   -0.0490489870841452   15.49719482884   0.0518695813961208
0.223779679319694   -0.049215994072501   163.499823144312   0.0556077646095869
0.27386796452142   -0.0488292028460865   50.7456933158224   0.0572574901604786
0.323998042627713   -0.0480518330674468   91.9016600100471   0.0627853683179265
0.373957395451853   -0.0491169167591168   8.77109030812221   0.0554961398648131
0.423596829310133   -0.0495764690296466   175.320108257024   0.0548384254270077
0.473083573945006   -0.0494591836010721   130.189409682471   0.0682132030045748
-0.476678702709508   -0.0490596453044771   44.6292312406213   0.0582802502651892
-0.427023721717084   -0.0489136088970817   94.2996719768574   0.0567653856516948
-0.377216640284839   -0.0491707095168596   20.1980014545854   0.0530132340734655
-0.326983302873248   -0.0493820628565236   162.933209395943   0.0506881959401525
-0.276598621774892   -0.0493755505156278   58.8349332387178   0.0507818716719779
-0.2271636575166   -0.0488387801658284   67.8326797793013   0.0576805953484493
-0.176608169318315   -0.0484136306928878   8.9808411232969   0.0534448226888186
-0.126605193861485   -0.0489705101398221   1.07926933472361   0.053679577266714
-0.0766071833555816   -0.0496790497291548   30.8490111576615   0.0518074915576769
