0.012348310936298084   0   0   
0.037044932808894253   0   0   
0.061741554681490417   91.582111641300545   9.9341074625651042e-09   
0.086438176554086588   0   0   
0.11113479842668275   0   0   
0.13583142029927892   0   0   
0.16052804217187508   0   0   
0.18522466404447124   0   0   
0.20992128591706744   0   0   
0.2346179077896636   0   0   
0.25931452966225976   0   0   
0.2840111515348559   0   0   
0.30870777340745209   0   0   
0.33340439528004828   0   0   
0.35810101715264442   0   0   
0.38279763902524061   0   0   
0.40749426089783675   0   0   
0.43219088277043294   0   0   
0.45688750464302907   0   0   
0.48158412651562527   0   0   
0.50628074838822146   0   0   
0.53097737026081759   0   0   
0.55567399213341373   0   0   
0.58037061400600998   0   0   
0.60506723587860611   0   0   
0.62976385775120225   0   0   
0.65446047962379839   0   0   
0.67915710149639463   0   0   
0.70385372336899077   0   0   
0.72855034524158691   0   0   
0.75324696711418315   0   0   
0.77794358898677929   0   0   
0.80264021085937542   0   0   
0.82733683273197156   0   0   
0.85203345460456781   0   0   
0.87673007647716394   0   0   
0.90142669834976008   0   0   
0.92612332022235633   0   0   
0.95081994209495246   0   0   
0.9755165639675486   0   0   
1.0002131858401448   0   0   
1.024909807712741   0   0   
1.0496064295853371   0   0   
1.0743030514579333   0   0   
1.0989996733305294   0   0   
1.1236962952031255   0   0   
1.1483929170757219   0   0   
1.173089538948318   0   0   
1.1977861608209142   0   0   
1.2224827826935103   0   0   
1.2471794045661064   0   0   
1.2718760264387026   0   0   
1.2965726483112987   0   0   
1.3212692701838951   0   0   
1.3459658920564912   0   0   
1.3706625139290873   5.3681642984133081   0.0077515713018814356   
1.3953591358016835   2.9954202246701556   0.018889925790501004   
1.4200557576742796   30.99704750864651   0.027109785812064835   
1.4447523795468757   0.77112490240865989   0.025880329392345213   
1.4694490014194719   7.6108899066408917   0.010035412526644471   
1.4941456232920682   0   0   
1.5188422451646644   0   0   
1.5435388670372605   0   0   
1.5682354889098566   0   0   
1.5929321107824528   0   0   
1.6176287326550489   0   0   
1.6423253545276451   0   0   
1.6670219764002412   0   0   
1.6917185982728375   0   0   
1.7164152201454337   0   0   
1.7411118420180298   0   0   
1.765808463890626   0   0   
1.7905050857632221   0   0   
1.8152017076358182   0   0   
1.8398983295084144   0   0   
1.8645949513810107   0   0   
1.8892915732536069   0   0   
1.913988195126203   0   0   
1.9386848169987991   0   0   
1.9633814388713953   0   0   
1.9880780607439914   0   0   
2.0127746826165875   0   0   
2.0374713044891837   0   0   
2.0621679263617798   0   0   
2.0868645482343759   0   0   
2.1115611701069725   0   0   
2.1362577919795687   0   0   
2.1609544138521648   0   0   
2.1856510357247609   0   0   
2.2103476575973571   0   0   
2.2350442794699532   0   0   
2.2597409013425493   0   0   
2.2844375232151455   0   0   
2.3091341450877416   0   0   
2.3338307669603378   0   0   
2.3585273888329339   0   0   
2.38322401070553   0   0   
2.4079206325781262   1.3938762109210368   0.0051822320081230426   
2.4326172544507223   4.9422912397064372   0.0033866768193694952   
2.4573138763233184   11.646770088933811   0.013422489180550788   
2.482010498195915   6.5493923277327717   0.01429994143532281   
2.5067071200685112   2.1196585619585705   0.014768998090051639   
2.5314037419411073   0.90274960720271775   0.0056709381570686861   
2.5561003638137034   0   0   
2.5807969856862996   0   0   
2.6054936075588957   0   0   
2.6301902294314918   0   0   
2.654886851304088   0   0   
2.6795834731766841   0   0   
2.7042800950492802   0   0   
2.7289767169218764   0   0   
2.7536733387944725   0   0   
2.7783699606670686   0   0   
2.8030665825396648   4.0111456466873502   0.0034535998205105647   
2.8277632044122614   2.7409805504975376   0.0081161149044123259   
2.8524598262848575   13.158151908280791   0.0068983116219321398   
2.8771564481574536   0.93303203358063929   0.009585600395528085   
2.9018530700300498   2.9777980254421979   0.007378495870955994   
2.9265496919026459   0   0   
2.951246313775242   0   0   
2.9759429356478382   0   0   
3.0006395575204343   0   0   
3.0253361793930305   0   0   
3.0500328012656266   0   0   
3.0747294231382227   0   0   
3.0994260450108189   0   0   
3.124122666883415   0   0   
3.1488192887560111   0   0   
3.1735159106286077   0   0   
3.1982125325012039   0   0   
3.2229091543738   0   0   
3.2476057762463961   0   0   
3.2723023981189923   0   0   
3.2969990199915884   0   0   
3.3216956418641845   0   0   
3.3463922637367807   0   0   
3.3710888856093768   0   0   
3.3957855074819729   0   0   
3.4204821293545691   0   0   
3.4451787512271652   0   0   
3.4698753730997614   0   0   
3.4945719949723575   0   0   
3.5192686168449541   0   0   
3.5439652387175502   0   0   
3.5686618605901463   0   0   
3.5933584824627425   0   0   
3.6180551043353386   0   0   
3.6427517262079347   0   0   
3.6674483480805309   0   0   
3.692144969953127   0   0   
3.7168415918257232   3.567718969527366   0.003389908382641455   
3.7415382136983193   5.7915000806742712   0.0061166071588597119   
3.7662348355709154   19.322512869371915   0.0046048938682821589   
3.7909314574435116   3.9452879856167017   0.0087501828619569471   
3.8156280793161077   3.4193385952791655   0.0069984428184739044   
3.8403247011887038   0   0   
3.8650213230613004   0   0   
3.8897179449338966   0   0   
3.9144145668064927   0   0   
3.9391111886790888   0   0   
3.963807810551685   0   0   
3.9885044324242811   0   0   
4.0132010542968768   0   0   
4.0378976761694734   0   0   
4.06259429804207   0   0   
4.0872909199146656   0   0   
4.1119875417872622   0   0   
4.1366841636598579   0   0   
4.1613807855324545   0   0   
4.1860774074050502   0   0   
4.2107740292776468   0.00012729510664277251   1.07811447881172e-06   
4.2354706511502425   2.6917641135384711   0.0024812508985398184   
4.260167273022839   6.6097054396900306   0.0071429007819960021   
4.2848638948954347   3.9665249151822004   0.0059341380676031564   
4.3095605167680313   2.4432545733766776   0.007505323719872274   
4.334257138640627   0.17715051718868144   0.0062266372207624559   
4.3589537605132236   0   0   
4.3836503823858193   0   0   
4.4083470042584159   0   0   
4.4330436261310124   0   0   
4.4577402480036081   0   0   
4.4824368698762047   0   0   
4.5071334917488004   0   0   
4.531830113621397   0   0   
4.5565267354939927   0   0   
4.5812233573665893   0   0   
4.6059199792391849   0   0   
4.6306166011117815   0   0   
4.6553132229843772   0   0   
4.6800098448569738   0   0   
4.7047064667295695   0   0   
4.7294030886021661   0   0   
4.7540997104747627   0   0   
4.7787963323473583   0   0   
4.8034929542199549   0   0   
4.8281895760925506   0   0   
4.8528861979651472   0   0   
4.8775828198377429   0.77003451771717515   0.0013160845539157996   
4.9022794417103395   2.6987094419762729   0.0011880492549300318   
4.9269760635829352   6.1423134126345645   0.0082031731292399531   
4.9516726854555317   2.9739263302274617   0.010775177674192968   
4.9763693073281274   0.81901247274556914   0.0072303834671825665   
5.001065929200724   0.36045896033654477   0.0027833414923905519   
5.0257625510733197   0   0   
5.0504591729459163   0   0   
5.075155794818512   0.0045569509556661552   3.4111613051903897e-05   
5.0998524166911086   5.3810576337000575   0.0011165185909454951   
5.1245490385637051   10.790822644552539   0.0018569544059723023   
5.1492456604363008   6.0885601534775036   0.0045938858236986493   
5.1739422823088974   2.8364539220869063   0.0023645447650943938   
5.1986389041814931   1.3301864906207276   0.002037871371752322   
5.2233355260540897   0   0   
5.2480321479266854   0   0   
5.272728769799282   0   0   
5.2974253916718776   0   0   
5.3221220135444742   0   0   
5.3468186354170699   0   0   
5.3715152572896665   0   0   
5.3962118791622622   0   0   
5.4209085010348588   0   0   
5.4456051229074554   0   0   
5.470301744780051   0   0   
5.4949983666526476   0   0   
5.5196949885252433   0   0   
5.5443916103978399   0   0   
5.5690882322704356   0   0   
5.5937848541430322   0   0   
5.6184814760156279   0   0   
5.6431780978882244   1.0005916306473211   0.00035542733756597445   
5.6678747197608201   1.835972101382462   0.0027992294096809299   
5.6925713416334167   7.0194536514440555   0.0048420442261219435   
5.7172679635060124   0.10860003116450913   0.0056303881702203383   
5.741964585378609   1.9541601490753694   0.0034140654755827189   
5.7666612072512047   2.2937200712731508e-05   1.190668910018009e-05   
5.7913578291238013   0   0   
5.8160544509963978   0   0   
5.8407510728689935   0   0   
5.8654476947415901   0   0   
5.8901443166141858   0   0   
5.9148409384867824   0   0   
5.9395375603593781   0   0   
5.9642341822319747   0   0   
5.9889308041045703   0   0   
6.0136274259771669   0   0   
6.0383240478497626   0   0   
6.0630206697223592   0   0   
6.0877172915949549   0   0   
6.1124139134675515   0   0   
6.1371105353401472   0   0   
6.1618071572127437   3.3784276743697584   0.00043264626422804859   
6.1865037790853403   5.0873190477747457   0.001217340207892985   
6.211200400957936   9.5983803282470473   0.00081764433895790654   
6.2358970228305326   1.9974050841562213   0.0031347658298957432   
6.2605936447031283   1.8118269662786037   0.0022634338607742561   
6.2852902665757249   0   0   
6.3099868884483206   0   0   
6.3346835103209171   0   0   
6.3593801321935128   0   0   
6.3840767540661094   0   0   
6.4087733759387051   0   0   
6.4334699978113017   0   0   
6.4581666196838974   0   0   
6.482863241556494   3.5415545368032127   0.00085928065959864055   
6.5075598634290905   5.659025904732006   0.0010803004885519298   
6.5322564853016862   8.161861706515461   0.0013092905222857573   
6.5569531071742828   1.6359281579260786   0.0017176015864872996   
6.5816497290468785   1.8047428118859007   0.0012104404047791499   
6.6063463509194751   0   0   
6.6310429727920708   0   0   
6.6557395946646674   0   0   
6.680436216537263   0   0   
6.7051328384098596   0   0   
6.7298294602824553   0   0   
6.7545260821550519   0   0   
6.7792227040276476   0   0   
6.8039193259002442   0   0   
6.8286159477728399   0   0   
6.8533125696454364   0   0   
6.878009191518033   0   0   
6.9027058133906287   0   0   
6.9274024352632253   0   0   
6.952099057135821   0   0   
6.9767956790084176   0   0   
7.0014923008810133   0   0   
7.0261889227536098   0   0   
7.0508855446262055   0   0   
7.0755821664988021   1.5835482403076782   0.00019078016618914969   
7.1002787883713978   2.740696349000756   0.0028529334389825409   
7.1249754102439944   3.6322172738446683   0.0026976388271004761   
7.1496720321165901   0.26294508220768764   0.0040292768848228393   
7.1743686539891867   1.3143177048187153   0.004039571401097517   
7.1990652758617824   0   0   
7.2237618977343789   0   0   
7.2484585196069755   0   0   
7.2731551414795712   0   0   
7.2978517633521678   0   0   
7.3225483852247635   0   0   
7.3472450070973601   0.67887043228837118   0.0006579070666528183   
7.3719416289699558   1.9636735207975772   0.0024361314897851785   
7.3966382508425523   4.0501698702664128   0.0029877046367532238   
7.421334872715148   1.716313603454807   0.0070941125227109088   
7.4460314945877446   0.57104296968682944   0.0038330055002734945   
7.4707281164603403   0.19305000701891154   0.0017817565025376226   
7.4954247383329369   3.8430239158963379   0.0015530956969620353   
7.5201213602055326   5.6852917043909814   0.0020707451566111071   
7.5448179820781291   5.706469452708257   0.0039974606202770853   
7.5695146039507257   1.2936500669499864   0.00095393028958300555   
7.5942112258233214   1.4880166045602802   0.00033364321955070832   
7.618907847695918   0   0   
7.6436044695685137   0   0   
7.6683010914411103   0   0   
7.692997713313706   0   0   
7.7176943351863025   0   0   
7.7423909570588982   0   0   
7.7670875789314948   0   0   
7.7917842008040905   0   0   
7.8164808226766871   0   0   
7.8411774445492828   0   0   
7.8658740664218794   5.96200265639746e-05   2.0992587409723367e-06   
7.8905706882944751   3.372480893264945   0.0025046637349720322   
7.9152673101670716   6.1886057359059547   0.0025094024029465486   
7.9399639320396682   4.7311229713084216   0.0023845062979182658   
7.9646605539122639   1.5501302587555255   0.0014498297643612478   
7.9893571757848605   1.2765962349899509   0.0012485381040061497   
8.0140537976574571   0   0   
8.0387504195300519   0   0   
8.0634470414026485   0   0   
8.088143663275245   0   0   
8.1128402851478416   0   0   
8.1375369070204364   0   0   
8.162233528893033   0   0   
8.1869301507656296   0   0   
8.2116267726382262   0   0   
8.236323394510821   0   0   
8.2610200163834175   0   0   
8.2857166382560141   0   0   
8.3104132601286107   0   0   
8.3351098820012073   0   0   
8.3598065038738021   0   0   
8.3845031257463987   0   0   
8.4091997476189952   0   0   
8.4338963694915918   0   0   
8.4585929913641866   0   0   
8.4832896132367832   0.00013921947349722304   1.1045842056400672e-05   
8.5079862351093798   1.6364737513396901   0.0020324801989923873   
8.5326828569819764   2.927562890142155   0.00096582872859796445   
8.5573794788545712   2.0640080700734855   0.0017615270149522155   
8.5820761007271678   1.1128590907279033   0.0046118834338299126   
8.6067727225997643   0.3167764931501505   0.0039294220510979847   
8.6314693444723609   4.2239686906365455   0.0031169316014732994   
8.6561659663449575   5.2839590181561897   0.0043881746788089971   
8.6808625882175523   4.7095515740276037   0.011869823733000119   
8.7055592100901489   0.073547072103465723   0.0085770414166473028   
8.7302558319627455   1.2593286770795947   0.0041664979547902556   
8.754952453835342   0   0   
8.7796490757079368   0   0   
8.8043456975805334   0   0   
8.82904231945313   6.791966360027291e-05   1.6168068670243862e-06   
8.8537389413257266   3.4033818554994539   0.0006897521246828818   
8.8784355631983214   5.1164379402799409   0.0022563623229738092   
8.903132185070918   4.3059050445827108   0.0044410330136719608   
8.9278288069435146   1.1777478905850715   0.001550270541842175   
8.9525254288161111   1.2617819350414672   0.00025277850473320492   
8.9772220506887077   0   0   
9.0019186725613025   0   0   
9.0266152944338991   0   0   
9.0513119163064957   0   0   
9.0760085381790923   0   0   
9.1007051600516871   0   0   
9.1254017819242836   0   0   
9.1500984037968802   0   0   
9.1747950256694768   0   0   
9.1994916475420716   0   0   
9.2241882694146682   0   0   
9.2488848912872648   0   0   
9.2735815131598613   6.768052191867084e-06   1.0751799357646552e-06   
9.2982781350324561   2.9144676823996904   0.0023242966780574847   
9.3229747569050527   4.8369143058067124   0.00058899280722891982   
9.3476713787776493   4.3794970118263408   0.0010169546548400385   
9.3723680006502459   1.2078405464790254   0.0015400418913662786   
9.3970646225228425   1.1975737656868783   0.00040920701711570871   
9.4217612443954373   0   0   
9.4464578662680339   0   0   
9.4711544881406304   0   0   
9.495851110013227   0   0   
9.5205477318858218   0   0   
9.5452443537584184   0   0   
9.569940975631015   0   0   
9.5946375975036116   0   0   
9.6193342193762064   0   0   
9.6440308412488029   0   0   
9.6687274631213995   0   0   
9.6934240849939961   0   0   
9.7181207068665927   0   0   
9.7428173287391875   0   0   
9.7675139506117841   0   0   
9.7922105724843806   0   0   
9.8169071943569772   0.97808959840072261   0.00067060180440640716   
9.841603816229572   1.8099421258167599   0.0012006867859465777   
9.8663004381021686   2.6489905404880529   0.0019717730198656872   
9.8909970599747652   0.87194289905659002   0.0030756294838759013   
9.9156936818473618   1.3394782626701247   0.0030057241946510753   
9.9403903037199566   6.7098317717488097   0.0027423375115139229   
9.9650869255925532   7.1772026806150451   0.0026673725908722948   
9.9897835474651497   3.4931896804348884   0.00271812238680884   
10.014480169337746   1.3698023700922702   0.0034970693504069837   
10.039176791210343   0.90862684730432561   0.002748317884879034   
10.063873413082938   0   0   
10.088570034955534   0   0   
10.113266656828131   0   0   
10.137963278700727   0   0   
10.162659900573322   0   0   
10.187356522445919   0   0   
10.212053144318515   0.089264519441963828   0.00032903593485367505   
10.236749766191112   4.0761901380490733   0.0011620191080053851   
10.261446388063707   4.594272341559501   0.00059941481266562261   
10.286143009936303   2.586987346268048   0.0026048747870147787   
10.3108396318089   0.93539070695307634   0.0013354906989830947   
10.335536253681497   0.93550537556969069   0.0027723617093428778   
10.360232875554091   0   0   
10.384929497426688   0   0   
10.409626119299284   0   0   
10.434322741171881   0   0   
10.459019363044478   0   0   
10.483715984917072   0   0   
10.508412606789669   0   0   
10.533109228662266   0   0   
10.557805850534862   0   0   
10.582502472407457   0   0   
10.607199094280054   0   0   
10.63189571615265   0   0   
10.656592338025247   0   0   
10.681288959897842   3.9703227590159193e-09   2.8247188765206769e-09   
10.705985581770438   2.1891573760191334   0.0018245008807244627   
10.730682203643035   3.9832399859197652   0.0020434252420149959   
10.755378825515631   4.359797522909479   0.0010751875515930142   
10.780075447388228   0.58296466885811797   0.0012492473825813316   
10.804772069260823   1.5132640211949908   0.0019521431618354114   
10.829468691133419   6.6571945463317103e-07   3.3178157979049666e-07   
10.854165313006016   0   0   
10.878861934878612   0   0   
10.903558556751207   0   0   
10.928255178623804   0   0   
10.9529518004964   0   0   
10.977648422368997   0   0   
11.002345044241592   0   0   
11.027041666114188   0   0   
11.051738287986785   1.4159413070798841e-06   6.7144581630394294e-08   
11.076434909859382   2.6356863890755295   0.0029679868246343876   
11.101131531731978   3.5771422919671662   0.0011006250863887775   
11.125828153604573   4.3446077835505088   0.0018401188201231351   
11.150524775477169   0.63918474425037497   0.0009598048817603609   
11.175221397349766   1.0106524576497433   0.0012703899812326129   
11.199918019222363   0.0038308787202300047   9.1042819156433425e-05   
11.224614641094957   0   0   
11.249311262967554   0.43401762846804856   0.00045035035654293775   
11.274007884840151   3.8979499320474308   0.0014082329532756215   
11.298704506712747   3.6827478550899713   0.0015270225470506203   
11.323401128585342   2.9091000985944756   0.0052982104667718698   
11.348097750457939   1.2513277876654004   0.0069201238927676855   
11.372794372330535   2.8101719429498548   0.0043013720030579171   
11.397490994203132   1.9927843702630656   9.4585105807368156e-05   
11.422187616075728   0.10969715851961856   0.0024760261442247236   
11.446884237948323   0.8783756459957518   0.0027728531268565128   
11.47158085982092   4.9290695178310305e-09   4.9290695178310305e-09   
11.496277481693516   0   0   
11.520974103566113   0   0   
11.545670725438708   0   0   
11.570367347311304   0   0   
11.595063969183901   0.0054404492402952383   0.00013863803692713519   
11.619760591056497   3.420274252139088   0.0014755675702581885   
11.644457212929092   3.8397596317744992   0.002317845810233972   
11.669153834801689   2.5002920234978289   0.0056177601861776735   
11.693850456674285   0.92724086054549467   0.001515189309590348   
11.718547078546882   0.95310890827308896   0.00085855860874266872   
11.743243700419477   0   0   
11.767940322292073   0   0   
11.79263694416467   0   0   
11.817333566037266   0   0   
11.842030187909863   0   0   
11.866726809782458   0   0   
11.891423431655054   0   0   
11.916120053527651   0   0   
11.940816675400248   0   0   
11.965513297272842   0   0   
11.990209919145439   0   0   
12.014906541018036   0   0   
12.039603162890632   0   0   
12.064299784763227   0   0   
12.088996406635824   0   0   
12.11369302850842   0.33696916570906131   0.0016846200525113464   
12.138389650381017   4.690290486014308   0.0059270144314737535   
12.163086272253613   3.3479414739768292   0.0017339025264794357   
12.187782894126208   0.97726696624525052   0.0083441223180302791   
12.212479515998805   1.7351811895203386   0.0074650939010826563   
12.237176137871401   0.07099097240823155   0.0039423635108355213   
12.261872759743998   5.4114606249278038e-06   2.0082334347920131e-07   
12.286569381616593   1.1644515167066905   0.0011848635068884198   
12.311266003489189   1.443507437882338   0.0035038610867678911   
12.335962625361786   0.97400505395520904   0.0015730277339967471   
