-1.80338533807563e-05   0.000152748103455842   84.0740815621221   0.0500017481078429
0.0499735916563989   6.8870319810578e-05   101.374497365527   0.0500030462078348
0.0999629298560887   3.00892778214599e-05   101.002449644519   0.0500046520727161
0.149976836619741   -7.95136968373754e-06   86.8905769424173   0.0500050733721648
0.199978247424208   7.30894697710474e-05   88.0526581992383   0.0500001042921572
0.249971929241505   8.33151194325171e-05   87.9878965053039   0.0500050657454219
0.299980993522684   0.000101670930492049   95.3042353855494   0.050001839707048
0.349967248391278   5.11562350460589e-05   98.0978032043134   0.0500008907444172
0.399982319684689   6.76403641862574e-05   101.973435931443   0.050005220557371
0.449979756327612   7.35197282840625e-05   92.1993988257615   0.0500095141772243
0.499955169900139   9.57651931102195e-05   114.963820054193   0.0500027485741138
-0.450062263264665   7.646787194211e-05   94.8082881643061   0.0500064012521761
-0.400066002444497   7.2040084231534e-05   88.7838437958023   0.050007022261877
-0.350063498696346   4.21805959843883e-05   106.945523582359   0.0500025731904647
-0.300045535197787   6.00976506021042e-05   108.029725184063   0.050000271902883
-0.25004019023791   2.50859532146024e-05   89.3045163903789   0.050018620067975
-0.200051742864366   5.43987346300054e-06   84.3521425305952   0.0500091777635699
-0.150062787040941   7.1808400583435e-05   87.4118235918395   0.0500020100211151
-0.100037257157182   6.63546680919789e-05   100.368950367918   0.0500120807969093
-0.0500374734496406   2.35674238542239e-05   80.1717291677668   0.0500099588058678
0.0249941971197467   0.0501330235029874   78.3124934354919   0.0500057336306999
0.0749923815545127   0.0500721449475009   77.3438985360427   0.050010254141761
0.125005361996933   0.0499967695444681   95.508617053159   0.0500047310024379
0.174981888465124   0.0500499733396182   72.4793124132572   0.0500005452556162
0.224988481883044   0.050071883293225   86.1081273338833   0.0500000718316768
0.274953239822849   0.0501021283848923   85.5627174041437   0.0500015268550014
0.324956833003115   0.0500871829316858   74.4090531561732   0.0500043955419489
0.374922958067325   0.050055955665918   93.0510319226713   0.0500118920165548
0.424907957193903   0.0500787799005409   85.3671513756523   0.0500064742017538
0.474916359932766   0.0500724784990339   82.244103025967   0.0500075895690638
0.524934479376309   0.0500609133365968   90.8074916097896   0.0500052726700225
-0.425058413322258   0.0500852670329149   86.1562931768673   0.0500033747293431
-0.375056983894289   0.0500894469668137   85.7630004268463   0.0500136187640293
-0.325044013208422   0.0500452128557075   71.8619461435566   0.050016585099044
-0.275037434487444   0.050049132380307   80.6307715228498   0.0500072251327809
-0.225032911399914   0.0500466673719521   86.6506100081988   0.0500203205702826
-0.175068165874968   0.050042429035917   75.3417160884319   0.0500027328768896
-0.12506142823734   0.0500466280726944   76.4755499525776   0.050016230947249
-0.075052423340567   0.0500232217886969   97.4002040343749   0.0500175102626404
-0.0250267045820529   0.0500784941562208   64.9745222940811   0.0500004727504803
0.0500224199690433   0.1000854309779   87.4976282598705   0.0500276843592397
0.100016363903734   0.100033830194433   101.72935146669   0.0500083436829274
0.149993851432835   0.099998588530211   90.7280469924828   0.0500025407292311
0.200016560660242   0.10004751712454   85.2433158783756   0.0500104375633375
0.250006939243088   0.100098950248332   82.987714519612   0.0500068789524624
0.299991960080107   0.100099281789478   83.5723394076058   0.0500068729360991
0.349987915173447   0.100081093632707   88.7446548687453   0.0500095774213441
0.399954770745223   0.100057948696026   77.4127104655167   0.0500131801120733
0.449936916271461   0.100067382431476   85.9534033558853   0.0500070027671268
0.499944062097139   0.100072915352007   90.641962942831   0.0500013649011352
0.549947601686408   0.100072854353174   91.2665815703034   0.0500174807968904
-0.400045182653857   0.100064821752333   82.6318588983797   0.0500038067497644
-0.35000691076965   0.100031983630981   97.1782619992732   0.0500052696272951
-0.300029938076755   0.100059164319722   86.2804920528591   0.0500133940674677
-0.250025160019779   0.100029621260125   93.9458852097486   0.0500099506587566
-0.200023846884915   0.100042939768526   93.8653331123372   0.0500439044436998
-0.150017304507751   0.100026171205072   70.6609390359957   0.0500012186336532
-0.100018573890684   0.100049994499999   81.256634531362   0.0500006796237514
-0.0500153455991986   0.100034035731761   78.2543319744654   0.0500015788992463
1.20816028522634e-05   0.100089319426871   69.5534341630708   0.0500286029680058
0.0750205015699169   0.150074975221782   101.748035007514   0.0500233064143207
0.124995951538963   0.150008220726597   105.295880438954   0.050001704276065
0.175008230733852   0.150015810583868   89.0599822592765   0.0500002149771972
0.225006244702863   0.150046723813408   102.580444360854   0.0500080889429975
0.275012173833666   0.150110168038734   91.1813066520242   0.0500017202824625
0.325019034804427   0.150056370056844   107.780524745426   0.0500000554503592
0.375022871847365   0.15008660447691   94.3839144023972   0.0500102902535565
0.424981641854666   0.15009588044651   87.8780796846453   0.0500055056086151
0.474964626776539   0.150091772429915   78.9115479082899   0.050005709438621
0.524958223986692   0.150069819534499   87.0942333881693   0.0500022751166191
0.574934517926149   0.150051420100191   94.6028160816186   0.0500016500679577
-0.375039685182461   0.150048768108397   104.080060347907   0.0500087389694302
-0.325030286792387   0.150038305464853   90.0311824785228   0.0500000619359517
-0.275052705413754   0.150064621484986   99.1810429146637   0.0500132898421694
-0.225028275609741   0.15000632053211   91.9736912996677   0.0500073408517958
-0.175006508747478   0.150032526253482   101.866893380314   0.0500128003125652
-0.124998748102975   0.150045922872118   76.1410388784409   0.0500007077302758
-0.0749854351834713   0.15004170420382   93.2921735816867   0.0500105324302217
-0.0249913873079611   0.150061976214398   85.6991746053651   0.0500053439906956
0.0250091692069285   0.150110240917005   101.75181400486   0.0500075311388582
0.0999766109087525   0.200055542556244   110.095461999017   0.0500082631906118
0.150003863894816   0.19997666192686   95.9464374040205   0.0500109198860127
0.200005486552982   0.200083126581572   90.4222546374386   0.0500020567176752
0.249963745336486   0.20005133837144   82.2285201902322   0.0500016434709914
0.299986709235519   0.200087777850121   117.195359351628   0.0500078176947234
0.34998439158875   0.200070225768599   85.4624267308242   0.0500277559213703
0.399964888373244   0.200110460950628   98.0789100216618   0.0500035558589647
0.449968806383388   0.200105693563303   93.1187563895502   0.0500045707423803
0.499953127313906   0.200098373900253   85.5088739142322   0.0500045993910442
0.549946876612357   0.200064725311062   104.040458670621   0.0500014086561443
0.599922384449132   0.200066063799259   81.827192719598   0.0500145095489719
-0.350069722009876   0.200048903617   85.8183911393055   0.0500113375080545
-0.300040248709423   0.200093936265582   76.1845467955477   0.0500197793901312
-0.250026930589533   0.200021334200248   94.2598422927363   0.0500085699890784
-0.200035333855916   0.200042673322656   92.3868831093086   0.0500024739993062
-0.150020787780374   0.200048419367121   100.06508951061   0.0500129509265138
-0.10000435451263   0.200039185700884   103.085184594851   0.0500009152980265
-0.0499987710222565   0.200037649228009   80.2205146029005   0.0500230173073402
-3.70830058794345e-05   0.200101431055371   100.941925207374   0.0500051517992203
0.0499720274934998   0.200085556142408   105.968229048208   0.0500132774028966
0.124968565921809   0.249981836026085   90.836457747969   0.0500013883619083
0.174936447154446   0.250033978880292   84.296931367385   0.0500056562707428
0.224964081970821   0.250087057291502   107.071236712018   0.0500122281053885
0.274954091645221   0.25009092922256   96.2320338046915   0.0500003665543524
0.324985102293746   0.250088862550879   95.5479872975582   0.0500081430306314
0.374980042765493   0.250113909631649   83.1841251651055   0.0500002078492394
0.424960651660216   0.250104190818194   83.9228413868748   0.0500100125984813
0.474938870273206   0.250110174247551   81.7051166453712   0.0500050593385969
0.524939545882179   0.250090697859565   93.5180692954609   0.0500008525822419
0.574957612531009   0.250061080179048   86.5241818586465   0.0500027472920212
0.624965556630881   0.250054923495384   87.7857643266201   0.0500001798872316
-0.325020257802744   0.250045893139081   79.9093428724481   0.0500122350092609
-0.274998655091554   0.250082284820461   91.2739949928827   0.0500125155262473
-0.225003329719715   0.250025273295966   93.1198377342511   0.0500242456294077
-0.175035715406698   0.250059603430829   81.5642414162779   0.0500079686445131
-0.125038250473189   0.250026624571575   90.8522633292826   0.050001078012836
-0.0750303680613054   0.2500159141037   79.924986680122   0.0500033150625333
-0.025040429909162   0.250113441142228   95.3368365613503   0.0500062982304571
0.0249401368402962   0.250095603718746   89.7377725422158   0.0500026863295352
0.0749637907267414   0.25006276407765   96.6047921461394   0.0500047393928256
0.149949734654747   0.300025554022895   77.4758038485707   0.0500025607513166
0.199947601294139   0.300048951576152   87.6087521416835   0.0500016915916837
0.249946849386395   0.30006491940557   87.6327247808625   0.0500004717466725
0.299946410197779   0.30005080718573   87.426601885222   0.0500126418690052
0.349968685845608   0.300096476169592   73.7558100912903   0.0500020095427097
0.399992268426759   0.300100383028436   94.9931084688603   0.0500114892663057
0.449963354271691   0.300141956240841   89.4485662376604   0.0500024483014197
0.499954336748988   0.300092224586737   91.5685774684489   0.0500016133947493
0.549962222945552   0.300080947586189   91.9845633966842   0.0500126657153452
0.59996229757683   0.300043306921626   90.0217831597776   0.0500067216845703
0.649966851163584   0.30001762681619   107.328868330926   0.0500039047546007
-0.300007212784798   0.300079565458001   96.449167584484   0.0500088575881756
-0.250022536450592   0.30003940701428   101.262646236687   0.0500028035417003
-0.200016850041708   0.300055163748844   87.2786031420271   0.0500011784517984
-0.150029821112338   0.300081668427486   92.3293710154037   0.0500054340752821
-0.100048846777742   0.30002505480139   84.5400439275117   0.0500132065176443
-0.0500479288719422   0.300062243821116   80.9384801185857   0.0500024073077866
-2.86524532687915e-05   0.300089567681614   86.6261240572136   0.0500093317504722
0.0499551358124797   0.300068135353397   99.3149403466485   0.0500485766425476
0.0999566958029011   0.300032912098597   112.282865666766   0.0500034133256312
0.174966002445418   0.350048838968117   80.2095461316211   0.0500128367695531
0.224953471115053   0.350049187579523   87.5164207160281   0.0500015359047036
0.274950123344146   0.350060039156393   81.5805215541664   0.0500008616049779
0.324942101877251   0.35002616731001   86.1246370096729   0.0500129482960402
0.374954457760727   0.350128030195944   97.8995846363802   0.0500013467139516
0.424953537113591   0.350115080344776   82.5639954465645   0.0500003231413254
0.474969337862108   0.350108106094663   88.180084077625   0.0500019788230958
0.524944213417931   0.350105387822558   85.7881927576613   0.0500010953825124
0.574951864119467   0.350077617263206   98.4356479620727   0.050003818166105
0.624934381387855   0.350039969195987   101.333723164366   0.0500006686883431
0.674964213484622   0.350027058678664   69.0895954856177   0.0500174267918343
-0.275032234426028   0.350068507220939   91.3842918540815   0.0500037247853762
-0.225040286594772   0.350052713616288   89.4996943070468   0.0500187068276197
-0.17502120515933   0.350077304424378   85.6717849969059   0.0500032864315618
-0.12504858349175   0.350073069508309   98.1075459962595   0.0500018055374292
-0.0750429626347763   0.350062006428045   85.0914794676944   0.05003215592337
-0.0250310679890247   0.350069457679006   87.4010355688236   0.0500223551998929
0.0249611745738769   0.350107633384431   93.3101526829858   0.0500138200823106
0.074971540365395   0.350020365418948   85.4348220070372   0.0500082579741969
0.124971230091417   0.350015215530323   75.7009176542131   0.0500060816157336
0.200016417405595   0.400079517948076   74.3214604569372   0.050004083281169
0.250003286022361   0.400030753213334   83.5419129892272   0.0500020319613777
0.299984882300073   0.40004321385145   79.0713444979094   0.0500024498404642
0.349973052810249   0.400073755249017   62.8171103839443   0.0500017563289514
0.399983275292298   0.400125801660243   74.3367615930809   0.0500221919977192
0.449987108972131   0.4000808718255   69.5919781954084   0.0500215154847608
0.500002067485643   0.400137513096876   70.7318478931947   0.0500052461302495
0.549989038812934   0.400113615384907   91.4020503183469   0.0500088504924669
0.599976762989549   0.400065346265543   85.1792327682766   0.0500002215656949
0.649967556884127   0.399998519504127   80.9144562616537   0.050017928553773
0.699962402515558   0.400057967327997   80.986122313598   0.0500023242112485
-0.250029227661241   0.400047755429036   102.299244082148   0.050012240961515
-0.200030442814523   0.400050531975496   83.5708360265518   0.0500015612050163
-0.150033702248961   0.400083528611141   80.0183276986498   0.0500120702016153
-0.10003611640079   0.400075974080141   89.2253967878368   0.0500182527450921
-0.0500185458084206   0.40006476781712   81.2294650483409   0.0500325897479935
-3.95769484499412e-05   0.400087705945363   80.0381388422369   0.0500017126496668
0.0500027997087101   0.400061518460143   82.1552955113894   0.0500097623500139
0.100019368474265   0.400028141696164   86.7159789527172   0.0500199355510917
0.150006242030547   0.400042074949224   76.7162708928595   0.0500025886541447
0.225003810449604   0.450080052392592   99.0944503113031   0.0500042750766416
0.274975848208529   0.450025376285651   89.1899763817925   0.0500027200805253
0.324956168904488   0.450065964437334   90.5354512804366   0.0500089260820877
0.375018501588459   0.450097915526394   76.0402559197626   0.0500092952006386
0.425042651060251   0.450100059862205   97.1650810573528   0.0500050727621641
0.475014079818053   0.450111908999581   80.3973957677064   0.0500109784915862
0.524998646830444   0.450139050864842   106.216671514744   0.0500064823580939
0.574994431051134   0.450099327723847   103.379192535676   0.0500077560978654
0.624998720334495   0.45001877391102   89.4328949060898   0.050002541853532
0.674986243128412   0.450014497503789   85.7811311881268   0.0500050552662571
0.72497638992578   0.450067566508157   92.5187541103661   0.0500320723391514
-0.225031100793434   0.450045839590985   83.9775364664616   0.0500037764973924
-0.175034431826194   0.450052421836753   89.107868524653   0.050007746892993
-0.125047893711508   0.450069484737753   94.7502692439667   0.0500129616095057
-0.075037507021789   0.45006284801067   97.9591468545856   0.0500010590807043
-0.0250367535980361   0.450099756421275   95.6056429852394   0.0500057683637405
0.0249800838521389   0.450036141970973   92.6167405104227   0.0500001246765893
0.0750030921178317   0.450067560658888   100.314649416486   0.0500090064136283
0.125008011431885   0.450045458500336   75.332769640187   0.0500001532498403
0.175001017617726   0.450042824137916   94.0493162469993   0.0500006629201205
-0.249962217043285   -0.499955815177425   110.096676315922   0.0500164977773171
-0.199968513665949   -0.499956273244225   80.2224128424049   0.0500059608098878
-0.149935793023943   -0.49995492621529   95.6151177912418   0.0500015613067395
-0.0999268214812673   -0.499897134708892   99.566088417986   0.0500035400765404
-0.0499286213836336   -0.499895125468552   90.3846225473937   0.0500005454670874
6.7979886030384e-05   -0.499852881652542   92.7636114203983   0.0500054022129654
0.0500504871629677   -0.499868189064041   86.4292645292138   0.0500014545656127
0.100052523391535   -0.49993703555545   93.270509911234   0.0500001693696679
0.150039103163197   -0.499955361466631   78.8820655326657   0.0500033660036677
0.200013800714947   -0.499962863595485   87.6923123911396   0.0500071556815737
0.25000559659705   -0.499951305295449   94.5647128553342   0.0500007627183135
-0.700016243755332   -0.499936555329157   92.7396864450023   0.0500194291226491
-0.649999057068219   -0.499933800174657   84.8938638323868   0.0500005842689021
-0.599993267151867   -0.49993052003499   93.3451990058922   0.0500110422950226
-0.549993435962476   -0.49994967459314   78.9135262065056   0.0500009397739674
-0.499957480128254   -0.499926453123042   94.0726864886102   0.0500008752176896
-0.449967576514404   -0.499934432300467   94.8408194764744   0.0500061387036079
-0.399947723331792   -0.499959895349186   96.6279152538744   0.0500000861843971
-0.349937215195767   -0.499954051053274   104.749870464974   0.050016166002776
-0.29994166538575   -0.499929229127328   75.2132043220261   0.0500048475528712
-0.225007476959937   -0.449946627189763   87.727178502045   0.0500037977593414
-0.174994157799862   -0.449923718223137   96.252977209928   0.050006218472646
-0.124988261907496   -0.449920513381757   79.2515833011688   0.0500008107506866
-0.0749722132903219   -0.449904750914644   94.6057393927349   0.0500135593509268
-0.024964165640259   -0.449850809467633   101.561288066199   0.0500013736477067
0.0250397828958682   -0.449888219806114   107.310387612556   0.0500012085969945
0.0750569485658145   -0.449912933191162   102.503536763534   0.0500037533573903
0.1250393296089   -0.449965368513445   99.7202291205302   0.050022299132917
0.175028021701138   -0.449968710468766   99.7511437842271   0.0500259768189878
0.225016147844535   -0.449914527234416   85.2680538712349   0.0500137968758365
0.275010814488805   -0.449925899245105   92.9250369873246   0.0500213331408855
-0.674994547567544   -0.449933073142802   90.8692925554433   0.0500018756603419
-0.62498981396637   -0.449914678614461   99.5347578475536   0.050006529369491
-0.574989701553861   -0.449930626384684   88.5965878636303   0.0500071640616918
-0.524983174285155   -0.449946062777274   98.89237405587   0.0500096158144415
-0.474975790060175   -0.44994653765007   102.226352019533   0.0500110821276839
-0.424966679496844   -0.449924513928495   100.649057408756   0.0500120915630481
-0.374973535733233   -0.449953988474737   105.163598407784   0.0500006380435594
-0.324993356569936   -0.44996395559338   102.939336488916   0.0500119870275474
-0.274972395213153   -0.449888741687554   87.0858445118973   0.0500078713057345
-0.19996532977197   -0.399919535521568   95.7096139352515   0.0500194642759144
-0.149970728829543   -0.399912634321844   92.204288160887   0.0500005027110574
-0.0999751292876317   -0.399894639091581   102.5842300931   0.0500018380199984
-0.0499974511360248   -0.399871583186387   90.4764502307723   0.0500034433394089
1.06269579266979e-05   -0.399858749541504   112.79468536479   0.050049684192895
0.0500461794520001   -0.399917244046423   92.5149615586212   0.0500025519120245
0.100019455007578   -0.399954308727307   101.573038803298   0.050001349042209
0.14999807976665   -0.399960451047125   97.3721297341742   0.0500021840192991
0.200010238060114   -0.399939910330509   78.9130552395361   0.0500053813067673
0.249980471841292   -0.399921994854227   106.156034385334   0.0500007355453685
0.299987621250751   -0.399909584044129   104.21711092607   0.0500119104098763
-0.650014790032541   -0.399923000929578   93.6255748700818   0.050008579806637
-0.599997581851403   -0.399948593453208   95.4268142945242   0.0500015367653568
-0.549968501640745   -0.399937101122989   92.8306401642856   0.0500019374225472
-0.499985256040705   -0.399954768396471   89.2928779355197   0.050011809039574
-0.449991558203056   -0.399961000585866   75.070417533139   0.0500009848496566
-0.399996445971112   -0.399930370150615   103.28778024856   0.0500081009493782
-0.350013976067546   -0.399945692547538   96.6188414985003   0.0500046369681458
-0.30002853271089   -0.399957896304679   69.7939198285281   0.050000497425079
-0.249996505783161   -0.39991259990689   113.474930648787   0.0500050972816385
-0.174986086582449   -0.349935425705386   85.7445266661899   0.0500078042531997
-0.125022388096384   -0.349881729673341   89.3713645808068   0.0500104248478588
-0.0750220078168285   -0.34988000267289   98.8907499920795   0.050000053122758
-0.0250132366025206   -0.349874443380667   103.136482262937   0.0500137740196721
0.0249991784636414   -0.349868994415268   99.6327377498701   0.0500024235956782
0.0750109152626741   -0.349912376508347   102.861631464973   0.0500246815202519
0.124987726305787   -0.349935788678542   98.96877313932   0.0500109596682497
0.175001333610378   -0.349962747268776   90.4446747471   0.0500014747334256
0.224977065051081   -0.349942931912081   92.2098032924111   0.0500099279515476
0.274982975234192   -0.349907431982936   89.8265923667966   0.0500034024511336
0.324957093486855   -0.34993199276215   94.2514565141571   0.0500135434091043
-0.625007828798552   -0.34993528819652   104.560079912345   0.0500018549434566
-0.575012386693902   -0.349957817071363   96.959571396964   0.0500178822595958
-0.524998471915585   -0.349931206308686   102.566327479938   0.0500002340981803
-0.475000513698805   -0.349946693743486   93.0398122643006   0.0500087848634018
-0.425023593524706   -0.349946746167219   75.5121153588474   0.0500069460572542
-0.374990970923347   -0.349935682824193   85.3694057698219   0.0500047482262699
-0.324963543284846   -0.349963752553567   90.5721581058287   0.0500084044724816
-0.274992404281317   -0.34991234836668   77.3691625689993   0.0500226342653695
-0.224996608299328   -0.349936411217758   81.3093774294481   0.0500234461566645
-0.150011306195464   -0.299892124612911   82.7528303847743   0.0500031707766815
-0.100024340893099   -0.299897558052324   82.4314431175945   0.0500235211627692
-0.0500025945410562   -0.299892509422285   73.1819122168515   0.0500036829895453
1.35227609155246e-05   -0.299889628331581   75.9453124692799   0.050013289558141
0.049993334113363   -0.299866711098533   105.301444470213   0.050007303594475
0.0999782605465547   -0.299913953604   92.6038225304526   0.0500119944754276
0.149985452180815   -0.299958764791799   75.6729254293748   0.0500060664159836
0.19997855104282   -0.299932949145384   92.3077704413836   0.0500027024900533
0.249985732334799   -0.29991422470892   78.2127415881306   0.0500119825033618
0.299990508128883   -0.29989721664065   99.29903180077   0.0500021079644749
0.349963773017447   -0.299889631067701   91.4228063530501   0.0500075221362014
-0.600026123314078   -0.299952224469794   86.5889721174333   0.0500127810958755
-0.550034525915762   -0.299938490738583   86.8976422087182   0.0500113811316992
-0.500017347165112   -0.299958966098687   89.6380970565322   0.0500096067988739
-0.4500084471187   -0.29995765268566   86.2167729832084   0.0500196178587639
-0.400001449748499   -0.299942021420502   93.2475588538469   0.0500006380509282
-0.350005383907818   -0.299968092651539   92.7235431464619   0.050013756769484
-0.300003052087275   -0.299928090036299   83.6543019469317   0.0500028297866395
-0.249987857680001   -0.299926272835962   105.383087896153   0.0500127166226573
-0.19997008429894   -0.299942211523264   92.8368153547767   0.0500029065181727
-0.124958834190959   -0.249908728455534   76.3760015336506   0.0500038895347225
-0.0749803592358995   -0.249916132183712   90.7751604199831   0.0500046958976351
-0.0249958863149736   -0.249881763333176   89.1572609674231   0.0500072625224773
0.0249926442048464   -0.249840566736337   103.309220756062   0.0500031382404519
0.0749977675665703   -0.249901225323129   109.66736922917   0.0500009393934164
0.125010593143396   -0.249942381656381   101.189501401979   0.0500197179095276
0.175013162652653   -0.24991067688931   84.0859363439076   0.050005602161415
0.22499239997207   -0.249919092889642   91.3894874128353   0.0500235087999853
0.274992237860109   -0.249897680718516   99.8172230111594   0.0500000516940733
0.324985542493063   -0.249893957677719   91.5493951581432   0.0500025860944965
0.374971298216468   -0.249898897283809   91.4102741425982   0.0500075586875411
-0.575000695117982   -0.249934967016907   77.8270555995745   0.0500083330163472
-0.525008693566739   -0.249940056497026   98.0199909116565   0.0500035287911944
-0.474995783473353   -0.249974581085236   102.606092441129   0.0500011651685078
-0.424998743263988   -0.249937563333471   102.730402117073   0.0500050749032721
-0.375012342741972   -0.249964474986839   94.8717314657554   0.0500173022822802
-0.325014111326576   -0.249950277763599   85.6978247508758   0.0500022642608477
-0.274997098392029   -0.249916722058119   82.0580741387305   0.050002989967191
-0.224978006890256   -0.249956184520177   80.844571699997   0.0500128883742054
-0.174985105643495   -0.249910577976818   76.3371126509809   0.0500068558636647
-0.10001259729687   -0.199931972893885   110.463612988857   0.0500015397035852
-0.050002132021866   -0.199903284333117   88.9103884995394   0.0500452381829847
-8.26388076926743e-06   -0.199842929927581   88.4175929614366   0.0500050550891159
0.0499835688826644   -0.199885346502228   102.343307747696   0.0500000120371518
0.0999979581997223   -0.199973054379076   93.4692031558431   0.0500031353315805
0.149996451623631   -0.199965101435058   91.865295091874   0.0500020090575909
0.200009274830779   -0.199893939935466   78.4561913620352   0.0500050919609725
0.249997348073352   -0.199885431283812   91.2464363082435   0.0500213449653786
0.299971557526933   -0.199881500111944   87.3209346255138   0.0500052237756264
0.350015662968858   -0.19989715779161   90.1583316389431   0.0500028783901026
0.400007115973991   -0.199923939368269   98.553602469259   0.0500003381994318
-0.549999641002302   -0.199899600351032   92.0355477132989   0.0500046303484664
-0.500013869540524   -0.19994627104643   101.543754919855   0.0500094078210056
-0.450001150074049   -0.199968062424773   75.6454470030645   0.0500099419025024
-0.400017454179777   -0.199951756980426   90.2424076067495   0.0500178420401845
-0.350029727003417   -0.199970608426032   103.147897438552   0.0500239159945826
-0.300015255918755   -0.199934874416382   92.7114439177705   0.0500196191884946
-0.250011939486334   -0.199945738433708   106.408616051293   0.0500055078592746
-0.200015622400219   -0.19994347872487   95.715685589481   0.0500036766145137
-0.150005270346644   -0.199908387555287   109.062334965739   0.0500044292098015
-0.0750261482100597   -0.149933970662962   89.4886146542797   0.050004140903067
-0.0250291854076237   -0.149882143289347   90.9687671692044   0.0500109429686378
0.0249740093208519   -0.149862216760882   107.064826166189   0.0500050943592014
0.0749784791100747   -0.149955949451051   107.182878829132   0.0500017180375456
0.124990484817009   -0.149995999698934   77.7268940978807   0.0500019380210239
0.175003431794477   -0.149928674321153   84.4520112551505   0.0500104240187276
0.225008588694185   -0.14990878843856   88.9342793327814   0.0500006058105491
0.275007122256881   -0.149869156886449   90.1267253424222   0.0500018259226586
0.325002546392158   -0.149890741568657   93.4705597509164   0.0500075165477157
0.375020769556868   -0.149912955382268   88.0183361700627   0.0500201875504707
0.425013185781802   -0.149921027976441   73.4348466982155   0.0500005463886956
-0.52498820082022   -0.149919498883725   88.8726311076154   0.0500070124065283
-0.474980923974855   -0.149948449264502   77.6163570236808   0.050002194317703
-0.425017867601913   -0.149935031775823   87.2165347977784   0.0500257775475008
-0.375023329935953   -0.14994330766824   84.6109077060454   0.0500161450515488
-0.325036571007174   -0.149979485611711   81.7585301917251   0.0500112725471827
-0.275049629842718   -0.149953876288999   104.59506006034   0.0500122706667406
-0.225037367961087   -0.149963911711384   98.4820834088382   0.0500039674260974
-0.175021668422013   -0.149922943918331   83.3173533556888   0.0500006632283228
-0.125030224840762   -0.149908564236762   96.4385545139312   0.0500122873604674
-0.050040584699121   -0.0999228773253345   73.1599614948241   0.0500005324648989
-3.55733091900248e-05   -0.0998896514542886   82.3237923888382   0.0500084033244926
0.0499621084650595   -0.0999420422581452   104.933492243845   0.0500025509386114
0.0999706989385347   -0.0999921670180223   96.4339214057831   0.0500068951431725
0.149971927001411   -0.0999777279240233   84.8777072439511   0.0500095593525804
0.19999427471301   -0.0999113961192674   82.3281810208661   0.0500010618465028
0.24999750138022   -0.0999073099934947   76.2628420269816   0.0500031188670583
0.300006546541278   -0.0998559476637785   84.8265724161183   0.050012089996783
0.350021611275286   -0.0998882529995303   96.9774667623294   0.0500173298504035
0.400000772644566   -0.0999441230040341   85.9092416121235   0.0500061517645181
0.449965154072874   -0.0999109805574721   92.7280454651582   0.0500067789564236
-0.500003124517005   -0.099919909232851   95.870686967878   0.0500017302398801
-0.450017938867148   -0.0999267593667314   82.218647102063   0.05000374593089
-0.40003989470357   -0.0999449170862215   93.6816420871321   0.0500010449410658
-0.350044705406731   -0.0999406517075755   96.5730827893304   0.0500023433628085
-0.30006700218167   -0.0999437036330219   83.3727221395401   0.0500038110982013
-0.250051066130864   -0.0999765103024384   80.6690659814455   0.0500178840503975
-0.200032653230131   -0.0999618288632879   59.9233057260114   0.0500143436004
-0.150039711754172   -0.0999222652726132   89.2128490664676   0.0500102135649345
-0.100053438048383   -0.0999302039203062   93.1295216123553   0.0500077762311205
-0.0250003544891265   -0.0499036825192564   78.6668828610328   0.0500007279051831
0.0249864797616511   -0.0498665685351026   102.534599243775   0.0500003320400129
0.0750001799682734   -0.0499720759079069   95.7416550419311   0.0500057447671886
0.124985182245441   -0.050015753755451   88.8625772059374   0.0500055179828294
0.175005030073638   -0.0499685291092915   70.8679456234911   0.0500046786515617
0.225004011337081   -0.0499253651889775   86.0878601513999   0.0500035320969243
0.274995671590544   -0.0498803657773955   92.159182820987   0.05000131962193
0.324989541191064   -0.0498864054674382   99.5243518158371   0.0500111359095824
0.375004601632271   -0.0499468758937065   93.0074360482615   0.0500083786789111
0.424978102587282   -0.0499433513525218   79.8237764355004   0.0500004042773956
0.474968382528861   -0.0499232015458731   92.2796414425566   0.0500135596851507
-0.475028584789928   -0.049933143388472   90.6723134061079   0.0500112633477569
-0.425034319631069   -0.0499211724853439   89.0584513423649   0.0500156640114609
-0.375048800620231   -0.049929610406066   94.8528174535016   0.0500036488069717
-0.325041520818865   -0.0499303037510399   92.1712095858782   0.0500042648285606
-0.275016691544673   -0.049974902625366   118.219344373589   0.0500014348972521
-0.225034856930008   -0.0499884537259106   96.7437630406732   0.0500171279596006
-0.175020634168958   -0.0499393183343834   76.3892011426215   0.0500023882225533
-0.125014983942765   -0.0499216254702231   91.9016254191838   0.0500349554203619
-0.0750233769811626   -0.0499730237766287   86.6302568684437   0.0500004455384564
