-0.000108841   -0.000854248     0
7.27729e-05   0.00115974     0
0.0501471   -0.000923677     1
0.0498001   0.00106142     1
0.100131   -0.000963766     2
0.0997951   0.00102394     2
0.150025   0.00100303     3
0.149929   -0.00101893     3
0.199948   -0.000938699     4
0.200008   0.00108488     4
0.249941   -0.000928534     5
0.250003   0.00109516     5
0.300062   -0.000906402     6
0.2999   0.00110974     6
0.349843   0.00105345     7
0.350091   -0.000951139     7
0.3998   0.00105809     8
0.400165   -0.000922809     8
0.450014   -0.000938298     9
0.449946   0.00108534     9
0.499584   0.00101361     10
-0.499674   -0.000822075     10
-0.449989   -0.00093247     11
-0.450136   0.00108541     11
-0.400047   0.00108433     12
-0.400085   -0.000940245     12
-0.35032   0.00101065     13
-0.349807   -0.000926286     13
-0.300318   0.00102276     14
-0.299773   -0.000902567     14
-0.250051   -0.000987588     15
-0.25003   0.00103776     15
-0.200138   -0.0010022     16
-0.199965   0.00101308     16
-0.150103   -0.000939571     17
-0.150023   0.00108319     17
-0.0998789   -0.000929724     18
-0.100196   0.00106243     18
-0.0498873   0.00102128     19
-0.0501876   -0.000974145     19
0.024816   0.0491415     20
0.0251724   0.0511245     20
0.0747996   0.0490842     21
0.0751851   0.0510601     21
0.124921   0.0510046     22
0.12509   0.048989     22
0.175247   0.0510154     23
0.174717   0.0490846     23
0.225048   0.0510819     24
0.224929   0.0490618     24
0.274885   0.0490928     25
0.275021   0.0511115     25
0.325193   0.0510624     26
0.32472   0.049112     26
0.374876   0.0510671     27
0.37497   0.0490448     27
0.424979   0.051088     28
0.424837   0.0490696     28
0.474798   0.0490692     29
0.475035   0.0510757     29
-0.475053   0.0490485     30
0.524922   0.0510733     30
-0.424999   0.0510954     31
-0.425117   0.0490751     31
-0.374992   0.0510993     32
-0.375122   0.0490796     32
-0.32477   0.0510076     33
-0.325318   0.0490828     33
-0.275181   0.0490501     34
-0.274894   0.0510481     34
-0.224982   0.0510577     35
-0.225084   0.0490356     35
-0.174846   0.0510219     36
-0.175291   0.049063     36
-0.124856   0.0510312     37
-0.125267   0.049062     37
-0.0749391   0.0490189     38
-0.0751657   0.0510275     38
-0.0246546   0.0509958     39
-0.0253988   0.0491612     39
0.0500608   0.101097     40
0.049984   0.0990735     40
0.0998375   0.101025     41
0.100195   0.0990424     41
0.149983   0.101011     42
0.150005   0.0989862     42
0.199944   0.0990384     43
0.20009   0.101057     43
0.250114   0.101104     44
0.2499   0.099094     44
0.30009   0.101105     45
0.299893   0.0990931     45
0.350007   0.101093     46
0.349969   0.0990688     46
0.400146   0.101046     47
0.399763   0.0990696     47
0.449875   0.0990574     48
0.449999   0.101077     48
0.499954   0.0990606     49
0.499934   0.101085     49
0.549928   0.101085     50
-0.450033   0.0990604     50
-0.399932   0.101069     51
-0.400158   0.0990607     51
-0.350117   0.101037     52
-0.349897   0.0990274     52
-0.300087   0.0990487     53
-0.299973   0.10107     53
-0.250086   0.10104     54
-0.249965   0.0990194     54
-0.199965   0.099032     55
-0.200083   0.101054     55
-0.149726   0.100981     56
-0.150309   0.0990709     56
-0.0998849   0.101051     57
-0.100152   0.0990494     57
-0.0501944   0.0990428     58
-0.0498363   0.101025     58
-0.000295339   0.0991402     59
0.000319503   0.101038     59
0.0748413   0.151067     60
0.0751997   0.149083     60
0.124764   0.150985     61
0.125228   0.149032     61
0.174994   0.149004     62
0.175023   0.151028     62
0.225198   0.149058     63
0.224815   0.151035     63
0.27503   0.149098     64
0.274994   0.151122     64
0.325288   0.149092     65
0.32475   0.15102     65
0.37509   0.149077     66
0.374956   0.151096     66
0.425014   0.151108     67
0.424949   0.149084     67
0.474795   0.149098     68
0.475134   0.151085     68
0.524914   0.149059     69
0.525003   0.151081     69
-0.424995   0.149042     70
0.574864   0.151061     70
-0.374826   0.149067     71
-0.375254   0.151031     71
-0.325031   0.151051     72
-0.32503   0.149026     72
-0.275193   0.151064     73
-0.274912   0.149065     73
-0.224998   0.148994     74
-0.225059   0.151018     74
-0.174826   0.149042     75
-0.175187   0.151024     75
-0.125209   0.149063     76
-0.124788   0.151029     76
-0.075036   0.151053     77
-0.0749349   0.149031     77
-0.0249254   0.151072     78
-0.0250574   0.149052     78
0.0251883   0.149119     79
0.02483   0.151102     79
0.0996744   0.201006     80
0.100279   0.199105     80
0.150095   0.19897     81
0.149913   0.200984     81
0.199999   0.201096     82
0.200012   0.199071     82
0.249845   0.199048     83
0.250083   0.201054     83
0.299585   0.200988     84
0.300389   0.199187     84
0.349915   0.19906     85
0.350054   0.20108     85
0.399841   0.201113     86
0.400089   0.199108     86
0.450017   0.199095     87
0.449921   0.201117     87
0.499884   0.199089     88
0.500022   0.201108     88
0.549733   0.201047     89
0.55016   0.199083     89
-0.400203   0.199064     90
0.600047   0.201068     90
-0.350134   0.199039     91
-0.350006   0.201059     91
-0.29983   0.201077     92
-0.30025   0.19911     92
-0.249962   0.199012     93
-0.250092   0.201031     93
-0.200072   0.201054     94
-0.199999   0.199031     94
-0.149867   0.199051     95
-0.150175   0.201045     95
-0.100203   0.201025     96
-0.0998052   0.199053     96
-0.0501482   0.19904     97
-0.0498493   0.201036     97
-0.000204045   0.201095     98
0.000129879   0.199107     98
0.04973   0.201059     99
0.0502141   0.199112     99
0.124956   0.250994     100
0.124981   0.24897     100
0.175024   0.251041     101
0.174849   0.249027     101
0.225222   0.249119     102
0.224706   0.251055     102
0.27505   0.249085     103
0.274859   0.251097     103
0.32507   0.249081     104
0.3249   0.251097     104
0.375084   0.251119     105
0.374876   0.249109     105
0.425054   0.251111     106
0.424868   0.249097     106
0.475066   0.251112     107
0.474812   0.249108     107
0.524994   0.24908     108
0.524886   0.251101     108
0.575011   0.251072     109
0.574904   0.249051     109
-0.375068   0.249043     110
0.625   0.251067     110
-0.324866   0.251043     111
-0.325174   0.249049     111
-0.275018   0.251095     112
-0.274979   0.24907     112
-0.224955   0.249014     113
-0.225051   0.251037     113
-0.174907   0.251061     114
-0.175165   0.249058     114
-0.125051   0.251039     115
-0.125025   0.249014     115
-0.0748765   0.251013     116
-0.0751842   0.249019     116
-0.0249586   0.249105     117
-0.0251222   0.251122     117
0.0249361   0.249083     118
0.0249442   0.251108     118
0.075065   0.249057     119
0.0748626   0.251069     119
0.149759   0.299037     120
0.15014   0.301014     120
0.199984   0.30106     121
0.199911   0.299037     121
0.249911   0.299053     122
0.249983   0.301076     122
0.299907   0.299039     123
0.299986   0.301062     123
0.350215   0.301068     124
0.349723   0.299124     124
0.400069   0.299092     125
0.399916   0.301109     125
0.449955   0.29913     126
0.449972   0.301154     126
0.49993   0.301104     127
0.499978   0.29908     127
0.549932   0.301093     128
0.549993   0.299069     128
0.599962   0.301056     129
0.599963   0.299031     129
-0.349771   0.299051     130
0.649705   0.300984     130
-0.300106   0.301086     131
-0.299908   0.299073     131
-0.249851   0.299046     132
-0.250194   0.301032     132
-0.200059   0.299044     133
-0.199975   0.301066     133
-0.150066   0.301093     134
-0.149994   0.29907     134
-0.100133   0.299017     135
-0.0999651   0.301033     135
-0.0499094   0.301062     136
-0.0501865   0.299062     136
2.31179e-05   0.3011     137
-8.04228e-05   0.299079     137
0.0500976   0.299068     138
0.0498126   0.301068     138
0.10029   0.299096     139
0.0996232   0.30097     139
0.174816   0.349051     140
0.175116   0.351047     140
0.224915   0.349038     141
0.224992   0.351061     141
0.275079   0.351062     142
0.274821   0.349059     142
0.324883   0.349016     143
0.325002   0.351036     143
0.375075   0.349125     144
0.374834   0.351131     144
0.42484   0.349111     145
0.425067   0.351119     145
0.474941   0.349096     146
0.474997   0.35112     146
0.52488   0.349096     147
0.525009   0.351115     147
0.574823   0.351079     148
0.575081   0.349076     148
0.625107   0.349047     149
0.624762   0.351033     149
-0.32535   0.349081     150
0.675278   0.350973     150
-0.275053   0.351081     151
-0.275011   0.349056     151
-0.225048   0.34904     152
-0.225033   0.351065     152
-0.175088   0.349068     153
-0.174955   0.351087     153
-0.124925   0.349071     154
-0.125173   0.351075     154
-0.0751183   0.349053     155
-0.0749677   0.351071     155
-0.0249912   0.351081     156
-0.025071   0.349058     156
0.0249104   0.351119     157
0.025012   0.349097     157
0.0750416   0.35103     158
0.0749015   0.349011     158
0.125188   0.350996     159
0.124754   0.349034     159
0.199779   0.399105     160
0.200254   0.401054     160
0.250102   0.401037     161
0.249904   0.399025     161
0.299818   0.399049     162
0.300152   0.401037     162
0.350375   0.400974     163
0.349571   0.399173     163
0.399746   0.399151     164
0.400221   0.401101     164
0.450294   0.40103     165
0.44968   0.399132     165
0.499712   0.399182     166
0.500292   0.401093     166
0.549968   0.401126     167
0.550011   0.399101     167
0.599903   0.399057     168
0.600051   0.401074     168
0.650106   0.400999     169
0.649829   0.398998     169
0.7001   0.401058     170
-0.300175   0.399058     170
-0.250217   0.401037     171
-0.249842   0.399058     171
-0.199932   0.401057     172
-0.200129   0.399044     172
-0.149881   0.401081     173
-0.150186   0.399086     173
-0.100024   0.401089     174
-0.100048   0.399063     174
-0.0501527   0.399064     175
-0.0498844   0.401066     175
-0.000191732   0.399091     176
0.000112578   0.401085     176
0.0501229   0.401065     177
0.0498827   0.399058     177
0.099969   0.399017     178
0.10007   0.401039     178
0.150208   0.401027     179
0.149804   0.399057     179
0.225143   0.44908     180
0.224865   0.45108     180
0.274963   0.449013     181
0.274988   0.451038     181
0.324964   0.449053     182
0.324948   0.451078     182
0.375231   0.451081     183
0.374806   0.449115     183
0.424933   0.451105     184
0.425152   0.449095     184
0.475161   0.45111     185
0.474867   0.449114     185
0.525244   0.449167     186
0.524753   0.451111     186
0.574791   0.451084     187
0.575198   0.449114     187
0.62499   0.449006     188
0.625007   0.451031     188
0.674922   0.449005     189
0.675051   0.451024     189
-0.274985   0.449056     190
0.724938   0.45108     190
-0.225123   0.449039     191
-0.224939   0.451053     191
-0.175021   0.451065     192
-0.175048   0.44904     192
-0.124975   0.44906     193
-0.125121   0.451079     193
-0.0751593   0.451065     194
-0.0749157   0.44906     194
-0.0249508   0.449092     195
-0.0251227   0.451107     195
0.0249399   0.451047     196
0.0250202   0.449025     196
0.0748456   0.451064     197
0.0751606   0.449071     197
0.125231   0.451025     198
0.124785   0.449066     198
0.175063   0.449033     199
0.174939   0.451053     199
0.250285   0.499093     200
-0.250265   -0.499005     200
0.299827   0.499046     201
-0.199819   -0.498958     201
0.350095   0.499038     202
-0.150022   -0.498947     202
-0.100073   -0.498899     203
0.400164   0.499105     203
-0.0499345   -0.498883     204
0.450022   0.499093     204
2.5569e-05   -0.498842     205
0.500055   0.499136     205
0.0501053   -0.498858     206
0.549941   0.499121     206
0.100002   -0.498926     207
0.600048   0.499052     207
0.649814   0.499051     208
0.150209   -0.498962     208
0.699923   0.499025     209
0.200049   -0.498951     209
0.249936   -0.498942     210
-0.249979   0.49904     210
-0.700058   -0.498925     211
-0.200029   0.499052     211
-0.649921   -0.498925     212
-0.150132   0.499058     212
-0.099997   0.499059     213
-0.600045   -0.49892     213
-0.549824   -0.498956     214
-0.0502176   0.499057     214
-0.50002   -0.498917     215
4.98998e-05   0.499064     215
-0.450042   -0.498926     216
0.0500516   0.499057     216
-0.400049   -0.498954     217
0.100099   0.499034     217
-0.350161   -0.498975     218
0.150232   0.499067     218
-0.299717   -0.49895     219
0.199779   0.499092     219
-0.224973   -0.448935     220
-0.225042   -0.450958     220
-0.174898   -0.45093     221
-0.17509   -0.448917     221
-0.124824   -0.448926     222
-0.125152   -0.450915     222
-0.0749016   -0.450914     223
-0.0750429   -0.448895     223
-0.0247879   -0.450843     224
-0.0251404   -0.448859     224
0.0253015   -0.450855     225
0.0247781   -0.448922     225
0.0748665   -0.448924     226
0.0752474   -0.450901     226
0.124891   -0.448967     227
0.125188   -0.450964     227
0.175177   -0.450967     228
0.174879   -0.44897     228
0.225089   -0.448905     229
0.224944   -0.450924     229
-0.724944   -0.450937     230
0.274966   -0.448914     230
-0.674981   -0.450945     231
-0.675008   -0.448921     231
-0.624844   -0.450913     232
-0.625136   -0.448916     232
-0.575011   -0.450943     233
-0.574968   -0.448918     233
-0.524847   -0.450946     234
-0.525119   -0.448946     234
-0.474789   -0.450936     235
-0.475162   -0.448957     235
-0.425129   -0.448929     236
-0.424804   -0.45092     236
-0.375204   -0.448977     237
-0.374743   -0.450931     237
-0.324796   -0.450951     238
-0.32519   -0.448977     238
-0.275017   -0.4509     239
-0.274928   -0.448878     239
-0.199878   -0.400927     240
-0.200053   -0.398912     240
-0.149937   -0.400924     241
-0.150005   -0.398901     241
-0.100167   -0.398907     242
-0.0997835   -0.400883     242
-0.0500048   -0.398859     243
-0.0499901   -0.400884     243
0.000351717   -0.400793     244
-0.000330463   -0.398925     244
0.0500076   -0.398906     245
0.0500848   -0.400929     245
0.099843   -0.398962     246
0.100196   -0.400946     246
0.150111   -0.400964     247
0.149885   -0.398956     247
0.199841   -0.400933     248
0.200179   -0.398946     248
0.249736   -0.39895     249
0.250225   -0.400894     249
0.299772   -0.398928     250
-0.699796   -0.400891     250
-0.649959   -0.400934     251
-0.65007   -0.398912     251
-0.600081   -0.398941     252
-0.599914   -0.400956     252
-0.549925   -0.400948     253
-0.550012   -0.398926     253
-0.499996   -0.400967     254
-0.499974   -0.398942     254
-0.449765   -0.398983     255
-0.450218   -0.400939     255
-0.400199   -0.398945     256
-0.399794   -0.400916     256
-0.349913   -0.400951     257
-0.350115   -0.39894     257
-0.300332   -0.400908     258
-0.299725   -0.399008     258
-0.249646   -0.400841     259
-0.250347   -0.398984     259
-0.174921   -0.348926     260
-0.175051   -0.350945     260
-0.125013   -0.348869     261
-0.125032   -0.350894     261
-0.0748861   -0.35088     262
-0.0751579   -0.34888     262
-0.0252132   -0.348888     263
-0.0248133   -0.350861     263
0.024852   -0.348871     264
0.0251464   -0.350867     264
0.0752068   -0.3509     265
0.074815   -0.348925     265
0.124851   -0.348936     266
0.125125   -0.350936     266
0.174995   -0.34895     267
0.175008   -0.350975     267
0.225011   -0.350955     268
0.224943   -0.348931     268
0.274986   -0.348895     269
0.27498   -0.35092     269
0.324892   -0.348922     270
-0.674978   -0.350942     270
-0.624787   -0.350915     271
-0.625229   -0.348955     271
-0.574906   -0.350963     272
-0.575119   -0.348953     272
-0.52519   -0.348943     273
-0.524807   -0.350919     273
-0.474954   -0.350958     274
-0.475047   -0.348936     274
-0.424804   -0.348966     275
-0.425244   -0.350927     275
-0.375062   -0.350945     276
-0.37492   -0.348927     276
-0.324972   -0.348951     277
-0.324955   -0.350976     277
-0.275185   -0.350901     278
-0.2748   -0.348924     278
-0.224864   -0.348935     279
-0.22513   -0.350938     279
-0.1499   -0.298888     280
-0.150122   -0.300896     280
-0.0999084   -0.298894     281
-0.10014   -0.300902     281
-0.0502571   -0.300862     282
-0.0497481   -0.298923     282
-0.000200123   -0.300872     283
0.000227169   -0.298907     283
0.0502255   -0.300843     284
0.0497612   -0.29889     284
0.100018   -0.300926     285
0.0999383   -0.298902     285
0.150203   -0.298978     286
0.149768   -0.30094     286
0.199943   -0.298921     287
0.200014   -0.300945     287
0.249806   -0.300905     288
0.250165   -0.298923     288
0.299848   -0.298898     289
0.300133   -0.300896     289
0.349942   -0.298877     290
-0.650014   -0.300902     290
-0.600078   -0.300963     291
-0.599974   -0.298941     291
-0.549987   -0.298927     292
-0.550082   -0.30095     292
-0.500023   -0.300972     293
-0.500012   -0.298946     293
-0.450067   -0.300968     294
-0.44995   -0.298947     294
-0.400051   -0.298931     295
-0.399952   -0.300953     295
-0.350047   -0.298957     296
-0.349964   -0.30098     296
-0.299906   -0.298922     297
-0.3001   -0.300934     297
-0.250221   -0.29895     298
-0.249754   -0.300903     298
-0.200014   -0.298931     299
-0.199927   -0.300953     299
-0.125166   -0.250893     300
-0.124752   -0.248925     300
-0.0749685   -0.250929     301
-0.0749923   -0.248904     301
-0.0250088   -0.250894     302
-0.0249829   -0.248869     302
0.0247902   -0.248855     303
0.0251951   -0.250826     303
0.0752938   -0.250855     304
0.0747018   -0.248948     304
0.12484   -0.248949     305
0.125181   -0.250936     305
0.174923   -0.250918     306
0.175104   -0.248904     306
0.224971   -0.248907     307
0.225014   -0.250932     307
0.275142   -0.250895     308
0.274842   -0.2489     308
0.324962   -0.248882     309
0.325009   -0.250906     309
0.37495   -0.248887     310
-0.625007   -0.250911     310
-0.575186   -0.250925     311
-0.574815   -0.248945     311
-0.524886   -0.250943     312
-0.525131   -0.248938     312
-0.475188   -0.248987     313
-0.474804   -0.250963     313
-0.425193   -0.24895     314
-0.424805   -0.250925     314
-0.374938   -0.250974     315
-0.375087   -0.248955     315
-0.324948   -0.248941     316
-0.32508   -0.25096     316
-0.274876   -0.248914     317
-0.275119   -0.250919     317
-0.224838   -0.248956     318
-0.225118   -0.250956     318
-0.175193   -0.250894     319
-0.174777   -0.248927     319
-0.0997051   -0.20088     320
-0.10032   -0.198983     320
-0.0500189   -0.200916     321
-0.0499854   -0.19889     321
1.60262e-05   -0.198831     322
-3.25539e-05   -0.200855     322
0.0501716   -0.200874     323
0.0497956   -0.198896     323
0.100051   -0.200984     324
0.0999447   -0.198962     324
0.150025   -0.200977     325
0.149968   -0.198953     325
0.199833   -0.200886     326
0.200185   -0.198902     326
0.250016   -0.200898     327
0.249978   -0.198873     327
0.29993   -0.200893     328
0.300013   -0.19887     328
0.350018   -0.20091     329
0.350013   -0.198885     329
0.399876   -0.198923     330
-0.599862   -0.200925     330
-0.549968   -0.200911     331
-0.550031   -0.198888     331
-0.50019   -0.198954     332
-0.499838   -0.200938     332
-0.450219   -0.200949     333
-0.449783   -0.198987     333
-0.400014   -0.200964     334
-0.400021   -0.198939     334
-0.34983   -0.200957     335
-0.35023   -0.198984     335
-0.300057   -0.198923     336
-0.299974   -0.200947     336
-0.25026   -0.198974     337
-0.249763   -0.200917     337
-0.199928   -0.200951     338
-0.200103   -0.198936     338
-0.149718   -0.200865     339
-0.150293   -0.198951     339
-0.075034   -0.150946     340
-0.0750183   -0.148922     340
-0.0250441   -0.14887     341
-0.0250143   -0.150895     341
0.0252321   -0.15083     342
0.0247159   -0.148894     342
0.0752383   -0.150923     343
0.0747186   -0.148989     343
0.124804   -0.150985     344
0.125177   -0.149007     344
0.174918   -0.150937     345
0.175088   -0.148921     345
0.225025   -0.148897     346
0.224992   -0.150921     346
0.275005   -0.148857     347
0.275009   -0.150882     347
0.325056   -0.150901     348
0.324949   -0.14888     348
0.375051   -0.148901     349
0.37499   -0.150925     349
0.425264   -0.148951     350
-0.575238   -0.150891     350
-0.524971   -0.148907     351
-0.525006   -0.150932     351
-0.474792   -0.14896     352
-0.47517   -0.150937     352
-0.424975   -0.148923     353
-0.425061   -0.150947     353
-0.375106   -0.150952     354
-0.374941   -0.148935     354
-0.325163   -0.150982     355
-0.32491   -0.148977     355
-0.275271   -0.148974     356
-0.274828   -0.150934     356
-0.224908   -0.150965     357
-0.225167   -0.148963     357
-0.174919   -0.148917     358
-0.175124   -0.150928     358
-0.125129   -0.148902     359
-0.124932   -0.150915     359
-0.0497858   -0.0989539     360
-0.0502954   -0.100892     360
8.19277e-05   -0.0988862     361
-0.000153074   -0.100893     361
0.0501888   -0.10092     362
0.0497354   -0.0989638     362
0.100069   -0.100998     363
0.0998721   -0.098986     363
0.149893   -0.100986     364
0.15005   -0.0989692     364
0.200112   -0.0989081     365
0.199877   -0.100915     365
0.249789   -0.100891     366
0.250206   -0.0989238     366
0.300086   -0.0988475     367
0.299927   -0.100864     367
0.350128   -0.100893     368
0.349915   -0.098883     368
0.400064   -0.0989342     369
0.399938   -0.100954     369
-0.549993   -0.100922     370
0.449923   -0.0988996     370
-0.500093   -0.0989128     371
-0.499913   -0.100927     371
-0.449899   -0.0989236     372
-0.450137   -0.10093     372
-0.400096   -0.0989346     373
-0.399983   -0.100955     373
-0.349944   -0.100946     374
-0.350145   -0.0989349     374
-0.300169   -0.100949     375
-0.299965   -0.098938     375
-0.250194   -0.100976     376
-0.249908   -0.0989772     376
-0.199592   -0.0990855     377
-0.200474   -0.100838     377
-0.150028   -0.0989098     378
-0.150052   -0.100935     378
-0.100101   -0.0989192     379
-0.100005   -0.100941     379
-0.0251732   -0.0508963     380
-0.0248275   -0.048911     380
0.0251774   -0.0508548     381
0.0247956   -0.0488783     381
0.0749122   -0.0489647     382
0.0750882   -0.0509795     382
0.124968   -0.051028     383
0.125003   -0.0490035     383
0.174717   -0.0509251     384
0.175293   -0.049012     384
0.224944   -0.0509354     385
0.225064   -0.0489153     385
0.274963   -0.0488687     386
0.275029   -0.050892     386
0.324844   -0.0488878     387
0.325135   -0.050885     387
0.374958   -0.0489357     388
0.375051   -0.050958     388
0.425133   -0.0489469     389
0.424823   -0.0509398     389
0.474933   -0.0489114     390
-0.524997   -0.050935     390
-0.475039   -0.0489206     391
-0.475018   -0.0509457     391
-0.42502   -0.0489086     392
-0.425049   -0.0509337     392
-0.375123   -0.0489208     393
-0.374974   -0.0509384     393
-0.325075   -0.0489186     394
-0.325008   -0.050942     394
-0.275433   -0.0490828     395
-0.274601   -0.050867     395
-0.225138   -0.0489827     396
-0.224932   -0.0509942     396
-0.175228   -0.0509233     397
-0.174814   -0.0489553     397
-0.125044   -0.0489091     398
-0.124986   -0.0509341     398
-0.0750751   -0.0509837     399
-0.0749717   -0.0489624     399
