0.01    0.96495365860985059   0.00086682615778909538
0.005   0.9817308625159171   0.00076663267061043027
0.002   0.98825875035402086   0.00097545160823298825
0.0015  1.0073753156155539   0.0010926621517658069
0.00125 1.0450329321020035   0.0016327336260053393
0.0011  1.1656632049189312   0.0067533993043995733
0.00105 1.3277756522872693   0.013747538881895844
0.001   1.7650359794316729   0.016133412355922034
0.00097 2.2068282244863748   0.017901900135527868
0.00095 2.4344599496981848   0.02043576462849856
0.0009  2.2251481547799458   0.046336894996098393
0.00087 2.1356618761188293   0.050807679906987665
0.00085 1.7290941348042832   0.034201166357687791
0.0008  1.5652120065490217   0.0055275728483637
0.00075 1.4927803484978439   0.0067092167982121324
0.0007  1.9138139803986025   0.1534474542595135
0.00065 10.478639694728771   0.15528031286899647
0.0006  13.185502937565179   0.18662368450590402
0.0005  2.640812698658124   0.42865518121405587
0.0004   1.0034795060454016   0.0010582706395217962
0.0003  0.99585979553593376   0.0008123173018085085
0.0001  0.99379230888985153   0.00064823061000728104
0.00001 0.99393449914941793   0.00067797175967570937
0.000001    0.99363717254163927   0.00088064949368151516
0.0000001   0.98872021681017963   0.00467886381849269
