0.42972788892272645   5.3240514490882328  0.0044644928947342794
0.85945577784545291   2.72634157673257  0.0042487537684199844
1.2891836667681793   0.55263399148579144  0.002075420213637785
1.7189115556909058   0.022689243309386777  0.00017462858628049698
2.1486394446136323   0.0022735003944790535  0.00012492914393136259
2.5783673335363586   0.038301988320680596  0.00047259986134334601
3.0080952224590853   0.10536870630889795  0.0007794287639491817
3.4378231113818116   0.07734732792880763  0.001825333576226085
3.8675510003045379   0.036522203049113768  0.00078358564537796795
4.2972788892272646   0.92706114186445859  0.0043101595645254506
4.7270067781499909   0.044670366747691102  0.0010024929749370681
5.1567346670727172   0.26129112545241813  0.0024319869555992074
5.5864625559954435   2.0491040943013885  0.0060879316935819446
6.0161904449181707   0.020614671538199452  0.00039568818223972024
6.445918333840897   0.0099811460011393762  0.00013372334757708592
6.8756462227636232   0.011001006214188641  0.0001260487996092027
7.3053741116863495   0.049473544769467757  0.00038422081466354456
7.7351020006090758   0.0749225474018239  0.0018011063881703999
8.1648298895318021   0.052014231328273487  0.0018836624468589664
8.5945577784545293   0.3580591366555696  0.0015146800724139496
9.0242856673772547   0.017824967531110382  0.00011647660441271065
9.4540135562999819   0.031594238889701463  0.00061019696937249884
9.883741445222709   0.04427314243550661  0.0009762865270373526
10.313469334145434   0.10673381666517015  0.00087427532667650005
10.743197223068162   0.19087267078487547  0.001247781117270063
11.172925111990887   0.0081960872539878295  0.00013603062807055718
11.602653000913614   0.048273136872709752  0.00037260995647338941
12.032380889836341   0.050335140585331332  0.0013485178894834144
12.462108778759067   0.078042384987510734  0.0014166663058589488
12.891836667681794   1.01647620812846  0.0049025832016596603
13.321564556604519   0.056331010630771375  0.0011673122600613162
13.751292445527246   0.11822406011808955  0.0010551328123737894
14.181020334449974   0.069909115455865216  0.0015089213950083286
14.610748223372699   0.078617060712942655  0.00057599749003361264
15.040476112295426   0.059416392200820348  0.00036554556012392935
15.470204001218152   0.013337720389962082  0.00019955833352352389
15.899931890140879   0.031942623042011111  0.00028814394276477284
16.329659779063604   2.1906091028477596  0.0058753226860724638
16.759387667986331   1.4426854271417276  0.0091244567322527329
17.189115556909059   0.8523390547609724  0.0037659109994038248
17.618843445831786   0.047092778606907389  0.00057800295727454472
18.048571334754509   0.024272323267513176  0.0002331344541814836
18.478299223677237   0.092662286600911953  0.0011571816977748627
18.908027112599964   0.38765156763278386  0.0015942807557341006
19.337755001522691   0.37913803418085099  0.002551130321271826
19.767482890445418   0.061527669649210594  0.00031228051518638844
20.197210779368142   0.39496068692050283  0.0023628790540958987
20.626938668290869   1.1698708040892054  0.0046253125000890707
21.056666557213596   1.0218388965941211  0.004345443495653173
21.486394446136323   3.1283996777167677  0.010857484945941947
21.91612233505905   3.5663870179310455  0.0084965648887494998
22.345850223981774   0.4915706845008403  0.0035746226920513045
22.775578112904501   0.3260576850447454  0.0010884094102079109
23.205306001827228   0.17285065837732118  0.00076800632189248775
23.635033890749956   0.048890057086367212  0.00020406705768952762
24.064761779672683   0.031292740161889624  0.00014068185591135987
24.494489668595406   0.03786170408144359  0.00018512733122422778
24.924217557518134   0.099138419575064844  0.00066810316817059684
25.353945446440861   0.11684134254539837  0.0010701217553850951
25.783673335363588   0.29782248621105566  0.0016519282533161414
26.213401224286315   0.13661276914882547  0.00034451177915563889
26.643129113209039   0.04166555139947029  0.00010224004606274698
27.072857002131766   0.073474017133558242  0.00063908180753421143
27.502584891054493   0.96300965201222986  0.0048016393870453776
27.93231277997722   0.078156344020777874  0.00071219281350541152
28.362040668899947   0.044991020017112319  0.00063234470850429638
28.791768557822671   0.023741551293866484  0.00013033392997124212
29.221496446745398   0.073168311127006645  0.00060855229777517607
29.651224335668125   0.5123191982313777  0.0031163392797151476
30.080952224590852   1.0212443789723084  0.0068782663136673741
30.51068011351358   0.56324721370839177  0.0028213723368032998
30.940408002436303   0.4748000767324593  0.0031663090245019993
31.37013589135903   0.1493210238081485  0.0019996595257935476
31.799863780281758   0.086696467294326522  0.00049149719729323294
32.229591669204481   0.14224993303009632  0.0010065441366218177
32.659319558127208   0.43043361185621853  0.0024531578606525679
33.089047447049936   0.2755896373433592  0.0014888564770981056
33.518775335972663   0.11431714580917919  0.001509985403666836
33.94850322489539   0.32105232225363686  0.0020921277584590841
34.378231113818117   0.46397598905339666  0.0031133333747602432
34.807959002740844   0.27958477524874409  0.0018312311430463113
35.237686891663571   0.11839783128780977  0.00047669448261351737
35.667414780586299   0.07143823527314138  0.00020689973502068509
36.097142669509019   0.073828627161087805  0.00069416515523633173
36.526870558431746   0.14589366920478811  0.0016616291533511882
36.956598447354473   0.14798899479206701  0.00086291416839241623
37.3863263362772   0.081306432303621433  0.00044146305949489418
37.816054225199927   0.12899506228119196  0.00057950357038106767
38.245782114122655   2.0429624271446233  0.0064089951269345759
38.675510003045382   5.9804670784401691  0.032982091198534449
39.105237891968109   1.7891963088844377  0.0091683884336284953
39.534965780890836   0.42708483126592234  0.0015740882587937962
39.964693669813563   0.42599076274517852  0.0013594488922417242
40.394421558736283   0.66719364325903813  0.0018077992841981144
40.824149447659011   0.47044662898634953  0.0019418824475588593
41.253877336581738   0.18332136892123152  0.0014709560964686765
41.683605225504465   0.1112499004691318  0.0010987783837836558
42.113333114427192   0.11626510762520529  0.00057783679648889313
42.543061003349919   0.23922998422019987  0.00079952562318781368
42.972788892272646   1.149623689496009  0.0052777788574828066
