0.0064796213473364795   0   0   
0.019438864042009438   0   0   
0.032398106736682399   0   0   
0.045357349431355359   0   0   
0.058316592126028313   0   0   
0.071275834820701281   0   0   
0.084235077515374235   0   0   
0.097194320210047189   0   0   
0.11015356290472016   0   0   
0.12311280559939311   0   0   
0.13607204829406608   0   0   
0.14903129098873902   0   0   
0.16199053368341199   0   0   
0.17494977637808495   0   0   
0.18790901907275789   0   0   
0.20086826176743086   0   0   
0.21382750446210383   0   0   
0.2267867471567768   0   0   
0.23974598985144974   0   0   
0.2527052325461227   0   0   
0.26566447524079567   7.3010473330066775e-07   3.3007644564240828e-07   
0.27862371793546864   0.012903769181276936   3.562827639629053e-05   
0.29158296063014155   3.3972848675738582   0.00059872137821357734   
0.30454220332481452   21.566037114689903   0.00086359447012346918   
0.31750144601948749   9.6583710486719526   0.0010632922381811307   
0.33046068871416046   0.4424752350939928   0.00022660421842132645   
0.34341993140883342   0.0028906361703084061   1.25062910830708e-05   
0.35637917410350639   4.7169190648394656e-06   4.837865707527657e-07   
0.36933841679817936   0   0   
0.38229765949285227   0   0   
0.39525690218752524   0   0   
0.40821614488219821   0   0   
0.42117538757687117   0   0   
0.43413463027154414   0   0   
0.44709387296621711   0   0   
0.46005311566089002   0   0   
0.47301235835556299   0   0   
0.48597160105023596   0   0   
0.49893084374490893   0   0   
0.51189008643958189   0   0   
0.52484932913425486   0   0   
0.53780857182892783   0   0   
0.5507678145236008   0   0   
0.56372705721827376   0   0   
0.57668629991294673   0   0   
0.58964554260761959   0   0   
0.60260478530229256   0   0   
0.61556402799696552   0   0   
0.62852327069163849   0   0   
0.64148251338631146   0   0   
0.65444175608098443   0   0   
0.66740099877565739   0   0   
0.68036024147033036   0   0   
0.69331948416500333   0   0   
0.7062787268596763   0   0   
0.71923796955434927   0   0   
0.73219721224902223   0   0   
0.7451564549436952   0   0   
0.75811569763836806   0   0   
0.77107494033304103   0   0   
0.78403418302771399   0   0   
0.79699342572238696   0   0   
0.80995266841705993   0   0   
0.8229119111117329   0   0   
0.83587115380640586   0   0   
0.84883039650107883   0   0   
0.8617896391957518   0   0   
0.87474888189042477   0   0   
0.88770812458509774   0   0   
0.9006673672797707   0   0   
0.91362660997444356   0   0   
0.92658585266911653   0   0   
0.9395450953637895   0   0   
0.95250433805846246   0   0   
0.96546358075313543   0   0   
0.9784228234478084   0   0   
0.99138206614248137   0   0   
1.0043413088371542   0   0   
1.0173005515318272   0   0   
1.0302597942265002   0   0   
1.0432190369211731   0   0   
1.0561782796158461   0   0   
1.0691375223105191   0   0   
1.082096765005192   4.5807635628910824e-07   9.4121060981214131e-08   
1.095056007699865   1.7870045372332188e-05   9.2673443292063356e-07   
1.108015250394538   0.00038554748340670517   4.3115774591231026e-06   
1.1209744930892109   0.0049631905487698066   1.3648664895773599e-05   
1.1339337357838839   0.039441882002099204   7.6436369658470463e-05   
1.1468929784785569   0.19668424690020362   0.00026874695643965998   
1.1598522211732298   0.63491865929094261   0.00067112517962390046   
1.1728114638679028   1.3814259946391434   0.00084956885861574764   
1.1857707065625758   2.1532695727650327   0.00049140745925083547   
1.1987299492572487   2.6189950576855735   0.00055760331815456189   
1.2116891919519217   2.7540669118683346   0.00070195420109924977   
1.2246484346465947   2.7360232855893735   0.00060071894196964476   
1.2376076773412676   2.6823475382980586   0.00066573606674150118   
1.2505669200359406   2.6246474858462032   0.00094632008409708673   
1.2635261627306136   2.5635847127933292   0.0013185485526023314   
1.2764854054252865   2.4938873084939655   0.0016840833976061453   
1.2894446481199595   2.4103635273456691   0.0017482741420043517   
1.3024038908146325   2.3237202674259284   0.0014776212199274158   
1.3153631335093054   2.2499515414449707   0.00094919286081060509   
1.3283223762039782   2.2025436002057362   0.00027304249472800563   
1.3412816188986512   2.1864585379678985   0.00051532580000445468   
1.3542408615933241   2.193816713756002   0.0011431002446912906   
1.3672001042879971   2.2165480932670985   0.0014742495397742052   
1.3801593469826701   2.2457581233106406   0.0019596115151270498   
1.393118589677343   2.276778304474354   0.0020607288811597455   
1.406077832372016   2.3151360214168943   0.0018911926267869555   
1.419037075066689   2.3799710801975435   0.001625030788341531   
1.4319963177613619   2.5013327588781787   0.0012602026651539778   
1.4449555604560349   2.7158248188384504   0.0011604086967760113   
1.4579148031507079   3.0273163134806555   0.001185887931393625   
1.4708740458453808   3.315228342500481   0.0010497880445702847   
1.4838332885400538   3.3489894597863014   0.00060180853398646398   
1.4967925312347268   3.034656805390878   0.00070161457911201043   
1.5097517739293997   2.5608093960227003   0.0011835589276748506   
1.5227110166240727   2.1678548803417046   0.0015037525944909042   
1.5356702593187457   1.9162654888890456   0.0014239153041872852   
1.5486295020134186   1.7459710987969134   0.0012825389529777431   
1.5615887447080916   1.6037322611217648   0.0013237373730342168   
1.5745479874027646   1.4737444235640009   0.0011482199991094623   
1.5875072300974375   1.3545631213026058   0.00092658746345155718   
1.6004664727921105   1.2499682159523006   0.00055772677768500068   
1.6134257154867835   1.1611636091803571   0.00026183601376649341   
1.6263849581814565   1.0845637725016673   0.00044858442514547463   
1.6393442008761294   1.0152854351650929   0.00061272121548895821   
1.6523034435708024   0.94864965667083276   0.00053593791922397344   
1.6652626862654751   0.88139530667399836   0.0003296218314229578   
1.6782219289601481   0.81398649993682782   0.00018183123793029958   
1.6911811716548211   0.74808865661812809   0.00027383940318868658   
1.704140414349494   0.68960582991351   0.0004840019002832126   
1.717099657044167   0.64582694729649296   0.00060093063540649406   
1.73005889973884   0.62256153902971899   0.00066352839379549778   
1.7430181424335129   0.61702111245225926   0.00057996467832041184   
1.7559773851281859   0.6115383097641263   0.00044293347246114685   
1.7689366278228589   0.5718522537891298   0.00058632275473750984   
1.7818958705175318   0.46831057700498425   0.00090828062162064025   
1.7948551132122048   0.311859666133603   0.00083052539843564809   
1.8078143559068778   0.15908795759834594   0.00050805991570642772   
1.8207735986015507   0.059484650330497765   0.00019434269935160221   
1.8337328412962237   0.015901950258286805   6.5692340111916734e-05   
1.8466920839908967   0.002993441076822822   1.7756085891805538e-05   
1.8596513266855697   0.00039546180824050775   4.3592651503191345e-06   
1.8726105693802426   3.8819059547231547e-05   1.1247555461514416e-06   
1.8855698120749156   2.5716747478803591e-06   1.2664656253554912e-07   
1.8985290547695886   2.0432965232305379e-07   7.3372202951062923e-08   
1.9114882974642615   0   0   
1.9244475401589345   0   0   
1.9374067828536075   0   0   
1.9503660255482804   0   0   
1.9633252682429534   0   0   
1.9762845109376264   0   0   
1.9892437536322993   0   0   
2.0022029963269721   0   0   
2.0151622390216453   5.3473194114554094e-08   2.3913939402836926e-08   
2.028121481716318   3.5066798159595438e-07   9.1067129758563222e-08   
2.0410807244109912   2.7347379763385509e-06   2.4559221161187909e-07   
2.0540399671056639   1.8980419896311681e-05   3.4532341692255076e-07   
2.0669992098003371   0.00010187669359537229   1.7826493231264678e-06   
2.0799584524950099   0.00043709871759980458   3.4445987713503031e-06   
2.0929176951896831   0.0015630603023936151   9.0196098433528481e-06   
2.1058769378843558   0.004784237035800923   3.2967434549049748e-05   
2.118836180579029   0.012670435014811481   7.4280690327124492e-05   
2.1317954232737018   0.029654745568368772   0.00013587120648844151   
2.1447546659683749   0.062407426243627441   0.00021672364746524864   
2.1577139086630477   0.11976669105575831   0.00034274866945347558   
2.1706731513577204   0.21109207465904688   0.00050355152565193123   
2.1836323940523936   0.34259119546932662   0.00064741860426467998   
2.1965916367470664   0.51328651920125517   0.00069664668609550984   
2.2095508794417396   0.71265322970208632   0.00051974641063237506   
2.2225101221364123   0.92213016622258051   0.00019510277974659715   
2.2354693648310855   1.1186935342066489   0.0004600647118630762   
2.2484286075257582   1.2782598132959063   0.00086666138945250255   
2.2613878502204314   1.3834196806174489   0.0010275546751713107   
2.2743470929151042   1.430351159821293   0.00095230034544663869   
2.2873063356097774   1.4293151008983816   0.00082170431116389452   
2.3002655783044501   1.3985711617258559   0.00060898717503391065   
2.3132248209991233   1.3566285702908224   0.00053038205020481927   
2.326184063693796   1.3154733368290358   0.00038339564125113518   
2.3391433063884692   1.280679142544961   0.00039359341380668097   
2.352102549083142   1.2547363154341309   0.0004805129454468011   
2.3650617917778152   1.2380142598780073   0.00047074707032196099   
2.3780210344724879   1.2296505381404073   0.00046172510998744951   
2.3909802771671611   1.2301744398755099   0.00029537552004177226   
2.4039395198618339   1.2408629568922942   0.00032280570366085834   
2.416898762556507   1.2623975382857358   0.00047995497186049405   
2.4298580052511798   1.2975796191683553   0.00058111240850698148   
2.442817247945853   1.3486770031273206   0.00068415962993784955   
2.4557764906405257   1.4162569636657592   0.00074063403655840687   
2.4687357333351989   1.4977717705745587   0.00071634839011917955   
2.4816949760298717   1.5844391971441181   0.0006752642384531592   
2.4946542187245444   1.6674508110606111   0.00074376027877120348   
2.5076134614192176   1.7389073526787496   0.00055898910498249882   
2.5205727041138903   1.7972693714890927   0.00041456222970723891   
2.5335319468085635   1.8418413768563537   0.00039858965149191085   
2.5464911895032363   1.8673067140878497   0.00042004737222475333   
2.5594504321979095   1.8668741422574386   0.00048232491898727941   
2.5724096748925822   1.8407344563323611   0.00060315968635954634   
2.5853689175872554   1.797624113613925   0.00063018480456186218   
2.5983281602819281   1.7528881700554182   0.0004497371436076667   
2.6112874029766013   1.7171287757525958   0.00038882769651004308   
2.6242466456712741   1.6948104335252496   0.00043981846165747274   
2.6372058883659473   1.6826793763228624   0.00053069901581155925   
2.65016513106062   1.6726905868552428   0.00057095042404967136   
2.6631243737552932   1.6529623066669406   0.00047439032337164678   
2.676083616449966   1.620459112685276   0.00048103706898254926   
2.6890428591446391   1.637889113840978   0.00038534121835699124   
2.7020021018393119   1.7777244720599913   0.00032430941981424873   
2.7149613445339851   1.8392772238081942   0.00031293668161514722   
2.7279205872286578   1.8123836609570106   0.00047509051190303839   
2.740879829923331   1.7552422221671268   0.00062698476943508067   
2.7538390726180038   1.6875015799593289   0.00081071991169077348   
2.7667983153126769   1.6195560027288931   0.00088113253668213331   
2.7797575580073497   1.5576635930119065   0.00064754416463487454   
2.7927168007020229   1.5054228664507454   0.00046677913093393645   
2.8056760433966956   1.4629550952389581   0.0003739840999575295   
2.8186352860913688   1.428463488226438   0.00041982863139590469   
2.8315945287860416   1.3957556072646364   0.00056023891978066677   
2.8445537714807143   1.3572204837971954   0.00061130442545486989   
2.8575130141753875   1.3093261355477825   0.00056119978778949119   
2.8704722568700602   1.2534687648350585   0.00032893581032925595   
2.8834314995647334   1.1949987765735179   0.00022250918902556784   
2.8963907422594062   1.1382188221257189   0.00026914015373545633   
2.9093499849540794   1.0847737339990599   0.00030536719268975895   
2.9223092276487521   1.0320615963950637   0.00034639546550245814   
2.9352684703434253   0.9762606714347529   0.00029111832776494166   
2.9482277130380981   0.91304373959363693   0.00026141807429970676   
2.9611869557327712   0.84127319662877707   0.00019738742259708353   
2.974146198427444   0.76392277151041742   0.00011160512411884309   
2.9871054411221172   0.68678592135133694   9.2804840554432238e-05   
3.0000646838167899   1.0605886114286716   0.0002962253338503209   
3.0130239265114631   1.3342186446280267   0.00048068939066153492   
3.0259831692061359   1.1642941540071392   0.00050995528753129471   
3.038942411900809   1.0189306840890871   0.00042914415879116515   
3.0519016545954818   0.89331559356509237   0.00037396519365557027   
3.064860897290155   0.78316562663608876   0.00033624374148528416   
3.0778201399848277   0.68586261913146097   0.00032830772483771476   
3.0907793826795009   0.59760110655780987   0.00024498672542875362   
3.1037386253741737   0.51703241103845336   0.00022673202136726231   
3.1166978680688469   0.44213483393343754   0.00013835619666612132   
3.1296571107635196   0.37190212695972059   0.00018847871198195932   
3.1426163534581928   0.30711502864512051   0.00013407788031975984   
3.1555755961528655   0.24899382683573069   0.00017852485760005423   
3.1685348388475383   0.19935272645368501   0.00019385793125917022   
3.1814940815422115   0.15851837176541583   0.00021578989446297561   
3.1944533242368842   0.1257988067176308   0.00022385045440841526   
3.2074125669315574   0.099631100450435547   0.00024415649844428604   
3.2203718096262302   0.078155142540770501   0.00026805115351670139   
3.2333310523209033   0.059649429905567254   0.00027045467806607547   
3.2462902950155761   0.04327773302342826   0.00025705009970770121   
3.2592495377102493   0.029105034109786686   0.00021950931649776303   
3.272208780404922   0.017923673942024144   0.00016941297100949066   
3.2851680230995952   0.010243511493021686   0.00010386680157110059   
3.298127265794268   0.0063469198197425483   6.7389128372990676e-05   
3.3110865084889411   0.0044163400305630232   4.8192399995187234e-05   
3.3240457511836139   0.0019509483273116009   1.8375618356250582e-05   
3.3370049938782871   0.0012568980600025499   9.6944512990243401e-06   
3.3499642365729598   0.0025337549643329158   1.6255626302997058e-05   
3.362923479267633   0.0062318060594291976   3.5608635697178617e-05   
3.3758827219623058   0.014082441493219189   7.3916738227741083e-05   
3.388841964656979   0.029024608230191067   0.00011626526725225757   
3.4018012073516517   0.054655662276659868   0.00019957523346508638   
3.4147604500463249   0.095062709396323717   0.00028097602867269766   
3.4277196927409976   0.15382919979093424   0.00037909797716827933   
3.4406789354356708   0.23360015288784588   0.0004786990239453982   
3.4536381781303436   0.33506547384315187   0.00049831426662742299   
3.4665974208250168   0.4574910694669581   0.00046217299266222098   
3.4795566635196895   0.59725620133629774   0.00038646450360232505   
3.4925159062143623   0.74914654698896616   0.00013471966104933419   
3.5054751489090354   0.90696089807548438   0.00030641621349668932   
3.5184343916037082   1.0636238911606838   0.00079086117735210261   
3.5313936342983814   1.2115769430228176   0.0011108697755339551   
3.5443528769930541   1.3439961613755223   0.0013675984842065059   
3.5573121196877273   1.4554530384745154   0.0014913789452248833   
3.5702713623824001   1.5423258207407219   0.0015059578881745156   
3.5832306050770732   1.6043516343258487   0.0013295023522468367   
3.596189847771746   1.6443205095383933   0.001009568197311073   
3.6091490904664192   1.6662098478356015   0.00087768723511157419   
3.6221083331610919   1.6734916679442063   0.00073715879275871834   
3.6350675758557651   1.6720593336449613   0.00056404459276829374   
3.6480268185504379   1.6663041054915681   0.00055009699759716934   
3.6609860612451111   1.6619980176067627   0.00044905726747547873   
3.6739453039397838   1.6631001975677581   0.00052579420615809053   
3.686904546634457   1.673197615247524   0.00052832115509471594   
3.6998637893291297   1.6936392188152019   0.00068539840838447539   
3.7128230320238029   1.7241928569681868   0.00092169966445216113   
3.7257822747184757   1.7633603422070275   0.00098794112086562827   
3.7387415174131489   1.8078561366909696   0.0010254954418079238   
3.7517007601078216   1.8528487442048743   0.0011012342115240441   
3.7646600028024948   1.8933408193966346   0.0010233875375190897   
3.7776192454971675   1.9248103255526879   0.00090352634940913525   
3.7905784881918407   1.9425772462884234   0.00073669729238283947   
3.8035377308865135   1.9443365944575631   0.00066320244541367819   
3.8164969735811862   1.9275485227221232   0.00051904097759065578   
3.8294562162758594   1.8919916199395194   0.00053829782932597955   
3.8424154589705322   1.837699331817752   0.0004792485073757821   
3.8553747016652054   1.7679184292533308   0.00036848705854420968   
3.8683339443598781   1.6878254319559571   0.00032289420548468564   
3.8812931870545513   1.6043619562057212   0.00057044150883804876   
3.894252429749224   1.5252627777505058   0.0006845528374144284   
3.9072116724438972   1.4565441051402412   0.00077938684457783947   
3.92017091513857   1.4011597966568245   0.00077167892128274783   
3.9331301578332432   1.3599066560869468   0.00072358981008566097   
3.9460894005279159   1.3293871550649068   0.00062527238781041417   
3.9590486432225891   1.3059981389233483   0.00061571922897269669   
3.9720078859172618   1.2877027189624581   0.00056905587334522148   
3.984967128611935   1.272772025572568   0.000453950918444459   
3.9979263713066078   1.2596338382469129   0.00046964452235679874   
4.010885614001281   1.2445163145350876   0.00050242459101094315   
4.0238448566959537   1.2238592799133525   0.00039537513854054739   
4.0368040993906265   1.1944163877184399   0.0003162868351261482   
4.0497633420853001   1.154003037196033   0.00032290157148369999   
4.0627225847799728   1.1029196755581471   0.00037451585006803337   
4.0756818274746456   1.0433695439301136   0.00050562816804736281   
4.0886410701693183   0.97767281438334149   0.00066488847916295901   
4.101600312863992   0.90899542950283814   0.00072751730698657269   
4.1145595555586647   0.84077545403682358   0.00077600452317944278   
4.1275187982533375   0.77652575731171933   0.00068478248348438535   
4.1404780409480102   0.72170159407879393   0.00059852807404452584   
4.1534372836426829   0.68730279676303249   0.00054865945202306048   
4.1663965263373566   0.6871838207049447   0.00051822880117941385   
4.1793557690320293   0.72737601043985153   0.00049218836112365718   
4.1923150117267021   0.79572818435602773   0.00049900015066762068   
4.2052742544213748   0.87054652120554514   0.00043433720212254063   
4.2182334971160484   0.93666806902688137   0.00039926997435603955   
4.2311927398107212   0.98592429317908552   0.00043527305081637563   
4.2441519825053939   1.0140201085096816   0.00044703395453754543   
4.2571112252000667   1.0194449106655457   0.00064570851515977916   
4.2700704678947403   1.0070029463941276   0.00081450886634774826   
4.2830297105894131   0.98147847353483918   0.001043249353969882   
4.2959889532840858   0.94651661422567826   0.0011248607442064195   
4.3089481959787586   0.90481520401061661   0.0011186835300536998   
4.3219074386734322   0.8586332764013344   0.0010246950171869583   
4.3348666813681049   0.81031865565836147   0.00084193683850289959   
4.3478259240627777   0.76236895574982649   0.00056074863718819645   
4.3607851667574504   0.71652342341163411   0.00037593916599047923   
4.3737444094521241   0.67382670975145332   0.00025781622094024387   
4.3867036521467968   0.63457311061682604   0.00027486480757547324   
4.3996628948414696   0.59911681072101483   0.00032453642834962724   
4.4126221375361423   0.56802496876099907   0.0004364375206271459   
4.4255813802308159   0.54225399069976676   0.00049651717496134339   
4.4385406229254887   0.52310539158903254   0.00054852969199082404   
4.4514998656201614   0.51195342109004353   0.00059696931460522544   
4.4644591083148342   0.50882077478376294   0.00061665091306950814   
4.4774183510095078   0.5089396571866939   0.00065005650323361106   
4.4903775937041805   0.50395024308269699   0.00062132982932006243   
4.5033368363988533   0.4863833882740925   0.0004980304116179979   
4.516296079093526   0.45582010372504144   0.00029870302453500008   
4.5292553217881988   0.41657725115695423   0.00015602374917980631   
4.5422145644828724   0.37297322857949837   0.00011252292425668148   
4.5551738071775452   0.32967809972058744   0.00022781210818609327   
4.5681330498722179   0.29148484642230425   0.00030737904500246046   
4.5810922925668907   0.26220683555384851   0.0003548111419404227   
4.5940515352615643   0.24401821510935624   0.00030280527535579598   
4.607010777956237   0.23782445787574131   0.00029332418746604774   
4.6199700206509098   0.24364579459555616   0.00022161702685252122   
4.6329292633455825   0.26085900749681529   0.00017726689538959816   
4.6458885060402562   0.28792394218922558   0.0001999484618728348   
4.6588477487349289   0.32279121657913806   0.00030751882300627875   
4.6718069914296017   0.36324713200959471   0.00041450770444283302   
4.6847662341242744   0.40708785539120669   0.00051735813761052644   
4.697725476818948   0.45272446968018299   0.00060997536464370431   
4.7106847195136208   0.49961199642022184   0.00064803744312720091   
4.7236439622082935   0.54734960266272376   0.00068807982568817851   
4.7366032049029663   0.59632846578687112   0.00063126822152223527   
4.7495624475976399   0.64689114371429082   0.00057450126005724176   
4.7625216902923126   0.69990681646181809   0.00049150835878999019   
4.7754809329869854   0.75567728163419859   0.00037796510413532822   
4.7884401756816581   0.81476705784315799   0.00036066987198359669   
4.8013994183763318   0.87865194809318316   0.00038717172977070678   
4.8143586610710045   0.94790357272700247   0.00047857010249149451   
4.8273179037656773   1.0227703380533721   0.00057207288715926702   
4.84027714646035   1.1029731848607702   0.00061420383052336351   
4.8532363891550228   1.1867490181784038   0.00060495331394909177   
4.8661956318496964   1.2718663513438706   0.00055887943986659205   
4.8791548745443691   1.355222132800681   0.00051567352250892177   
4.8921141172390419   1.4338167073068662   0.00037702897629531695   
4.9050733599337146   1.5049640068333996   0.00035740025785876408   
4.9180326026283883   1.5669023011946897   0.00045846154555180024   
4.930991845323061   1.6194826688912372   0.00052324627362871096   
4.9439510880177338   1.6617123577883891   0.00080781534319279697   
4.9569103307124065   1.6953825565550515   0.00078150152811029076   
4.9698695734070801   1.7215125962064728   0.00090336206238823173   
4.9828288161017529   1.741722700480116   0.00080002512774981158   
4.9957880587964256   1.7584763520892336   0.00050388831216497295   
5.0087473014910984   1.7741893017955058   0.00043076384063057482   
5.021706544185772   1.7913287507470267   0.00053440266258187641   
5.0346657868804447   1.8112411799840949   0.00072482691135629109   
5.0476250295751175   1.834048391809462   0.00088333930639026446   
5.0605842722697902   1.8590975935581736   0.0010335468376607701   
5.0735435149644639   1.8843726680894021   0.0012411705422013551   
5.0865027576591366   1.907347078517769   0.0012926827169551301   
5.0994620003538094   1.9254069278220904   0.001340921723108094   
5.1124212430484821   1.9360350779630746   0.0012784325252361316   
5.1253804857431557   1.9369064068111163   0.0011860441342341284   
5.1383397284378285   1.9248224278212658   0.00099982973362536068   
5.1512989711325012   1.8977773748585652   0.00097066774361404638   
5.164258213827174   1.8541367597006807   0.00069615809192334411   
5.1772174565218467   1.7943440294260448   0.00058373663364548491   
5.1901766992165204   1.7192322892983035   0.00049124837946795743   
5.2031359419111931   1.6323502660049416   0.00048976426207299091   
5.2160951846058659   1.5377387463708852   0.00035740606286807856   
5.2290544273005386   1.4402672179406052   0.00037193504783452067   
5.2420136699952122   1.3444720123409234   0.00044783828343908402   
5.254972912689885   1.253745039001207   0.00051564821426541493   
5.2679321553845577   1.1704962608374877   0.00050243527999144686   
5.2808913980792305   1.096676327461092   0.00054781997526575487   
5.2938506407739041   1.0323344895015374   0.00054242977236799612   
5.3068098834685768   0.97721579165099559   0.00051869923204291225   
5.3197691261632496   0.93052822048338829   0.00051545576723443826   
5.3327283688579223   0.8907815422520092   0.00043387965781852229   
5.345687611552596   0.85697534667761217   0.00036030932928984292   
5.3586468542472687   0.82815740170709502   0.00034524796267239516   
5.3716060969419415   0.80401221344306642   0.00034765486338079272   
5.3845653396366142   0.7834050667181958   0.00026632590302621768   
5.3975245823312878   0.76589176067095704   0.0002911910087872018   
5.4104838250259606   0.74815990479053323   0.00032355948719294597   
5.4234430677206333   0.72648549587711137   0.00037230653557663869   
5.4364023104153061   0.69814839885112974   0.00041992330271812117   
5.4493615531099797   0.6626084880069898   0.00038344951597482759   
5.4623207958046525   0.62162885074581233   0.00029890100142421867   
5.4752800384993252   0.57872826038272625   0.00027050245704817375   
5.488239281193998   0.53725413242908983   0.00030114148617108935   
5.5011985238886707   0.50068114356985331   0.00029027339721745896   
5.5141577665833443   0.47188479008628584   0.00031522878669033128   
5.5271170092780171   0.45364965277770759   0.00034183534397787837   
5.5400762519726898   0.44734924730957258   0.00035471576990977455   
5.5530354946673626   0.45280829264657379   0.00033759833660864397   
5.5659947373620362   0.46883999344931848   0.00032258703095247079   
5.578953980056709   0.49310082727924582   0.00027958783531106633   
5.5919132227513817   0.52327461916150264   0.00023487310724229374   
5.6048724654460544   0.55741595264180275   0.00015605961223335751   
5.6178317081407281   0.59338254330737364   0.00018779540113475928   
5.6307909508354008   0.62968570381168175   0.00021152086621741956   
5.6437501935300736   0.66482773746799728   0.00030151900625024114   
5.6567094362247463   0.69702866289874679   0.00037771434400552624   
5.6696686789194199   0.72350558140101298   0.00043201418146287543   
5.6826279216140927   0.74364681329672654   0.00045984469300778859   
5.6955871643087654   0.75793364296143193   0.00042191078709489376   
5.7085464070034382   0.76373050116961572   0.00042482322759455751   
5.7215056496981118   0.75478463668679209   0.00027162296701683329   
5.7344648923927846   0.72981347174401979   0.00016416658309067854   
5.7474241350874573   0.6933738843041837   0.00025206306337114413   
5.7603833777821301   0.65181802986116013   0.00029348044937065413   
5.7733426204768037   0.61157681496894134   0.00027615341454082529   
5.7863018631714764   0.57754139770384507   0.00026403500692586001   
5.7992611058661492   0.55248129317443737   0.0002175764127101611   
5.8122203485608219   0.53818190228071869   0.00021661756830846567   
5.8251795912554947   0.53492157288995824   0.00026346912772311456   
5.8381388339501683   0.54185348480495025   0.00037247509510962223   
5.8510980766448411   0.55765496247944269   0.00040408315386758646   
5.8640573193395138   0.58092631117125718   0.00039612792414967846   
5.8770165620341865   0.60992943758339154   0.0003649581089710217   
5.8899758047288602   0.64345905243598295   0.0003657048547117868   
5.9029350474235329   0.67986813222992207   0.00032583160956722464   
5.9158942901182057   0.71752503603183954   0.00024177209622256699   
5.9288535328128784   0.75508297137574194   0.00022242343780659489   
5.941812775507552   0.79114599666928077   0.00020120642387070273   
5.9547720182022248   0.82438455204625005   0.00026385728439390092   
5.9677312608968975   0.85314579140968219   0.00033955168362658724   
5.9806905035915703   0.87799614518228125   0.00039903746613791062   
5.9936497462862439   0.89985221419875417   0.00048001890844404859   
6.0066089889809167   0.92046611638771033   0.00054033414010036911   
6.0195682316755894   0.93423328551372887   0.00056914350575405957   
6.0325274743702622   0.94250817843662415   0.00049179635178124025   
6.0454867170649358   0.94909092757614823   0.00046070961075630036   
6.0584459597596085   0.95748440932098374   0.00035431913647403869   
6.0714052024542813   0.9703899462178034   0.00028159343448159021   
6.084364445148954   0.9892571553325877   0.00027941810311146588   
6.0973236878436277   1.0151637576203225   0.0003214501779133367   
6.1102829305383004   1.0474610754104841   0.00041536166234976933   
6.1232421732329732   1.0860632634911501   0.00059488958402840268   
6.1362014159276459   1.1282249517056126   0.00078603330901675551   
6.1491606586223186   1.1684551048692672   0.00098322844141430454   
6.1621199013169923   1.1955228696635972   0.0012261026240774214   
6.175079144011665   1.195270711612049   0.0013698911068583771   
6.1880383867063378   1.1588663520021968   0.0014503395076988286   
6.2009976294010105   1.0903352211042985   0.0015778258928825822   
6.2139568720956841   1.0097366501420258   0.0015433705248519349   
6.2269161147903569   0.94081965824687478   0.0012312016115965962   
6.2398753574850296   0.89892083767390439   0.00080798099074988098   
6.2528346001797024   0.88573972060955063   0.00052779399539705665   
6.265793842874376   0.89400736985451565   0.00053196705776708077   
6.2787530855690488   0.91320165442277641   0.00048193212673483222   
6.2917123282637215   0.93454930126340332   0.00042720229417718809   
6.3046715709583943   0.95341720989542358   0.0003333883834841098   
6.3176308136530679   0.96839046325306462   0.000320221823205121   
6.3305900563477406   0.98059730053043376   0.0003654029122347212   
6.3435492990424134   0.99154968888647866   0.00031159983427822025   
6.3565085417370861   1.003470475847464   0.00034839485455630161   
6.3694677844317598   1.0174084920030973   0.0003886872949828447   
6.3824270271264325   1.0337644416204669   0.00035675073826265004   
6.3953862698211053   1.0527443842737352   0.00035575624919439276   
6.408345512515778   1.0725223732411837   0.00031485749638472737   
6.4213047552104516   1.0918871767140059   0.00026970395730762302   
6.4342639979051244   1.109384994741447   0.00023940109551808573   
6.4472232405997971   1.1228458398721735   0.00021903084103519933   
6.4601824832944699   1.1294449479226986   0.00027491185148167539   
6.4731417259891426   1.1246303926027564   0.00033413120858551505   
