-0.122507   -0.0350329     0
-0.142677   -0.0450856     0
-0.0361288   -0.031806     1
-0.0224109   -0.0504715     1
0.0737113   -0.0323011     2
0.0596126   -0.0518723     2
0.173481   -0.0340759     3
0.158072   -0.0516344     3
0.27621   -0.0287813     4
0.257232   -0.039988     4
0.374726   -0.0299528     5
0.359602   -0.0464381     5
0.477423   -0.0384798     6
0.457656   -0.047939     6
-0.426699   -0.0345054     7
-0.435879   -0.056321     7
-0.321647   -0.0311202     8
-0.338336   -0.0460652     8
-0.231617   -0.0270154     9
-0.233052   -0.0511577     9
-0.0777948   0.0750089     10
-0.0808571   0.0504899     10
0.0114704   0.0699063     11
0.0218816   0.0493632     11
0.109997   0.0688623     12
0.121112   0.0473038     12
0.206072   0.060192     13
0.226923   0.0580702     13
0.332228   0.0620208     14
0.311188   0.0601075     14
0.414295   0.0580101     15
0.436005   0.0579737     15
0.526425   0.0683244     16
0.518558   0.0459469     16
-0.380141   0.0715988     17
-0.383999   0.0478323     17
-0.293651   0.065364     18
-0.274383   0.0569882     18
-0.18919   0.0636486     19
-0.169561   0.0548937     19
-0.0402444   0.178214     20
-0.0302459   0.155865     20
0.0568044   0.172136     21
0.0676684   0.150001     21
0.152867   0.156694     22
0.175698   0.155178     22
0.278285   0.160675     23
0.258429   0.149877     23
0.360837   0.162977     24
0.380159   0.151454     24
0.461161   0.162955     25
0.481742   0.152447     25
0.566229   0.176124     26
0.574558   0.152413     26
-0.342571   0.169007     27
-0.326278   0.153326     27
-0.242681   0.170001     28
-0.231239   0.148976     28
-0.126018   0.162653     29
-0.145043   0.151916     29
0.0250874   0.267406     30
0.00340711   0.263316     30
0.108702   0.267173     31
0.118103   0.245143     31
0.206881   0.258625     32
0.223586   0.242729     32
0.30424   0.258354     33
0.325999   0.254384     33
0.416405   0.269887     34
0.418628   0.245385     34
0.515569   0.274874     35
0.50866   0.250315     35
0.601981   0.270629     36
0.621038   0.258184     36
-0.274747   0.265335     37
-0.293684   0.254343     37
-0.184985   0.267902     38
-0.184327   0.243143     38
-0.080239   0.270657     39
-0.0971011   0.256047     39
0.0550844   0.365317     40
0.076063   0.357382     40
0.164864   0.368365     41
0.163062   0.342394     41
0.271191   0.358888     42
0.25399   0.343329     42
0.371698   0.364504     43
0.356585   0.346756     43
0.473496   0.370796     44
0.45719   0.354678     44
0.575327   0.371481     45
0.557326   0.359854     45
0.675041   0.368051     46
0.660776   0.349208     46
-0.237519   0.372723     47
-0.231787   0.348537     47
-0.134594   0.373104     48
-0.142225   0.349341     48
-0.0479996   0.364309     49
-0.0259342   0.361337     49
0.130008   0.461692     50
0.109186   0.452467     50
0.218005   0.466021     51
0.220885   0.441082     51
0.312216   0.46742     52
0.314991   0.442032     52
0.424416   0.461507     53
0.404215   0.454517     53
0.507207   0.463569     54
0.52884   0.459094     54
0.619082   0.474513     55
0.621588   0.448808     55
0.720018   0.474968     56
0.712685   0.451286     56
-0.187853   0.476072     57
-0.186891   0.451415     57
-0.076617   0.467177     58
-0.0960632   0.457711     58
0.0259062   0.464375     59
0.00572804   0.455454     59
-0.327588   -0.429658     60
-0.318905   -0.452222     60
-0.231104   -0.428983     61
-0.225067   -0.453578     61
-0.138561   -0.434605     62
-0.127232   -0.455159     62
-0.0428079   -0.441357     63
-0.0211704   -0.445909     63
0.0628805   -0.438872     64
0.0837698   -0.440873     64
0.175837   -0.422511     65
0.172425   -0.446896     65
0.263537   -0.427361     66
0.28267   -0.439212     66
-0.632374   -0.428302     67
-0.619111   -0.44732     67
-0.53458   -0.435017     68
-0.51532   -0.446575     68
-0.431202   -0.439002     69
-0.412904   -0.452897     69
-0.28806   -0.326491     70
-0.276433   -0.346345     70
-0.190069   -0.331046     71
-0.175252   -0.34932     71
-0.0843117   -0.332835     72
-0.088598   -0.357338     72
0.0034765   -0.346213     73
0.0239454   -0.347761     73
0.106605   -0.335974     74
0.126745   -0.342693     74
0.211047   -0.325251     75
0.229059   -0.340359     75
0.315281   -0.325304     76
0.321736   -0.34809     76
-0.589425   -0.330341     77
-0.574639   -0.347926     77
-0.489262   -0.335779     78
-0.472628   -0.352367     78
-0.386131   -0.331707     79
-0.377596   -0.353684     79
-0.22284   -0.230528     80
-0.238893   -0.246218     80
-0.131501   -0.227943     81
-0.135962   -0.252186     81
-0.0463352   -0.238645     82
-0.027666   -0.253595     82
0.0665329   -0.233137     83
0.0561155   -0.253282     83
0.151198   -0.239893     84
0.172308   -0.241425     84
0.276204   -0.229303     85
0.256418   -0.233544     85
0.378015   -0.23121     86
0.359903   -0.24336     86
-0.530377   -0.229379     87
-0.533195   -0.253499     87
-0.430033   -0.232482     88
-0.440092   -0.25478     88
-0.324395   -0.237009     89
-0.345717   -0.240551     89
-0.191804   -0.13481     90
-0.171492   -0.14434     90
-0.0811138   -0.12535     91
-0.0793759   -0.150271     91
0.0208553   -0.138806     92
0.0068222   -0.156473     92
0.103664   -0.138982     93
0.124628   -0.143091     93
0.221412   -0.130137     94
0.207886   -0.150403     94
0.306479   -0.130169     95
0.324346   -0.14409     95
0.408006   -0.131255     96
0.424176   -0.14786     96
-0.493029   -0.137638     97
-0.473158   -0.147482     97
-0.371436   -0.135339     98
-0.391436   -0.144582     98
-0.283039   -0.127899     99
-0.282105   -0.152691     99
