-0.132591731433771   -0.0400592651115452   23.2051206291591   0.313452212014358
-0.0292698321426287   -0.0411387612188209   130.510931303177   0.301629241669485
0.0666619282233144   -0.0420866831292121   50.0542745198297   0.313638185731377
0.165776648839075   -0.0428551681578148   44.4264191576122   0.308180342299547
0.266721283906076   -0.0343846151689304   26.9274850178566   0.304033751955449
0.367163920251015   -0.0381954238886414   43.1538979000796   0.296125894506858
0.467539557009878   -0.0432093617566997   22.3722086215906   0.305330720314382
-0.431288817653155   -0.0454132062119122   63.9330426985007   0.29837753484081
-0.329991525112556   -0.0385927257688609   37.6078650711857   0.300881267290736
-0.232334587150254   -0.0390865436730626   86.0492331270749   0.297318433643529
-0.0793259646785189   0.0627494196365362   81.7386284277564   0.304398818856272
0.0166759993488923   0.0596347481641983   120.505886555448   0.292942071913846
0.115554260090082   0.0580830608002633   120.937063061458   0.308800475560755
0.21649725684077   0.0591310667933963   174.997630467135   0.298958899526636
0.321708075143829   0.0610641578843654   4.47270035254448   0.30144354119984
0.425150275104808   0.0579919247871141   179.917480582688   0.310089210296239
0.522491350701804   0.057135663004267   67.7709231639194   0.2970034078137
-0.382070019347346   0.0597155311494913   79.3149756712182   0.297146471914283
-0.284017213813345   0.0611760606541298   159.498763739821   0.293823097753912
-0.179375621615188   0.0592711787395767   159.011030005268   0.300295842354557
-0.0352451654983998   0.167039882094277   117.479380921098   0.309496379927373
0.062236380283803   0.161068649442065   119.708172301366   0.313111501279574
0.164282572484756   0.155936291688593   176.730796333384   0.326640166495626
0.26835695290992   0.15527618917279   25.0698417784329   0.313103278026537
0.370498155292855   0.157215414865438   152.845138016374   0.310177498552768
0.471451205217009   0.15770137460553   156.290338460361   0.321058760986151
0.570393687517965   0.164268801770217   112.215193408719   0.314670906896509
-0.334424391618861   0.161166748599144   140.380531763335   0.302123307063618
-0.23695982345159   0.15948830044502   122.322201605257   0.305672250548757
-0.135530385423033   0.157284393710398   25.8954715809904   0.302061072556027
0.0142472561925417   0.26536130881253   9.21741344176442   0.313714942204214
0.113402858959549   0.256158146430032   116.385987722401   0.302141132282191
0.215233471133623   0.250676728748034   140.698400595725   0.308324756518526
0.315119304840256   0.256369405794648   171.080638192684   0.31459311909857
0.417516711949787   0.257636084112995   96.0201578832158   0.302705380864126
0.512114866601439   0.262594525574232   71.8888629490375   0.317458161416373
0.611509207205628   0.264406678076369   150.67697795662   0.312193905993301
-0.284215391628531   0.259839209447917   26.5307372114075   0.302326527453072
-0.184655762116729   0.255522604594227   91.7690724699327   0.304337877253387
-0.0886700211806155   0.263352328015165   36.6970754667602   0.30037825448253
0.065573711901867   0.361349475280572   161.978258753424   0.315101165453819
0.163962858045768   0.355379776381312   85.3883465675721   0.320118204832169
0.2625903907167   0.351108613675397   37.8840246558173   0.311293824886936
0.364141164416279   0.355630119260015   45.2880039984521   0.306825183964327
0.465343207659085   0.362737252132001   40.3730223067182   0.30570466896954
0.566326248760968   0.365667583058475   29.0570481513073   0.294138623238171
0.667908536708291   0.358629409992065   48.6475602605326   0.308394988422645
-0.234653134994453   0.36063001225139   105.40482406724   0.308221692254196
-0.13840934845376   0.361222683506394   69.5271161720899   0.311640692701147
-0.0369669061912414   0.362823023005962   173.39343450687   0.317272331001238
0.119597342867544   0.457079626598101   20.8605533675413   0.318267559229371
0.21944513194356   0.453551198475191   97.6469524422939   0.309152571127064
0.313603212120214   0.454726463898671   97.2418158596356   0.314423977744974
0.414315381236764   0.45801184904786   16.5756592285699   0.3010452864002
0.518023596228688   0.461331520019872   169.911188004628   0.313848371489592
0.620334844938345   0.461660561945468   96.4652057577978   0.317842213193887
0.716351627065459   0.463126673138372   70.2021746524898   0.309232394281362
-0.187371913395173   0.46374338880999   92.5984100190043   0.303247392362861
-0.0863400995983004   0.462443998665832   22.719483793574   0.301120067086822
0.0158171197071688   0.459914483571442   20.8194777231353   0.308342061112266
-0.323246235450954   -0.440939888786956   114.102222370118   0.303691415753522
-0.228085619399727   -0.441280578468503   105.925296068873   0.314243055525917
-0.13289650411875   -0.44488214348774   122.65231846894   0.299921893837694
-0.0319891551836621   -0.443633062869806   169.7442502554   0.314069748204295
0.0733251757917416   -0.439872346079581   175.289046561941   0.29937755555182
0.174130972861779   -0.434703612052021   80.7583323393839   0.303525235958504
0.273103572166584   -0.433286620960774   151.954000018004   0.309653584494599
-0.625742885472227   -0.437810855584528   129.033757687442   0.300798020688661
-0.52494995216881   -0.440795902755751   152.698222633192   0.309587722492542
-0.422052815306778   -0.445949731835272   146.849193760836   0.312172432595757
-0.282246819986295   -0.336417789336089   124.248466745444   0.295085187640268
-0.182660659033564   -0.340182969665673   133.309947637676   0.308536252526276
-0.0864548340603143   -0.345086887550964   78.5048409479411   0.307205758987738
0.0137109310473208   -0.346987117638635   176.276974672624   0.292979350568187
0.116675300682148   -0.339333418590709   163.98882329459   0.29927123079581
0.220053090933015   -0.332804794724132   144.189076989559   0.317230044514909
0.318508335617857   -0.336696910611987   108.228887861821   0.294748974044299
-0.582032185721294   -0.339133630550398   134.348529755566   0.302114643940247
-0.480944670369165   -0.344073021722756   139.378553926088   0.313018067490355
-0.381863357838272   -0.342695658761325   114.299663963175   0.296256096887311
-0.230866690472882   -0.238373303230576   40.0539278815356   0.299553743853867
-0.133731723605594   -0.240064674589335   77.9246124519448   0.304583039518608
-0.037000611630779   -0.24612006619775   145.440295167341   0.32379541953525
0.0613241809405562   -0.243209958813013   58.986432461797   0.288784058988036
0.161752733872471   -0.240659012572808   176.426206473402   0.302104014773558
0.266310967598017   -0.231423521575567   10.4440635862209   0.287380922647601
0.368958885505077   -0.237284810410631   29.9855724453223   0.298676572395461
-0.531785898848768   -0.241439410377979   82.2645383002275   0.299057568988577
-0.4350625467754   -0.243630816998833   62.3238286764783   0.309347390925085
-0.335056080453599   -0.238780051507742   8.13366684719082   0.30765306667645
-0.181647715867446   -0.139575254198718   158.021671544301   0.312860367778066
-0.0802448140882475   -0.137810849267124   94.6350377577041   0.307182239278999
0.0138387294453772   -0.147639475841583   47.2794180840327   0.295445223181616
0.114145925691414   -0.141036530254172   170.43160235476   0.303659307152256
0.214648840424565   -0.140269757844072   52.1930466918007   0.315146482937421
0.315412238666479   -0.137129218072127   146.171226912709   0.307210690405791
0.416091048628608   -0.139557913732284   138.545128561378   0.30815538277137
-0.48309327569819   -0.142559730616074   156.92030893337   0.308509948130556
-0.381435824871908   -0.139960184723596   21.6795492712269   0.307409733096516
-0.282572407348331   -0.140294869955242   92.5080370090849   0.304893638132883
