1   11.969825368712213   0
2   12.334789612920994   0.36496424420878138
3   12.579163918962984   0.3226738827936547
4   12.704999409541965   0.26056436442426155
5   12.764388376239489   0.21038850294179877
6   12.807814936786233   0.17718563036444995
7   12.924231312772866   0.1896776009907588
8   13.017055023619349   0.18867812680201835
9   13.104551601151311   0.18800026845515368
10   13.185502937565179   0.18662368450590402
1   1.1165555235947978   0
2   1.0881262359948752   0.02842928759992261
3   1.0843910906508587   0.016833283752355005
4   1.0920276611344346   0.014142027071614311
1   1.0646708170018768   0
2   1.0825496107478216   0.017878793745944815
1   1.138753459370965   0
2   2.0949272550700506   0.95617379569908559
1   1.1279530277371129   0
2   1.1322772362733929   0.0043242085362799676
