0.42972788892272645   5.111021307011705  0.043352061588697803
0.85945577784545291   2.5236788876465015  0.1056685223250765
1.2891836667681793   0.47946380518820716  0.038393378817688945
1.7189115556909058   0.050488615342017595  0.00031551353688117711
2.1486394446136323   0.010976897983120534  0.001386928116480658
2.5783673335363586   0.040979851022390143  0.0012075084178257692
3.0080952224590853   0.14210430910854989  0.017032168266054768
3.4378231113818116   0.14132581909249009  0.011164440941612637
3.8675510003045379   0.1209950212703351  0.010063802480447546
4.2972788892272646   0.6225503830492462  0.082292602374460262
4.7270067781499909   0.1219388928623267  0.010033552481724818
5.1567346670727172   0.42420636280597301  0.025013654843753664
5.5864625559954435   1.9266684966159284  0.0083470522255012023
6.0161904449181707   0.06184143059030426  0.011468336182450298
6.445918333840897   0.025684391316388545  0.0049497439250983121
6.8756462227636232   0.026298680458488344  0.0047958164441345421
7.3053741116863495   0.070091430048637743  0.0071784306963178648
7.7351020006090758   0.17552411285602827  0.0041298530093463474
8.1648298895318021   0.14645090229707645  0.023986468279394069
8.5945577784545293   0.79901266466698911  0.014536377584101904
9.0242856673772547   0.044183925461225047  0.0045476276680328025
9.4540135562999819   0.077360824692796634  0.0085244548789868271
9.883741445222709   0.083014432447766857  0.0093975809516563914
10.313469334145434   0.10143495671340278  0.0061192933035286522
10.743197223068162   0.25883074571639286  0.0033402200222408154
11.172925111990887   0.0090991956635100048  0.00077956075198899316
11.602653000913614   0.078481187188186211  0.0095571469846828777
12.032380889836341   0.11980544613547398  0.0030852987053095037
12.462108778759067   0.16146613237218865  0.012795248868130387
12.891836667681794   0.62415639489821567  0.062187126288128015
13.321564556604519   0.18120446889502291  0.00088211517522072089
13.751292445527246   0.11284282999061166  0.015685046420953958
14.181020334449974   0.105387875249026  0.0054930673706118833
14.610748223372699   0.093923903561219074  0.0068765155695199798
15.040476112295426   0.08322194418256177  0.0048893796060666055
15.470204001218152   0.038736400168275693  0.0043733102386744246
15.899931890140879   0.068675518412086602  0.0079351038899382214
16.329659779063604   2.9018029311120677  0.060458476847556865
16.759387667986331   0.6143253681873293  0.06882183297215129
17.189115556909059   1.1510405138354033  0.036175824722313264
17.618843445831786   0.1237589510110521  0.021223108045457522
18.048571334754509   0.064436543992582956  0.0051516462711005651
18.478299223677237   0.09835523333236932  0.0027483099464319761
18.908027112599964   0.31864991183773766  0.0041062959198752633
19.337755001522691   0.34982867161985259  0.047945013301961696
19.767482890445418   0.13518027692945176  0.021067521651385258
20.197210779368142   0.071605697837510814  0.0073726037368530258
20.626938668290869   0.75687320803300423  0.073292655942544308
21.056666557213596   1.3460286203733383  0.0052832814337264262
21.486394446136323   4.8987011517979129  0.29457068977068119
21.91612233505905   3.8196340446006054  0.269228979522341
22.345850223981774   0.1218040390833774  0.0080268533608449842
22.775578112904501   0.22577342969451215  0.0074625920544292665
23.205306001827228   0.22785361159434006  0.0068826009374716725
23.635033890749956   0.11404941231705588  0.003685781832549629
24.064761779672683   0.080030826506122428  0.0085837648060822842
24.494489668595406   0.095252280404457587  0.0083228608757308494
24.924217557518134   0.17258518727952227  0.0030020171665247778
25.353945446440861   0.28330780837381889  0.0098865378355139148
25.783673335363588   0.36589511517620882  0.026284812794342696
26.213401224286315   0.194235175575071  0.029134392796137134
26.643129113209039   0.10676937265707671  0.0011408079950680545
27.072857002131766   0.17977409662287948  0.016405769349677179
27.502584891054493   0.76928260837895129  0.0064985311488197415
27.93231277997722   0.14273331831417295  0.015847731652513574
28.362040668899947   0.11512362676248617  0.0059918464814866731
28.791768557822671   0.055677487151027927  0.00097628956570633364
29.221496446745398   0.10607222482374695  0.0050975244203421151
29.651224335668125   0.60388756435167956  0.052192406805227776
30.080952224590852   1.0871089177233102  0.0021911658479667328
30.51068011351358   0.5028352035624313  0.079007069570863318
30.940408002436303   0.13363445687215967  0.019202312270814886
31.37013589135903   0.061342909683296178  0.0028698508997708895
31.799863780281758   0.093621633550306331  0.0028818279687329287
32.229591669204481   0.14841666807097452  0.00027100554968323358
32.659319558127208   0.83232333989263674  0.021795609313215904
33.089047447049936   0.25964586640634489  0.03423582334807612
33.518775335972663   0.14064174582035098  0.0011129418469107055
33.94850322489539   0.30784917921371477  0.0055281812780837261
34.378231113818117   0.553708674090369  0.0016740746495811622
34.807959002740844   0.37650253162842146  0.044069324139707641
35.237686891663571   0.32068253412458686  0.021087291878714498
35.667414780586299   0.20719216861599173  0.020219971655834632
36.097142669509019   0.14364263850501284  0.0080040765092910617
36.526870558431746   0.15531659397789803  0.0014073704513247661
36.956598447354473   0.29912582809038915  0.044218337442886611
37.3863263362772   0.30100300250969458  0.0039973905833233856
37.816054225199927   0.54155428482653897  0.12492942970104667
38.245782114122655   4.187420568953705  0.76372916018280056
38.675510003045382   2.6206642107632674  0.05064766630634593
39.105237891968109   2.0849186036864618  0.00075578023168475764
39.534965780890836   1.3207540059611166  0.05712541060556637
39.964693669813563   0.23616302895437961  0.011101338592052277
40.394421558736283   0.20631680774687199  0.0069571004607802069
40.824149447659011   0.39070939511682717  0.019568515855245548
41.253877336581738   0.3550780883683953  0.011355209760337077
41.683605225504465   0.22890185479301883  0.0010176096062709549
42.113333114427192   0.20690135883638361  0.0023579368184078954
42.543061003349919   0.35713011734400979  0.035435298324004198
42.972788892272646   1.5119465388417723  0.0067184741197712746
