-2.96526e-06   0.0141812     0
-0.00512507   -0.00850875     0
0.0956274   0.0162437     1
0.0976218   -0.00773152     1
0.195465   0.014284     2
0.19761   -0.00952464     2
0.296918   -0.00922566     3
0.296019   0.015024     3
0.394794   -0.00769605     4
0.394962   0.0162563     4
0.493109   0.0149597     5
-0.501577   -0.0080203     5
-0.403812   -0.00776953     6
-0.401765   0.0157757     6
-0.304512   0.01504     7
-0.300707   -0.00805329     7
-0.202105   0.0149898     8
-0.202389   -0.00908202     8
-0.103402   -0.00711615     9
-0.103083   0.0170128     9
0.0441667   0.0938818     10
0.0482459   0.117118     10
0.145719   0.0913413     11
0.146582   0.114356     11
0.245103   0.115165     12
0.245413   0.0908502     12
0.343993   0.115668     13
0.346403   0.0926104     13
0.445369   0.0910541     14
0.445473   0.114859     14
0.545378   0.0913175     15
0.545443   0.11508     15
-0.354379   0.115858     16
-0.354516   0.0923871     16
-0.256363   0.114813     17
-0.251845   0.0913895     17
-0.154126   0.093963     18
-0.155071   0.117984     18
-0.0591246   0.114474     19
-0.050418   0.091776     19
0.095708   0.215938     20
0.0968494   0.192289     20
0.196557   0.216447     21
0.195251   0.192515     21
0.298172   0.214514     22
0.294892   0.19133     22
0.396354   0.214072     23
0.397111   0.190395     23
0.495939   0.215364     24
0.497683   0.190772     24
-0.404229   0.190841     25
0.595569   0.214691     25
-0.304086   0.214624     26
-0.304449   0.19091     26
-0.205386   0.192308     27
-0.202875   0.216031     27
-0.106915   0.217984     28
-0.103054   0.193821     28
-0.00541794   0.190544     29
-0.00497968   0.213982     29
0.14428   0.29294     30
0.147768   0.31674     30
0.247393   0.314784     31
0.246294   0.290931     31
0.3462   0.292035     32
0.347832   0.315213     32
0.445976   0.314247     33
0.447758   0.290833     33
0.546542   0.292544     34
0.546735   0.316255     34
0.647074   0.313276     35
0.644767   0.289967     35
-0.254206   0.315888     36
-0.254171   0.291899     36
-0.155749   0.295565     37
-0.153497   0.31937     37
-0.0539856   0.291472     38
-0.0549628   0.315233     38
0.0482114   0.313778     39
0.0436435   0.291304     39
0.197377   0.41555     40
0.19802   0.391629     40
0.295848   0.391056     41
0.298862   0.415171     41
0.396174   0.415501     42
0.398628   0.391517     42
0.494558   0.391952     43
0.500515   0.415174     43
0.596542   0.391051     44
0.597993   0.415136     44
0.699326   0.415748     45
0.694089   0.392135     45
-0.197991   0.416385     46
-0.206883   0.394264     46
-0.100809   0.417092     47
-0.101724   0.393422     47
-0.00377766   0.391999     48
-0.000320238   0.415834     48
0.100108   0.415934     49
0.095465   0.392898     49
-0.249601   -0.485391     50
0.24759   0.491165     50
-0.150197   -0.484775     51
0.347102   0.492451     51
0.447374   0.491591     52
-0.0528591   -0.484469     52
0.0485378   -0.486329     53
0.547709   0.490381     53
0.15206   -0.485152     54
0.646367   0.491851     54
0.251658   -0.485835     55
-0.253023   0.490541     55
-0.653044   -0.481751     56
-0.147799   0.495355     56
-0.551218   -0.483683     57
-0.0498527   0.493089     57
0.0503635   0.493872     58
-0.451734   -0.482203     58
0.15078   0.491941     59
-0.352146   -0.484216     59
-0.202199   -0.384725     60
-0.200573   -0.408118     60
-0.101789   -0.407457     61
-0.100602   -0.383473     61
5.82673e-05   -0.385886     62
-0.00250416   -0.409896     62
0.097726   -0.386093     63
0.0982392   -0.41033     63
0.196902   -0.384598     64
0.197932   -0.408218     64
0.295499   -0.406863     65
0.298916   -0.383499     65
-0.601909   -0.406199     66
-0.602572   -0.38243     66
-0.502564   -0.405748     67
-0.502778   -0.382331     67
-0.405223   -0.383661     68
-0.399173   -0.406404     68
-0.299799   -0.383596     69
-0.301602   -0.407443     69
-0.151625   -0.307591     70
-0.153359   -0.284191     70
-0.0510423   -0.307566     71
-0.0508059   -0.283334     71
0.0470845   -0.28496     72
0.0493659   -0.308695     72
0.146476   -0.309207     73
0.147865   -0.285063     73
0.245272   -0.308599     74
0.248983   -0.285043     74
-0.652384   -0.307292     75
0.346163   -0.284627     75
-0.550711   -0.283578     76
-0.554598   -0.307096     76
-0.453735   -0.306635     77
-0.452537   -0.282752     77
-0.352412   -0.285266     78
-0.352408   -0.308419     78
-0.250616   -0.307134     79
-0.253148   -0.283264     79
-0.102002   -0.184322     80
-0.10319   -0.207465     80
-0.000163617   -0.207685     81
-0.00335081   -0.184334     81
0.0977897   -0.208618     82
0.0987914   -0.185265     82
0.198715   -0.210058     83
0.197627   -0.186024     83
0.295394   -0.184401     84
0.299717   -0.20749     84
0.400744   -0.184516     85
0.395434   -0.20822     85
-0.500659   -0.206008     86
-0.502878   -0.181939     86
-0.400318   -0.208729     87
-0.404787   -0.185205     87
-0.301218   -0.207255     88
-0.304106   -0.183799     88
-0.198698   -0.18525     89
-0.204857   -0.207552     89
-0.0502173   -0.106761     90
-0.0554746   -0.0839222     90
0.0506528   -0.108193     91
0.0447542   -0.084781     91
0.147335   -0.108793     92
0.14621   -0.0847509     92
0.247065   -0.109335     93
0.247611   -0.0862408     93
0.345647   -0.086323     94
0.348296   -0.109764     94
0.446192   -0.0837012     95
-0.552515   -0.106817     95
-0.450755   -0.106548     96
-0.454019   -0.0836259     96
-0.351243   -0.083951     97
-0.352786   -0.10783     97
-0.250654   -0.108761     98
-0.252037   -0.085521     98
-0.150307   -0.0838733     99
-0.153192   -0.107628     99
