0	1	0
1   0.99860399811396792   5.283383175013597e-07   
2   0.99864964494854332   7.464249244058171e-07   
3   0.99871095994965872   8.9429678403422764e-07   
4   0.99871455433944764   9.8734714469548157e-07   
5   0.99871626393838997   1.1526032076300296e-06   
6   0.9987169299385885   1.1376700837992347e-06   
7   0.99871610130897804   1.0032715181510037e-06   
8   0.99871620387957265   9.4782410843260653e-07   
9   0.99871688994817574   9.1613807393351225e-07   
10   0.9987173282015407   1.3085517239034556e-06   
