0.24242100977793915   0.0046190317890335373  2.3752731077909419e-06     
0.4848420195558783   0.0045875265374636418  4.1133538126301982e-06     
0.72726302933381748   0.0045407991337836339  1.0291559829321988e-05     
0.9696840391117566   0.004494698659435395  1.944983858573286e-05     
1.2121050488896958   0.0044670378631091815  3.1090530669667678e-05     
1.454526058667635   0.0044882685081107719  4.5507152862934875e-05     
1.6969470684455741   0.0046027316101603375  6.2406465846470273e-05     
1.9393680782235132   0.0048770721850524144  8.2155635093633681e-05     
2.1817890880014525   0.0054131926140335246  0.00010393050843607803     
2.4242100977793917   0.0063707295263824195  0.00012852006606532341     
2.6666311075573308   0.008011010878553306  0.00015544296136406379     
2.9090521173352699   0.01077728925778036  0.00018528425474489131     
3.151473127113209   0.015471710027845673  0.00021607829559478443     
3.3938941368911482   0.023651279356734778  0.00024929255993593911     
3.6363151466690873   0.038644528029775524  0.00028268308260539674     
3.8787361564470264   0.06856526602248855  0.00031638586322918464     
4.1211571662249655   0.13737144233004898  0.00034044266474014243     
4.3635781760029051   0.34231242057153271  0.0003502457991743071     
4.6059991857808438   1.4395440245530856  0.00068990698589398454     
4.8484201955587833   393.91272190712104  0.0044799068304735764     
5.090841205336722   2.3095641704447353  0.0012790638878996393     
5.3332622151146616   0.58572340556486469  0.00046073634837242288     
5.5756832248926003   0.27502742571847622  0.00056974949776052319     
5.8181042346705398   0.16469690908243839  0.00066847355789564022     
6.0605252444484785   0.11273092227750898  0.00074670946247611272     
6.3029462542264181   0.084491079825101426  0.00082420307860818467     
6.5453672640043568   0.068180737015158224  0.00089744438602423222     
6.7877882737822963   0.059037602850247718  0.00097429555005872144     
7.030209283560235   0.05506571310338221  0.0010457555697639905     
7.2726302933381746   0.055654435554025362  0.0011223122407133264     
7.5150513031161132   0.06117894270914841  0.001199296541660491     
7.7574723128940528   0.073046495890982996  0.0012814375441619091     
7.9998933226719924   0.094282030926344432  0.0013562162768471871     
8.2423143324499311   0.1309920422504362  0.001435488959652155     
8.4847353422278697   0.19620819840489972  0.0015086856462937032     
8.7271563520058102   0.32110085414987387  0.0015800835749195634     
8.9695773617837489   0.59504342523460021  0.0016115001642492969     
9.2119983715616875   1.3656257802683843  0.0015962148018004845     
9.4544193813396262   5.1181788513149897  0.0023611003283608166     
9.6968403911175667   376.0966825015279  0.017234021403408496     
9.9392614008955054   9.7810251641505323  0.0057746347999846953     
10.181682410673444   2.1892099339699076  0.0015105669114440982     
10.424103420451383   0.96136542968313204  0.0018197761571215107     
10.666524430229323   0.5465786300621132  0.0020817594802898271     
10.908945440007262   0.3576008424990814  0.0022552066531063521     
11.151366449785201   0.25714571152009338  0.0024141207549971427     
11.393787459563139   0.1995159273671038  0.0025496989202006456     
11.63620846934108   0.16630415841634274  0.0026885514685927928     
11.878629479119018   0.14941954031968058  0.0028060279894374661     
12.121050488896957   0.1455755587397639  0.0029334773532830902     
12.363471498674897   0.15444936312518096  0.0030577878620414188     
12.605892508452836   0.17831202991957287  0.0031912968972378647     
12.848313518230775   0.22302028415918365  0.0033039682408803371     
13.090734528008714   0.30084239905011897  0.0034279534350623553     
13.333155537786654   0.43805129620464272  0.0035411031250701165     
13.575576547564593   0.69686451648920269  0.0036570967042118656     
13.817997557342531   1.2523617236900478  0.0037043787373800619     
14.06041856712047   2.7645943486544484  0.0036937783650160258     
14.30283957689841   9.6447445110310444  0.0045998669887869841     
14.545260586676349   347.84525618589216  0.036312679458962774     
14.787681596454288   23.591786075726656  0.014619167578146905     
15.030102606232226   4.7512253110813746  0.0028657793867352553     
15.272523616010167   2.0011134152448768  0.003462087500158189     
15.514944625788106   1.1065551198446384  0.0039584975373516756     
15.757365635566044   0.70777853531792745  0.0042527573133943914     
15.999786645343985   0.49865992242423765  0.0045078181486559257     
16.242207655121923   0.37934765813820115  0.0047077711914085494     
16.484628664899862   0.30997814982555562  0.0049093678022191651     
16.727049674677801   0.27286902015142402  0.0050663115760804089     
16.969470684455739   0.2603434641706954  0.0052408736040775159     
17.211891694233678   0.27051972634065944  0.0054075341180628952     
17.45431270401162   0.30612799941740103  0.005588787157637459     
17.696733713789559   0.375772592305578  0.0057330737941784798     
17.939154723567498   0.49807135300783876  0.0059018424591503704     
18.181575733345436   0.71301979502091596  0.0060608921382689238     
18.423996743123375   1.1145427209260825  0.0062387433905618272     
18.666417752901314   1.962712211704175  0.0063386978832818412     
18.908838762679252   4.211331176161875  0.0064328446093643187     
19.151259772457191   13.860766608345636  0.0074884280217126936     
19.393680782235133   311.17245019883904  0.058806210214267353     
19.636101792013072   44.484073338401554  0.028434193306770677     
19.878522801791011   8.0273371215107892  0.0041905461884416841     
20.120943811568949   3.2606781478767838  0.0051638262522278343     
20.363364821346888   1.7648271118610604  0.0059399443944933001     
20.605785831124827   1.1105872714713684  0.006365286265487517     
20.848206840902765   0.77136426890136401  0.0067199992831425256     
21.090627850680708   0.57877560081358299  0.0069784148566674438     
21.333048860458646   0.46629119400564594  0.0072367239812603376     
21.575469870236585   0.40436463027130276  0.0074224170951881884     
21.817890880014524   0.37977015784184444  0.0076362440571477676     
22.060311889792462   0.38835646686559117  0.0078368453475909839     
22.302732899570401   0.43272582518767259  0.0080581934165624838     
22.54515390934834   0.52354630374939385  0.0082263241162596635     
22.787574919126278   0.6846684610823134  0.0084388355774433653     
23.029995928904221   0.96750386839323254  0.0086508913753717272     
23.272416938682159   1.4918769150010786  0.008910335608358289     
23.514837948460098   2.5846830457299193  0.0091138848059354692     
23.757258958238037   5.4145446967684297  0.0094551486146054853     
23.999679968015975   16.936187309982862  0.01112133096806772     
24.242100977793914   268.61762471181378  0.081296568153544983     
24.484521987571853   72.623455436360723  0.047023872004715129     
24.726942997349795   11.609133127517901  0.0051423532088655563     
24.969364007127734   4.5526058878786348  0.0066270902418979499     
25.211785016905672   2.4172368204831579  0.0076777395023647138     
25.454206026683611   1.5002731516398651  0.0082176142486055034     
25.69662703646155   1.029848478021808  0.0086577631917743476     
25.939048046239488   0.76407504069375964  0.0089578155991915926     
26.181469056017427   0.60843621372865642  0.0092582000115584205     
26.423890065795366   0.52103745494214413  0.0094569942384786174     
26.666311075573308   0.4827916690661681  0.0096972356712440851     
26.908732085351247   0.48690099571870685  0.0099190991683384302     
27.151153095129185   0.53522933015983501  0.01016790577565213     
27.393574104907124   0.63942335150431227  0.010349348007765409     
27.635995114685063   0.82648367327517118  0.010600644876817339     
27.878416124463001   1.1548631201788904  0.010868552140693733     
28.12083713424094   1.7598571424595124  0.011222556618442822     
28.363258144018882   3.0054463760857762  0.011576319277767932     
28.605679153796821   6.1618900021670053  0.012303396743108614     
28.84810016357476   18.408724200519085  0.015196544043297343     
29.090521173352698   223.00414523426801  0.10038357175272554     
29.332942183130637   107.50410422928661  0.069191621245128799     
29.575363192908576   14.972293060023822  0.0054721650124699529     
29.817784202686514   5.6645889954182199  0.007651978244863079     
30.060205212464453   2.9525931909937201  0.0088962070892885938     
30.302626222242395   1.8092781627179804  0.0094994092072059924     
30.545047232020334   1.2288654915360843  0.0099896701453904744     
30.787468241798273   0.90261290310033285  0.010302924707256432     
31.029889251576211   0.71128476113555296  0.010621954044239237     
31.27231026135415   0.60222134889856307  0.01081367666372995     
31.514731271132089   0.5511586423008059  0.011062561088550439     
31.757152280910027   0.54873414779941351  0.011288831646217458     
31.99957329068797   0.59559789451067863  0.011547491691971769     
32.241994300465905   0.70314412663035987  0.011728450644257988     
32.484415310243847   0.89895145981819775  0.012007633126735222     
32.726836320021782   1.2430696314762056  0.012325478543954378     
32.969257329799724   1.8736167923070692  0.012772330930628875     
33.211678339577666   3.1572718119763666  0.013300965986978513     
33.454099349355602   6.344837905931596  0.014500050833527751     
33.696520359133544   18.172645344994359  0.019035023597977383     
33.938941368911479   177.17908297753509  0.11320128428742112     
34.181362378689421   147.92111531686579  0.092722430860088796     
34.423783388467356   17.552724757121155  0.005307817036051659     
34.666204398245299   6.3961583840582594  0.0081811199179119148     
34.908625408023241   3.2727253665462656  0.0094368789386036912     
35.151046417801176   1.9806095904395876  0.010015915480639922     
35.393467427579118   1.3316561188598723  0.010501159258965424     
35.635888437357053   0.96884385966136027  0.010789989889999379     
35.878309447134995   0.75597246416010797  0.011097461124363382     
36.120730456912931   0.63317515961668381  0.011259396954509391     
36.363151466690873   0.57265865052542022  0.011495713788111649     
36.605572476468815   0.56307110295931623  0.011706757895696865     
36.84799348624675   0.60362962255279762  0.011954105046223528     
37.090414496024692   0.70435708924886391  0.0121183209684808     
37.332835505802628   0.89086422066730842  0.012408160803034349     
37.57525651558057   1.2193599352388728  0.012759151254977988     
37.817677525358505   1.8184006051343134  0.01327823058560833     
38.060098535136447   3.0249987497462151  0.01397233269790086     
38.302519544914382   5.9640659712191829  0.015640532716256861     
38.544940554692324   16.424487252303723  0.021830138794697591     
38.787361564470267   133.76254339977083  0.11784258194882951     
39.029782574248202   192.01816820372885  0.11455038189413954     
39.272203584026144   18.842508607331489  0.0057418313754369774     
39.514624593804079   6.5972504884397252  0.0083078420425376386     
39.757045603582021   3.3118031726103286  0.009276597344174864     
39.999466613359957   1.9791022443006491  0.0097146865255304133     
40.241887623137899   1.3171922990690303  0.010126777645528403     
40.484308632915841   0.94930156255292268  0.01035009519813101     
40.726729642693776   0.73352682024730885  0.010613337679603483     
40.969150652471718   0.60784291172289087  0.010723805812946322     
41.211571662249654   0.54330878755637074  0.010925822393779095     
41.453992672027596   0.5275801919805767  0.011101972746739536     
41.696413681805531   0.55853578732648182  0.011316131360901064     
41.938834691583473   0.64403019064845388  0.011447140100890024     
42.181255701361415   0.80564504175278095  0.011725756158654412     
42.42367671113935   1.0912767753992076  0.012083312825256585     
42.666097720917293   1.6099365650481013  0.012635977530931117     
42.908518730695228   2.6439898011341531  0.01344886780602417     
43.15093974047317   5.1166429298624733  0.01548047401718339     
43.393360750251105   13.578045483737668  0.022904716199993785     
43.635781760029047   94.933163865804742  0.11362591457248299     
43.87820276980699   237.40993412757635  0.13110315318479706     
44.120623779584925   18.4932894713299  0.0082271704650135903     
44.363044789362867   6.2019091752522893  0.0082178652708832274     
44.605465799140802   3.0513172368366773  0.0085146259158385082     
44.847886808918744   1.7994245004180091  0.0086842668730913161     
45.090307818696679   1.1849480965185584  0.0089542739834183891     
45.332728828474622   0.84562918675454155  0.0090759940523670785     
45.575149838252557   0.64685066481779441  0.0092659600471559946     
45.817570848030499   0.53014164917895872  0.0093090436433510039     
46.059991857808441   0.46812954048163697  0.0094584816371285002     
46.302412867586376   0.44872443239854549  0.0095837737375967949     
46.544833877364319   0.46885439339722746  0.0097460973946703769     
46.787254887142254   0.53385555361157258  0.0098306692445023833     
47.029675896920196   0.66002871185246381  0.010075114192836624     
47.272096906698131   0.88414115747697283  0.010407182832641546     
47.514517916476073   1.2895469344031042  0.010942920647559536     
47.756938926254016   2.0897213035481795  0.011797371062085565     
47.999359936031951   3.9690205041130973  0.013996681162022532     
48.241780945809893   10.163685811923452  0.021899048919428097     
48.484201955587828   62.271123905535428  0.10116484784067596     
