0	1	0
1   0.99904122125337784   3.9796593611338443e-07   
2   0.9988664971385972   4.2016733756808306e-07   
3   0.99882370051953161   5.7003018278737227e-07   
4   0.99880311785574407   5.7063733977282556e-07   
5   0.99879099259170894   6.9405607708427471e-07   
6   0.99878330989750905   5.1365905829427242e-07   
7   0.99877916578541282   6.3414174583071655e-07   
8   0.99877907360153271   5.5932177754190133e-07   
9   0.99877915290946009   7.1770713006955082e-07   
10   0.99877917176755907   8.4169636653742809e-07   
