0.23200314144828521   385.71596737616447  0.00046474639970994151     
0.46400628289657042   8.1083738104768692  0.00018549345582102921     
0.69600942434485558   36.406428974654843  0.0004629049211851638     
0.92801256579314084   7.8855477636910693  0.00014154114706178073     
1.1600157072414261   8.6098064089688396  0.00011782086731536446     
1.3920188486897112   7.0211770938556984  7.9929192036871438e-05     
1.6240219901379964   1.7587943306623794  4.3914648295789176e-05     
1.8560251315862817   5.3750277016993985  0.00011578336763469069     
2.088028273034567   0.092387824867406396  4.3220239542831706e-06     
2.3200314144828522   3.3707837859948264  0.00012596216510898499     
2.5520345559311375   0.09890425730593458  8.8401890803068743e-06     
2.7840376973794223   1.6713012767738001  8.0442722674762281e-05     
3.0160408388277076   0.36698252346661065  3.533118040493252e-05     
3.2480439802759928   0.62958994278602791  4.6177799652174621e-05     
3.4800471217242781   0.43446907905597248  3.9097268696371602e-05     
3.7120502631725634   0.16247658236208314  2.1660049098022202e-05     
3.9440534046208486   0.3227251257560439  4.8041264149385586e-05     
4.1760565460691339   0.018499885114467527  5.0867527563347956e-06     
4.4080596875174187   0.15854717434983337  3.991904676696632e-05     
4.6400628289657044   0.00027571105252650405  2.8124696558328673e-07     
4.8720659704139893   0.03335823077037433  2.1619147897018042e-05     
5.104069111862275   0.0016622034189108047  2.5342733179894183e-06     
5.3360722533105598   0.0022882815081062128  5.7448652302872929e-06     
5.5680753947588446   0.0070960217528607843  8.5480321551261179e-06     
5.8000785362071303   0.051592086168204862  2.6218036024836313e-05     
6.0320816776554151   0.13203844835122268  5.1558940076210092e-05     
6.2640848191037009   0.071242805038405249  3.2167692868129161e-05     
6.4960879605519857   0.57149450158250555  0.00015541563787026037     
6.7280911020002714   0.0069589492427960951  3.5944905170781048e-06     
6.9600942434485562   1.3820760918506706  0.00031303645035005389     
7.1920973848968419   0.13716666910863553  5.0741269692768353e-05     
7.4241005263451267   2.3690803798535417  0.0003703159030545037     
7.6561036677934116   1.2897450556468234  0.00026547902033963367     
7.8881068092416973   3.2840923027964653  0.00035094195981923945     
8.120109950689983   5.7781975404012631  0.00065984117249266549     
8.3521130921382678   3.9925092347298866  0.00076942895228669469     
8.5841162335865526   25.857339989521882  0.0036019688681233489     
8.8161193750348374   3.7401441089907537  0.00045177627125090834     
9.048122516483124   286.9801792150309  0.023698006758716531     
9.2801256579314089   675.41188148999015  0.0664003036527403     
9.5121287993796937   367.86447312531907  0.051167583379427533     
9.7441319408279785   11.10703855905777  0.0063754293186555684     
9.9761350822762633   36.9004522498316  0.005800567309750364     
10.20813822372455   11.133213509502218  0.001378083115484957     
10.440141365172835   8.2975860345061873  0.0011615567372314983     
10.67214450662112   9.7936551448391022  0.00070082611731778224     
10.904147648069404   1.3579360943541977  0.00014217703745976643     
11.136150789517689   7.3284487756256192  0.00056719249104114351     
11.368153930965976   0.0079441944703958177  5.3935476134664873e-06     
11.600157072414261   4.6284380191590222  0.00049132330844953337     
11.832160213862545   0.3127104227959731  8.514304824484967e-05     
12.06416335531083   2.4662222505428152  0.00026276972665286687     
12.296166496759117   0.808538374007244  0.00016410053428104506     
12.528169638207402   1.0760967184555309  0.00014760562455652696     
12.760172779655687   1.0671993431859433  0.00014327967957235886     
12.992175921103971   0.32970513259091645  7.8726478351434633e-05     
13.224179062552256   1.0471654883401321  0.00024353376003432951     
13.456182204000543   0.033867571528701339  2.4005864232583876e-05     
13.688185345448828   0.80054942904241153  0.00022978961903294128     
13.920188486897112   0.014300705476566252  1.9714798329276022e-05     
14.152191628345397   0.44356933480287714  0.00020088709084210985     
14.384194769793684   0.08094704746862863  5.0076812418010115e-05     
14.616197911241969   0.15012101766443439  0.00013413063181307339     
14.848201052690253   0.081605365903236783  8.7383248208552973e-05     
15.080204194138538   0.020353893970464338  3.6376808301966107e-05     
15.312207335586823   0.018479333790335597  4.5991385624058197e-05     
15.54421047703511   0.00039861068745496958  2.6295012493958812e-06     
15.776213618483395   0.01281635561339523  5.5216284069447306e-05     
16.008216759931681   0.0017331272670940184  3.0628743896007182e-06     
16.240219901379966   0.14922548389960512  0.00021591925576256496     
16.472223042828251   0.0575094961391931  9.701299303797802e-05     
16.704226184276536   0.43938084531823973  0.00033061376191874779     
16.93622932572482   0.44472377699890822  0.00033283708926941309     
17.168232467173105   0.89126906822453003  0.00041087394691001976     
17.40023560862139   2.3933083401515529  0.00092589202717142537     
17.632238750069675   1.3665776034166541  0.00049207036363253723     
17.86424189151796   13.70146225685907  0.0041207477118445077     
18.096245032966248   0.40535673038366926  0.0015401288165024166     
18.328248174414533   139.00403195446872  0.071566650762033383     
18.560251315862818   394.89352664706623  0.1648809211620075     
18.792254457311103   251.59897509480562  0.10973290259536553     
19.024257598759387   11.409377486736364  0.011770997716040634     
19.256260740207672   26.077699222149985  0.0065838936380862287     
19.488263881655957   11.281546294465593  0.0018072911819438323     
19.720267023104242   5.2073370484451644  0.0016624499031911137     
19.952270164552527   9.3574320167601927  0.0019891593282757125     
20.184273306000815   0.60028515750295438  0.00015247893465680962     
20.4162764474491   6.7523964703469411  0.0012868530626759732     
20.648279588897385   0.022596108357696771  2.9186397622756592e-05     
20.88028273034567   4.3135247202696279  0.0010534257575095593     
21.112285871793954   0.51577628354909972  0.00019127738744762718     
21.344289013242239   2.4297816642163227  0.00062857637716537541     
21.576292154690524   1.1304610165162725  0.00030937340936704615     
21.808295296138809   1.1197377797577563  0.00030283901469750998     
22.040298437587094   1.5586694245722994  0.00041638187902761077     
22.272301579035378   0.32520311263757739  0.00012529582306441381     
22.504304720483667   1.6508937662971107  0.00058248301336831032     
22.736307861931952   0.014056466150798508  3.0681243781633791e-05     
22.968311003380236   1.371684857381815  0.0006167059921562683     
23.200314144828521   0.070400102010619202  9.7906935653149704e-05     
23.432317286276806   0.87347307258217131  0.00044222024782731477     
23.664320427725091   0.25330758877069456  0.00012141788487480091     
23.896323569173376   0.41213847394654847  0.00038882913402867793     
24.128326710621661   0.35210012689326746  0.00035980644936348423     
24.360329852069945   0.13514894562823399  0.00012566980041937682     
24.592332993518234   0.31776210006782247  0.00029445512231002314     
24.824336134966519   0.024750147356388882  4.0689309063768479e-05     
25.056339276414803   0.20691895341478625  0.00032187908480264137     
25.288342417863088   0.0012981531336267334  4.0039326966496012e-06     
25.520345559311373   0.079036398373097809  0.00021486489124943121     
25.752348700759658   0.0014469523311263645  1.0514820282083329e-05     
25.984351842207943   0.0024039932308501195  3.0643654298684931e-05     
26.216354983656228   0.019936375437418126  9.6986088889210277e-05     
26.448358125104512   0.08560817407246767  0.00024074058755909437     
26.680361266552801   0.5310240852516195  0.0010102800185271231     
26.912364408001086   0.22452254313400638  0.00044294654583258686     
27.14436754944937   5.6700158633305356  0.0095494117029571786     
27.376370690897655   0.83745775770687542  0.0064856062652646142     
27.60837383234594   31.932283533177602  0.063248309466215575     
27.840376973794225   141.70999244051913  0.15279065757799047     
28.07238011524251   118.06382365058175  0.10244662600847458     
28.304383256690794   8.999319524578735  0.0102323453391221     
28.536386398139079   12.216558565742011  0.0055239171003445853     
28.768389539587368   8.1563025102284435  0.003527149675111789     
29.000392681035652   2.080146035778128  0.00091412506255324638     
29.232395822483937   6.3398937138962724  0.0026617440201480344     
29.464398963932222   0.1372707860514618  0.00012018542391768181     
29.696402105380507   4.5524744726602242  0.0015597733832149494     
29.928405246828792   0.090462064750989427  8.1312325784824589e-05     
30.160408388277077   3.0511155641810892  0.0012692527970080549     
30.392411529725361   0.57570679980257934  0.0002644618850827294     
30.624414671173646   1.8171633226441942  0.00079503189660654434     
30.856417812621935   1.1815576461285267  0.00051058342582219886     
31.088420954070219   0.83193393492146617  0.00038215014378569781     
31.320424095518504   1.6508930411213368  0.00083559658167034347     
31.552427236966789   0.19806466843610753  0.0001216791238490696     
31.784430378415074   1.762237822010254  0.0010300664027262325     
32.016433519863362   0.0030824586891509206  1.1924322526054169e-05     
32.248436661311644   1.4798167437478891  0.0010024214060257375     
32.480439802759932   0.14831777617324056  0.00022173794307639506     
32.712442944208213   0.99019393110966878  0.00058829157717413585     
32.944446085656502   0.40945174809697348  0.00027830154028214182     
33.176449227104783   0.52508416141716061  0.00054906667671232531     
33.408452368553071   0.62102570259975758  0.00073893734967586215     
33.640455510001352   0.19836126430034397  0.00019621916007070867     
33.872458651449641   0.71946771204355665  0.00069333243096612057     
34.104461792897929   0.029376202800099971  5.328317343891408e-05     
34.33646493434621   0.67254664196884689  0.00086089514070431448     
34.568468075794499   0.010804838558375918  2.2480072387181795e-05     
34.80047121724278   0.45993026729466939  0.00087949388225666618     
35.032474358691069   0.080618393579043773  0.0001780699926772284     
35.26447750013935   0.17339165517614362  0.00064567408551843205     
35.496480641587638   0.074420447544562128  0.00043836471129538908     
35.728483783035919   0.01556295079057457  0.00014606225432059549     
35.960486924484208   0.032640520258280395  0.00038096177137040169     
36.192490065932496   0.011602898681331183  0.0002067842499874353     
36.424493207380777   1.6977008253620538  0.010184487440006323     
36.656496348829066   4.5559561970038049  0.025284577404602718     
36.888499490277347   0.28523984655521233  0.0037185528619288026     
37.120502631725635   19.614073862780204  0.055421615701562198     
37.352505773173917   32.907467320718354  0.050297346594191418     
37.584508914622205   5.2995660651954446  0.0056867963263988994     
37.816512056070486   3.4189388534348635  0.0043648504078978908     
38.048515197518775   4.203784953427034  0.0041767624817552532     
38.280518338967063   0.51331948279341429  0.00066555459315951937     
38.512521480415344   3.2428757150356748  0.0021316863119996381     
38.744524621863633   0.012888935652403842  6.5522212741684742e-05     
38.976527763311914   2.5230887596317986  0.0013091569814643579     
39.208530904760202   0.12270938049796173  8.9463613692682601e-05     
39.440534046208484   1.8649722872767633  0.00078794761028217353     
39.672537187656772   0.52966598644832009  0.00023339470545877769     
39.904540329105053   1.1575826544252109  0.00047562326079776915     
40.136543470553342   1.060253695979123  0.00051087283951151533     
40.36854661200163   0.4935122552282649  0.00027098226420421321     
40.600549753449911   1.4569666357467391  0.00085579866137961958     
40.8325528948982   0.083009080133868746  8.8064199123069604e-05     
41.064556036346481   1.5259171115996034  0.001068284658094786     
41.296559177794769   0.019156535605222  6.146480626716145e-05     
41.528562319243051   1.2874855275736328  0.0007869628043685509     
41.760565460691339   0.20912378875050709  0.00032400280349930874     
41.99256860213962   0.90087642667808532  0.00042255729854738013     
42.224571743587909   0.50755864802151606  0.00042663118776533673     
42.456574885036197   0.50464700147677283  0.00044676480194761322     
42.688578026484478   0.8128092040977836  0.0008901518572196405     
42.920581167932767   0.18003760253236913  0.00021444605030928358     
43.152584309381048   1.0213733324296236  0.00098063789280309034     
43.384587450829336   0.011111036153587321  3.5060989688362988e-05     
43.616590592277618   1.0096941117731349  0.001277845867928897     
43.848593733725906   0.058314463914488305  7.1634579106018725e-05     
44.080596875174187   0.73659274013000549  0.0014675049813324744     
44.312600016622476   0.23173794341417439  0.00058480392096156322     
44.544603158070757   0.3680233664626743  0.0010328246655032075     
44.776606299519045   0.29449287186037387  0.0013695697037033572     
45.008609440967334   0.143231586444801  0.00060270837241300772     
45.240612582415615   0.14546822836099334  0.0013346457457555293     
45.472615723863903   0.19317580962942767  0.0016498651078824216     
45.704618865312185   0.11795779774212267  0.0013433985135512184     
45.936622006760473   4.9905482923396011  0.028941717592941201     
46.168625148208754   8.5892810407454091  0.025151622233495393     
46.400628289657043   0.71591625791977185  0.0069801970448431652     
