0.4848420195558783   0.027169779552417623  0.0017523610919353498     
0.9696840391117566   0.029620739815273624  0.0019296055879377284     
1.454526058667635   0.033696445161020788  0.0021754092691419216     
1.9393680782235132   0.040174808197145175  0.0025456087905819444     
2.4242100977793917   0.053175595492434752  0.0033436161399270395     
2.9090521173352699   0.075757822119433543  0.0045313486901830138     
3.3938941368911482   0.12919050981152671  0.0074449450115364605     
3.8787361564470264   0.26754339925313788  0.014324943024970043     
4.3635781760029051   0.90871813589814676  0.042320882292508228     
4.8484201955587833   106.66143824490635  0.14473005376121374     
5.3332622151146616   2.4032238034060061  0.19055579100387243     
5.8181042346705398   0.47306202337468889  0.03023429718112302     
6.3029462542264181   0.21549442536605595  0.012220029004683923     
6.7877882737822963   0.13498451325700338  0.0070246608777787001     
7.2726302933381746   0.10413999557840802  0.0051404755670782298     
7.7574723128940528   0.091553310278423809  0.0040768431871122821     
8.2423143324499311   0.10058588430057386  0.0043248030208161755     
8.7271563520058102   0.12108707644357844  0.0046356644812606432     
9.2119983715616875   0.21840865077111733  0.0078236057641713305     
9.6968403911175667   3.4317694362337364  0.062864182680058378     
10.181682410673444   0.82191271970082963  0.1038076036907079     
10.666524430229323   0.021470595552937919  0.0016234767716228765     
11.151366449785201   0.010592876176681891  0.00049198326568714996     
11.63620846934108   0.014855548181055418  0.00050677170684245356     
12.121050488896957   0.026509429120859372  0.00055064314317087816     
12.605892508452836   0.045914469974834386  0.00069462790778285124     
13.090734528008714   0.09128470580314304  0.00088054225740344297     
13.575576547564593   0.23175461064217691  0.0011888243731844594     
14.06041856712047   0.89115346748725889  0.0044919556191627311     
14.545260586676349   36.226750504959656  1.2025455169871561     
15.030102606232226   5.317394328169028  0.10079682104322785     
15.514944625788106   1.1425651886109077  0.015102646420877827     
15.999786645343985   0.61181031650776051  0.0072168415241567215     
16.484628664899862   0.45070582946116067  0.0035243826475944194     
16.969470684455739   0.46518312023985869  0.0035556785389269916     
17.45431270401162   0.51812161072904545  0.0033522125769712732     
17.939154723567498   0.72718300558768779  0.0039732849365300158     
18.423996743123375   1.2980355110904625  0.0065834519706212001     
18.908838762679252   3.675471399667679  0.034884306897106707     
19.393680782235133   82.118727534424519  3.1904215294806597     
19.878522801791011   24.603204661130656  0.54095356385963473     
20.363364821346888   5.1344300533310942  0.30145145398056176     
20.848206840902765   1.4913624167062365  0.026768697466450641     
21.333048860458646   0.8820614538067309  0.0046660173740359448     
21.817890880014524   0.80623256502970966  0.0039067236962563251     
22.302732899570401   0.7473247897480284  0.0048572353165514368     
22.787574919126278   0.86653989135953297  0.0093552204883385812     
23.272416938682159   1.285626982048075  0.021635933008911781     
23.757258958238037   3.1418479810836025  0.070958665036950645     
24.242100977793914   50.774463340816808  2.3139179016779717     
24.726942997349795   30.158521622975047  0.73619962206747449     
25.211785016905672   7.3637832638291826  0.77246856203873404     
25.69662703646155   0.9059469622176489  0.0089724188827457625     
26.181469056017427   0.49564169726090908  0.0027267307002128195     
26.666311075573308   0.43803218905255336  0.0034037954198683414     
27.151153095129185   0.39559042803160627  0.0044986574419311683     
27.635995114685063   0.31688647667532782  0.0027983125478801176     
28.12083713424094   0.33624825069615431  0.0024209318769859052     
28.605679153796821   0.60069834916103415  0.0055559576723037809     
29.090521173352698   4.9165801307461504  0.19953735822886898     
29.575363192908576   10.462126498765486  0.38570530971185825     
30.060205212464453   2.4508725342730585  0.35149195639082204     
30.545047232020334   1.6916342124292595  0.22957242888757732     
31.029889251576211   0.26098930786982153  0.037604961801825127     
31.514731271132089   0.12883638161376822  0.013014885565762467     
31.99957329068797   0.10655962409423234  0.0073818121382443757     
32.484415310243847   0.12032333148951404  0.0056024876164896288     
32.969257329799724   0.19902952837207611  0.0048455537581007731     
33.454099349355602   0.56171939086546467  0.021706885581250691     
33.938941368911479   9.0826081882794167  0.49363955526788487     
34.423783388467356   4.0956227188515396  0.18589830127151785     
34.908625408023241   0.87125128920581456  0.030641586578021136     
35.393467427579118   1.7115553547864008  0.16939115648683677     
35.878309447134995   0.40393508606732181  0.014394159932127944     
36.363151466690873   0.49489114636944557  0.012988670263966824     
36.84799348624675   1.6100149938992004  0.031995495813582475     
37.332835505802628   0.65911759912241006  0.025863448176349315     
37.817677525358505   1.0683683582690841  0.051399899231127048     
38.302519544914382   2.8714401445332181  0.14768900483848211     
38.787361564470267   33.449613621079087  1.8449821232646076     
39.272203584026144   33.154078925753351  0.27345429203156342     
39.757045603582021   3.3652896293196319  0.1594330405538025     
40.241887623137899   1.453233027548914  0.062023615872327688     
40.726729642693776   1.0033426807088793  0.035577110676295777     
41.211571662249654   1.0002820975969522  0.02660989241766217     
41.696413681805531   5.8669779844291313  0.18951743366806759     
42.181255701361415   1.0579174912343923  0.035797050638999569     
42.666097720917293   1.4990091812266449  0.060641687547975995     
43.15093974047317   3.3416324699490558  0.15427049161887766     
43.635781760029047   28.026380774662415  1.4786649904015286     
44.120623779584925   44.435087964616879  0.26791463156120301     
44.605465799140802   6.4892058864422588  0.22577276261166763     
45.090307818696679   2.1298852960141218  0.033147856675230198     
45.575149838252557   2.2686874560129962  0.17294595789534324     
46.059991857808441   0.82266482600362827  0.013088877863408453     
46.544833877364319   6.3644228091555984  0.24141292443173626     
47.029675896920196   0.66141825409990975  0.007664027544071196     
47.514517916476073   0.84671089650561312  0.0091884768182788468     
47.999359936031951   1.2739870941736877  0.02797806757303061     
48.484201955587828   6.0618253883750401  0.23202684224985641     
