-5.00801261047218e-06   0.000397392563578605   30.7861730787711   0.0500056726252827
0.0500145450282815   0.0003357175185955   101.262285686924   0.0500035938781326
0.0999292881930633   0.000184527392979114   99.3910457137237   0.0500187150507983
0.149943209799405   0.000151701904134995   66.2204168786768   0.0500090914118111
0.200014924460576   0.000311128038911656   40.9038538286034   0.0500046250240623
0.24998359473124   0.000326795746207129   95.7994411486289   0.0500046924295087
0.299985652351877   0.000285797716516225   102.693244680921   0.0500075892081992
0.350001230335347   0.000205006183682228   114.662465890158   0.0500144627539187
0.400003473446527   0.000224739922711253   100.988220095607   0.0500129124387272
0.449996969745064   0.000337649823253986   103.074397864301   0.0500406745996578
0.499951188945395   0.000340896325012333   135.005306476453   0.0500300630072765
-0.450078132315848   0.000277713973183595   79.4310704902908   0.0500135888963722
-0.400108003314362   0.000250884119019429   85.9605899078276   0.0500115703008792
-0.350102868069866   0.000201740910475054   124.167704145469   0.0500142688939772
-0.30002879552627   0.00016537893110278   149.646115232763   0.0500093306194251
-0.250054709905198   8.00869874724446e-05   110.892104642628   0.050056822214359
-0.200079231830793   0.00011471829947866   69.2059346978108   0.0500367878074566
-0.150106311343835   0.000295622088307352   79.5750127890355   0.050004175543367
-0.100092293392762   0.000273361797275315   123.297957500027   0.0500928302418023
-0.0500648241870598   0.000219647563992363   56.7993731062775   0.0500621542051441
0.0250566661371353   0.0503909930874998   25.6006002868066   0.0500021592069711
0.0750616679968735   0.0503090281368787   78.0344689436143   0.0500259686595295
0.125063471597923   0.0501544901868082   80.1382315922752   0.0500182870112434
0.175037303180273   0.0502143224009221   60.8597746462258   0.0500145791182901
0.225029460609106   0.0503030859051285   79.3539711235832   0.0500121139545122
0.274942825237095   0.0503037623771831   101.056988753795   0.0500194974913428
0.324936188413197   0.0502185393339023   59.4667737725084   0.0500047094569289
0.374880196871324   0.0502182110574052   91.9922925769209   0.0500169391374453
0.4248504809269   0.0502908491592991   73.2004367479014   0.050005091912319
0.474875169655763   0.0503298725767387   132.932845010122   0.0500261214239203
0.524929204221198   0.0502816310944461   103.266856919687   0.0500284902753374
-0.425055037203333   0.0503389509049736   72.4877023101347   0.0500001293803313
-0.375047112489234   0.0502399669024546   70.7947858387879   0.0500612742363021
-0.325020482964386   0.0501820469939505   83.66362946437   0.0500454433292469
-0.275050411925814   0.0501009297696574   83.461624314231   0.0500061712561578
-0.225063613452413   0.0501180237994925   74.6932377642991   0.0501095494863489
-0.175087836820152   0.0502590585873454   61.1643520283503   0.050005574993387
-0.125096779424377   0.0502488264395559   28.7213211498412   0.0500538960650944
-0.0750557031653235   0.0502002160170418   80.2466634415372   0.0500156898953858
-0.0249631990674437   0.0502729662280782   52.7954091623844   0.0500197474450419
0.0501745160502333   0.10036510559902   72.5232175855634   0.0501042780460822
0.100164656851665   0.100215876131805   101.381561937258   0.0500299296678562
0.150105995840012   0.100175545885235   91.3999732391761   0.0500010282367433
0.200088037887907   0.100222150059154   88.2695662834811   0.0500501386924763
0.250040286764756   0.10035677193639   84.16758442914   0.0500268993115221
0.300013115969335   0.100246415838605   78.2439977726491   0.050032859660696
0.350012397223339   0.100242913603085   75.5265763546344   0.0500186356745406
0.399955807295563   0.100258325462734   59.5539281697342   0.0500626565852584
0.449936377287594   0.100336324129566   53.4466337211303   0.0500234416942787
0.49996898697756   0.100297428557735   86.5211968424443   0.0500080691635668
0.549970740628513   0.100279013783838   57.383158330272   0.0500263569687693
-0.399968117491241   0.100275272605337   80.6249388118794   0.0500012888219992
-0.349976282537565   0.100205020810974   87.4972174929253   0.0500112668650915
-0.300023956665132   0.100121689176876   89.1726396609884   0.050049832797293
-0.250022050430525   0.100058484642889   54.2206392701123   0.0500197758497236
-0.200010012190906   0.100154615290649   60.9404361081294   0.0500928606575188
-0.149961067125089   0.100182148323956   48.7387720575864   0.0500024550302764
-0.0999571826764369   0.100233560906041   68.8183945050077   0.0500360606261181
-0.0499511012408174   0.100201006317141   53.3192252700598   0.0500096873443529
0.000137318287778319   0.100265866973602   32.1954313842451   0.05009457829484
0.0751408796085438   0.150302979713054   99.1627207508085   0.0500774989020422
0.125094904463993   0.150211432718505   127.772032933134   0.0500780857338695
0.175088090667639   0.150259047358835   88.9221846437302   0.0500163430565629
0.225071081285234   0.150288662807437   84.330120034858   0.0500483770115351
0.27507218125693   0.150350801967807   105.04498044091   0.0500019388215727
0.325049669771941   0.150190479252988   90.0624358656946   0.0500042159231201
0.375068074849682   0.150251392420948   40.8300472764068   0.0500063228473323
0.425061679594588   0.150326134154023   65.3094529263901   0.0500215634677486
0.475053502335159   0.150326087714102   69.6735203667665   0.0500186645437879
0.525058140128315   0.150266898007307   89.9764204949771   0.0500000266297345
0.575043364127618   0.150264091240904   89.0873464852466   0.0500078214549638
-0.374952684065909   0.15022397684047   109.663991352574   0.0500301202748569
-0.324944232809179   0.150163260975121   94.7952219244671   0.0500028006972271
-0.274998921990285   0.15008982710016   97.2861157967709   0.0500382547704728
-0.224932293193046   0.150068259173267   54.9018285951334   0.0500182075686854
-0.174959024262536   0.150131236553335   96.702445818897   0.0500604605190808
-0.124920346550434   0.150183274430677   8.01929293979597   0.0500075532660923
-0.0748579568688145   0.15019432541969   102.464471948965   0.0500693244644391
-0.0248667751386977   0.150228758293898   79.1744250408608   0.0500127680466723
0.025100762346921   0.150316142845041   83.7733294695095   0.0500030031208997
0.100057482558114   0.200315422938452   119.114904219696   0.0500306283468565
0.150101952982809   0.20021444668902   88.6085307338059   0.0500609077438515
0.200085916656721   0.2003487396086   83.374448501907   0.0500036000046944
0.250039926391727   0.200258730015613   56.0883191245441   0.0500122713865956
0.300100750426945   0.20022421940127   161.725517889717   0.0500078990596688
0.350087332582965   0.200171173592598   74.948467610378   0.0500964050046312
0.400088931836545   0.200297173843134   78.3618403423771   0.0500474531454595
0.450093514200535   0.200370009419188   82.5864021147573   0.0500194472415541
0.500079891855121   0.200353634934677   75.7387171481111   0.0500167562700145
0.55005623115738   0.200275556532385   109.976116006888   0.0500070143885148
0.600033443291643   0.200261327013185   58.671159799646   0.050048357366781
-0.349978542749426   0.200216603757101   98.8623963609662   0.050017381296191
-0.299924659916897   0.20019630687841   74.085153492585   0.0500584000752926
-0.249931915149142   0.200032770044812   99.6205903152526   0.0500083736613191
-0.199939768060171   0.200128836827135   73.7353201728683   0.0500029432953065
-0.149911669634744   0.200123358554014   101.310385469234   0.0500022765807005
-0.0998724415577361   0.200160615095011   103.609750313112   0.0500045613538619
-0.0498668432495849   0.200249512285201   91.6899749569534   0.0500912725514974
5.9950929830862e-05   0.200318179737525   101.689358267908   0.0500230799237494
0.0500614565311037   0.20034098269891   105.362860125548   0.0500633301250867
0.125093283415992   0.250200986543681   82.8839041042664   0.0500110063834651
0.175078938685268   0.250300673296162   74.6985780468019   0.0500094440722592
0.225113134803182   0.250321037602299   148.059397947709   0.0500060023931068
0.275118875375121   0.250242126220749   101.073188596814   0.0500328242716795
0.32512893848742   0.250215535694865   64.7473912146081   0.0500250646279219
0.375134753017419   0.250200484036562   43.478006560672   0.0500011596111786
0.425130684870391   0.25032138448583   64.3523317043411   0.0500113876112695
0.475092378189768   0.250392723390564   70.2327874303288   0.0500062654753919
0.525085795118455   0.2503301765751   90.6220217588398   0.0500522213887978
0.575092375795568   0.250229044813534   83.8150172709795   0.0500113508697007
0.625136589757304   0.250246229961122   62.7538559291956   0.050007308225902
-0.324852365676633   0.250155050931903   62.1594477877062   0.0500429232146067
-0.274835864804915   0.250210586904731   79.4460967636245   0.0500459054669297
-0.224884852761637   0.250059256142565   69.4860463601785   0.0500319082112067
-0.174915885536575   0.250150908050768   66.6715901443374   0.0500284579824685
-0.124926400535539   0.250148373793116   71.7006565663904   0.0500406555182371
-0.0749097700880234   0.25023495590664   72.2000019476603   0.0500100073082712
-0.0249809230157988   0.250428295369678   116.877367566605   0.050036062268349
0.0249944443089211   0.250340970606093   76.4646831834701   0.0500472201083598
0.075056895641578   0.250329079344978   73.5887096711049   0.0500234477090933
0.150097764325419   0.300270974554089   54.9541812161566   0.0500003503901931
0.200107335416404   0.300294422114528   109.595584449314   0.0500097341622294
0.250078969851905   0.300237772795802   100.09812396823   0.050007898324655
0.300081065083853   0.300178997383014   100.370399165981   0.0500452920610948
0.350133681253814   0.300199042535201   66.5805697443584   0.0500000083078995
0.400131829732584   0.300230867069198   76.8242220856467   0.0500474893598765
0.450115163984746   0.300399765335184   88.5850927078737   0.0500128164473989
0.500092996170967   0.300349140404977   94.7575521522366   0.0500060741839706
0.550127077931993   0.300277913069655   116.131210987111   0.0500669444238486
0.600131830285689   0.300191230523698   94.409450924517   0.0500194166651584
-0.349830739668986   0.300150196353973   153.04388031494   0.0500239793598352
-0.299792536185372   0.300203582989815   105.089560297047   0.0500528034226341
-0.249809997325662   0.300101298263996   121.06062654996   0.0500094877023988
-0.199821169168881   0.300150405492194   69.5124609748195   0.0500030695472984
-0.149887535530323   0.300194184024166   90.2617847660502   0.0500538984302107
-0.09993640452386   0.300223713080037   73.97533335324   0.050050501271302
-0.0499104343879163   0.300345204675566   41.3224627990089   0.0500018194000981
0.000106747759392381   0.300364218781406   83.0259791415075   0.0500255462791842
0.050073606077902   0.300330081334995   85.4464579827609   0.0501824319248494
0.100080711827754   0.30030688880911   142.95213858212   0.0500054148200205
0.175082018292198   0.350291997749589   86.7547903424741   0.0500162584059248
0.22504749185811   0.350283299863324   105.198856710138   0.0500072657999337
0.275080066345535   0.350197972338782   51.1892096546797   0.0500188579562309
0.325085238046315   0.350118710974772   75.98528212911   0.0500275275890113
0.375094693719733   0.350291529204923   93.7066246862806   0.050001628037166
0.425090650172073   0.3503041513177   54.6094583513203   0.0500033646262952
0.475174321359266   0.350382406046686   39.9610219983105   0.0500055575531033
0.525134852380036   0.350328671646893   83.2920284116211   0.0500133374130379
0.575116884279086   0.350226671705978   105.257506458448   0.0500209221073889
0.625106239440865   0.350167253494897   118.754862067218   0.0500085547346673
0.675159058090271   0.350150621267166   36.3096105217579   0.050006763579982
-0.274846331968721   0.350181169777995   97.0145365908303   0.0500139033585404
-0.224847833775719   0.350104459701678   86.534418728927   0.0500715361374128
-0.174845641333608   0.350215926674273   87.1982814715596   0.0500205141739386
-0.124921520915193   0.350252358661683   86.1043453948323   0.050014158128687
-0.0749096908734487   0.350306697630375   84.7074250664263   0.0500457441705947
-0.0248596191430876   0.350385119198057   78.2852283608907   0.0500534216066155
0.0250972475597037   0.350360277819805   116.405460984541   0.0500562765362241
0.0751055547755244   0.350298954194128   85.4796275438607   0.0500290845559551
0.125121934670127   0.35022666778374   66.7952395118606   0.0500216659060028
0.200121547540186   0.400383521387772   69.3329298460426   0.0500191579702025
0.250121420522806   0.400135801890599   111.140261339967   0.0500177970320567
0.300134375130619   0.400130757603155   61.7220272354307   0.0500095927139301
0.350144969480274   0.40019710214563   36.9571217946767   0.0500091689278344
0.400175367975772   0.400269542077537   39.0139388813976   0.0500297538794926
0.450169128697768   0.40027599452848   53.1447976884131   0.050079091770144
0.500200268785894   0.400407839763576   62.0323323713068   0.0500019788928916
0.550171018099979   0.400336187110833   118.815908368657   0.0500331129411685
0.600160626622849   0.400233289755799   80.1859182641957   0.0500058335725609
0.650160692054239   0.400112895827182   68.1816127676806   0.0500675659868976
0.700146165761949   0.400184961051718   67.0417826064433   0.0500199879340117
-0.249830086097296   0.400135752157146   110.684778021214   0.0500325675676892
-0.199869327886523   0.400184896293262   66.2023026696104   0.0500002046672734
-0.149896699519077   0.400248411102372   70.6007909643958   0.0500369105327585
-0.0999228159854802   0.400300841868881   86.5147917564618   0.0500656361951674
-0.0498854360705374   0.400341291998491   72.9434805727888   0.050153742161384
9.66109070088417e-05   0.400408795236441   136.88856943953   0.0500114973352036
0.0501839319207364   0.400319183717261   51.3026150792086   0.0500200774917877
0.100195886869466   0.400274094511891   88.0204912838764   0.0500968191665175
0.150145171025725   0.400307359784281   81.050221898436   0.0500108299239351
0.225167583731393   0.450295439968391   116.609579179516   0.0500142212694052
0.275100351166163   0.450060906270417   82.3345955548401   0.0500142112546046
0.32511161892827   0.450146952674102   49.5220468140139   0.0500058467320307
0.375224162234484   0.450187455177275   44.6251273802301   0.0500019857662474
0.425230069560067   0.450289022364493   84.9887881060508   0.0500139795582963
0.475162778920613   0.450340346577846   75.9543839580691   0.0500059502886576
0.525126169123337   0.450409253839408   141.920067580806   0.050122205005486
0.575146482402049   0.450300106636396   128.101038794471   0.0500428561751088
0.625201737025454   0.450142970486673   99.9601784806022   0.0500071676046518
0.675184819247606   0.450151104024987   83.0866595751378   0.0500351992478982
0.725146583221136   0.45015756233502   120.466893709635   0.0501576507824107
-0.224872324474315   0.450165551920944   78.8108819275717   0.0500062120085494
-0.17492212863598   0.450212907848802   98.9420750744313   0.0500348729679829
-0.124970366214354   0.450260557324475   101.502949285833   0.0500456658927224
-0.0749744542847485   0.450298734612784   92.5708608136131   0.050016036048015
-0.0249312542296338   0.450392803005128   32.2412878165409   0.05004979386291
0.025148686715224   0.450242535340203   66.2824759741962   0.0500120606336656
0.0751923625442805   0.450349791719682   106.304666028848   0.0500324401391688
0.125157095220713   0.450349461776345   74.5451084365479   0.0500009167569563
0.175136205802293   0.450334254164067   67.3205023067056   0.0500052032217314
-0.250090127166029   -0.499847584315353   131.310742621855   0.0500596886728151
-0.200147021680255   -0.499938246425963   63.2897550678281   0.0500106849328749
-0.150091845933567   -0.499853228004002   97.6049568222155   0.0500002684332947
-0.100119229144722   -0.499734178096326   89.4641041361367   0.0500065005080835
-0.0501253365657474   -0.49963124843424   81.9129050965452   0.0500224402317536
-0.000133837425059093   -0.499592827058359   96.0862277423005   0.0500270134079872
0.0498354932556187   -0.49961663312836   105.481213606659   0.0500023374745545
0.0998346593307664   -0.499808473929747   112.335892603909   0.0500055877891252
0.149809777831709   -0.499811976655637   82.8481318959776   0.0500807927943608
0.199776393099982   -0.499829788648374   106.458645569501   0.0500024301114747
0.249750908463952   -0.499835190082313   90.4924445126568   0.0500049854374175
-0.700285230647572   -0.499772101225302   86.9275120484897   0.0500769215891663
-0.650267965671444   -0.49974946988735   67.8316826795965   0.0500128116613257
-0.600268056086986   -0.499729371533503   80.3090312878799   0.0500315087087284
-0.55021170237463   -0.499748610751194   174.729846956114   0.0500019068255479
-0.500126513277563   -0.499713824191523   102.769199435427   0.0500025011618729
-0.450154464812692   -0.499682071495132   103.280302746308   0.050072423443599
-0.40013269360056   -0.499639371851503   85.0329844173119   0.0500021529946898
-0.350111366709664   -0.499689052073981   129.574565459906   0.0500506069798225
-0.30006186245404   -0.499688014388811   132.061679591665   0.050034110429046
-0.225140055709419   -0.449871532274483   108.730034613951   0.0500035861696057
-0.175154760164364   -0.449828411653632   90.4667369700662   0.0500460694750218
-0.125177269481291   -0.449772385402024   67.3459510417519   0.050015919263168
-0.0751631079924797   -0.449691335195672   86.5368219969631   0.0500374999359479
-0.0251504317448567   -0.449566008611728   97.5870946542055   0.0500118977220064
0.0248399943783427   -0.449625438400057   109.739512392414   0.0500105215164538
0.0748577181408942   -0.449741018740876   112.563882694089   0.050001351561785
0.12481538115574   -0.44982015404366   89.0178691856196   0.0500930784302654
0.174800396224409   -0.44982998673347   89.7111750009545   0.0500460967491529
0.224750229347191   -0.449773697807469   92.6726119179901   0.0500660962429214
0.274748048524904   -0.449750060834986   85.779853036046   0.0500353732559477
-0.67520761400544   -0.449780076376126   172.359020111817   0.0500053188105877
-0.625142451742286   -0.44971018317507   80.7825634227738   0.0500001117539089
-0.575146773260142   -0.449795864593198   62.8951642605951   0.050017045833468
-0.525152410315346   -0.449765955326598   82.6178340059811   0.0500271833121483
-0.475172511174143   -0.449709076352777   106.816408471064   0.0500209376781301
-0.425135036723582   -0.449636458910736   80.3764651649351   0.0500303691950715
-0.37515861788678   -0.449661876733679   137.923178302185   0.0500270432422143
-0.325148481889905   -0.449766381536121   135.140789946151   0.050010458464405
-0.275090320516609   -0.449703466931677   101.298369555333   0.0500244904474533
-0.200081371133817   -0.399827328482975   85.506323478626   0.0500008531402304
-0.150166738450012   -0.399762400294801   87.7522542470331   0.0500038296396114
-0.100206002672246   -0.399678703489242   113.097321363315   0.0500042053897054
-0.0502140040408495   -0.399616482596812   87.4677043177512   0.0500245903581659
-0.00019562201969412   -0.399549424426883   148.459293458185   0.0500309497324332
0.0498925641589644   -0.399710008874091   88.5790116498899   0.0500208063495106
0.0998214463167801   -0.399768821589218   99.1977151898714   0.0500040636023867
0.149793980958348   -0.399826267788414   73.4627268639286   0.0500005194434944
0.199780818101628   -0.399764774475176   51.1907621306721   0.0500069251023608
0.249728188723043   -0.399797216016455   107.405250793638   0.0500107932457025
0.299778822902736   -0.399794677150114   137.150680726025   0.0500243893453742
-0.650231715737943   -0.399800560528651   73.3816983621625   0.0500209644941579
-0.600170021041888   -0.399771102882595   121.069170870337   0.050014497524486
-0.550127985866769   -0.399781491293499   85.3027588452082   0.0500078719470883
-0.500191274374032   -0.399726109407588   94.1081548160783   0.0500274876463894
-0.450181902962662   -0.39973602627648   68.0867301101725   0.0500152548447382
-0.400218461784043   -0.399641022448896   129.399294926263   0.0500001405561979
-0.350206108842307   -0.399774699763841   142.008915569333   0.0500006588491799
-0.300189604579362   -0.399811747209438   40.856164339554   0.0500116369704249
-0.250137027885349   -0.399759352880875   123.188482221245   0.0500172211104777
-0.175153290857692   -0.34978648758813   93.3340439352737   0.0500063972841447
-0.125247836894603   -0.349632144742965   83.3682746769312   0.050027753187756
-0.0752531390267289   -0.349622811197911   73.4588477841205   0.0500002310761915
-0.0252330981517219   -0.34959361302284   62.9449775371946   0.0500316589137784
0.0248373010201356   -0.349636822651868   122.808929917478   0.0500384656789012
0.0749048637712872   -0.349707899906978   107.187270546788   0.0500952235813249
0.124862439957842   -0.349785567955283   88.8663669374039   0.050033980451636
0.17484439779957   -0.349752873591095   77.0314272700871   0.0500141278619681
0.224796696405094   -0.349794273977657   88.3704114746819   0.0500041765872721
0.274798589116365   -0.349809051923955   88.4323120112227   0.0500094437478302
0.324729290682688   -0.349846676937793   95.7151138548878   0.0500347369377004
-0.625170118009711   -0.349808687076963   109.002533341236   0.0500160599012696
-0.575233338797634   -0.349815828155809   110.201542394556   0.0500634111689283
-0.525224379036139   -0.349698301623202   95.0564468968951   0.0500152281335627
-0.475240662701609   -0.349711984647614   101.141289332475   0.0500176826695648
-0.425228601001892   -0.349664018975571   175.914818953238   0.0500440894701691
-0.375113885083969   -0.349737451468526   107.803586654767   0.050001645671759
-0.325108780503589   -0.349864724429576   95.3700721405976   0.0500107679038573
-0.275181444895256   -0.349715169551728   69.7301220220926   0.050072575802315
-0.225176150802616   -0.34983205397745   98.6623119829432   0.0500371404964614
-0.150210482519601   -0.29967579553669   57.8737624804342   0.0500077509576412
-0.100188909111287   -0.299665491295965   51.3095757717979   0.050008283476521
-0.0501279144398603   -0.299651107721226   46.6871823476478   0.0500374727452374
-7.19982927884852e-05   -0.299623171267513   71.630426775911   0.0500162001016065
0.0498600476111676   -0.299654223206363   103.819151851474   0.0500076251180163
0.0998657699465279   -0.299726533516993   94.6277424120217   0.0500569138537388
0.149854532999726   -0.299751454922232   70.7187611451199   0.0500298545637418
0.199841263416187   -0.299752660669611   91.6635491645742   0.0500154992725614
0.249816296176844   -0.299763497824721   74.5304367219849   0.0500425094145228
0.299787835529181   -0.299769359412887   84.0921834941235   0.050000409418247
0.349777543828757   -0.29977842054293   75.1687473531187   0.050030129111794
-0.600247816890835   -0.299725335844301   92.9246759166764   0.0500390693063798
-0.550287211684289   -0.299779747173024   76.7388786287073   0.0500036945562674
-0.500253313918752   -0.299728682551585   20.3908776230076   0.0500263965385876
-0.450193658274504   -0.299771472352939   52.6761846615952   0.0500797094105461
-0.400178933150088   -0.299715910471392   102.309830737521   0.0500372884765254
-0.350178067084395   -0.299802687139265   104.004003697167   0.0500645455635844
-0.300179773481805   -0.299749892837766   62.3627043596165   0.0500530230748644
-0.250134014518358   -0.299732722529512   133.796353910757   0.0500003216402351
-0.200136011744024   -0.299766610344745   88.8845375911634   0.050016030262757
-0.125008453181663   -0.249720788768209   47.0346943767852   0.0500082085330618
-0.0750488508426653   -0.249719549150395   78.0547984822521   0.0500184453431846
-0.0250954071574456   -0.24961862606107   78.6874311105564   0.0500147506292311
0.0248943221270769   -0.249581295599618   120.273545851706   0.0500021752401872
0.0748822241236625   -0.249708412336135   110.335468856522   0.0500045966393614
0.124900377500072   -0.249719500658604   86.1720678702637   0.0500626639143176
0.17489424299805   -0.249625062619024   81.7763788159193   0.0500253888141216
0.22486639530784   -0.249738377530602   96.8714901093885   0.0500218238820248
0.274871484210748   -0.249721247778734   100.649140490525   0.0500530542776434
0.324839768243603   -0.249776370135961   83.8111602076232   0.050059768790073
0.374770511462477   -0.24968862721082   57.6705154043417   0.0500020177011272
-0.575154590040366   -0.249735786065866   59.6595923492147   0.0500227748438858
-0.525134246696067   -0.249747391811655   84.2258417935959   0.0500076549610029
-0.475149238839151   -0.24978063440665   99.8628192369959   0.05001658887828
-0.425145608892747   -0.249731181856116   86.7899802911141   0.0500016774096846
-0.375163716813057   -0.24978521604217   97.9697077184396   0.0500527029057815
-0.325164267353516   -0.249813051012436   65.5660586274719   0.0500087647641842
-0.275145616445178   -0.249715103731389   36.6702233740133   0.0500596978125752
-0.225121432692554   -0.249808531396215   29.1557525520798   0.05002050625088
-0.175067589608559   -0.249706034692056   31.6844921431283   0.0500018103395264
-0.10010946837467   -0.19974242530046   112.742033005688   0.050006168752724
-0.0500667530067384   -0.199692405911508   56.4869792596956   0.0500549706143165
-4.25673735120034e-05   -0.199559324490787   55.0355220692482   0.0500675849638281
0.0499332078885848   -0.199621320599087   99.2097589765249   0.0500115032145026
0.0998953737076925   -0.199790607008979   57.8905398634974   0.0500019441972146
0.149914030935736   -0.199734916807041   73.8966640949769   0.0500058123293438
0.199948649706504   -0.199665842911541   85.4023741866058   0.0500090914807335
0.24989923429073   -0.199684545363038   74.1377764902136   0.0500658194456307
0.299853274069289   -0.199730729600072   78.0213913819476   0.0500039073401661
0.34991781781103   -0.199698989701803   45.7161655959587   0.0500091734268423
0.399918012126557   -0.199722951968101   64.981342501781   0.0500171875206648
-0.550096744034983   -0.199724136636651   73.3359547222684   0.050004959525702
-0.500093640920849   -0.199716233025407   93.6724540589489   0.0500189676500831
-0.450061657810279   -0.199774435468955   58.2029232559535   0.0500133735409253
-0.400086851114364   -0.19973049790074   84.0596045475714   0.0500665857163396
-0.350126573823731   -0.199838319680802   119.571195286806   0.0501320331717656
-0.300068103483377   -0.199765718589433   81.3400145205508   0.0500092745145792
-0.250090248629598   -0.199777229978729   115.604740050733   0.0500270240994472
-0.200102151853199   -0.199806975434016   88.2510407009558   0.0500092689076685
-0.15006441433515   -0.199717718645079   116.567431024112   0.0500110864192966
-0.0749836529018214   -0.14977187717349   54.9841967587359   0.0500060430914585
-0.025028036188718   -0.149644649857103   68.5873436400422   0.0500497738384663
0.0249887855792311   -0.149580862595567   119.145452476986   0.050013395467998
0.074962943506173   -0.149768327181016   116.136124540886   0.050007423391529
0.124960742202742   -0.149790397922799   53.2466982811096   0.0500220701945135
0.174994510389041   -0.149693140279236   74.1619562263931   0.0500465716200113
0.224990917774513   -0.149702163200893   83.0028393340022   0.0500110440579364
0.274968250632817   -0.149659863065831   96.2641185637496   0.0500012332640216
0.324986887168404   -0.149728611983195   86.2283098992325   0.050007039108301
0.375001525676596   -0.149748882186868   88.687011545231   0.0500726675622925
0.425002604731922   -0.14971345695125   59.9172056247869   0.0500264387214313
-0.52505156808989   -0.149713190906246   84.6698798224559   0.0500268930181349
-0.475002476405087   -0.149716301353119   64.3006712425092   0.0500030871394947
-0.425046773626283   -0.149706953375764   66.6930649071016   0.0500105207486658
-0.375057065087105   -0.149739702889514   78.1471109642481   0.0500597020765573
-0.325074005751379   -0.149855331855092   68.1992965828937   0.0500381870273865
-0.275086316616415   -0.149762627600418   106.98732445655   0.0500401302959342
-0.225073354823159   -0.149821100417874   81.7221891631559   0.0500198925858249
-0.175048840266818   -0.149759354222151   72.563067196773   0.0500361807169243
-0.125029459397776   -0.149696918799325   75.2364529815372   0.05005496351528
-0.0500286667224528   -0.0997334511637123   70.4192906673475   0.0500014821460107
-4.7856371705265e-05   -0.0996377013755429   80.0824928888236   0.0500248694456858
0.0499580212961672   -0.0997111798576479   106.925008166425   0.0500457988695511
0.0999700148071703   -0.0997862278897453   107.599849032147   0.0500134879360596
0.150013340962952   -0.0997650871346938   64.4847048607031   0.0500355997348304
0.200028300574863   -0.0996894238703584   78.1162730766302   0.050009011293084
0.249998213581589   -0.0996367910098426   69.9169672894941   0.0500126357272225
0.299987215123688   -0.09971162860954   83.6888406217719   0.050044848408665
0.350024794676795   -0.09969460069023   98.7946664   0.0500662716854774
0.399979758225273   -0.0997742963034742   67.4411789257949   0.0500425146797742
0.449937892279547   -0.0996624592950765   86.4411448243446   0.0500322378639981
-0.500027210887348   -0.0997241638046513   98.9873153071576   0.0500006908719167
-0.45003291264162   -0.0996952563685272   94.2462256204617   0.0500091356416947
-0.400058544643244   -0.0997074286710867   98.169829321576   0.0500019942325029
-0.350061435067255   -0.0997788322900189   89.4004153856994   0.0500136477672167
-0.300127887712738   -0.0998102421335619   79.1875886294909   0.0500052343842691
-0.250070207572619   -0.0998578673084907   20.7885736307154   0.0500030835529593
-0.199975217073859   -0.0998230028177852   24.8325610413465   0.050026905606217
-0.149972741380214   -0.0997318767701737   76.0116097690348   0.05000924464632
-0.100015934087818   -0.0997390807638626   101.530376532088   0.0500394889879618
-0.0250251268788917   -0.0496477525908127   76.5049376307475   0.0500072180341971
0.0249851115113854   -0.0496051186678892   101.833891485854   0.0500048170958965
0.0749883594786725   -0.0497879200138398   109.570957725023   0.0500104595077773
0.124982189162803   -0.0498554214809053   97.7156620830479   0.0500042587982323
0.175040963581312   -0.0497359590799781   52.6552103514268   0.0500048010220079
0.225021776776317   -0.0496653964525332   78.9058942382712   0.0500122353730988
0.275004623086923   -0.0496591869225801   104.508730856901   0.0500042931862347
0.32500032592845   -0.0496942552267267   73.8399168353426   0.0500437812146254
0.375009154671301   -0.0497932637673945   93.5098949295833   0.0500275478444722
0.424959341314653   -0.0497437860199758   53.6638402074187   0.0500061466021682
0.474947034303352   -0.049670279488516   99.2837200243131   0.0500220209117594
-0.475079623838325   -0.0496977188388242   84.7601338984339   0.0500204317334875
-0.42511386729595   -0.0497365998499875   93.6365316155979   0.0500370362901635
-0.375083486288281   -0.0497603035595421   134.553612002356   0.0500012504435526
-0.325036682564474   -0.0497347640844462   103.352275482356   0.050023502639944
-0.274989144829307   -0.0499155804626767   10.446109000776   0.050004065618848
-0.225013771794441   -0.0499147288917899   110.602096624637   0.0500594578887812
-0.175001335091454   -0.0497878086321766   70.0627923251729   0.0500140994420427
-0.125010406398422   -0.0497057523135722   91.5383855881917   0.0501230792112987
-0.0750403036789617   -0.0497864822047301   85.8948057481943   0.0500109363824297
