0.22106592154331658   323.11886895283462  0.0036925439181346318     
0.44213184308663317   1.387009034951969e-06  1.8641747304447251e-08     
0.66319776462994973   34.921349621487711  0.0035179946668630066     
0.88426368617326634   2.0577539343097734e-06  7.1866014642061862e-08     
1.1053296077165828   11.875601108014009  0.0035781557328840241     
1.3263955292598995   3.0230573203403103e-06  1.1971437870615399e-07     
1.5474614508032161   5.5395219105258988  0.003597644246254482     
1.7685273723465327   4.4061380087614977e-06  1.9938974917192091e-07     
1.9895932938898493   2.948367617607102  0.0035284901782183815     
2.2106592154331657   6.4272618554332525e-06  2.8832176768448814e-07     
2.4317251369764823   1.6563562000324126  0.0034648234923357317     
2.6527910585197989   9.2507428810816506e-06  4.0128908798946284e-07     
2.8738569800631155   0.93700906022378422  0.003433974613858714     
3.0949229016064321   1.3821853185897907e-05  5.627133170562305e-07     
3.3159888231497487   0.51493688455961319  0.0033716282161741381     
3.5370547446930654   2.089527945486153e-05  7.0315156960809103e-07     
3.758120666236382   0.26960091303067772  0.003289140078330011     
3.9791865877796986   3.0218265891523326e-05  8.5417304081900776e-07     
4.2002525093230147   0.14524038702419031  0.0031902071680260876     
4.4213184308663314   4.5488536405451401e-05  1.4993794032996717e-06     
4.642384352409648   0.11906578791568257  0.0030750823619051251     
4.8634502739529646   5.9476981456867252e-05  1.3179595608601776e-06     
5.0845161954962812   0.18896550291289838  0.0029390319223596978     
5.3055821170395978   7.708157600987122e-05  1.7788899545842772e-06     
5.5266480385829144   0.37488827670573832  0.0027430339294595413     
5.747713960126231   8.4374689108081816e-05  2.2390554210845206e-06     
5.9687798816695476   0.72796780662578635  0.0025100052376356402     
6.1898458032128643   8.2366565299089928e-05  2.3574253676866173e-06     
6.4109117247561809   1.3609348998801968  0.0023183514183096758     
6.6319776462994975   8.2383408214262925e-05  2.6564432076663458e-06     
6.8530435678428141   2.5348669086543491  0.0019684175537743237     
7.0741094893861307   8.9253263331489754e-05  3.3476809361396802e-06     
7.2951754109294473   4.9445839982950694  0.0019755741910602411     
7.5162413324727639   0.00010894076151001611  3.9689437951586526e-06     
7.7373072540160805   10.947155910452496  0.003988198815573187     
7.9583731755593972   0.00016847896638133009  5.2355876102796851e-06     
8.1794390971027138   33.13313710436455  0.0089196744811511182     
8.4005050186460295   0.00065962230906832806  3.1964329418015711e-05     
8.621570940189347   314.44525177572387  0.1190257194969217     
8.8426368617326627   788.8989540981205  0.22087671135961322     
9.0637027832759802   322.69966189963612  0.067038942511932196     
9.2847687048192959   0.00094550608027816351  2.4971401545575228e-05     
9.5058346263626134   35.843331033059692  0.0033651560707134442     
9.7269005479059292   0.00036882299619112019  1.1218994492452741e-05     
9.9479664694492467   12.529335487873962  0.0054918340218500216     
10.169032390992562   0.00026561719341122268  8.067479222991376e-06     
10.39009831253588   6.0224771668182141  0.0057677210791296513     
10.611164234079196   0.00023408434683856584  7.6405574227363013e-06     
10.832230155622513   3.3164983438569697  0.0051386370881604576     
11.053296077165829   0.00022971622798331246  7.8674145799292031e-06     
11.274361998709146   1.9398703978017434  0.0047792811989201422     
11.495427920252462   0.00023356227355705373  8.3185733921211306e-06     
11.71649384179578   1.1528950819321535  0.0045004306428748012     
11.937559763339095   0.00024632494446664378  9.2377500251752313e-06     
12.158625684882413   0.67323903381308478  0.0041862379463483757     
12.379691606425729   0.0002805372783446203  9.6154688426921797e-06     
12.600757527969046   0.3753722028603157  0.0038939402103382111     
12.821823449512362   0.00036591957809964706  1.0790303070613332e-05     
13.042889371055679   0.19936772938549313  0.0034599774322608773     
13.263955292598995   0.00072035092127029448  3.5710739560455179e-05     
13.485021214142312   0.12665593788912086  0.0033864089166801155     
13.706087135685628   0.00075081702038404116  1.2507421022425944e-05     
13.927153057228946   0.14065885710180903  0.0029814501531035968     
14.148218978772261   0.00099530861315395662  1.6494105453114815e-05     
14.369284900315577   0.26395002441778648  0.0025012817987425806     
14.590350821858895   0.0010612638590378356  1.9171460314615247e-05     
14.81141674340221   0.54103764261302403  0.0020184121700592725     
15.032482664945528   0.0009528462398247616  1.7620873959460408e-05     
15.253548586488844   1.074575645324643  0.0020368186304035652     
15.474614508032161   0.00084474882975105893  1.6745421846263836e-05     
15.695680429575477   2.1051551675356454  0.0027887266394322064     
15.916746351118794   0.00081103269921427027  1.9791209967886547e-05     
16.13781227266211   4.2800207975564994  0.0053734467939040286     
16.358878194205428   0.00085922007729696029  2.2318903770363847e-05     
16.579944115748745   9.812143763074115  0.012487051335241687     
16.801010037292059   0.0011273235112401155  2.6934285619708321e-05     
17.022075958835376   30.618604162866798  0.029106492052614423     
17.243141880378694   0.0053660922579155159  0.00042797534700191252     
17.464207801922011   297.37424615208209  0.39775370020602956     
17.685273723465325   756.66561917766938  0.82284100561536111     
17.906339645008643   313.39232125511932  0.308708198133447     
18.12740556655196   0.0064532197063302006  0.00026534185796749735     
18.348471488095278   35.83512014541175  0.012169039851328622     
18.569537409638592   0.0021896000159689095  5.3338395906479737e-05     
18.790603331181909   12.863850567549417  0.0030901640954131365     
19.011669252725227   0.0015859602315419881  3.4969650537847267e-05     
19.232735174268544   6.3607877904354018  0.0058413484567076648     
19.453801095811858   0.0014074227089788902  2.9386034096040876e-05     
19.674867017355176   3.6142456770385107  0.0055958998004246297     
19.895932938898493   0.0013884329919614879  2.9504425086570279e-05     
20.116998860441811   2.1919569323113518  0.0056261561018443789     
20.338064781985125   0.0014320664366282327  3.2206300740282404e-05     
20.559130703528442   1.3603243565508617  0.0053136227583843304     
20.78019662507176   0.0014569392892703302  3.6785872342416627e-05     
21.001262546615077   0.83787757907861299  0.0048650021221644211     
21.222328468158391   0.0014329931216381361  3.6596635851596471e-05     
21.443394389701709   0.49727908687181517  0.0045308829297550293     
21.664460311245026   0.0016126748557420234  4.3538824922822741e-05     
21.88552623278834   0.27367311195239562  0.0036406517152721649     
22.106592154331658   0.0035540875483600661  0.00019846896065568136     
22.327658075874975   0.17010703654056222  0.0042866437317567285     
22.548723997418293   0.0031732139212423345  4.1904273928086905e-05     
22.769789918961607   0.12881106127401518  0.0034729658045023252     
22.990855840504924   0.0043435216382674464  5.7689352476746337e-05     
23.211921762048242   0.19030167482191912  0.0026936836333310382     
23.432987683591559   0.0046980917362286527  6.6211660032190623e-05     
23.654053605134873   0.3893492240714426  0.0019045526910261578     
23.875119526678191   0.0041956453310095117  5.997737684717542e-05     
24.096185448221508   0.81689828865061738  0.0022719356049952947     
24.317251369764826   0.0036462885689322225  5.1225862455470922e-05     
24.53831729130814   1.6886919506399321  0.0043354036779641049     
24.759383212851457   0.003422214427326032  5.9527161166665323e-05     
24.980449134394775   3.5921752092044959  0.0089727651619553152     
25.201515055938092   0.0034948570488876492  6.5990523722417257e-05     
25.422580977481406   8.5525731527878163  0.021694268923655786     
25.643646899024723   0.0043120462212276175  8.4358410092242548e-05     
25.864712820568041   27.571416766819886  0.052789891815506468     
26.085778742111358   0.021942206540442621  0.0019525359814607414     
26.306844663654672   273.39585399307267  0.75448817638246309     
26.52791058519799   706.30828628934515  1.646539285756143     
26.748976506741307   296.23225035137963  0.65810581510663386     
26.970042428284625   0.022748724014264653  0.0010052387931045557     
27.191108349827939   34.91837205689965  0.037360286748844965     
27.412174271371256   0.0073500466731991954  0.00014566324136767023     
27.633240192914574   12.864416629977726  0.0072896834326260857     
27.854306114457891   0.0054410948097253893  9.1102523413373944e-05     
28.075372036001205   6.5357592253216017  0.0034825951153230732     
28.296437957544523   0.004951974829057467  7.2670643577361724e-05     
28.51750387908784   3.8239517398689907  0.0044701725497841778     
28.738569800631154   0.0050039806624542208  7.239840433868258e-05     
28.959635722174472   2.3970712661898321  0.0056395776430782845     
29.180701643717789   0.0053276963161259744  8.4847431734294269e-05     
29.401767565261107   1.545994423480762  0.0055641490243571016     
29.622833486804421   0.0054716061144115783  0.00010271119363941221     
29.843899408347738   0.99757877017789338  0.0051268634464489042     
30.064965329891056   0.0050528726890137868  9.8052133570499733e-05     
30.286031251434373   0.62595138238310514  0.0049680416541778346     
30.507097172977687   0.0050514079871807042  0.00012244355270992864     
30.728163094521005   0.36024942048229024  0.0036602191074428662     
30.949229016064322   0.010789325824370223  0.00057722224984177033     
31.17029493760764   0.24684707184968331  0.0056302187914853366     
31.391360859150954   0.0089496142506929527  9.8498652538274511e-05     
31.612426780694271   0.15376941809867687  0.0043558810398107286     
31.833492702237589   0.012408750646290607  0.0001398503235026596     
32.054558623780906   0.15829635133254359  0.003370448816531713     
32.27562454532422   0.013542688543395325  0.00016007979520627968     
32.496690466867541   0.28217653458442927  0.0021116918568163793     
32.717756388410855   0.012146075408706928  0.00014871737494939977     
32.938822309954169   0.60367596667152897  0.0023138531848744132     
33.15988823149749   0.010557134718730763  0.00011802506956675133     
33.380954153040804   1.3115389782137524  0.0050890226191012273     
33.602020074584118   0.0099098292701627934  0.00013772642123072593     
33.823085996127439   2.925446035003603  0.011365558420569707     
34.044151917670753   0.010060083405828314  0.00014998906597851759     
34.265217839214074   7.2532554686077884  0.029596252471032441     
34.486283760757388   0.012150469643026702  0.00020975135610553076     
34.707349682300702   24.210211796395456  0.075069872661991161     
34.928415603844023   0.060808212769405148  0.0053069279343934459     
35.149481525387337   244.53855999297592  1.0946441134453522     
35.370547446930651   642.2303435230752  2.4910430552840589     
35.591613368473972   272.87064301976975  1.031649146905731     
35.812679290017286   0.056473129945088602  0.0023388613637460161     
36.0337452115606   33.19479061271099  0.069024200495380247     
36.254811133103921   0.018290402561135903  0.00030540651909232234     
36.475877054647235   12.547070142448566  0.019178550313760053     
36.696942976190556   0.013775606293730749  0.00017916877766830439     
36.91800889773387   6.5445624035214867  0.0022253110070362625     
37.139074819277184   0.012799207116953067  0.00014405212299039709     
37.360140740820505   3.9372342901260021  0.0019462506097864674     
37.581206662363819   0.013184472735830452  0.00014474482070862883     
37.802272583907133   2.5453993500066584  0.00474724753030957     
38.023338505450454   0.014359603680369405  0.0001808382437104838     
38.244404426993768   1.7001585251880321  0.005101458993230692     
38.465470348537089   0.014912735954644805  0.00022964165164745123     
38.686536270080403   1.1431252797513856  0.0048253439240194656     
38.907602191623717   0.013385542427797244  0.00021087762977370179     
39.128668113167038   0.75291840366384015  0.0050392722629763054     
39.349734034710352   0.012416138612053008  0.00026674019321117364     
39.570799956253666   0.45235184645399527  0.0037164378247723589     
39.791865877796987   0.024406350387108648  0.0011482942655028007     
40.012931799340301   0.34993577980699738  0.0069785536210933288     
40.233997720883622   0.01994434749576114  0.00018878592784290178     
40.455063642426936   0.21213251674412411  0.0053904004040320815     
40.67612956397025   0.027758476846112702  0.00027265339719470517     
40.897195485513571   0.16804019759639138  0.0044716772558091178     
41.118261407056885   0.030428445855529494  0.00031275412792559536     
41.339327328600199   0.22394847587912277  0.0028275073736685661     
41.56039325014352   0.027439921198369866  0.00030039046359584035     
41.781459171686834   0.44512419355227829  0.0022856543689039331     
42.002525093230155   0.023975626046624489  0.00022649012098093414     
42.223591014773469   0.9935050897959537  0.0048044292180957413     
42.444656936316782   0.022658310014129058  0.00026956225436838024     
42.665722857860104   2.3172819392773918  0.012162025402223628     
42.886788779403417   0.023117601354297184  0.00029527962230519765     
43.107854700946731   5.9917796472307266  0.035030537467731187     
43.328920622490052   0.027789462693824427  0.00043986488486196092     
43.549986544033366   20.750086731818184  0.092485815147802244     
43.77105246557668   0.13055555432036829  0.010408916946896888     
43.992118387120001   213.0338140836685  1.340098694348925     
44.213184308663315   569.49987824925345  3.1791364759264469     
