0	1	0
1   0.86889664786207556   0.0001879282359606783   
2   0.85488215312407787   0.00028803454285987343   
3   0.85090339322182036   0.00036612485382684259   
4   0.84873515757318912   0.00043425590981518555   
5   0.84736545952307369   0.00044161376047732392   
6   0.84710970998614793   0.00043269121871296749   
7   0.84834810637459072   0.00039838661790577471   
8   0.85089167099590581   0.00033914989520227806   
9   0.85350616560559176   0.000331131818910591   
10   0.85457946534323232   0.00036615606027112344   
