-6.42813724326141e-05   4.59168371576489e-05   80.3290478173438   0.0500005268063497
0.0499462817666061   -1.90625601016529e-05   98.0949774912006   0.0500018902497083
0.0999249516169131   -7.31252716006408e-05   91.8113179911438   0.0500067731914768
0.149950132740464   -0.000114435383767293   97.2744645953185   0.0500036866275831
0.199955306206488   -3.04436733430391e-05   79.5602292797559   0.0500006874845829
0.249952612949143   -4.5701547527329e-05   92.9717660076894   0.0500008933014854
0.299952734006724   -5.28758369015398e-05   94.5437489273252   0.0500030564922689
0.349948857368258   -6.15240829748756e-05   89.7078445610317   0.0500013464770044
0.399980558145228   -4.81013694497913e-05   110.699446153534   0.0500073148450237
0.449956389878474   1.0703226407547e-05   90.4335908414129   0.0500135727525295
0.499923526842815   -2.55879616613962e-05   106.765581576952   0.0500034471072618
-0.450098725140968   -2.98820954881718e-05   85.8252345466291   0.0500252710318333
-0.400088879947141   -2.69815706711815e-05   75.7696260538034   0.0500002325164096
-0.350085974048792   -5.21892831714884e-05   99.7878443821655   0.0500129647919796
-0.300076905244361   -4.78361887307795e-05   114.877528080484   0.0500027994863076
-0.250076890612216   -9.07780901974543e-05   103.430787420815   0.0500267189378104
-0.200079307046849   -0.00013000439767334   81.5402374903731   0.0500179057967951
-0.150099154481909   -4.73123830403151e-05   74.4887997416797   0.0500021034737951
-0.100079847439821   -2.54157944012817e-05   107.882748752082   0.050024896431312
-0.0500717460325393   -7.36022582726882e-05   78.6681989592308   0.0500080173821505
0.0249771933462693   0.0500472175490569   72.8440455552751   0.0500097891499992
0.0749808059365567   0.0499719006630561   70.2229166277576   0.0500129700553534
0.124985687453864   0.0499123952971563   88.8219027205173   0.050008188773317
0.174953325709988   0.04993019898953   75.3641626421627   0.0500028773851168
0.224956032266358   0.0499634461990155   91.7265945451709   0.0500058793499031
0.274923992440657   0.0499483665820244   92.9274497771135   0.050002472781942
0.324915759859623   0.0499343492705615   76.7350848448117   0.0500129398956678
0.374890509562814   0.0499756789812775   99.7620249356035   0.050008113445813
0.42487253926876   0.0499852536795688   73.1145158133781   0.05000114836274
0.47489353319658   0.0499914017046193   94.0872984492573   0.050008630282518
0.52492465182031   0.0499631279941956   80.7530253615171   0.0500047962546624
-0.425056397119136   0.0499543074206852   67.4335851126157   0.0500098039663056
-0.375052802869487   0.0500074045008511   82.5834698616043   0.0500285474996875
-0.325038624915963   0.0499539039207939   67.4123369316492   0.0500087977484776
-0.275045102363113   0.0499422613848371   82.6636541562988   0.0500040387177783
-0.225050582775179   0.0499138748434343   84.4921640664553   0.050035942618633
-0.175075795642956   0.049942269529245   83.542784532244   0.0500032801267452
-0.125090670581165   0.0499530689427634   54.3596785744403   0.0500252105580436
-0.0750620810455932   0.0499328729078722   90.8748840074884   0.0500191786434466
-0.0250351460232064   0.049974803520836   62.8294517747943   0.0500076245952784
0.0500454420166486   0.0999831485088614   88.8991348354741   0.0500435859982698
0.100017619016833   0.0999543580185939   93.3401156988043   0.0500193654985766
0.149992586602196   0.099904879534635   98.7187854122554   0.050006000137314
0.199998350479419   0.0999387777794269   90.5806132526703   0.0500235833663131
0.249955750192861   0.0999546615143611   85.6875495760705   0.05000184183028
0.299943503976061   0.0999578982495334   85.0583221662499   0.0500056838935514
0.349967970008023   0.0999498237842804   72.3112299277498   0.0500196725672657
0.399947161495562   0.0999559146958407   65.3524968597905   0.0500329883087714
0.449944879241483   0.100009942826899   73.5204161106759   0.0500039093806886
0.499958535391973   0.0999811801932332   99.087552842213   0.0500023274729183
0.54997670482238   0.0999402808192081   91.4938778547817   0.0500273037713895
-0.400018142742454   0.0999776875273566   76.5087793281988   0.0500004145541847
-0.350010422091156   0.0999566775645936   98.2949822828373   0.0500043363376714
-0.300016809937957   0.0999662903171318   87.6428362565765   0.0500230349356663
-0.250027667613151   0.0999077032513191   88.9626448119804   0.0500231430682421
-0.200028019117653   0.0999321187375347   82.6432697405877   0.0500767241623812
-0.150021293795273   0.0998996643360235   63.5205149113339   0.0500003038960303
-0.10000471787753   0.0999503451572684   69.8153734601071   0.0500155492211376
-0.0499977417388685   0.099947586795658   67.5749145634332   0.0500080456118161
3.97636635168469e-05   0.0999842660592303   65.1110883727776   0.05002312860738
0.0750209588079497   0.149982447057203   96.3539310530949   0.0500392527692118
0.124982318214191   0.149940238008815   109.329671330449   0.0500419645109548
0.174993768076723   0.149917713694356   84.1467523015697   0.0500046859620566
0.224967870992337   0.149949386176206   91.2408149486657   0.0500091536050979
0.274990874303576   0.149949280503611   83.9532425851471   0.0500006194420018
0.32501486401826   0.149894512545818   97.7931285298021   0.0500057591110856
0.375021370875074   0.149952553533417   88.1948431994181   0.0500147832504833
0.425006049987624   0.150002288507909   78.9236462193986   0.0500051651626756
0.474990250954631   0.150018510168476   77.8763417785057   0.0500001687668654
0.524987475492353   0.149958313891222   90.1823219878396   0.0500009412422174
0.574974986946352   0.149927008558047   84.3725823846257   0.050001043226617
-0.37500799581096   0.149981604036693   107.796958829005   0.0500077838794387
-0.325016884594702   0.149949727353017   100.548253699154   0.0500015042213075
-0.27503296857191   0.14994228937454   97.4090067586822   0.0500184949940748
-0.225001379431642   0.149910951446824   83.1804036527295   0.0500125070693065
-0.174990109932516   0.149895931925284   105.131955030739   0.0500197728530266
-0.124970521376064   0.149910348080306   68.8076799988408   0.0500023167289032
-0.0749358136131699   0.149931319902374   85.6961896334995   0.0500152012631727
-0.0249554957855051   0.149969411028795   91.2131267152548   0.0500155492399291
0.0250273320213917   0.150002321139052   92.1133195287019   0.0500050497454313
0.0999865151680302   0.199999463513985   107.309631179244   0.0500212339150286
0.150032520549949   0.199891805537064   89.725389175055   0.0500153627795104
0.200028303954659   0.199995084088192   77.3362200348203   0.0500011947852343
0.250006521252949   0.199920862837976   85.4215416030552   0.0500011055316607
0.300011782767632   0.199928653967118   103.65981636261   0.0500045575845465
0.349996173869498   0.199903980600724   80.9377254923148   0.0500421263379129
0.399997211014577   0.19998514710639   90.6918330810012   0.0500036361902187
0.449987603735806   0.200011152045987   91.8704053918586   0.050011892098011
0.499993225176108   0.200017255019856   85.2696625195506   0.0500074875796121
0.549983651013472   0.199935632037759   103.648011264202   0.0500013105306263
0.59997567950329   0.199981083842636   63.7693512885653   0.0500227737039467
-0.350025731232591   0.200010857519536   81.7542727991641   0.05001011633647
-0.300010982044581   0.19998492844295   79.5465886678008   0.0500365341740639
-0.249990917593199   0.199882503170678   98.6502312738471   0.0500167008973795
-0.199990841029435   0.199926033246765   93.2637644453131   0.0500040876327438
-0.149969999879671   0.199887396996749   88.8424169435085   0.0500287850814647
-0.0999633518341671   0.199895516525441   102.773543596378   0.0500002890842205
-0.0499639638024858   0.199966518727815   89.5062349696064   0.0500397722349336
9.10634637457347e-07   0.200018315262121   99.4122200317481   0.0500076000793516
0.0499928506439863   0.200004686262077   98.6863732388222   0.050022652340163
0.125027968432814   0.249886014619733   83.408358878271   0.0500181392958436
0.17501512013203   0.249943491249778   85.1919279347339   0.0500263235776956
0.22501599332814   0.249986128700366   111.487560726867   0.0500127457314891
0.275007353772663   0.249932598344936   87.0234660140996   0.0500001539075346
0.325023931445457   0.249930883898577   82.0104572468255   0.0500076508871328
0.375030662161451   0.249926458622284   71.9130355751386   0.0500198070295171
0.42500821346551   0.249987005726758   73.4087121596747   0.0500120281984991
0.474995523497254   0.250011151432736   75.1649031887546   0.0500082860486334
0.525011380900067   0.24998083911832   94.5227411262197   0.0500035902070842
0.575005375585967   0.249939653772963   79.5332434327052   0.0500061922482166
-0.374964320607555   0.249990101866114   74.2876574175   0.050013747776283
-0.324960112748856   0.249974521971657   79.6045491665569   0.0500025867962359
-0.274938398387252   0.249985933720341   85.9509406151012   0.0500229436071911
-0.224956491869501   0.24986460329748   75.3729122971968   0.0500073528790606
-0.174961331897243   0.24992487983894   79.8606011352395   0.0500455847372319
-0.12499732099155   0.249891075630622   80.496058533616   0.0500041695944053
-0.074998227227971   0.249910500583987   78.607836652327   0.0500089952947541
-0.0250197187025305   0.250054720423642   104.913140939998   0.0500103271355251
0.024959972671725   0.250005269105883   81.753036279136   0.0500237462042315
0.0749930060589875   0.249991509117224   77.9210487852356   0.0500121845417204
0.150038071770808   0.299950394943865   73.4973239717032   0.050002959322274
0.200016048900993   0.29995333895971   84.3622417538526   0.0500008925412537
0.25000869746405   0.299921191441202   96.5298381463416   0.0500034466841815
0.300015257665502   0.299899351960296   80.8615203887628   0.0500230354768266
0.350046140401687   0.299917965271381   73.5267605070735   0.0500025112932721
0.400045327946413   0.299944832516896   85.0711781590713   0.0500194394827836
0.450026636201494   0.300024045837361   90.1473828177014   0.0500053051702326
0.500022969097423   0.299968243495989   88.6080443690547   0.0500020017186713
0.550038636916692   0.299949514881862   89.4599911896632   0.0500525498003618
0.600021661479734   0.299932781364223   84.9791413256606   0.0500129068785895
-0.349962649807811   0.299947469428666   109.483087371512   0.0500332829914232
-0.299931572914706   0.299980766985678   103.791547685805   0.0500227868601646
-0.249933661530551   0.299905897520418   115.872789646202   0.0500020684338093
-0.199943610793418   0.299904308037841   75.7429348634409   0.0500021577364061
-0.149962416074725   0.299950619952546   86.4648751578474   0.0500031772530365
-0.0999792893156748   0.299919153446041   75.1675932362678   0.050022087570748
-0.0499944833860085   0.299987636995613   69.5275948378584   0.0500029388658197
2.69616444468058e-05   0.299999705620517   84.2785268773676   0.0500133038792807
0.0500120873938422   0.299977916840783   94.8234922084081   0.0500248024390585
0.100027992567132   0.299947282896007   122.98191313774   0.0500034760685188
0.175059496719329   0.349981002138859   83.9312718044968   0.0500083966024565
0.225032336546183   0.349942369600833   92.3794280541315   0.0500059642128919
0.275000972813059   0.349892917446277   80.7942055320815   0.0500092019476229
0.325011682183054   0.34985897187272   89.4146845004602   0.0500239930124974
0.37501737190396   0.34997140119495   91.6815972179883   0.0500076650962061
0.425023854200489   0.349999307705301   79.435902788031   0.0500009092008366
0.475039113380934   0.350005172649749   85.1293207543825   0.0500025280371293
0.525019049820009   0.3499910606164   98.2354987839517   0.0500058156768516
0.575024532860334   0.349964383326751   95.5145657386124   0.0500062365851537
0.625019301579698   0.349951533231024   88.8228053083533   0.0500034639819524
-0.324959974084599   0.349940810547261   70.8679843215819   0.0500290025936273
-0.274961056648416   0.349954779565432   91.2230516383247   0.0500059175645525
-0.224952726004293   0.34989542854362   95.9648857605214   0.0500127779345324
-0.174941595294395   0.349940658302151   83.8685401191566   0.05001302893416
-0.124971796023224   0.349964646956603   95.9089169320682   0.0500037429522728
-0.0749771547017084   0.349975066144033   89.7455129648556   0.0500393311926736
-0.0249479832061772   0.349987795490601   80.6770459082919   0.050007183284827
0.0250271493350765   0.34999820285077   92.2361841792049   0.0500190148973454
0.0750282097176931   0.349927739337052   94.269775598836   0.0500104414634459
0.125057284494051   0.349893358880966   66.8569512311949   0.0500090223178033
0.200101145780185   0.400008127302347   74.7717124882614   0.0500062301208117
0.250078341858824   0.39990595710528   87.8635806987056   0.0500080979786351
0.300028330260103   0.399872211643849   77.2029271640769   0.0500007034732648
0.350029339397224   0.399881470888594   64.2115452723337   0.05000456719846
0.400044958157846   0.399976604238641   64.2145251560355   0.0500092787662789
0.450050904850638   0.399971602222661   76.6353859432466   0.050011092576798
0.500072735203421   0.400041297683677   71.8197667345472   0.0500023341140087
0.550055216774938   0.399988139493449   93.6046118948791   0.0500011395054079
0.600072056989483   0.399959136372539   82.6920945574112   0.0500107744109816
0.650060082612745   0.399919004032083   82.5504826098467   0.0500319585634018
-0.29995254930202   0.399945656660148   90.3473162055594   0.0500083498249569
-0.249952221849208   0.399912737142439   109.387793030323   0.0500249735620062
-0.199954020881254   0.399926537774528   80.1064344560946   0.05000356711492
-0.149957487924354   0.399965871366286   71.2367508347109   0.0500139061514348
-0.0999583355219127   0.39999702787042   83.0937895803497   0.050001051473064
-0.0499443689587593   0.399966456360719   76.6723894693653   0.0500693877430497
4.72675851090211e-05   0.400035726977678   75.1652901121969   0.0500174003549595
0.050070047166585   0.399973142193822   77.4268027562894   0.0500170262464333
0.100111835973957   0.39989688942031   86.0794369054735   0.0500113043308274
0.150079595482021   0.399944516049733   75.484262699234   0.0500022164027775
0.225097005763314   0.449989255334805   106.486534323365   0.0500044550877471
0.275059380770599   0.449889012887715   90.2838363643112   0.0500036194659564
0.325038725018648   0.449890716045587   78.1149028597223   0.0500101958472464
0.375081639436201   0.449905600336673   71.9581467448845   0.0500145637291219
0.425108392162264   0.449970130819015   91.3355588024193   0.0500108841325999
0.475056210822956   0.449999950043379   80.7756242048662   0.0500179414151211
0.525048544487059   0.450039705357697   104.528579534366   0.0500031615554291
0.575051428237513   0.449978387263469   98.6480707382144   0.0500056428189499
0.625073066808099   0.449933656787714   96.667685278919   0.0500145473724243
0.675074831805146   0.449943986846839   85.148502902502   0.0500052251769849
-0.274945923509008   0.449924034803903   102.096146468157   0.0500451758740896
-0.224944081536585   0.449908167107085   83.8612450728341   0.0500082096663638
-0.174938373901448   0.449918477206577   96.2871866806532   0.0500262016617618
-0.124955969078654   0.449985205580293   86.3821073921016   0.0500151874967993
-0.0749564313798605   0.449970815822474   97.1550665052473   0.0500238973003046
-0.0249667807430964   0.450013158322523   83.6389637538285   0.0500052652247573
0.0250557061343903   0.449971142684444   79.5888437056271   0.0500105539079395
0.0751072414183759   0.449962219862909   104.597923121659   0.05000504809314
0.12510376184133   0.449959302392619   71.3754013468708   0.0500008572227117
0.175075496372624   0.449942719110404   92.5254198798636   0.0500278474912133
0.25007069301914   0.499930797108902   118.790004556373   0.0500196711814488
0.300051755360088   0.499896102176393   78.2465397247863   0.0500279993729853
0.35008464093906   0.499889350202661   93.2006203550302   0.0500009611883376
0.400084571915769   0.499931718491548   93.1609108330512   0.050001035182626
-0.0500714462713916   -0.499991819875143   83.970861679679   0.0500009794392641
-9.20260984452911e-05   -0.499958476185339   93.2576121143845   0.0500088139486346
0.0498891648540023   -0.499985995257199   103.392594412534   0.0500008909057567
0.60005425560815   0.499954805099423   95.9479209460422   0.0500015041096632
0.650053003438577   0.499924362672947   80.0658685917497   0.0500284753259187
0.700041256004291   0.499931754560623   104.871257170112   0.0500029631432766
0.750022420656286   0.499906184314627   92.826324222628   0.0500014546145332
-0.200026504425222   0.499926455550831   93.4802074192387   0.0500223842281642
-0.149978643475823   0.49994113702623   74.1522496474989   0.0500022290132286
-0.60012231814606   -0.499996607157416   93.496915355827   0.0500153240951547
-0.0499605879336052   0.499956747318978   76.5128435522419   0.05000706690739
7.95415823039447e-05   0.49999203623907   92.022382973931   0.0500003851081066
0.0500777584419197   0.499962214269904   108.256485883297   0.0500112603411178
0.100095602080903   0.499948441914147   94.8127540316428   0.0500067005893744
0.150096625901192   0.499949602146208   102.324929467198   0.0500341017221829
0.200092047634631   0.499984299213643   73.6808148595433   0.0500049494393599
-0.225122934702205   -0.450087007744563   91.8599475513095   0.0500017939735853
-0.175120287815763   -0.450054174552553   103.875516726529   0.0500107505530437
-0.12511839210785   -0.450065531400602   82.1785311861419   0.0500004191445689
-0.075128924167859   -0.450016662200681   92.6927341726847   0.0500083520606604
-0.0251257627612723   -0.44995707336629   102.093850306713   0.0500079407521437
0.0249007374653124   -0.449983469413202   95.3298747426198   0.050002015496128
0.0748852701587289   -0.450037718808102   101.386669855446   0.0500008541008143
0.124860662852057   -0.450079671630893   105.880299391858   0.0500383894983109
0.174874748449808   -0.450088934275494   107.783675132595   0.0500231342584565
0.2248528568578   -0.450053473671533   96.5567466288894   0.0500233355578994
0.274854506203999   -0.450044406778925   94.2138729329201   0.0500043617209614
-0.675129454814142   -0.450082322804905   92.9550445231186   0.0500010245412221
-0.625115923895576   -0.449998190463291   90.3287657131855   0.0500061260110488
-0.575097786373803   -0.450040184078402   98.9200811333248   0.0500163151346149
-0.525094042444857   -0.450038541317963   91.7004780944336   0.0500080710927092
-0.475110953448654   -0.450047273337868   109.590301626638   0.0500132413383161
-0.425077963947564   -0.450048001385714   102.125634274674   0.0500339208576789
-0.375084507348451   -0.450044961078186   108.463568307592   0.0500009445232297
-0.325107797976778   -0.450056314069739   96.6282020958322   0.0500166683600095
-0.275092675446419   -0.449979974726966   88.0249773076582   0.0500117255222878
-0.200075774622848   -0.400062863353563   85.8840934585822   0.0500011071550205
-0.150113192204231   -0.400054478907738   90.3711475126368   0.050010528615338
-0.100141986237245   -0.40000500361934   109.531963675162   0.0500027105910749
-0.0501579955040445   -0.399971036955031   88.6151391497907   0.0500033682096536
-0.000140302689680727   -0.399947245593356   121.616746845756   0.0500074604443506
0.049901944442303   -0.400013702058337   94.4250747013202   0.0500045118148115
0.0998580444082452   -0.400055716604873   99.3669808475103   0.0500012932817226
0.149833708818943   -0.400079743853076   87.8594960301472   0.05000289599601
0.199842377407402   -0.400063507728241   82.9820392177215   0.0500096988821866
0.249804550964752   -0.400073671401129   110.943776379656   0.0500008480178614
0.299840487394981   -0.40004980988406   111.255247227853   0.0500342414905923
-0.650162190064467   -0.400032569284696   77.899297104039   0.0500095965865218
-0.600111675253805   -0.400027401851719   104.345743526925   0.0500013824557595
-0.55008117323301   -0.400046948999887   90.1577194717437   0.0500007674792179
-0.500105818741631   -0.400040864906493   83.9611823264414   0.0500174645280584
-0.45011203079418   -0.400076128986759   69.9090366868436   0.0500024680266518
-0.400107998446926   -0.40005122387518   100.017035921239   0.0500040169414757
-0.350125557392785   -0.400064145877623   92.1919068372463   0.0500026084937656
-0.300138096257817   -0.400054643201555   66.442057085142   0.0500000088093664
-0.25009493357068   -0.400012455437254   120.143022394062   0.0500108821436015
-0.175114687695083   -0.350074150043904   95.6864345821663   0.0500043922509459
-0.125175022444221   -0.349978164573327   81.5440124537163   0.0500021857247364
-0.0751882429042671   -0.349998507709605   92.8618689245717   0.0500024358415154
-0.0251898828222697   -0.349956869775103   103.073746274569   0.0500090863290843
0.0248346251454124   -0.349965649302524   108.98366437108   0.0500039704422821
0.0748620632666081   -0.350001192249482   103.618580619418   0.0500421534270642
0.124844826695396   -0.350056067661414   96.1427128509403   0.0500210335283922
0.174867211422932   -0.350066871094092   76.3379493976695   0.0500006141815977
0.224836430070456   -0.350082436033936   89.4515004689207   0.0500057619323131
0.274819853115172   -0.350069388991661   89.469696915204   0.0500054645789729
0.324787366429357   -0.350075385053811   79.5581198733413   0.0500236973710527
-0.625166958676767   -0.350022875375958   99.9111996791385   0.0500091305107674
-0.575187637976661   -0.350066255709832   109.334974857528   0.0500353822851992
-0.525153664958187   -0.350027466921863   116.149184288939   0.0500067991240905
-0.475108519227598   -0.350083891595434   99.1802996980918   0.0500125494775001
-0.425138943428898   -0.350033617281134   81.4789613206108   0.0500078899436703
-0.375093007611068   -0.350052587358187   79.9524749691294   0.0500030895423037
-0.325058152530546   -0.35009562535482   92.3526341985375   0.0500048670590383
-0.275098596586909   -0.349989844163268   77.8389920744835   0.0500255670372455
-0.225114216290562   -0.350066683283539   99.7185024947708   0.050039535264349
-0.150152147706041   -0.300014996941797   82.5187096542816   0.0500081610522003
-0.100176945066627   -0.300001749994454   85.6313747769303   0.0500134064520276
-0.0501577945426358   -0.299980553389881   71.2135231303301   0.050002935671101
-0.000146142889217002   -0.299956126086313   90.0436495118996   0.0500071063566004
0.0498228817125564   -0.299971486784197   99.3416898866415   0.0500020593105067
0.0998363084715459   -0.30002357535438   92.6868928185734   0.0500181128107301
0.149859069308201   -0.300068814285995   87.7344470084241   0.050006506582742
0.199835174964555   -0.300056940290269   92.8900694910634   0.0500092785239678
0.24983285884011   -0.300043266728597   84.6230020132743   0.0500140101405585
0.299833872007542   -0.30004690531654   76.8979651237222   0.0500026209331326
0.349812732546309   -0.300008995176748   78.6833888009744   0.0500187015111992
-0.600179398316142   -0.300018553144032   100.476388075704   0.0500211644666415
-0.55018211629931   -0.300069103955932   74.9061909640783   0.0500131078662526
-0.500149072254017   -0.300093465886395   94.8365623721643   0.0500177323899506
-0.450144507585897   -0.300078883118999   71.1070247260306   0.0500088349718124
-0.400115973144119   -0.300066111816289   101.339315412995   0.0500005442851692
-0.35011892994004   -0.300079014748465   100.404085111329   0.0500256498803659
-0.300116525977955   -0.300016335698923   78.773607754874   0.0500110682247816
-0.250114494024396   -0.300008287666236   117.781698801856   0.0500072239817059
-0.200103792777203   -0.300060627679934   102.343031465995   0.0500098613174311
-0.125113121013611   -0.250018284762402   78.7436878734288   0.0500051014706758
-0.0751218808819557   -0.250020107849289   84.9483881136006   0.050007219850801
-0.0251566341406947   -0.24993890937529   80.7081930895222   0.0500023878554623
0.0248230000063863   -0.249921648577213   105.387300818226   0.0500153786971139
0.0748272236668379   -0.250018266427747   104.296360307829   0.0500007820592987
0.124856794726752   -0.250039656007559   100.940941713872   0.0500278813640044
0.174873122291478   -0.250008315666935   79.310117779814   0.0500094363084774
0.22486524921394   -0.250046307098384   94.1989359794951   0.0500177890768982
0.274867540408612   -0.25004528891785   100.119585779343   0.0500068007368954
0.324872432878328   -0.250020818552259   79.7269432513965   0.0500029569073104
0.374831160867899   -0.24996238947144   79.0853628381965   0.0500093604860905
-0.5751182366964   -0.250037912739553   77.7552558064267   0.050011460042475
-0.525129930761922   -0.2500610355975   96.5564701223418   0.0500155490123731
-0.475130165754012   -0.250099718343745   99.2730652936231   0.0500020717830644
-0.425123976981269   -0.250066566691474   107.290551290715   0.0500035651517273
-0.375140925070676   -0.250070691965838   93.270396547994   0.0500236272690667
-0.32513910968722   -0.250060222920066   84.3134878193983   0.050002516844768
-0.275136482059846   -0.250001760515452   88.8316539462209   0.050010850576198
-0.225127106392783   -0.250058318290071   80.7716822291043   0.0500198219807513
-0.175118535104295   -0.250036724396738   71.4823753992508   0.0500126055768889
-0.100161851991877   -0.200050282875298   108.720024527317   0.0500024309300757
-0.0501418033876445   -0.200001312956067   69.7173850661093   0.0500208261667407
-0.000135835137611942   -0.199908483733811   78.2794799972285   0.0500158305770781
0.0498696600574774   -0.199968849200287   88.2413198222889   0.0500030513348833
0.0998604376165291   -0.200076680850704   77.2792818506459   0.0500017431205173
0.149871370822599   -0.200083702384369   76.294761345894   0.0500013674163592
0.199900551242585   -0.200020097319956   81.2626712271178   0.0500065051067159
0.249882517781434   -0.200007268595385   86.1316730107173   0.0500367241515762
0.299856789538702   -0.200033604320969   82.5934032801631   0.0500064745840776
0.349913722288804   -0.199983011564484   68.2862282690426   0.0500041789714995
0.399918070633291   -0.200017577854393   91.7533629305506   0.050006593303107
-0.550092702821131   -0.200030694799304   90.4592750937853   0.0500066713716123
-0.500100340356775   -0.20005383461608   92.8520301073952   0.0500005714571887
-0.45009120430526   -0.200086322714496   72.5257049191125   0.0500112514062105
-0.400125662441602   -0.200062259977609   98.4977686606544   0.0500272210131977
-0.350142783836569   -0.200075234350374   103.616271038867   0.0500523708935275
-0.300135580101207   -0.200040340414169   84.4930517529894   0.0500034598774903
-0.250138322472359   -0.200039236662786   108.592923377148   0.0500080051225038
-0.200148520951443   -0.200067984063753   93.2360387309785   0.0500039277711477
-0.150134423286544   -0.199999133354599   95.1812817621291   0.0500143831144975
-0.0750997599379392   -0.150053435879956   79.5042289509958   0.0500108919379699
-0.0251058322065023   -0.149956613747292   79.3606652889129   0.0500190684176582
0.024917223728985   -0.149931492030858   109.424726077501   0.0500001102768566
0.0749218072283392   -0.150042557102026   98.4435755800938   0.0500074700266049
0.124907989605189   -0.150090974653251   79.0393254439733   0.0500029696841231
0.174927907637777   -0.15005429665985   78.8962750108813   0.0500037260189933
0.224906784803014   -0.150021284829276   86.4660986056906   0.0500069762252097
0.274928244269917   -0.150011548181716   91.7128851773611   0.0500016676258513
0.324921544796234   -0.15002983754716   81.6112796298654   0.0500072322449329
0.374950373418059   -0.150007519739113   90.282688946796   0.0500370729855719
0.424943081297861   -0.150028513023683   77.2572836674733   0.050012634132521
-0.525084380730935   -0.150044944064467   89.0560020328646   0.0500088158442662
-0.475076838407665   -0.150057043668691   85.58925083454   0.0500095210245375
-0.425103430144577   -0.150041816389789   76.3469335030045   0.0500405647636275
-0.375134494117248   -0.150051442398582   88.4601232103845   0.0500229004552365
-0.325155240641384   -0.150095193522276   82.5436705046267   0.0500155720248157
-0.27516620407396   -0.150053012280287   110.004027114762   0.0500109946663691
-0.225140186024325   -0.150069229742324   96.844906571422   0.0500079157790343
-0.175120719329696   -0.150060100081494   71.0572281263878   0.0500071396506678
-0.125117360288665   -0.149986693998661   87.1260711895838   0.0500197377696774
-0.0500742166522028   -0.100036439702041   64.8946156758415   0.0500003241260141
-7.73382670799277e-05   -0.0999727542115247   72.5417488412406   0.0500143072340929
0.0499293244887003   -0.100047556346092   112.003232018253   0.0500008210447336
0.0999288982188055   -0.100059374717866   95.4378631520701   0.0500031420415259
0.149920612433843   -0.100079531881328   93.0605545346241   0.0500165890374428
0.199940370403752   -0.100019663292635   66.0498224455151   0.0500007685760705
0.249951236348626   -0.100019998016264   75.1124520518294   0.0500113552988431
0.299943110087146   -0.100020755781057   73.0088117643301   0.0500231968952915
0.349959768798297   -0.0999808779713877   89.1660308277874   0.0500215470437878
0.399939319019979   -0.100053041556139   88.7359031751937   0.0500106211413817
0.449916587638522   -0.0999888414445914   88.1099889042847   0.0500144389435078
-0.5000715069421   -0.100037693575168   97.4761888514162   0.0500088836525055
-0.450093392508181   -0.10003926146928   69.0875171621383   0.0500069250554065
-0.400107440549427   -0.100026532073158   83.9871891100691   0.0500035669318657
-0.350130277516571   -0.10005126741271   82.6489129942304   0.0500002073407507
-0.300155274219162   -0.10004575121296   83.3414512615171   0.0500010152568244
-0.250136389067144   -0.10010017744599   71.2937962381267   0.0500068336711041
-0.200105180277743   -0.100082282015019   55.496340498206   0.0500276702107983
-0.150103607083348   -0.100039348266646   74.2758409883032   0.0500183407897613
-0.100109070711927   -0.100022337398476   95.3974283900261   0.0500026224201011
-0.0250439518258376   -0.0500113452357432   84.5296214419606   0.0500026894656119
0.0249505844741898   -0.0499633260758384   104.145669741041   0.050002205262923
0.0749352938225135   -0.0500787914625868   87.3048336663143   0.0500053483877214
0.124935565899524   -0.0500853260013229   81.4996513553863   0.0500094013057683
0.174979712935437   -0.0500941397940641   62.8768336354983   0.0500029397319483
0.22496096704359   -0.0500203665597568   85.6592810823446   0.0500050957029794
0.274972394246415   -0.0500237058467062   95.2688216837882   0.050004765394487
0.324961068502188   -0.050012344874208   89.7811978537436   0.050015420555579
0.374973963384595   -0.0500223282536819   87.7108189390119   0.0500114827858846
0.424942270416893   -0.0500509881087317   72.4120607296169   0.0500030691252288
0.474927682365756   -0.0500012732749436   101.278559198595   0.0500141009108756
-0.475063114267536   -0.0500247953624345   78.2478125978385   0.0500094494297086
-0.42507725655308   -0.0500308131511138   79.753067751402   0.0500218808281452
-0.375089943975614   -0.0500255149504138   102.112849251018   0.0500042841098988
-0.325071644987295   -0.050035205322006   89.6605277001109   0.0500034721424733
-0.275047918917331   -0.0501000031454896   121.673428287789   0.0500007080960724
-0.225081184359002   -0.0501009466356403   94.4564358796176   0.05002566595469
-0.175055634221004   -0.0500838729319074   72.1803729812382   0.0500099153363167
-0.125049304035063   -0.0500178945365241   79.206168891185   0.0500237325158882
-0.0750768381704346   -0.0500800540711801   87.6471518902442   0.0500024531242131
