0.25441477107328347   3.3451173854120783e-05  3.3009430506488227e-07     
0.50882954214656695   3.2153253706231323e-05  3.2404029700086516e-07     
0.76324431321985042   2.9736727767600944e-05  3.0371958092509661e-07     
1.0176590842931339   2.6505552304341551e-05  2.7779551758316108e-07     
1.2720738553664175   2.2473345083473483e-05  2.3195406667380403e-07     
1.5264886264397008   1.7860841789948897e-05  1.769985595704629e-07     
1.7809033975129842   1.2931995814540846e-05  1.1801088238046549e-07     
2.0353181685862678   8.0466032169356527e-06  7.6730725368108887e-08     
2.2897329396595514   3.8146544136066181e-06  3.2025655213866617e-08     
2.544147710732835   1.2468085296447991e-06  4.1185921996423148e-09     
2.7985624818061181   2.0306197353569153e-06  6.4784299365890375e-09     
3.0529772528794017   9.1066985438500796e-06  7.2741405635820038e-08     
3.3073920239526853   2.7919226856927569e-05  2.2882967994712393e-07     
3.5618067950259684   6.9247071621100836e-05  6.4120785475397291e-07     
3.816221566099252   0.00015717478007835664  1.5939189105196735e-06     
4.0706363371725356   0.00035077794680972503  3.6138342339713579e-06     
4.3250511082458187   0.00083027731252098658  8.4830537432664435e-06     
4.5794658793191028   0.0023569240607152431  2.4282912456004325e-05     
4.8338806503923859   0.011269091380958891  0.00011421519619379429     
5.0882954214656699   787.59250527868533  0.003036680282208629     
5.3427101925389531   0.01534156964002673  0.00014700483883063068     
5.5971249636122362   0.0041638930490767829  4.0983767408740407e-05     
5.8515397346855202   0.0019399894693404983  1.9799167139996052e-05     
6.1059545057588034   0.0011064209529275887  1.1761675288059131e-05     
6.3603692768320865   0.00068645167568871199  7.1800943435371107e-06     
6.6147840479053706   0.00043907156807495078  4.5483465822620628e-06     
6.8691988189786537   0.00027689283342262878  2.691093219697469e-06     
7.1236135900519368   0.00016430804098983163  1.6934913194080642e-06     
7.3780283611252209   8.5184838896858967e-05  8.9090008422338305e-07     
7.632443132198504   3.3904739537153797e-05  3.191003409393015e-07     
7.886857903271788   1.167562121655109e-05  3.8470839598258806e-08     
8.1412726743450712   2.6434676812604027e-05  1.2978929707273615e-07     
8.3956874454183552   9.7495552374577573e-05  6.4956234001119255e-07     
8.6501022164916375   0.00026528995772971281  2.1848383377753115e-06     
8.9045169875649215   0.00062365182719430898  6.1659090025025986e-06     
9.1589317586382055   0.0013982078122549543  1.4098052552391569e-05     
9.4133465297114878   0.0032851317469955892  3.3526867237179395e-05     
9.6677613007847718   0.0091806376555218287  9.6550209511384322e-05     
9.9221760718580558   0.042931011031830896  0.00044552518262647734     
10.17659084293134   751.14521155992518  0.011832031638856446     
10.431005614004622   0.059063406825024874  0.00054837655533701067     
10.685420385077906   0.015759485393373478  0.00015124628399651588     
10.93983515615119   0.0072860939009360771  7.4332150401765851e-05     
11.194249927224472   0.0041568692027523606  4.4734197387750503e-05     
11.448664698297756   0.0026016603438001533  2.7513453896695406e-05     
11.70307946937104   0.0017018029765023361  1.8200150058686882e-05     
11.957494240444323   0.0011176895335230742  1.1322702271482533e-05     
12.211909011517607   0.00071362892305665532  7.6747497467941318e-06     
12.466323782590891   0.00042274094633905449  4.8139726039023159e-06     
12.720738553664173   0.00021623999082169556  2.4220505668646816e-06     
12.975153324737457   8.6815032152329981e-05  9.6718523559876098e-07     
13.229568095810741   4.2088029528338015e-05  1.2795789380990622e-07     
13.483982866884023   0.0001159202616024827  5.4184615042890271e-07     
13.738397637957307   0.00038469080762889729  2.5014480268542494e-06     
13.992812409030591   0.0010336610430946691  9.8247458989781029e-06     
14.247227180103874   0.0025079277965318541  2.4606129897521823e-05     
14.501641951177158   0.0062129909103118943  6.3146111587123682e-05     
14.756056722250442   0.017973617312694014  0.00019267031021415586     
15.010471493323726   0.085845703212638336  0.00090889195964764666     
15.264886264397008   692.93446888079424  0.025460172537246722     
15.519301035470292   0.12822857759649295  0.0011520621827061842     
15.773715806543576   0.034634047330185217  0.00032355856268845587     
16.02813057761686   0.01630177273062888  0.00016642558321336359     
16.282545348690142   0.0095098842906768155  0.00010347995774015674     
16.536960119763425   0.0061138321985223851  6.5292585252825264e-05     
16.79137489083671   0.0041427583098134655  4.5419709535839309e-05     
17.045789661909993   0.0028493490459182282  2.9744020944961782e-05     
17.300204432983275   0.0019426491410316507  2.1471719670743366e-05     
17.554619204056561   0.0012704285376455635  1.5133648484612431e-05     
17.809033975129843   0.00076379483315824838  9.0518096975298116e-06     
18.063448746203125   0.00039835228170718896  5.1685237894200178e-06     
18.317863517276411   0.0001704985564184358  1.6219910303782116e-06     
18.572278288349693   0.00012281882112789521  2.7737502579200816e-07     
18.826693059422976   0.00036210450799367893  1.4124023468748386e-06     
19.081107830496261   0.0011586959943873928  1.0338208079756572e-05     
19.335522601569544   0.0031711389212463237  3.0117428636522868e-05     
19.589937372642826   0.0085330346593121439  8.5896362220237274e-05     
19.844352143716112   0.02609646161312211  0.00028477932946389925     
20.098766914789394   0.12940149180066378  0.0013915293735942933     
20.35318168586268   616.59328749002617  0.042437890534790449     
20.607596456935962   0.21513959242817214  0.0018710916765629389     
20.862011228009244   0.059340936735468034  0.00053879768165200267     
21.11642599908253   0.028638826876645302  0.00029309433086601133     
21.370840770155812   0.017175277179528651  0.00018883804184069866     
21.625255541229095   0.011382490909935411  0.00012269069296270568     
21.87967031230238   0.0079954522052266642  8.9490637960246201e-05     
22.134085083375663   0.0057399277444218703  6.1336422077882887e-05     
22.388499854448945   0.004135476689529591  4.6628397391597142e-05     
22.642914625522231   0.0029150964014369119  3.5754136914964783e-05     
22.897329396595513   0.0019559018824941915  2.381898114522148e-05     
23.151744167668795   0.0012099689960812442  1.6262312922883432e-05     
23.406158938742081   0.00064709588962546017  7.7531298769087053e-06     
23.660573709815363   0.00030778027475638947  2.9465849950779911e-06     
23.914988480888645   0.000314297382311766  1.1330788834862603e-06     
24.169403251961931   0.00098811133231953048  8.058660429530037e-06     
24.423818023035214   0.0031423378330844369  2.9073515271933897e-05     
24.678232794108496   0.0094789870583516107  9.3590842674319553e-05     
24.932647565181782   0.031285464535931396  0.00034730402556629322     
25.187062336255064   0.16337644102998692  0.001774011237686524     
25.441477107328346   526.88084786395239  0.060812098108227014     
25.695891878401632   0.30821890852965095  0.0026045123659308505     
25.950306649474914   0.087290973092035611  0.00076942417147782285     
26.204721420548196   0.043360509619093936  0.00044595839998326575     
26.459136191621482   0.026797314805843471  0.00029758714836146539     
26.713550962694764   0.018325735006732945  0.00019933724544499818     
26.967965733768047   0.01333111528234566  0.00015194243482128528     
27.222380504841333   0.0099529340588570221  0.00010843409206499528     
27.476795275914615   0.0075175538215939771  8.6124984786481748e-05     
27.731210046987897   0.005624356879614896  7.0507218220337941e-05     
27.985624818061183   0.0040889869018590799  5.0663874850838928e-05     
28.240039589134465   0.0028381687549837407  3.8631449432329556e-05     
28.494454360207747   0.0017973271086456205  2.2729003722881507e-05     
28.748869131281033   0.00099167344419780258  1.3168730761314695e-05     
29.003283902354315   0.00053912429672355258  4.2669923819892766e-06     
29.257698673427601   0.000756023942060512  5.5118493920036424e-06     
29.512113444500883   0.0025145998539408127  2.3893498274905033e-05     
29.766528215574166   0.0087733151809065945  8.3554026617335589e-05     
30.020942986647452   0.032097477808438643  0.00036287752083471511     
30.275357757720734   0.17974067908470874  0.0019542474042685844     
30.529772528794016   429.38082596361211  0.07827746515506275     
30.784187299867302   0.39353101445763125  0.0032646636981288188     
31.038602070940584   0.11505419103352493  0.00098465210520423158     
31.293016842013866   0.059023592987844638  0.00061210278892767805     
31.547431613087152   0.037663689519926441  0.00042236969060452929     
31.801846384160434   0.026597569933874412  0.00029196366995524832     
32.05626115523372   0.020019845604030385  0.00023198694902573412     
32.310675926306999   0.015500261689044816  0.0001717151580633507     
32.565090697380285   0.01220423363149649  0.00014174405055408221     
32.819505468453571   0.0095934406172957268  0.0001224615734315351     
33.073920239526849   0.0074237164990546519  9.3221558565174232e-05     
33.328335010600135   0.0056011947902311892  7.6792010252089623e-05     
33.582749781673421   0.003989522059276998  5.146625586513764e-05     
33.8371645527467   0.0025863800903332801  3.6310482824700836e-05     
34.091579323819985   0.0014865609232399187  1.9124116440647797e-05     
34.345994094893271   0.00093242767530546071  6.0026084765660146e-06     
34.60040886596655   0.0017478771046196797  1.7845113191062533e-05     
34.854823637039836   0.0067376267750284389  6.0618724754213641e-05     
35.109238408113121   0.028255422493061671  0.00032756971134287597     
35.3636531791864   0.17420410315322027  0.0018716246092976366     
35.618067950259686   330.14789472939007  0.092319568329668307     
35.872482721332972   0.45683633925122332  0.0038066412993452096     
36.12689749240625   0.13881535178307416  0.0011573185305216191     
36.381312263479536   0.073843139924349346  0.00077556877284187924     
36.635727034552822   0.048768290220403984  0.00055220481008964026     
36.890141805626101   0.035602407572563124  0.00039441507020435762     
37.144556576699387   0.027718129173727539  0.00032622008780306443     
37.398971347772672   0.022213413014828604  0.00024975840491983393     
37.653386118845951   0.018161090344091402  0.00021353492552327031     
37.907800889919237   0.014898026312217216  0.00019326305051591828     
38.162215660992523   0.012132692843303832  0.00015416118737381404     
38.416630432065801   0.0097630626944637498  0.00013468143595285394     
38.671045203139087   0.0075771030146730799  9.8889967645852745e-05     
38.925459974212373   0.0055373107207151042  7.8607537867355101e-05     
39.179874745285652   0.0037044119198300804  5.3134286835627381e-05     
39.434289516358938   0.0021782204663675193  2.3409344917348115e-05     
39.688704287432223   0.0016447828430604499  1.3057243080193124e-05     
39.943119058505502   0.004322691118780316  3.8680553436727656e-05     
40.197533829578788   0.020847015332805929  0.00025406841677923137     
40.451948600652074   0.14731158077180505  0.0015289167362948207     
40.706363371725359   235.32505965859487  0.1003778848131887     
40.960778142798638   0.48596057598299032  0.0042489922079130708     
41.215192913871924   0.15493433354685836  0.0012719124303046567     
41.46960768494521   0.085923632471153776  0.0009193031055462692     
41.724022456018488   0.058922759382591439  0.0006735917810340612     
41.978437227091774   0.044546979255018385  0.00049806318112368943     
42.23285199816506   0.035885847788803635  0.00042864654722168025     
42.487266769238339   0.029737791567012927  0.0003388326230288473     
42.741681540311625   0.025181787650292431  0.00029944750190009818     
42.99609631138491   0.021459521960367184  0.00028258544511064533     
43.250511082458189   0.018255540114052039  0.00023457369127734423     
43.504925853531475   0.015479732776595154  0.00021493882367017925     
43.759340624604761   0.012837092703433567  0.00016918920489829663     
44.013755395678039   0.010255279735443667  0.00014610883097734283     
44.268170166751325   0.0077644506389470894  0.00011469464643728714     
44.522584937824611   0.0052681926723173784  6.7358152107353311e-05     
44.77699970889789   0.0032745271004785819  4.7220241386746982e-05     
45.031414479971176   0.0030507848496726502  3.2605286017097911e-05     
45.285829251044461   0.012345915233416437  0.00016935461799945563     
45.54024402211774   0.10493968172032261  0.0010137922366055777     
45.794658793191026   150.75631267052402  0.1000226430102934     
46.049073564264312   0.47320945431952351  0.0046626872235138089     
46.30348833533759   0.16054716691932321  0.0013324057392632474     
46.557903106410876   0.09353126036224275  0.0010273604797383538     
46.812317877484162   0.066905674618152208  0.00077215346739315007     
47.066732648557441   0.052525389796663845  0.00059262128913910909     
47.321147419630726   0.043832458147704553  0.00053105799933292129     
47.575562190704012   0.037552249394016132  0.00043296850289773757     
47.829976961777291   0.032887440302858582  0.00039519539419581389     
48.084391732850577   0.029028022573640541  0.00038776642598425653     
48.338806503923863   0.025667595415233219  0.00033348265495387435     
48.593221274997141   0.022754449148451653  0.00031825812582877982     
48.847636046070427   0.019912570211033955  0.00026506705907393418     
49.102050817143713   0.017045823778764793  0.00024379497246312896     
49.356465588216992   0.014177284619827101  0.00021185408935250632     
49.610880359290277   0.010989986867907721  0.00014850741246360687     
49.865295130363563   0.007851870094948941  0.00013492543783696512     
50.119709901436842   0.0048732443810995686  5.4135758321603547e-05     
50.374124672510128   0.006444611228922593  0.00010450070314909317     
50.628539443583414   0.058115949784942552  0.00054659647084496887     
50.882954214656692   81.619328865977774  0.089142283025781288     
