0.46400628289657042   48.422761900397168  0.011329943582383672     
0.92801256579314084   1.046316949359668  0.0045453048117954971     
1.3920188486897112   4.8326888809862758  0.0090063664969745342     
1.8560251315862817   1.1194995054641613  0.0036716745245303339     
2.3200314144828522   1.2347493496018912  0.0037498943948738263     
2.7840376973794223   1.0782621646747722  0.0036566213788644259     
3.2480439802759928   0.28663226740853808  0.0017657218754725846     
3.7120502631725634   0.96990899591795672  0.0051316311362755474     
4.1760565460691339   0.018907858037549854  0.00011900856730232091     
4.6400628289657044   0.80177043074759904  0.0070684957444092474     
5.104069111862275   0.071591044965363113  0.00094770371209012447     
5.5680753947588446   0.57773105944675901  0.004986354481800181     
6.0320816776554151   0.18015556012553973  0.0023498148701837639     
6.4960879605519857   0.45427979164893146  0.003242211376930001     
6.9600942434485562   0.58181077321257729  0.0050134088151769545     
7.4241005263451267   0.20604585933672716  0.0030858890489858383     
7.8881068092416973   1.123016557748755  0.0098273861020946326     
8.3521130921382678   0.17010205100387545  0.0011951295881369191     
8.8161193750348374   9.1548898062650968  0.033042044791935536     
9.2801256579314089   17.68585319498539  0.026045926512479127     
9.7441319408279785   6.9262450100330779  0.032115075218394902     
10.20813822372455   0.17576303584918685  0.0029340176614670538     
10.67214450662112   2.1790485810234086  0.017067251207125654     
11.136150789517689   0.38454859951583722  0.00412119293972202     
11.600157072414261   0.51029252906382469  0.0076620529461241604     
12.06416335531083   0.44461619136260642  0.0083907016431864078     
12.528169638207402   0.075456117399860174  0.0012368297301217938     
12.992175921103971   0.36948156298412853  0.0090067602950784538     
13.456182204000543   0.14442162413632578  0.00082275324949931781     
13.920188486897112   0.38733103631810772  0.0042924259077250579     
14.384194769793684   0.12669742614051683  0.0023328727534290336     
14.848201052690253   0.20072644003357654  0.009391807048664469     
15.312207335586823   0.078390229391048198  0.0030256368873198901     
15.776213618483395   0.10268789582610987  0.0018309166021599748     
16.240219901379966   0.095388894944380333  0.0032838670381326905     
16.704226184276536   0.059762752857901853  0.00093038615566159556     
17.168232467173105   0.16805212942004439  0.0031559982853985004     
17.632238750069675   0.06695876470327236  0.0011135387098109224     
18.096245032966248   0.55046718742197535  0.01096633338802185     
18.560251315862818   0.94823352590515207  0.0056049896676085304     
19.024257598759387   0.63725226540018035  0.0081359503091560612     
19.488263881655957   0.12648867060633232  0.0012103570313664713     
19.952270164552527   0.19369730563105998  0.0037592820521123869     
20.4162764474491   0.11951596528364435  0.0026229720021188197     
20.88028273034567   0.080788494399750879  0.0013435707944133055     
21.344289013242239   0.39850385234323644  0.0068367240646918675     
21.808295296138809   0.27016389585752544  0.0025121675589992031     
22.272301579035378   0.35726993176115902  0.0041921950974367956     
22.736307861931952   1.0176159839229518  0.0083665218856166906     
23.200314144828521   0.93916409341466056  0.0089619236278838827     
23.664320427725091   0.27282500407486631  0.0021859106377044298     
24.128326710621661   0.1891358775714001  0.0026242328085523892     
24.592332993518234   0.064015857748513035  0.00077338460274446843     
25.056339276414803   0.09708486354844572  0.0014011764578971704     
25.520345559311373   0.13062696814174339  0.0026383940938919773     
25.984351842207943   0.086243234063634884  0.00025655649056563238     
26.448358125104512   0.3701790875667149  0.0032570899593391817     
26.912364408001086   0.47150922841135676  0.0022932571944400581     
27.376370690897655   0.35759559100355701  0.0042026079042329563     
27.840376973794225   0.18044738748600073  0.00098373886217065931     
28.304383256690794   0.24284394101951604  0.0034308637324726549     
28.768389539587368   0.07787762413791593  0.00061910019549858245     
29.232395822483937   0.17613443427398408  0.0013184948212031995     
29.696402105380507   0.19717204289076859  0.0011394999443178549     
30.160408388277077   0.22041739920723731  0.0024839147588057296     
30.624414671173646   1.1004748849202588  0.0042651407574062647     
31.088420954070219   0.59508680250856729  0.0018626590220689199     
31.552427236966789   1.0940948970753966  0.0068463417433917247     
32.016433519863362   2.9981682246476391  0.0076309587758328097     
32.480439802759932   1.5701000313917691  0.0050667538196609273     
32.944446085656502   0.18185749718337848  0.0007575291247107181     
33.408452368553071   0.56123741138986969  0.0029729975671365087     
33.872458651449641   0.18120075430847054  0.0037673675390960991     
34.33646493434621   0.21451052610507796  0.0013962883058873526     
34.80047121724278   0.21917325574637732  0.0014561391513295122     
35.26447750013935   0.12673294791553491  0.00069238609192555423     
35.728483783035919   0.27784713436166291  0.0014925812420742311     
36.192490065932496   0.2484884396143006  0.00074795892963985931     
36.656496348829066   0.31081326914511914  0.002265798001160489     
37.120502631725635   0.24733487463103103  0.00087507149454799576     
37.584508914622205   0.2688254435362849  0.0019140984848012875     
38.048515197518775   0.13978445323631613  0.0010690804582157495     
38.512521480415344   0.1759625262891935  0.0016281844654025899     
38.976527763311914   0.17885436380837337  0.0014341341719419566     
39.440534046208484   0.26214169378779022  0.001405582218282692     
39.904540329105053   0.53843693138841592  0.004076047555118165     
40.36854661200163   0.23179553596799151  0.00078627155446438998     
40.8325528948982   1.3055759143527387  0.0069617655270901425     
41.296559177794769   2.2516316055811837  0.0091636587749079346     
41.760565460691339   0.84233987188827441  0.0032601678057731139     
42.224571743587909   0.32960005712307991  0.0020446110125719401     
42.688578026484478   0.55060989162114596  0.0036427121115769163     
43.152584309381048   0.19381859618705473  0.0024055948986341417     
43.616590592277618   0.38974403297998879  0.0036147615143365674     
44.080596875174187   0.27490674980690618  0.0024964247441136493     
44.544603158070757   0.16809876959777694  0.00080681897343147574     
45.008609440967334   0.48998052015052457  0.0038254575643969566     
45.472615723863903   0.61818749080301344  0.0030150693402235817     
45.936622006760473   0.53385113919449656  0.0038835575250857144     
46.400628289657043   0.33907458340584261  0.0010000030510721634     
