0.4848420195558783   0.017092531483514376  2.0303525328550495e-05     
0.9696840391117566   0.02055280345331041  2.2588904913575778e-05     
1.454526058667635   0.018600045882901097  2.0268532686279901e-05     
1.9393680782235132   0.025987118244341097  2.7311736007313708e-05     
2.4242100977793917   0.036603175144965552  3.7703494920767578e-05     
2.9090521173352699   0.056546596855379707  5.7841073486292293e-05     
3.3938941368911482   0.09676634103015128  0.00010104671304015015     
3.8787361564470264   0.29360035157590503  0.00030501751218222707     
4.3635781760029051   1.0488617406868317  0.0010559972072315661     
4.8484201955587833   94.656468066262548  0.0055107205363869532     
5.3332622151146616   2.5238241290198015  0.0032382333629429634     
5.8181042346705398   0.75150443127196638  0.00079688428745500245     
6.3029462542264181   0.32788469058652522  0.00033967993394859041     
6.7877882737822963   0.29778321987552161  0.00028986077185051009     
7.2726302933381746   0.29754622048493967  0.0002744305172598938     
7.7574723128940528   0.35123101445525397  0.00031176855476952813     
8.2423143324499311   0.48974222459469499  0.00043880404615283588     
8.7271563520058102   1.20239189573742  0.0010545574377250241     
9.2119983715616875   3.2394414210673031  0.002350213229216149     
9.6968403911175667   80.016541745436622  0.019120350309926639     
10.181682410673444   10.447401075735528  0.013609296957770205     
10.666524430229323   2.3148522313404583  0.0021443515265989322     
11.151366449785201   0.85713351412054192  0.00076130406296690987     
11.63620846934108   0.73796151996016014  0.00057821039387625995     
12.121050488896957   0.67046942142390342  0.00047075862670696904     
12.605892508452836   0.72646562396545649  0.00046322940726692472     
13.090734528008714   0.94648535748880982  0.00060660078194353029     
13.575576547564593   2.1183579815756286  0.0012977545153353398     
14.06041856712047   4.7041092558022254  0.0016518344811356652     
14.545260586676349   59.757644618071603  0.033663225366038502     
15.030102606232226   24.168276028279437  0.030288307301266906     
15.514944625788106   3.9989834890865497  0.0029299527095162593     
15.999786645343985   1.2868633194801884  0.00089365409820559575     
16.484628664899862   1.115487698178441  0.00052225225194220784     
16.969470684455739   0.94508373539144711  0.00037453542429016643     
17.45431270401162   0.96379518757588973  0.00029177645570775965     
17.939154723567498   1.198515916005582  0.00041107269188111983     
18.423996743123375   2.5205414366279233  0.00086284393575984032     
18.908838762679252   4.6373103113974153  0.002255067013701825     
19.393680782235133   38.568795265829716  0.04162017116479619     
19.878522801791011   42.044962111252311  0.047902177949120787     
20.363364821346888   4.8872864397647964  0.0035586010728361029     
20.848206840902765   1.342025521691127  0.0010290145485700052     
21.333048860458646   1.2349902922891741  0.00023024571324655574     
21.817890880014524   0.97196443020131136  0.00049706281800653139     
22.302732899570401   0.93573800713751537  0.0005174148849943135     
22.787574919126278   1.1159828044325494  0.00071967180493804876     
23.272416938682159   2.2450150446462885  0.00161302187190778     
23.757258958238037   3.3149988360108115  0.0048051517700272297     
24.242100977793914   20.622188116458166  0.039102947488940691     
24.726942997349795   60.664216091197208  0.058553920732878859     
25.211785016905672   4.3944198287666493  0.0061578670637334034     
25.69662703646155   0.9807824095343104  0.001579823355311581     
26.181469056017427   1.0467066990923631  0.00089169295669330245     
26.666311075573308   0.74629934963632468  0.0010433116284461061     
27.151153095129185   0.67245969817481334  0.0010305274311251355     
27.635995114685063   0.76810683331245648  0.0012620783226738292     
28.12083713424094   1.5048614026654154  0.0026194410826593989     
28.605679153796821   1.6327833766178979  0.005172589968676268     
29.090521173352698   8.3926741153268994  0.027811078309565845     
29.575363192908576   75.833744165322507  0.056117358100952048     
30.060205212464453   2.7314638276856647  0.0080171992943311839     
30.545047232020334   0.45296533957281069  0.0016336907658242495     
31.029889251576211   0.6676077398614267  0.0013484543527430017     
31.514731271132089   0.40525847605276402  0.0011969837786951179     
31.99957329068797   0.3337919543631324  0.0010823009172269495     
32.484415310243847   0.36295854767882565  0.0012417783402628827     
32.969257329799724   0.70997581442516585  0.0025232344475335315     
33.454099349355602   0.48616144671984767  0.0029641380034831203     
33.938941368911479   2.2327619292399148  0.014458822212356188     
34.423783388467356   83.948175753245255  0.042081773542722848     
34.908625408023241   1.026788778704192  0.0054973159247788224     
35.393467427579118   0.17672923747858652  0.0014145565100072672     
35.878309447134995   0.30341994115043698  0.0011578563837746747     
36.363151466690873   0.14431162650876534  0.0007142768330829187     
36.84799348624675   0.10927883913832135  0.0006351811533280622     
37.332835505802628   0.11488103094634926  0.00071079212165896366     
37.817677525358505   0.21771874331690254  0.001397940616061807     
38.302519544914382   0.31187945765951604  0.0031092997205689718     
38.787361564470267   0.75744435055884249  0.0092438007981318614     
39.272203584026144   83.18320318097584  0.035965901516824852     
39.757045603582021   0.98072080384569437  0.013753100122796041     
40.241887623137899   0.49204106311116289  0.0035007639578757607     
40.726729642693776   0.12289808241847856  0.00084833204301594727     
41.211571662249654   0.10543069182461775  0.00090398331597784643     
41.696413681805531   0.10955439112019671  0.00090690092397526075     
42.181255701361415   0.12441649784918183  0.0010014061272853793     
42.666097720917293   0.15933412153971052  0.0012880457069125276     
43.15093974047317   0.96794050901188079  0.0060714599566614222     
43.635781760029047   1.7560422216187038  0.010075697457081686     
44.120623779584925   74.044843827333584  0.055190601783171667     
44.605465799140802   4.164193861817509  0.037800474246227183     
45.090307818696679   1.4324251330455219  0.006149230695585434     
45.575149838252557   0.16393307911615453  0.0015916722125410009     
46.059991857808441   0.30325266307920667  0.0019647659077727052     
46.544833877364319   0.31218192238980101  0.0015670462949312937     
47.029675896920196   0.33794611387477116  0.0016092905144102796     
47.514517916476073   0.41988249308825689  0.0022442434342166391     
47.999359936031951   1.9299815440317599  0.0068220841307258611     
48.484201955587828   3.178785501333793  0.0078212871560122069     
