-0.000346695   0.0141574     0
-0.000907279   0.00175399     0
0.0487881   8.89529e-05     1
0.0478035   0.0121581     1
0.0994462   0.0016702     2
0.0940693   0.0119179     2
0.144014   0.00987604     3
0.150046   -0.000562175     3
0.196802   0.012369     4
0.197025   0.000493696     4
0.243996   0.0130554     5
0.247551   0.00140997     5
0.29517   0.0129816     6
0.295151   0.00102868     6
0.342886   0.0123193     7
0.346451   0.000796805     7
0.391925   0.0096735     8
0.399003   -6.98342e-06     8
0.447085   0.00235298     9
0.444572   0.0143511     9
0.490068   0.00940546     10
0.499357   0.00306549     10
-0.450334   0.00123583     11
-0.456966   0.0106774     11
-0.403766   0.0135153     12
-0.40183   0.00122887     12
-0.355192   0.0129186     13
-0.352579   0.0011709     13
-0.303983   0.000489931     14
-0.303293   0.0120507     14
-0.253692   -0.0036178     15
-0.253903   0.00894493     15
-0.20676   -0.00438076     16
-0.199899   0.00485465     16
-0.150665   0.00999119     17
-0.155166   -0.000577166     17
-0.10733   0.00363283     18
-0.0967541   -0.00129082     18
-0.0471473   0.00744441     19
-0.0537081   -0.00323498     19
0.0229124   0.0522084     20
0.0234562   0.0643152     20
0.0698604   0.0531436     21
0.0751174   0.0638689     21
0.122594   0.0622397     22
0.121527   0.0505757     22
0.172898   0.061277     23
0.168518   0.0499812     23
0.22178   0.0631926     24
0.219869   0.0514278     24
0.268934   0.0513696     25
0.271727   0.0632574     25
0.318217   0.050817     26
0.320389   0.0633308     26
0.369663   0.0507472     27
0.367429   0.0628231     27
0.420835   0.0617374     28
0.41589   0.0511565     28
0.474806   0.053449     29
0.465431   0.0600971     29
0.521242   0.0619075     30
0.519874   0.0495243     30
-0.427794   0.0619251     31
-0.431796   0.0504396     31
-0.372627   0.0592493     32
-0.383013   0.0545965     32
-0.323317   0.0618076     33
-0.32964   0.0515585     33
-0.2779   0.0494088     34
-0.273577   0.06034     34
-0.227338   0.0462459     35
-0.2267   0.0581412     35
-0.176841   0.0573723     36
-0.180125   0.0458544     36
-0.121851   0.0498927     37
-0.132414   0.0550179     37
-0.077917   0.0433754     38
-0.0757173   0.0559106     38
-0.0226068   0.0595412     39
-0.0304121   0.0509138     39
0.051695   0.11257     40
0.0473313   0.100791     40
0.102313   0.102902     41
0.0969273   0.113219     41
0.149678   0.101584     42
0.1475   0.112973     42
0.195981   0.100234     43
0.199079   0.112129     43
0.248752   0.113715     44
0.245576   0.101526     44
0.298414   0.114771     45
0.294267   0.103548     45
0.347323   0.11344     46
0.343785   0.10157     46
0.398195   0.111232     47
0.391805   0.101614     47
0.444358   0.112245     48
0.44404   0.101102     48
0.495017   0.0993154     49
0.490918   0.11047     49
0.549793   0.103741     50
0.538732   0.105906     50
-0.407389   0.108348     51
-0.398385   0.101315     51
-0.345349   0.107559     52
-0.355096   0.102867     52
-0.299484   0.0998922     53
-0.299379   0.112439     53
-0.250718   0.109462     54
-0.249015   0.097185     54
-0.200072   0.108559     55
-0.20134   0.0970001     55
-0.147015   0.104819     56
-0.154886   0.0972351     56
-0.100516   0.106195     57
-0.10257   0.094833     57
-0.0481255   0.106646     58
-0.0553683   0.0978605     58
-0.0055197   0.102679     59
0.00242557   0.111856     59
0.0724561   0.153359     60
0.078067   0.163677     60
0.122472   0.163943     61
0.124183   0.15166     61
0.175582   0.152337     62
0.171152   0.16349     62
0.22193   0.163194     63
0.223326   0.151094     63
0.27351   0.153817     64
0.27033   0.164926     64
0.327342   0.16031     65
0.317483   0.155925     65
0.375816   0.163256     66
0.371872   0.152132     66
0.42177   0.16438     67
0.421214   0.152938     67
0.46851   0.151195     68
0.470544   0.163318     68
0.517014   0.159592     69
0.519079   0.147648     69
0.570231   0.159646     70
0.565756   0.148362     70
-0.373859   0.14984     71
-0.384747   0.15203     71
-0.320086   0.155494     72
-0.33105   0.153579     72
-0.276097   0.161933     73
-0.272529   0.150316     73
-0.224799   0.147291     74
-0.226864   0.159733     74
-0.179984   0.153571     75
-0.170085   0.14838     75
-0.126231   0.145656     76
-0.122707   0.157311     76
-0.0758637   0.157336     77
-0.0760467   0.14523     77
-0.0252425   0.160673     78
-0.0280889   0.149118     78
0.0266337   0.15161     79
0.0202533   0.161449     79
0.0919865   0.211357     80
0.101909   0.206055     80
0.147903   0.201824     81
0.149842   0.213822     81
0.198361   0.203548     82
0.195863   0.21509     82
0.244106   0.20261     83
0.247   0.213697     83
0.29203   0.211002     84
0.299739   0.202969     84
0.344345   0.212142     85
0.348898   0.20081     85
0.394857   0.215739     86
0.397931   0.203986     86
0.446922   0.202963     87
0.445673   0.214704     87
0.496683   0.212954     88
0.495808   0.201215     88
0.544991   0.209467     89
0.545488   0.197618     89
-0.402643   0.195371     90
0.592985   0.207135     90
-0.35447   0.194067     91
-0.356338   0.206167     91
-0.297967   0.204594     92
-0.309109   0.202524     92
-0.24801   0.199403     93
-0.252732   0.209866     93
-0.203152   0.207239     94
-0.196999   0.197257     94
-0.152115   0.195015     95
-0.147151   0.205836     95
-0.101814   0.206825     96
-0.0978421   0.195775     96
-0.0501267   0.209208     97
-0.0506884   0.196428     97
-0.00195297   0.201431     98
-0.00228475   0.213401     98
0.0464374   0.211186     99
0.0470535   0.199026     99
0.119847   0.261362     100
0.122423   0.249882     100
0.173758   0.254833     101
0.166383   0.263855     101
0.224916   0.25466     102
0.217285   0.263472     102
0.269271   0.264718     103
0.272807   0.253087     103
0.320305   0.251454     104
0.320667   0.263867     104
0.372533   0.262637     105
0.367652   0.251587     105
0.418697   0.264449     106
0.422204   0.253287     106
0.472276   0.252736     107
0.468304   0.264224     107
0.515928   0.25931     108
0.525189   0.251552     108
0.569033   0.259031     109
0.572732   0.247429     109
0.620307   0.244872     110
0.621803   0.256371     110
-0.324607   0.254222     111
-0.332606   0.245576     111
-0.280544   0.248178     112
-0.275748   0.259203     112
-0.231418   0.257479     113
-0.223361   0.249025     113
-0.178182   0.256118     114
-0.174235   0.244963     114
-0.126947   0.258849     115
-0.127381   0.246525     115
-0.0784629   0.246083     116
-0.0770473   0.258681     116
-0.0270157   0.261957     117
-0.0292539   0.250335     117
0.0219077   0.251418     118
0.0191079   0.262916     118
0.0703312   0.251001     119
0.0713186   0.263476     119
0.140694   0.303191     120
0.145409   0.314155     120
0.191826   0.314078     121
0.193825   0.302103     121
0.23881   0.312297     122
0.246804   0.30446     122
0.291996   0.313562     123
0.296771   0.301976     123
0.347954   0.312377     124
0.343404   0.301704     124
0.393456   0.302976     125
0.397915   0.315021     125
0.446469   0.314631     126
0.443764   0.303422     126
0.492139   0.311653     127
0.496081   0.300779     127
0.542244   0.310127     128
0.544495   0.298443     128
0.589978   0.303474     129
0.599664   0.297359     129
-0.349151   0.294662     130
0.642589   0.302375     130
-0.304622   0.308016     131
-0.303385   0.295694     131
-0.257479   0.301377     132
-0.246993   0.303264     132
-0.199249   0.306785     133
-0.201377   0.294737     133
-0.151315   0.309625     134
-0.153226   0.29738     134
-0.104191   0.298309     135
-0.101308   0.310288     135
-0.052112   0.310181     136
-0.0549701   0.298605     136
-0.00184376   0.313568     137
-0.00473678   0.301699     137
0.0453334   0.313966     138
0.0454533   0.301077     138
0.0965518   0.302123     139
0.091939   0.312794     139
0.168808   0.353771     140
0.169062   0.366058     140
0.218832   0.352325     141
0.216892   0.363927     141
0.265043   0.362587     142
0.266775   0.351036     142
0.31332   0.359724     143
0.321025   0.350656     143
0.365281   0.363369     144
0.371134   0.352864     144
0.422795   0.354064     145
0.415556   0.363482     145
0.469069   0.366512     146
0.469756   0.354359     146
0.520761   0.349723     147
0.515646   0.360878     147
0.565869   0.355944     148
0.572788   0.346409     148
0.620206   0.343213     149
0.616911   0.354647     149
-0.324796   0.350029     150
0.66408   0.348498     150
-0.280041   0.357753     151
-0.278175   0.346084     151
-0.225847   0.34485     152
-0.231868   0.355204     152
-0.177376   0.3479     153
-0.180373   0.359424     153
-0.126484   0.349606     154
-0.130913   0.360502     154
-0.0818231   0.359822     155
-0.0758005   0.35011     155
-0.0280096   0.362349     156
-0.0297495   0.350037     156
0.0165664   0.363495     157
0.0242243   0.354344     157
0.0708811   0.364547     158
0.0700082   0.352304     158
0.117885   0.352746     159
0.122608   0.363556     159
0.194758   0.416472     160
0.194458   0.404363     160
0.241837   0.40172     161
0.246186   0.412504     161
0.290809   0.40041     162
0.293859   0.412019     162
0.345197   0.41018     163
0.337081   0.401818     163
0.394185   0.401793     164
0.390396   0.413261     164
0.448379   0.411153     165
0.439124   0.404539     165
0.497178   0.402816     166
0.493831   0.413975     166
0.544004   0.409254     167
0.54547   0.396951     167
0.593699   0.406307     168
0.595277   0.39391     168
0.644373   0.403508     169
0.644385   0.390894     169
0.693178   0.406484     170
0.692009   0.394255     170
-0.260206   0.404558     171
-0.251242   0.397224     171
-0.203505   0.407042     172
-0.208202   0.39643     172
-0.152979   0.409414     173
-0.157682   0.398653     173
-0.106097   0.411427     174
-0.104503   0.398824     174
-0.0564246   0.399232     175
-0.0520475   0.411106     175
-0.000885789   0.412571     176
-0.00848345   0.40469     176
0.0448033   0.402337     177
0.0458415   0.414601     177
0.094911   0.402107     178
0.0950291   0.414514     178
0.146634   0.416463     179
0.143478   0.405343     179
0.216797   0.463336     180
0.222718   0.453301     180
0.268923   0.451573     181
0.268092   0.463308     181
0.317507   0.451516     182
0.31826   0.463341     182
0.371443   0.461514     183
0.364775   0.451889     183
0.418555   0.450167     184
0.419759   0.461861     184
0.464463   0.460009     185
0.474061   0.455177     185
0.525517   0.45114     186
0.517954   0.459877     186
0.568183   0.45748     187
0.574583   0.447106     187
0.620321   0.442     188
0.620695   0.454215     188
0.668142   0.443669     189
0.669998   0.45603     189
0.718868   0.445346     190
0.718895   0.457025     190
-0.231872   0.457008     191
-0.231679   0.444806     191
-0.18516   0.458646     192
-0.179645   0.447392     192
-0.132232   0.46075     193
-0.132277   0.448433     193
-0.080617   0.448467     194
-0.0857607   0.459711     194
-0.0296386   0.452615     195
-0.0363675   0.461567     195
0.0120164   0.458912     196
0.0232081   0.456744     196
0.0697481   0.465681     197
0.0708822   0.453681     197
0.121005   0.465405     198
0.117766   0.454418     198
0.171805   0.455834     199
0.165143   0.465287     199
-0.244988   -0.49829     200
-0.250055   -0.487816     200
-0.197565   -0.486221     201
-0.200091   -0.498202     201
-0.148034   -0.499911     202
-0.152019   -0.488116     202
-0.102662   -0.489131     203
-0.0962823   -0.498713     203
-0.052822   -0.49239     204
-0.0425678   -0.496272     204
0.000743592   -0.490013     205
0.497428   0.49962     205
0.0508128   -0.489013     206
0.547369   0.499578     206
0.10249   -0.493879     207
0.597164   0.494624     207
0.64327   0.494035     208
0.154105   -0.493667     208
0.695501   0.49487     209
0.199994   -0.493624     209
0.249171   -0.491733     210
0.742664   0.496483     210
-0.701428   -0.489767     211
-0.209676   0.497391     211
-0.650479   -0.490495     212
-0.160671   0.497703     212
-0.111274   0.498494     213
-0.601305   -0.489282     213
-0.546833   -0.495859     214
-0.557428   -0.496821     214
-0.494648   -0.48963     215
-0.503467   -0.496644     215
-0.446748   -0.487501     216
-0.450768   -0.499247     216
-0.394555   -0.494679     217
-0.400693   -0.48432     217
-0.345419   -0.494612     218
-0.348344   -0.48278     218
-0.300562   -0.485612     219
-0.295108   -0.496157     219
-0.225002   -0.435659     220
-0.225352   -0.447846     220
-0.171281   -0.44523     221
-0.179172   -0.435767     221
-0.123847   -0.449892     222
-0.12643   -0.437865     222
-0.0738769   -0.451627     223
-0.0760145   -0.439416     223
-0.0255549   -0.439529     224
-0.0231685   -0.451007     224
0.0208461   -0.441844     225
0.0303717   -0.448904     225
0.0752977   -0.443937     226
0.0819283   -0.453631     226
0.127492   -0.443079     227
0.127886   -0.455634     227
0.17676   -0.454945     228
0.175396   -0.442949     228
0.225091   -0.440024     229
0.224144   -0.452798     229
0.274451   -0.452086     230
0.273221   -0.43956     230
-0.67835   -0.439996     231
-0.674851   -0.451489     231
-0.623602   -0.449775     232
-0.631232   -0.440855     232
-0.579342   -0.44066     233
-0.5744   -0.451621     233
-0.523433   -0.451723     234
-0.529499   -0.441589     234
-0.478669   -0.439305     235
-0.47211   -0.449144     235
-0.427271   -0.434328     236
-0.423972   -0.446187     236
-0.379591   -0.435852     237
-0.372107   -0.444923     237
-0.320482   -0.443862     238
-0.328798   -0.435435     238
-0.27266   -0.447584     239
-0.27433   -0.435245     239
-0.202999   -0.384425     240
-0.19821   -0.39509     240
-0.154307   -0.386436     241
-0.148351   -0.396845     241
-0.105189   -0.390899     242
-0.0970858   -0.398961     242
-0.0518325   -0.389219     243
-0.0489215   -0.401228     243
0.00472374   -0.397571     244
-0.00501029   -0.39178     244
0.0490605   -0.393334     245
0.0541391   -0.403894     245
0.0993415   -0.392395     246
0.102607   -0.404097     246
0.150972   -0.404041     247
0.150187   -0.392251     247
0.199302   -0.391461     248
0.199028   -0.403564     248
0.245029   -0.389737     249
0.250055   -0.400545     249
0.29464   -0.389571     250
0.299204   -0.400971     250
-0.652784   -0.400536     251
-0.653859   -0.388214     251
-0.605617   -0.389954     252
-0.603268   -0.401527     252
-0.550472   -0.401978     253
-0.556138   -0.392062     253
-0.504386   -0.401894     254
-0.505638   -0.389641     254
-0.451035   -0.388665     255
-0.458838   -0.397559     255
-0.401991   -0.395539     256
-0.406952   -0.38519     256
-0.350377   -0.396197     257
-0.357724   -0.386991     257
-0.299131   -0.397112     258
-0.306261   -0.387566     258
-0.24738   -0.396195     259
-0.25466   -0.386827     259
-0.181204   -0.34085     260
-0.170113   -0.342569     260
-0.12613   -0.336608     261
-0.125135   -0.349051     261
-0.0761936   -0.339315     262
-0.0779202   -0.351282     262
-0.0303413   -0.339408     263
-0.0256611   -0.35079     263
0.0196489   -0.342806     264
0.0272112   -0.351603     264
0.0764789   -0.35432     265
0.0718008   -0.343521     265
0.122637   -0.342011     266
0.125382   -0.354175     266
0.174131   -0.3409     267
0.174422   -0.352784     267
0.22317   -0.339042     268
0.222636   -0.350927     268
0.273049   -0.339581     269
0.270762   -0.351461     269
0.321719   -0.338551     270
0.320704   -0.350875     270
-0.62641   -0.349695     271
-0.631368   -0.338835     271
-0.580879   -0.340569     272
-0.577871   -0.352071     272
-0.528734   -0.339751     273
-0.530476   -0.351262     273
-0.481457   -0.350534     274
-0.478588   -0.338714     274
-0.429245   -0.334971     275
-0.433784   -0.346255     275
-0.384287   -0.341945     276
-0.373758   -0.344516     276
-0.328577   -0.347467     277
-0.32726   -0.335056     277
-0.278979   -0.348605     278
-0.277451   -0.336613     278
-0.231689   -0.346405     279
-0.224458   -0.336513     279
-0.148721   -0.28746     280
-0.154076   -0.297595     280
-0.101017   -0.287351     281
-0.103081   -0.299175     281
-0.0472316   -0.290917     282
-0.0559986   -0.298884     282
-0.000271938   -0.30318     283
-2.52704e-05   -0.290874     283
0.0489666   -0.302976     284
0.047348   -0.291086     284
0.0974717   -0.30418     285
0.097555   -0.291794     285
0.149892   -0.291569     286
0.145856   -0.303079     286
0.195037   -0.289207     287
0.197131   -0.301292     287
0.247701   -0.300203     288
0.246557   -0.287845     288
0.2978   -0.299442     289
0.294921   -0.287781     289
0.345565   -0.286851     290
0.344847   -0.299461     290
-0.604425   -0.301398     291
-0.604663   -0.288918     291
-0.554663   -0.289165     292
-0.555347   -0.301331     292
-0.505852   -0.300011     293
-0.507185   -0.288146     293
-0.451666   -0.288497     294
-0.459327   -0.297621     294
-0.408049   -0.29031     295
-0.398834   -0.297063     295
-0.3505   -0.28781     296
-0.354901   -0.298867     296
-0.30396   -0.28468     297
-0.302935   -0.296629     297
-0.255301   -0.287027     298
-0.251716   -0.298613     298
-0.206984   -0.288889     299
-0.1976   -0.295791     299
-0.12323   -0.24627     300
-0.133007   -0.24013     300
-0.0728745   -0.249342     301
-0.0809287   -0.241904     301
-0.0247859   -0.251317     302
-0.0285633   -0.240172     302
0.0208191   -0.240262     303
0.026304   -0.250709     303
0.0738884   -0.25243     304
0.0710756   -0.240872     304
0.120695   -0.241342     305
0.123635   -0.253552     305
0.169199   -0.248987     306
0.174947   -0.238756     306
0.220491   -0.251095     307
0.223454   -0.238971     307
0.273162   -0.248806     308
0.269252   -0.237414     308
0.320674   -0.236866     309
0.320544   -0.248955     309
0.367744   -0.237539     310
0.371186   -0.249009     310
-0.580768   -0.250933     311
-0.579337   -0.238679     311
-0.530014   -0.247701     312
-0.534253   -0.236562     312
-0.486225   -0.240361     313
-0.47925   -0.249797     313
-0.435006   -0.242582     314
-0.424336   -0.244512     314
-0.379557   -0.239013     315
-0.378776   -0.251447     315
-0.325709   -0.236769     316
-0.33275   -0.24587     316
-0.281167   -0.235585     317
-0.27755   -0.247179     317
-0.229701   -0.237479     318
-0.227007   -0.249817     318
-0.180279   -0.239183     319
-0.177674   -0.250888     319
-0.109445   -0.198187     320
-0.0989023   -0.195514     320
-0.0507194   -0.190609     321
-0.0541397   -0.20229     321
0.00106471   -0.19035     322
-0.00328604   -0.201581     322
0.0481106   -0.201284     323
0.0483559   -0.18944     323
0.0964889   -0.190954     324
0.0970951   -0.203273     324
0.150783   -0.19215     325
0.144255   -0.202397     325
0.199828   -0.19961     326
0.197183   -0.18813     326
0.246046   -0.198218     327
0.247778   -0.185347     327
0.295574   -0.185835     328
0.29481   -0.198168     328
0.346238   -0.186461     329
0.344245   -0.197738     329
0.393635   -0.188843     330
0.395683   -0.200327     330
-0.557564   -0.196191     331
-0.552922   -0.185281     331
-0.507634   -0.188086     332
-0.503782   -0.199495     332
-0.459253   -0.200255     333
-0.450493   -0.192677     333
-0.405828   -0.188896     334
-0.403075   -0.200615     334
-0.354074   -0.199883     335
-0.355572   -0.187597     335
-0.298455   -0.188827     336
-0.308174   -0.194617     336
-0.25269   -0.186579     337
-0.252714   -0.198085     337
-0.203377   -0.188633     338
-0.203683   -0.200573     338
-0.154008   -0.200088     339
-0.154918   -0.187809     339
-0.0712359   -0.145067     340
-0.0811885   -0.150112     340
-0.0258857   -0.139997     341
-0.0262015   -0.152244     341
0.0215275   -0.138931     342
0.0248043   -0.150378     342
0.0735887   -0.15198     343
0.0716612   -0.140394     343
0.12129   -0.154012     344
0.122426   -0.14222     344
0.172072   -0.139255     345
0.169832   -0.150527     345
0.222869   -0.137845     346
0.219608   -0.149113     346
0.271636   -0.134476     347
0.271743   -0.14643     347
0.320735   -0.148464     348
0.32173   -0.136117     348
0.37253   -0.148906     349
0.369507   -0.136457     349
0.42259   -0.138647     350
0.417289   -0.148894     350
-0.53397   -0.138697     351
-0.525145   -0.146052     351
-0.478002   -0.140422     352
-0.479274   -0.152246     352
-0.430118   -0.138748     353
-0.430601   -0.150614     353
-0.380432   -0.149955     354
-0.382713   -0.137854     354
-0.334836   -0.140669     355
-0.327044   -0.149861     355
-0.28466   -0.141066     356
-0.274228   -0.145622     356
-0.223176   -0.14704     357
-0.231733   -0.138983     357
-0.17419   -0.138557     358
-0.17916   -0.148651     358
-0.128671   -0.139525     359
-0.125226   -0.151217     359
-0.0480935   -0.091646     360
-0.0534856   -0.102063     360
-0.00342439   -0.100416     361
9.28379e-05   -0.0889824     361
0.0482099   -0.101601     362
0.0470328   -0.0897861     362
0.0976458   -0.101592     363
0.0960507   -0.0891623     363
0.145445   -0.102339     364
0.146448   -0.0904084     364
0.196862   -0.0889048     365
0.194799   -0.0997914     365
0.248486   -0.0879352     366
0.242805   -0.0983103     366
0.300567   -0.0963737     367
0.292234   -0.088179     367
0.347062   -0.0973548     368
0.348219   -0.0846477     368
0.398618   -0.08833     369
0.395416   -0.099769     369
0.448503   -0.0874272     370
0.443567   -0.0980554     370
-0.503815   -0.0882665     371
-0.503787   -0.100308     371
-0.454266   -0.0871959     372
-0.456326   -0.0997808     372
-0.405803   -0.0874845     373
-0.406087   -0.0994887     373
-0.357066   -0.100142     374
-0.356865   -0.0881453     374
-0.308743   -0.101528     375
-0.307586   -0.0893019     375
-0.251706   -0.0962861     376
-0.2629   -0.0960801     376
-0.207375   -0.0908132     377
-0.20004   -0.100082     377
-0.155828   -0.0887106     378
-0.148032   -0.0983366     378
-0.10255   -0.0908001     379
-0.100044   -0.102529     379
-0.0261093   -0.0505117     380
-0.0237   -0.0382627     380
0.0236032   -0.0381768     381
0.0243952   -0.0497023     381
0.0741628   -0.0393211     382
0.0719615   -0.0512715     382
0.122604   -0.050533     383
0.122435   -0.0386807     383
0.169007   -0.0497639     384
0.176046   -0.0402497     384
0.220222   -0.0507424     385
0.223387   -0.0386582     385
0.268985   -0.0371544     386
0.272862   -0.0479856     386
0.31863   -0.0370196     387
0.322092   -0.048579     387
0.368061   -0.0375995     388
0.375428   -0.0468038     388
0.422789   -0.0376474     389
0.421192   -0.0494742     389
0.469006   -0.0366477     390
0.47233   -0.0484015     390
-0.481362   -0.0481887     391
-0.477163   -0.037152     391
-0.425925   -0.0384178     392
-0.432901   -0.0485814     392
-0.380726   -0.0374643     393
-0.379368   -0.0489626     393
-0.332526   -0.0387337     394
-0.328756   -0.0500208     394
-0.282675   -0.0402084     395
-0.278329   -0.0508308     395
-0.231752   -0.0423542     396
-0.2305   -0.0542073     396
-0.183399   -0.0486399     397
-0.173987   -0.0428181     397
-0.1301   -0.0412492     398
-0.122754   -0.0506144     398
-0.0779638   -0.0426239     399
-0.073646   -0.0537536     399
