0	1	0
1   0.43905615804708869   0.004823425894173662   
2   0.35136141294125743   0.0067509281747127542   
3   0.33064954173925046   0.007387804428038365   
4   0.31792365632380412   0.0078640751443519649   
5   0.30911568774793385   0.0080825005296065316   
6   0.30463582898635875   0.0079904697048853215   
7   0.30218326858415804   0.008057584820702604   
8   0.3005975441221394   0.0082142116402819829   
9   0.29952632061601007   0.0083330547253497885   
10   0.2991908522474451   0.0082336152002845231   
