0.012959242694672959   0   0   
0.038877728084018875   0   0   
0.064796213473364797   0   0   
0.090714698862710719   0   0   
0.11663318425205663   0   0   
0.14255166964140256   0   0   
0.16847015503074847   0   0   
0.19438864042009438   0   0   
0.22030712580944031   0   0   
0.24622561119878622   0   0   
0.27214409658813216   0.0065643893164800495   2.7614451012303756e-05   
0.29806258197747804   12.709901443634252   0.00086787198185644497   
0.32398106736682397   4.93006063354702   0.00079845836416151186   
0.34989955275616991   0.0013697415832834227   1.3005635913480443e-05   
0.37581803814551579   0   0   
0.40173652353486172   0   0   
0.42765500892420766   0   0   
0.45357349431355359   0   0   
0.47949197970289947   0   0   
0.50541046509224541   0   0   
0.53132895048159134   0   0   
0.55724743587093728   0   0   
0.5831659212602831   0   0   
0.60908440664962904   0   0   
0.63500289203897498   0   0   
0.66092137742832091   0   0   
0.68683986281766685   0   0   
0.71275834820701278   0   0   
0.73867683359635872   0   0   
0.76459531898570454   0   0   
0.79051380437505048   0   0   
0.81643228976439641   0   0   
0.84235077515374235   0   0   
0.86826926054308828   0   0   
0.89418774593243422   0   0   
0.92010623132178004   0   0   
0.94602471671112598   0   0   
0.97194320210047191   0   0   
0.99786168748981785   0   0   
1.0237801728791638   0   0   
1.0496986582685097   0   0   
1.0756171436578557   1.0222623167953234e-07   5.6507675702158579e-08   
1.1015356290472016   0.00014124658564238442   2.8113269147262815e-06   
1.1274541144365475   0.024751021676826234   6.4233594403226944e-05   
1.1533725998258935   0.601028966838633   0.00052782292687223897   
1.1792910852152392   2.8063095327503472   0.00051570490367350262   
1.2052095706045851   3.47524174670144   0.0017008924815053653   
1.231128055993931   1.6391884254274993   0.00063357422003164236   
1.257046541383277   0.65143637551322872   0.0014300989973352773   
1.2829650267726229   0.82185459176235978   0.0014280718328990941   
1.3088835121619689   1.5384556278521796   0.00068651059552237989   
1.3348019975513148   2.3620723344631548   0.00057015241562651685   
1.3607204829406607   2.9569109455392457   0.00096497037712978767   
1.3866389683300067   3.3299204662542118   0.00084760793713737492   
1.4125574537193526   3.8675744757747135   0.00106673187635882   
1.4384759391086985   4.8272670880746964   0.0017645471843343039   
1.4643944244980445   5.2970198812288707   0.0016282247730193821   
1.4903129098873904   3.5344972499783933   0.00066246871809218069   
1.5162313952767361   1.2118368392700884   0.0014062971878129212   
1.5421498806660821   0.31529539135428283   0.0011402357560574327   
1.568068366055428   0.11879303442816105   0.00078229337178848037   
1.5939868514447739   0.091207595700948896   0.00068675634351617909   
1.6199053368341199   0.14959111948627447   0.00076857796736663874   
1.6458238222234658   0.31987697006892845   0.00085082412810024474   
1.6717423076128117   0.65406051375499668   0.00072088986091710523   
1.6976607930021577   1.1388743889673972   0.00054263641593109559   
1.7235792783915036   1.5420640193909691   0.0014633434570004501   
1.7494977637808495   1.4376390175678017   0.0012409872219135344   
1.7754162491701955   0.75929229408561674   0.00046148573190266194   
1.8013347345595414   0.17159033573894341   0.00028103953149525174   
1.8272532199488871   0.012710858222618317   4.4591729247931416e-05   
1.8531717053382331   0.00026418510918817326   2.8742017973796585e-06   
1.879090190727579   1.5945529620771192e-06   2.1965051177823339e-07   
1.9050086761169249   0   0   
1.9309271615062709   0   0   
1.9568456468956168   0   0   
1.9827641322849627   0   0   
2.0086826176743084   0   0   
2.0346011030636544   0   0   
2.0605195884530003   1.2006760230284695e-06   1.8118244578564407e-07   
2.0864380738423463   4.5230186690270599e-05   8.4887270275187716e-07   
2.1123565592316922   0.0008699108948677622   7.3191273163873874e-06   
2.1382750446210381   0.0093017070079156199   3.5343623664657828e-05   
2.1641935300103841   0.05817915212806764   7.4759846258190817e-05   
2.19011201539973   0.23108766484062578   0.0001066309577219453   
2.2160305007890759   0.65758603879641376   0.00031390191611006817   
2.2419489861784219   1.4090945545351277   0.00027506988718449864   
2.2678674715677678   1.9416662150333117   0.00081688119990796938   
2.2937859569571137   1.5781364950868887   0.00075586446161707595   
2.3197044423464597   1.0697780025940433   0.00056915773520382881   
2.3456229277358056   1.0429234447414444   0.00048764118965218903   
2.3715414131251515   1.3298327548542725   0.00039220386294505291   
2.3974598985144975   1.6371697104526358   0.0010743144884113234   
2.4233783839038434   1.7166324950215983   0.0010947417207697017   
2.4492968692931893   1.4990056043415576   0.00027988716956636509   
2.4752153546825353   1.142372359356369   0.00094723431882104443   
2.5011338400718812   0.93587439045583574   0.0018067891536997064   
2.5270523254612272   1.2378405167722175   0.0022229056450334656   
2.5529708108505731   2.0517709017532781   0.00082610186374344424   
2.578889296239919   2.320460760902482   0.0017352010665926033   
2.604807781629265   1.9247046805282642   0.0016117729438352481   
2.6307262670186109   1.9390330262796268   0.00054044823167248692   
2.6566447524079564   2.066784141967944   0.00051396307237731733   
2.6825632377973023   1.8523796361576698   0.00066849057499788051   
2.7084817231866483   1.5790785976234938   0.00075285493340408687   
2.7344002085759942   1.4165420532788107   0.00079414842339810505   
2.7603186939653401   1.2553740682236543   0.00033940036667042486   
2.7862371793546861   1.0719192996061812   0.00080701473433611575   
2.812155664744032   1.0225355182838414   0.0020246273716296852   
2.8380741501333779   1.3235550062289733   0.0025204181697985553   
2.8639926355227239   1.8467284647850265   0.0010943342497094101   
2.8899111209120698   2.0918371588661277   0.0012214645062875751   
2.9158296063014157   1.9508020777039662   0.0016500599763348403   
2.9417480916907617   1.419150252532713   0.00091493293631703946   
2.9676665770801076   0.69123108796478687   0.00049401201862571146   
2.9935850624694536   0.21937650477610126   0.00034062246485183832   
3.0195035478587995   0.061976117576823372   0.00027678938531816409   
3.0454220332481454   0.046336550902756734   0.00034514832831655623   
3.0713405186374914   0.092627892354586046   0.0004919537327072972   
3.0972590040268373   0.20433302344898606   0.00067669870061872837   
3.1231774894161832   0.39563783924571702   0.00050963385039571244   
3.1490959748055292   0.62608808914172104   0.00053315064928676739   
3.1750144601948751   0.76480049492839011   0.00093604821845287157   
3.200932945584221   0.67772211364395426   0.00086871856991318899   
3.226851430973567   0.40418892397205751   0.00041963040656563329   
3.2527699163629129   0.14801523167028978   0.00034469451062668757   
3.2786884017522588   0.029838337271463252   0.00012067859399540863   
3.3046068871416048   0.0029835471365832   2.2437739937206412e-05   
3.3305253725309503   0.00014566909856196644   3.5068879277511976e-06   
3.3564438579202962   0.00019073549893390365   2.4923818554094175e-06   
3.3823623433096421   0.0019709714890473732   1.0264466549772017e-05   
3.4082808286989881   0.01367539615713052   3.4512794407878392e-05   
3.434199314088334   0.065421178435204475   0.00010215239628166384   
3.4601177994776799   0.22013254015159413   0.00013820479794786797   
3.4860362848670259   0.53432111825045703   0.00021326577018052022   
3.5119547702563718   0.96550520262399482   0.00051531910470042042   
3.5378732556457178   1.3818689311483265   0.00052341705629021976   
3.5637917410350637   1.7582555316309992   0.00033401446185275597   
3.5897102264244096   2.1972226820984869   0.00063519816919222318   
3.6156287118137556   2.4771505859656807   0.00077460862883941436   
3.6415471972031015   2.249080583729052   0.0012349941998978285   
3.6674656825924474   1.8613948883408478   0.00042343949236231988   
3.6933841679817934   1.7348212799284604   0.00027761604890313393   
3.7193026533711393   1.7898062847410163   0.00054488821387624677   
3.7452211387604852   1.8074034351844347   0.00091973022559128091   
3.7711396241498312   1.6425111160598527   0.00079757505099037694   
3.7970581095391771   1.3042831628335097   0.00059784830251064129   
3.822976594928523   0.97350379880150509   0.0018410620676953574   
3.848895080317869   0.92278308096384722   0.0029246946063735125   
3.8748135657072149   1.3478495989255202   0.0028375933819474145   
3.9007320510965608   1.9444585118090197   0.00084972398397127038   
3.9266505364859068   1.9023125231647163   0.002501678483693593   
3.9525690218752527   1.237695534255851   0.0021999733327171741   
3.9784875072645987   0.76607413306124647   0.00093701922537427603   
4.0044059926539441   0.68343445172698169   0.00026203454783850958   
4.0303244780432905   0.82338770466906227   0.00033295421944019261   
4.056242963432636   1.1144386290951437   0.00039425597183753883   
4.0821614488219824   1.4197129122195874   0.00095274875382151789   
4.1080799342113279   1.5195459138806785   0.00086786442748773089   
4.1339984196006743   1.3710315068344957   0.00033463489055600429   
4.1599169049900198   1.1964554991854671   0.0013954328157379156   
4.1858353903793661   1.1412047570562423   0.0012766559936525185   
4.2117538757687116   1.0050287681258846   0.00027633498578387385   
4.237672361158058   0.63940915343400558   0.00052237035951288947   
4.2635908465474035   0.34921568107240157   0.00076909492652962043   
4.2895093319367499   0.38291135721694673   0.0010822771102572494   
4.3154278173260954   0.66121107739354873   0.00073677816996811177   
4.3413463027154409   0.98512823251320063   0.00082925074101457499   
4.3672647881047872   1.1040701435016296   0.0013766254071919051   
4.3931832734941327   0.89018672906228528   0.00099852248707963273   
4.4191017588834791   0.50362878837023639   0.0006272845487911576   
4.4450202442728246   0.20200881063508412   0.00037536585289959356   
4.470938729662171   0.067887753987008602   0.00024843037627797765   
4.4968572150515165   0.041553878607493794   0.00027732177502799051   
4.5227757004408629   0.072415768510505628   0.00043471189979904949   
4.5486941858302083   0.15846635286853772   0.00056935684685765303   
4.5746126712195547   0.31670060757078191   0.00041168721924167335   
4.6005311566089002   0.53544513796997196   0.00038825723613828018   
4.6264496419982466   0.73732221554846203   0.00096286930915114256   
4.6523681273875921   0.81239200083519065   0.0010533042898778991   
4.6782866127769385   0.73221071479971294   0.00061030627444110772   
4.704205098166284   0.58786978881964815   0.00041152011591931867   
4.7301235835556303   0.50117829835205643   0.00045989505405491999   
4.7560420689449758   0.55151629395225693   0.00048343895675374475   
4.7819605543343222   0.78706919373027989   0.00047167605033294827   
4.8078790397236677   1.187121151156626   0.00030497449415755924   
4.8337975251130141   1.5664569618288107   0.0011939883408745266   
4.8597160105023596   1.7512743957684572   0.0014615353274467091   
4.885634495891706   1.8261282964572212   0.0010808560662145634   
4.9115529812810514   1.8935543385315907   0.00069493512424305606   
4.9374714666703978   1.9218548496194871   0.00029572762869612053   
4.9633899520597433   1.9156811839804346   0.00052806642591587471   
4.9893084374490888   1.9299571309974513   0.00093721130417827262   
5.0152269228384352   1.8989258278719094   0.00060662453393148774   
5.0411454082277807   1.6850472682505556   0.00040987439942545627   
5.0670638936171271   1.4171387389819493   0.0014269189808410705   
5.0929823790064725   1.3955878009721129   0.0020420950650628258   
5.1189008643958189   1.5682730911926998   0.00095866455956544565   
5.1448193497851644   1.5190194941959127   0.0013871339493572382   
5.1707378351745108   1.1266593048904016   0.0013978642575503536   
5.1966563205638563   0.70482357833610468   0.00051271806523685096   
5.2225748059532027   0.48191431364623495   0.0013600901848437228   
5.2484932913425482   0.52433853411056691   0.0020439640771173221   
5.2744117767318945   0.82773653386123806   0.0017738286862120303   
5.30033026212124   1.1919646775485406   0.00069599562691879445   
5.3262487475105864   1.2790894933617016   0.0014111255268675713   
5.3521672328999319   1.0636013760059362   0.0015027655673503669   
5.3780857182892783   0.89916955425651016   0.00087580972431769977   
5.4040042036786238   0.95204921634354854   0.0006589546642576896   
5.4299226890679702   1.0355584292582141   0.0012030682627676171   
5.4558411744573156   0.98685830269971266   0.0012530717293590382   
5.481759659846662   0.89873005469825391   0.00035691973170881066   
5.5076781452360075   0.90159773886850636   0.00082379594708755181   
5.5335966306253539   0.97007980157270145   0.0011897728053452067   
5.5595151160146994   1.0105392771073256   0.0010717670796377894   
5.5854336014040458   0.94860700720039495   0.00050832203096215145   
5.6113520867933913   0.74259792208099102   0.00045681590723069869   
5.6372705721827376   0.43776298683513066   0.00065500200571626833   
5.6631890575720831   0.1852493887253444   0.00049004990092537766   
5.6891075429614286   0.085260400153384953   0.00045455489138480462   
5.715026028350775   0.11839913074020447   0.00069710300290954133   
5.7409445137401205   0.25526138664343912   0.00090865755165370392   
5.7668629991294669   0.48133491993933004   0.00068076523248526079   
5.7927814845188124   0.72635116128091232   0.0007721307040806931   
5.8186999699081587   0.86280269611221987   0.0011977309376413005   
5.8446184552975042   0.8323505271936268   0.0010483758529721112   
5.8705369406868506   0.73036513802573594   0.00092042426202930378   
5.8964554260761961   0.69276573457738838   0.00072523181487544641   
5.9223739114655425   0.74626353790618217   0.00049540183268645352   
5.948292396854888   0.83134030760805707   0.0003206700244349636   
5.9742108822442344   0.90961149074352291   0.00025769440238079592   
6.0001293676335798   1.0008504402981955   0.0004108463998870434   
6.0260478530229262   1.1218163221872715   0.0004061618333752712   
6.0519663384122717   1.2632028780500368   0.00044108625959517531   
6.0778848238016181   1.4148702074241905   0.0006532867091956749   
6.1038033091909636   1.5790927298470367   0.00074943972301946846   
6.12972179458031   1.7396080174025262   0.00052296032569115446   
6.1556402799696555   1.7734800089659842   0.0012250021487573524   
6.1815587653590018   1.5977950461823519   0.0016473842527042144   
6.2074772507483473   1.373358269109712   0.001076186990241217   
6.2333957361376937   1.2781154428692849   0.00063884035938478366   
6.2593142215270392   1.3124041079421685   0.00050534412936162011   
6.2852327069163856   1.3961221890953909   0.00029888345690813542   
6.3111511923057311   1.4440201075296862   0.0005302361955364296   
6.3370696776950766   1.3953793691194176   0.00068320194853739583   
6.3629881630844229   1.2805328700617157   0.0015291793630739449   
6.3889066484737684   1.2505063892246091   0.0032014415261792999   
6.4148251338631148   1.4289088288701426   0.0035350469669799497   
6.4407436192524603   1.6257995773804948   0.0015002476328221657   
6.4666621046418067   1.4618460053861876   0.0017979800610807691   
6.4925805900311522   0.99715536504367285   0.0018445315743487355   
6.5184990754204986   0.67299637839634614   0.00070621742559216565   
6.544417560809844   0.61672286274465629   0.00061779834472020104   
6.5703360461991904   0.63197484207704181   0.00099764671572625004   
6.5962545315885359   0.57223747628535303   0.00065743010172219603   
6.6221730169778823   0.45607387846885822   0.00052662724102028841   
6.6480915023672278   0.40463168252025973   0.0015477940125775725   
6.6740099877565742   0.54698463676631699   0.0023674633239424872   
6.6999284731459197   0.91391142229738491   0.002250123571852022   
6.725846958535266   1.3291858830523312   0.0011148909160566564   
6.7517654439246115   1.4802230811633271   0.0023421290113308116   
6.7776839293139579   1.2846611836760597   0.0031324890989274765   
6.8036024147033034   1.0044274597335795   0.0022812319279097026   
6.8295209000926498   0.82730038713161476   0.0013206406867844507   
6.8554393854819953   0.69677926499621988   0.00049483232453195248   
6.8813578708713417   0.55304509813246539   0.00046089586900953405   
6.9072763562606871   0.43258297924055047   0.0012148649260724684   
6.9331948416500335   0.40303556969745093   0.0016436799482182677   
6.959113327039379   0.4945226835033518   0.0015763989997007671   
6.9850318124287245   0.65789278274692285   0.00087216924132214426   
7.0109502978180709   0.77104132905933076   0.00075260191715327506   
7.0368687832074164   0.73956098541384375   0.0011359680921362558   
7.0627872685967628   0.60107767384182176   0.0011451377573919336   
7.0887057539861082   0.47835732227693911   0.0007743972062659589   
7.1146242393754546   0.44729570653083174   0.00043537003704112194   
7.1405427247648001   0.51229660900644699   0.00040814320065608861   
7.1664612101541465   0.673920684848434   0.00067671761158254496   
7.192379695543492   0.95021024778429936   0.00075551930646767608   
7.2182981809328384   1.3267513512326077   0.00023390915046430571   
7.2442166663221839   1.7019821299629321   0.0013893710390376438   
7.2701351517115302   1.9088699261406931   0.002267969647284861   
7.2960536371008757   1.8425232228050367   0.0015512189152126053   
7.3219721224902221   1.5740409683320464   0.00042258256030952823   
7.3478906078795676   1.2936553423480446   0.0011879488798990534   
7.373809093268914   1.1311619256115237   0.0013193802350303824   
7.3997275786582595   1.0652080134298792   0.00086790371910300297   
7.4256460640476059   1.0380222377547437   0.00082411987567948001   
7.4515645494369513   1.0837233436503426   0.0010602599269961479   
7.4774830348262977   1.2455875238632382   0.0012106836369734155   
7.5034015202156432   1.4442880817371089   0.00088224966218686403   
7.5293200056049896   1.5124582366230177   0.0014888777349801941   
7.5552384909943351   1.3837276548382816   0.0019940023625281565   
7.5811569763836815   1.1856467106013297   0.0016623447173671084   
7.607075461773027   1.0709769379627002   0.00087688884538471813   
7.6329939471623725   1.0831369031621266   0.00068605038085105199   
7.6589124325517188   1.1878590926674614   0.0013138141513394227   
7.6848309179410643   1.2823544221181287   0.0011107788532638665   
7.7107494033304107   1.2440030073659545   0.0004396667485171759   
7.7366678887197562   1.1025834981943745   0.00096701897958526522   
7.7625863741091026   1.0234017352801413   0.0018962959530500732   
7.7885048594984481   1.0594320250542503   0.0018320261181339845   
7.8144233448877944   1.0713600584132917   0.00068155223208740275   
7.8403418302771399   0.9263192254980152   0.00095886001826402968   
7.8662603156664863   0.69761721312575916   0.00095268086457595462   
7.8921788010558318   0.5338670352011313   0.00055537023430590683   
7.9180972864451782   0.47513345414183833   0.00046083263715210691   
7.9440157718345237   0.5159911316155451   0.0006091671952646436   
7.9699342572238701   0.62761698842835562   0.00042832849048495974   
7.9958527426132155   0.70685202856916671   0.00081094100619829829   
8.0217712280025619   0.67311582754401922   0.0008873873930175544   
8.0476897133919074   0.59579244247199223   0.00051672557379221834   
8.0736081987812529   0.60869989662968486   0.0012181303703099395   
8.0995266841706002   0.74979428938391425   0.0010720498918377027   
8.1254451695599457   0.94254325166389917   0.00045394041594805553   
8.1513636549492912   1.0902418457017823   0.0013191109417791554   
8.1772821403386367   1.1335003564438215   0.0018847320667226987   
8.2032006257279839   1.0599515097124443   0.0017552060344873896   
8.2291191111173294   0.9260087177400892   0.0010946871711449597   
8.2550375965066749   0.80459647307472663   0.00040153746145034613   
8.2809560818960204   0.71964740494686439   0.00018370217728768606   
8.3068745672853659   0.66622660753079069   0.00033322060193576887   
8.3327930526747132   0.65469464464869225   0.00060910361467402713   
8.3587115380640586   0.70734367163711188   0.00079964487186808471   
8.3846300234534041   0.84385484058858911   0.00085048637992777698   
8.4105485088427496   1.0538337370655762   0.00049362300343071093   
8.4364669942320969   1.2685583104360981   0.00078708658845394346   
8.4623854796214424   1.391563570458347   0.0014131798408746114   
8.4883039650107879   1.3925010940699546   0.0014523484287276872   
8.5142224504001334   1.3361891494697518   0.0011930535773751644   
8.5401409357894806   1.2941706429838393   0.00088103142360717779   
8.5660594211788261   1.2737855251420664   0.00051717543050750256   
8.5919779065681716   1.2555313272059731   0.00043681887200043913   
8.6178963919575171   1.2519209376811142   0.0012377026008705959   
8.6438148773468644   1.3085015744231663   0.0019814631814224449   
8.6697333627362099   1.4374587407830905   0.0021531935088334349   
8.6956518481255554   1.5396102816992082   0.0012849343574580128   
8.7215703335149009   1.4506046321275803   0.0010780241665544679   
8.7474888189042481   1.1473474549972682   0.001117217255453206   
8.7734073042935936   0.79433695161910876   0.00063349523641052858   
8.7993257896829391   0.56056947851029864   0.00092322211924814058   
8.8252442750722846   0.51037515807404627   0.0009896146396397604   
8.8511627604616319   0.63309288904107292   0.00076428613396391708   
8.8770812458509774   0.87638371862222141   0.00051400801345796191   
8.9029997312403228   1.1520775084406213   0.00057062836772131524   
8.9289182166296683   1.3803311906207966   0.00050600017524616456   
8.9548367020190156   1.5548050030377234   0.00041321408560123491   
8.9807551874083611   1.6711272085472878   0.0010598999397501808   
9.0066736727977066   1.6107082286132829   0.0017140990147488212   
9.0325921581870521   1.2978712920766572   0.0017194903413678623   
9.0585106435763976   0.89783920418257558   0.00068168619119612106   
9.0844291289657448   0.62346973706229587   0.0010744351038007067   
9.1103476143550903   0.52126723753586358   0.0015566145008736497   
9.1362660997444358   0.55387584412609262   0.0019138585581200085   
9.1621845851337813   0.68439911287905765   0.0018953969105677982   
9.1881030705231286   0.83139938621754279   0.0011143887771324933   
9.2140215559124741   0.86961087453449752   0.00074035227717416995   
9.2399400413018196   0.7704228478258243   0.00055870656296186041   
9.2658585266911651   0.66005824489914209   0.0004720427437163597   
9.2917770120805123   0.62608168563825592   0.00042008007749959831   
9.3176954974698578   0.59516060092756598   0.00090729972306047348   
9.3436139828592033   0.50788587009113787   0.00093457847654143779   
9.3695324682485488   0.43446865988024701   0.0005787417075260799   
9.3954509536378961   0.45423721267768333   0.00041769898867056942   
9.4213694390272416   0.56645147734249891   0.0004684933700123635   
9.447287924416587   0.72429074948876925   0.00056901949754138149   
9.4732064098059325   0.88081753550132836   0.00076969943642897224   
9.4991248951952798   1.0039637948964867   0.0012493434197198976   
9.5250433805846253   1.0952031401091759   0.0013151793806849908   
9.5509618659739708   1.2013262588221224   0.00086501438250005892   
9.5768803513633163   1.3552929106550089   0.00068332027345849952   
9.6027988367526635   1.5061944065042294   0.0009711625186770329   
9.628717322142009   1.5742502848374064   0.0011082666028456076   
9.6546358075313545   1.5398375813060808   0.0011598816259811581   
9.6805542929207   1.4338832241121251   0.00093612651838706522   
9.7064727783100455   1.2802583222638718   0.00059829501287213963   
9.7323912636993928   1.1046421745756421   0.00039619444343993052   
9.7583097490887383   0.96417385220946787   0.00093188426287873005   
9.7842282344780838   0.92638685794012111   0.0010735726099621775   
9.8101467198674293   1.0202935567552265   0.0009063459640183106   
9.8360652052567765   1.2137572787778847   0.00049867877782616872   
9.861983690646122   1.4192647870546028   0.00070351049380279448   
9.8879021760354675   1.5280763108941371   0.0011845663273550085   
9.913820661424813   1.4753929488750175   0.0010032176180647541   
9.9397391468141603   1.2878448343528623   0.00031765741372591823   
9.9656576322035058   1.0544788403960374   0.00083615773603835916   
9.9915761175928512   0.87516950601346945   0.0012484748650272443   
10.017494602982197   0.81091882749424489   0.0014365304342661639   
10.043413088371544   0.82403080253748626   0.00086357851024100463   
10.069331573760889   0.80921107208580515   0.00025594675469488144   
10.095250059150235   0.73269003348598872   0.00035628257557395971   
10.12116854453958   0.65998325268907593   0.00050494991805800201   
10.147087029928928   0.63897526624142962   0.00067001084335953947   
10.173005515318273   0.65679064908286941   0.0006308586176589754   
10.198924000707619   0.70927987995343574   0.00059029276199690197   
10.224842486096964   0.83049629427368918   0.00051807557989452312   
10.250760971486311   1.0317658082447802   0.00051919455320793779   
10.276679456875657   1.2727724202361192   0.00049887477204123945   
10.302597942265002   1.5053389803724635   0.00057127433994847999   
10.328516427654348   1.6531718688592725   0.0012331911361906623   
10.354434913043693   1.5900141950782486   0.0019275692876326958   
10.380353398433041   1.2947228869458654   0.0015233783352155051   
10.406271883822386   0.93476976439874258   0.00039518808767378033   
10.432190369211732   0.67172072250292557   0.00081157644606420409   
10.458108854601077   0.52192699831206421   0.0010173888413968412   
10.484027339990424   0.44419029859189531   0.0011353041286451721   
10.50994582537977   0.43078867269775458   0.0013610886256575561   
10.535864310769115   0.49345757757099575   0.0015543647629791551   
10.561782796158461   0.62770081592406809   0.0016718182829544384   
10.587701281547808   0.8006858261637483   0.0013683041961523855   
10.613619766937154   0.93891144676911809   0.00097957187908611317   
10.639538252326499   0.94462653899808637   0.0018740399342359443   
10.665456737715845   0.79964076535114005   0.0023416544735134198   
10.691375223105192   0.62584544752629156   0.0017175704901131735   
10.717293708494537   0.56082243210908764   0.00077860694336477359   
10.743212193883883   0.62443500526996206   0.00025334062083479054   
10.769130679273228   0.75173774661175908   0.00041744226222919265   
10.795049164662576   0.89615409107795186   0.00053384214458301442   
10.820967650051921   1.0663500942929859   0.00045652454636209698   
10.846886135441267   1.2813630311120387   0.00036431967285981554   
10.872804620830612   1.5121699323054957   0.00095333375544280751   
10.898723106219959   1.6802895778416274   0.0016265687368496251   
10.924641591609305   1.724406651772418   0.0017459801326234987   
10.95056007699865   1.6622255507042738   0.00094335533038036681   
10.976478562387996   1.570796272461671   0.00096218893854581118   
11.002397047777341   1.5036400079228587   0.0016907641862188608   
11.028315533166689   1.4433475906432844   0.0016844811145392759   
11.054234018556034   1.3396895396783576   0.0010564002385414016   
11.08015250394538   1.1800096706037692   0.00042647530162277549   
11.106070989334725   1.0152509275850623   0.0004557224761830176   
11.131989474724072   0.90696454682558005   0.00065893101691255276   
11.157907960113418   0.87588656395954376   0.00068808553372116898   
11.183826445502763   0.91157457954588629   0.00042406801347780843   
11.209744930892109   0.99813197358302557   0.00042453814073630963   
11.235663416281456   1.1016896075028164   0.00070630653605223438   
11.261581901670802   1.1534863589425645   0.0007068207899544881   
11.287500387060147   1.1025274834479742   0.00049506982163399534   
11.313418872449493   0.97635580726478197   0.00054157396940915638   
11.33933735783884   0.84125486723426957   0.00082907767539937019   
11.365255843228185   0.73626829279677723   0.00088991745020460815   
11.391174328617531   0.67510231164481887   0.00081058503514804287   
11.417092814006876   0.64721469227884573   0.00045320790839516639   
11.443011299396224   0.61480263157474557   0.00043528088248659712   
11.468929784785569   0.56692211587345886   0.00070378047463425208   
11.494848270174915   0.55525831392978416   0.0012432180575156749   
11.52076675556426   0.63056637472793682   0.0016419490681470184   
11.546685240953607   0.76262136203433759   0.0010811084420415935   
11.572603726342953   0.86072139187752571   0.0012701425060219149   
11.598522211732298   0.89992885983767252   0.0017013401388537334   
11.624440697121644   0.95761192145731086   0.0015814825600362524   
11.650359182510989   1.0960884223422379   0.00087678107317811407   
11.676277667900337   1.2919021489138822   0.00034824483767394672   
11.702196153289682   1.4541124065904116   0.0010979378513557287   
11.728114638679028   1.456655400308558   0.0014601511471593753   
11.754033124068373   1.2430934089775968   0.0010031959090383796   
11.77995160945772   0.92213295863303978   0.00046826592418501328   
11.805870094847066   0.67672689940110759   0.001472065433499949   
11.831788580236411   0.59267980907323788   0.0014412286068111744   
11.857707065625757   0.61683859622157731   0.00053212419258444054   
11.883625551015104   0.65570153248948601   0.00074582698408836856   
11.90954403640445   0.68006465381521168   0.0010894335139864632   
11.935462521793795   0.72574378738874782   0.00081210082246566031   
11.961381007183141   0.83346502883272302   0.00096124178816173698   
11.987299492572488   1.0136980818512802   0.0013224074903411272   
12.013217977961833   1.2189294328998703   0.0011184415324992238   
12.039136463351179   1.3526727319330283   0.0019282736275529148   
12.065054948740524   1.3399470109209218   0.0028550129947648143   
12.090973434129872   1.14817908177277   0.0023072270691362177   
12.116891919519217   0.91467577112268844   0.0012791116302600096   
12.142810404908563   0.81855214682492729   0.00067568052257770805   
12.168728890297908   0.83905815187011591   0.00070179553313601099   
12.194647375687255   0.93294735459113558   0.00043269587699292476   
12.220565861076601   1.0603196393760108   0.00030889939506509943   
12.246484346465946   1.1554091475642606   0.00062752844193354093   
12.272402831855292   1.1913319429315588   0.00062939553375035019   
12.298321317244637   1.1987516676832893   0.00067966283150050481   
12.324239802633985   1.157116508797129   0.00062598712381839115   
12.35015828802333   1.0351167355259979   0.00035096351700005757   
12.376076773412676   0.85613115858697863   0.00074688445555528804   
12.401995258802021   0.70920359792976798   0.0012219696094939578   
12.427913744191368   0.66445175678395631   0.0014079761782388516   
12.453832229580714   0.7300644367999742   0.0011259030609674358   
12.479750714970059   0.8577876513631608   0.00056437301083658569   
12.505669200359405   0.97466114055947219   0.00056643625555203505   
12.531587685748752   1.0386729411923768   0.00081689174102163123   
12.557506171138098   1.0466740479730982   0.0005515163399350202   
12.583424656527443   0.98382858888042733   0.00061478026589697387   
12.609343141916789   0.85880382545159269   0.001058597743383658   
12.635261627306136   0.6709254247529587   0.00099171084269059758   
12.661180112695481   0.46468363641909216   0.00056754381493587295   
12.687098598084827   0.33350009057877598   0.001269451713346227   
12.713017083474172   0.30494621920759875   0.0016749867354237333   
12.73893556886352   0.37213484575980869   0.0020019237665979021   
12.764854054252865   0.52244710424197407   0.0020783450913895254   
12.790772539642211   0.70424661096557144   0.0016703755012199073   
12.816691025031556   0.77426134434274179   0.0012676488261830526   
12.842609510420903   0.73160614533915788   0.0005778017558070053   
12.868527995810249   0.72078794142746139   0.0014795405775462402   
12.894446481199594   0.53181630095782428   0.0034017689403616977   
12.92036496658894   0.31893424234168922   0.0017759749248352087   
12.946283451978285   0.29515202338112021   0.00069087598258318451   
