0.21486394446136323   22.153068681804287  0.013473318238496659
0.42972788892272645   10.775022026654678  0.021529090826339459
0.64459183338408965   1.7173288857628825  0.011702480468929834
0.85945577784545291   0.033232032116690087  0.00054816247489994266
1.0743197223068162   0.0098407671770893591  0.00028773384312934163
1.2891836667681793   0.076878650557932098  0.0013658061184678703
1.5040476112295427   0.13386634472224574  0.002414763789344857
1.7189115556909058   0.05167304791851396  0.00091153020651193576
1.933775500152269   0.032825079626270404  0.00039529201752012923
2.1486394446136323   0.014093138823843893  0.00042703163292560501
2.3635033890749955   0.031656884834207062  0.00039208138688202874
2.5783673335363586   0.14943065243146671  0.0029893008840831012
2.7932312779977218   0.27982484417050815  0.0061091517084019429
3.0080952224590853   0.047209663510890854  0.00068692197597545544
3.2229591669204485   0.015660121214451518  0.00023560893334693456
3.4378231113818116   0.024498823311415149  0.00038852955002689468
3.6526870558431748   0.074484307226981492  0.00066804319268641115
3.8675510003045379   0.051199013967054312  0.00054409874139725473
4.0824149447659011   0.041906524315805898  0.00060116386587178351
4.2972788892272646   0.018835217241987304  0.00012390034407186975
4.5121428336886273   0.014524318660613101  6.7999475974272995e-05
4.7270067781499909   0.031468121255953197  0.00020698702230423321
4.9418707226113545   0.14792365327045892  0.0012359082255083494
5.1567346670727172   0.19466917189551338  0.0024461574792981957
5.3715986115340808   0.10031343259781852  0.00096430402400718919
5.5864625559954435   0.024884369796797789  0.00035538262423518153
5.8013265004568071   0.038292843918395311  0.0002892290433587424
6.0161904449181707   0.074061503193702403  0.00035511338339444216
6.2310543893795334   0.080962018203708445  0.00050726619303989124
6.445918333840897   0.02806766598120169  0.00034145026503879984
6.6607822783022597   0.02160217530754932  0.00048642617039272096
6.8756462227636232   0.03768608783217626  0.00047797434377671892
7.0905101672249868   0.050798666050142108  0.00032297882076976314
7.3053741116863495   0.085519019072412342  0.0012986629769686314
7.5202380561477131   0.091325031422556228  0.00065292699443439526
7.7351020006090758   0.051755615029099048  0.00054166112351664187
7.9499659450704394   0.14532967691076814  0.0016381778459847947
8.1648298895318021   4.3070795660056391  0.030730627383891168
8.3796938339931657   7.2113213950592094  0.078251031124948496
8.5945577784545293   0.71360211525689192  0.018230304011336255
8.8094217229158929   0.19997435452208504  0.002535870594837404
9.0242856673772547   0.14603351272863496  0.0020251032719270149
9.2391496118386183   0.30656898378495892  0.0028874399747503261
9.4540135562999819   0.5479792005987727  0.0040893433116970224
9.6688775007613454   0.1920199371882383  0.002107668748784472
9.883741445222709   0.18801048345682061  0.0028511688741090191
10.098605389684071   0.63219889445264251  0.004572338328463965
10.313469334145434   0.50302817199663259  0.0067237122276697403
10.528333278606798   0.10773868251551508  0.0014375081374252649
10.743197223068162   0.076899144054389376  0.00092448025147771833
10.958061167529525   0.06635456927360484  0.001371718962061143
11.172925111990887   0.059502242552238011  0.00093210928354883592
11.387789056452251   0.10399368445343405  0.001463355398521467
11.602653000913614   0.066758979175167048  0.00089402077079013524
11.817516945374978   0.07778373669403283  0.00074582273181034145
12.032380889836341   0.070224495998048893  0.00069038156008437503
12.247244834297703   0.085523872657632558  0.00082169958379808012
12.462108778759067   0.13149880138591563  0.0012310746002814243
12.67697272322043   0.10622304241793147  0.00072639865001827402
12.891836667681794   0.15948228778774622  0.002029713643584274
13.106700612143158   0.33368704243536808  0.0031077393957207168
13.321564556604519   0.13121798710953155  0.0008984069043901798
13.536428501065883   0.17050757390899395  0.001881237158919395
13.751292445527246   2.334882644949163  0.010327214851509103
13.96615638998861   0.87787763908672176  0.0047573296588222314
14.181020334449974   0.20835317482882429  0.001980687647154641
14.395884278911335   0.072431011465640509  0.00037042416744859117
14.610748223372699   0.059364428076451743  0.00044937356644495525
14.825612167834063   0.06632790244410624  0.00036342281526606068
15.040476112295426   0.065300547719147703  0.00019398351055028354
15.25534005675679   0.052280943652720193  0.00029024229300089883
15.470204001218152   0.056784312652099409  0.00049305429887446811
15.685067945679515   0.070488686963134789  0.00076868672257757561
15.899931890140879   0.090319688823968595  0.00074357112881856326
16.114795834602241   0.16402550863554752  0.0013793484328281915
16.329659779063604   0.34213372485937745  0.0027867690182913985
16.544523723524968   0.51592738205622002  0.0057700265730555436
16.759387667986331   0.32997685896563135  0.0021096737555415341
16.974251612447695   0.33214773859774919  0.0024631388090023407
17.189115556909059   0.30118958418597858  0.002214792569262654
17.403979501370422   0.29300449568195284  0.0035113790391000018
17.618843445831786   0.18632491098619071  0.0013982767927558292
17.833707390293149   0.15071241784107238  0.00095697079557276568
18.048571334754509   0.13522150279294715  0.00057559248325148082
18.263435279215873   0.13139328945566627  0.00061758859325781377
18.478299223677237   0.11987535412318396  0.00073927157415220649
18.6931631681386   0.12097812945959647  0.0009347186594823635
18.908027112599964   0.10517468317004  0.0012843723392324532
19.122891057061327   0.10134140055442798  0.00090928443949441727
19.337755001522691   0.50876216572697199  0.0046820787871654764
19.552618945984054   0.14053746094757682  0.0013822043289111107
19.767482890445418   0.1966626272107067  0.0011646236850082833
19.982346834906782   0.27720517619730325  0.0038534838712987946
20.197210779368142   0.24379186278367222  0.0043804859153041454
20.412074723829505   0.16155880976137132  0.0015913816884391576
20.626938668290869   0.22408499850777856  0.001656325803879942
20.841802612752232   0.32397052902366238  0.0045122564265916238
21.056666557213596   0.40250555923165358  0.0046954223266456929
21.27153050167496   0.57250614029489443  0.0059669638791116098
21.486394446136323   0.75571676010334549  0.012215625081263541
21.701258390597687   2.6353667473583426  0.034200412925666478
21.91612233505905   2.1318439570869312  0.040254133901529075
22.130986279520414   1.5747200223561761  0.018984161749116063
22.345850223981774   0.57443416701773521  0.0043849112731483629
22.560714168443138   0.32806544715482576  0.0040825087893086164
22.775578112904501   0.22163620491075823  0.0010911215858255698
22.990442057365865   0.16121008913136479  0.00086480413921653459
23.205306001827228   0.10448762813047931  0.00061169731158878064
23.420169946288592   0.083595636997283777  0.00062194848957308806
23.635033890749956   0.077716117515641017  0.00047768678295075558
23.849897835211319   0.098855973176342163  0.0002396637745389842
24.064761779672683   0.11707137301619061  0.00064289508228242788
24.279625724134046   0.1388315967987593  0.00049636368176556925
24.494489668595406   0.14682148973379792  0.00058059316142242159
24.70935361305677   0.21008990483247737  0.001207982106164223
24.924217557518134   0.41125383026692911  0.0059087810322529961
25.139081501979497   0.46107768361796924  0.0048139989019862475
25.353945446440861   0.35233172605005513  0.002629400117707934
25.568809390902224   0.3130615791121486  0.0027727210953858057
25.783673335363588   0.28885150282341782  0.0019838237585612667
25.998537279824951   0.39133131119108162  0.0050918077700924831
26.213401224286315   0.24827436050135445  0.0015845994390018196
26.428265168747679   0.22226314031276344  0.001242378216265243
26.643129113209039   0.18923843171561816  0.00076124038077282217
26.857993057670402   0.17857806926868727  0.00048579892262079737
27.072857002131766   0.19862162957849155  0.0015595474705754005
27.287720946593129   0.24256813818610074  0.0021773615070903671
27.502584891054493   0.42229591099743132  0.0050348472381141878
27.717448835515857   0.20299399404912365  0.00085170528092265222
27.93231277997722   0.11686479598838405  0.00033862670098604928
28.147176724438584   0.12086000653563708  0.00061559765872126563
28.362040668899947   0.13917763346181316  0.00087392889019932538
28.576904613361307   0.17248554454134557  0.00088548892395214545
28.791768557822671   0.19544366057830849  0.0015867792509677202
29.006632502284035   0.20578796071022214  0.0016315416260352089
29.221496446745398   0.27836342467759168  0.001207818997698014
29.436360391206762   0.54198991092791805  0.0036659480955565492
29.651224335668125   1.2971313695616009  0.022501380404428157
29.866088280129489   3.0300286073470193  0.059479434830202411
30.080952224590852   6.7656706655239209  0.087012543222105863
30.295816169052216   26.291243401857346  0.67370766136046788
30.51068011351358   7.6746828614281372  0.29431545858393557
30.72554405797494   1.8323311335508628  0.046205103067443148
30.940408002436303   0.65327580454910136  0.0064979327006940713
31.155271946897667   0.33773948758485086  0.0020110678271460611
31.37013589135903   0.22628645214688935  0.0013425379341664501
31.584999835820394   0.1961739616784174  0.0011186926363374842
31.799863780281758   0.16865561289815015  0.0010083222262853514
32.014727724743118   0.14234476143024623  0.00071642201703831699
32.229591669204481   0.11561319166069397  0.00054300484499657628
32.444455613665845   0.11365617799536078  0.00047915045498219131
32.659319558127208   0.16365081853671387  0.0005225175967796986
32.874183502588572   0.23764912709405614  0.0021757099685440428
33.089047447049936   0.38185757807705277  0.0044603711670538425
33.303911391511299   0.27866592408614805  0.0011838684443828481
33.518775335972663   0.29897241271978758  0.0022985056274309
33.733639280434026   0.35223995283481567  0.0021231496963037941
33.94850322489539   0.37248545096561834  0.001770069785972755
34.163367169356754   0.36915063654403667  0.0018246328246380161
34.378231113818117   0.35987133265443922  0.0031491656395143814
34.593095058279481   0.42906364674884049  0.0052339964830370389
34.807959002740844   0.37146042981602787  0.0022406706337730448
35.022822947202208   0.3770666610061492  0.0020132072257461041
35.237686891663571   0.366512088384155  0.0025194766661486723
35.452550836124935   0.34141693092053631  0.0015500497043793973
35.667414780586299   0.32250458678166167  0.0011305404600363608
35.882278725047662   0.41905773264819042  0.0030540493764090789
36.097142669509019   0.4330317750446418  0.0044957171470708644
36.312006613970382   0.30695612568547899  0.0018840379637222449
36.526870558431746   0.22927375597945387  0.001413403154381867
36.741734502893109   0.18424028512192015  0.00091679164445168817
36.956598447354473   0.18277809453939436  0.0009683236453470665
37.171462391815837   0.20950792587450807  0.0011973567296457208
37.3863263362772   0.2601908277902137  0.0013791294399575612
37.601190280738564   0.32090942337797916  0.0025796368400444053
37.816054225199927   0.39324817796988483  0.0017277003563109144
38.030918169661291   0.60964005277231818  0.0042090125718646958
38.245782114122655   1.2130677661087024  0.016001545932647596
38.460646058584018   2.8939234991536718  0.046002487732238094
38.675510003045382   6.1927140734042077  0.088967734210776458
38.890373947506745   10.65182796267755  0.2481638538884848
39.105237891968109   4.3414861898652215  0.12264850793635616
39.320101836429473   2.1462861717999633  0.024191249565632477
39.534965780890836   1.1593187636122402  0.016117593733046692
39.7498297253522   0.65782678142381487  0.0098462015587999273
39.964693669813563   0.43738215841318658  0.0028321699278005043
40.179557614274927   0.3485257495763854  0.0037944686968135576
40.394421558736283   0.30261233846430337  0.002459056571136076
40.609285503197647   0.25743778391893067  0.0012505007949610738
40.824149447659011   0.22380792753695105  0.00059924534833839044
41.039013392120374   0.19076633247410238  0.00083132373797616976
41.253877336581738   0.17888890239690682  0.00062461485933435097
41.468741281043101   0.26376618954900524  0.0013483154133803313
41.683605225504465   0.32769897036238402  0.0022065872104524275
41.898469169965828   0.35800950136208186  0.0023372629447426506
42.113333114427192   0.39527933722026786  0.0014299348158019338
42.328197058888556   0.44413487472316714  0.0016351371875774406
42.543061003349919   0.50995408198038092  0.0015477577091602581
42.757924947811283   0.55640937247946872  0.0026316782152724703
42.972788892272646   0.60022274277628762  0.0021447259656743756
