-0.114248   -0.0184005     0
-0.104642   -0.04025     0
-0.011455   -0.0166834     1
-0.00571175   -0.0397419     1
0.0864006   -0.0173609     2
0.095048   -0.039861     2
0.187159   -0.0183734     3
0.195242   -0.0402745     3
0.288633   -0.0178165     4
0.295573   -0.0405946     4
0.387057   -0.0182701     5
0.395429   -0.0410795     5
0.486017   -0.0174296     6
-0.504189   -0.038819     6
-0.413736   -0.0171714     7
-0.404852   -0.0393949     7
-0.311751   -0.0173779     8
-0.305843   -0.0401971     8
-0.213449   -0.0170452     9
-0.204471   -0.0391587     9
-0.0707254   0.0829783     10
-0.063596   0.05945     10
0.0289847   0.0824855     11
0.0378446   0.0602048     11
0.130694   0.0820672     12
0.138826   0.0601069     12
0.229873   0.0820507     13
0.239437   0.059851     13
0.329579   0.0835703     14
0.338939   0.0612012     14
0.431074   0.0823148     15
0.43682   0.0584851     15
0.530312   0.0824203     16
-0.462684   0.0602209     16
-0.372739   0.0822248     17
-0.36188   0.0608704     17
-0.270216   0.0831214     18
-0.262618   0.0612218     18
-0.172034   0.0805442     19
-0.160879   0.0597553     19
-0.0295221   0.181212     20
-0.0183463   0.160345     20
0.0703399   0.180857     21
0.0825021   0.159723     21
0.170569   0.180114     22
0.184508   0.160954     22
0.272247   0.181349     23
0.283648   0.160473     23
0.374102   0.183181     24
0.380831   0.160562     24
0.476717   0.183103     25
0.477338   0.158742     25
0.571618   0.182761     26
-0.418897   0.16093     26
-0.330682   0.181278     27
-0.319934   0.160454     27
-0.229402   0.181249     28
-0.218887   0.159454     28
-0.129661   0.181636     29
-0.119365   0.160605     29
0.0133383   0.2809     30
0.0225004   0.259358     30
0.112805   0.28004     31
0.122276   0.258795     31
0.214071   0.282326     32
0.222758   0.259422     32
0.314368   0.281748     33
0.322287   0.258827     33
0.413711   0.28126     34
0.424332   0.260575     34
0.512056   0.2815     35
0.52394   0.261258     35
0.614198   0.282442     36
-0.377024   0.261001     36
-0.286341   0.280533     37
-0.277016   0.259256     37
-0.184747   0.283202     38
-0.177298   0.259462     38
-0.086504   0.281529     39
-0.0787103   0.25959     39
0.0573781   0.380674     40
0.0646167   0.358172     40
0.156004   0.38032     41
0.165491   0.358805     41
0.256525   0.382215     42
0.263057   0.359343     42
0.356528   0.382361     43
0.363498   0.359321     43
0.455436   0.381827     44
0.464073   0.359502     44
0.557293   0.381851     45
0.56429   0.3593     45
0.656537   0.382235     46
-0.335272   0.35954     46
-0.241832   0.382692     47
-0.236975   0.359674     47
-0.142676   0.381865     48
-0.13497   0.359285     48
-0.0435573   0.381588     49
-0.0353504   0.359588     49
0.100004   0.481369     50
0.10842   0.459059     50
0.197101   0.481488     51
0.207919   0.459837     51
0.298843   0.482025     52
0.308628   0.460539     52
0.399947   0.482785     53
0.40882   0.460859     53
0.500156   0.482018     54
0.507878   0.459963     54
0.598959   0.482474     55
0.607583   0.460299     55
0.699974   0.481725     56
-0.291324   0.459881     56
-0.199869   0.482191     57
-0.193632   0.459406     57
-0.102877   0.480888     58
-0.0906001   0.460683     58
-0.00194513   0.480994     59
0.00776611   0.459247     59
-0.284843   -0.418453     60
-0.275724   -0.440437     60
-0.186873   -0.418899     61
-0.174135   -0.439012     61
-0.0851628   -0.418089     62
-0.0747394   -0.439419     62
0.0158626   -0.418116     63
0.0256938   -0.440039     63
0.114774   -0.418881     64
0.126401   -0.439123     64
0.217505   -0.418185     65
0.22319   -0.441952     65
0.313849   -0.419247     66
-0.674813   -0.439956     66
-0.584893   -0.419113     67
-0.574693   -0.440626     67
-0.482141   -0.417783     68
-0.475996   -0.441588     68
-0.384559   -0.419185     69
-0.374352   -0.439915     69
-0.241988   -0.318056     70
-0.233562   -0.340368     70
-0.142585   -0.319228     71
-0.131408   -0.33961     71
-0.0393684   -0.31688     72
-0.0325757   -0.339662     72
0.059411   -0.317796     73
0.0669688   -0.340765     73
0.160199   -0.31831     74
0.167189   -0.341018     74
0.258038   -0.318664     75
0.2693   -0.338971     75
0.360992   -0.317114     76
-0.633368   -0.339831     76
-0.542343   -0.321062     77
-0.530299   -0.341403     77
-0.439729   -0.317163     78
-0.432064   -0.34032     78
-0.341844   -0.318367     79
-0.332324   -0.339714     79
-0.200054   -0.218787     80
-0.188716   -0.239039     80
-0.0986324   -0.217869     81
-0.0904445   -0.240238     81
0.00275403   -0.21739     82
0.0106595   -0.239921     82
0.102389   -0.218723     83
0.111927   -0.240546     83
0.201628   -0.217757     84
0.209981   -0.239481     84
0.301608   -0.216915     85
0.309553   -0.239759     85
0.401034   -0.218778     86
-0.588893   -0.240332     86
-0.499534   -0.219783     87
-0.490605   -0.241897     87
-0.400662   -0.217586     88
-0.391296   -0.239286     88
-0.299111   -0.2174     89
-0.289831   -0.239434     89
-0.157001   -0.117789     90
-0.148815   -0.138992     90
-0.055157   -0.117713     91
-0.0481398   -0.140097     91
0.0436978   -0.116532     92
0.0545687   -0.138668     92
0.143816   -0.117674     93
0.151947   -0.140461     93
0.244272   -0.117273     94
0.252785   -0.13961     94
0.343973   -0.117606     95
0.354213   -0.139304     95
0.445426   -0.117719     96
-0.547396   -0.141236     96
-0.45697   -0.117911     97
-0.447562   -0.139166     97
-0.35731   -0.118406     98
-0.347235   -0.139623     98
-0.25647   -0.117429     99
-0.248588   -0.139196     99
