0.42972788892272645   5.6355516319451511  0.02016515738070269
0.85945577784545291   2.7046503299005636  0.019017039010784849
1.2891836667681793   0.53291976642034158  0.0054338983867442316
1.7189115556909058   0.025141859332467419  0.00058501231078036265
2.1486394446136323   0.0038519953548264437  0.00017206632267227325
2.5783673335363586   0.048662354669645406  0.0014104221471164675
3.0080952224590853   0.10312432495078574  0.0020361865250524508
3.4378231113818116   0.06212525512134817  0.0013931921600414519
3.8675510003045379   0.10030985372703408  0.0019252370807636195
4.2972788892272646   0.66607651997087052  0.0039105942534699089
4.7270067781499909   0.1658740667193325  0.0036827325972169314
5.1567346670727172   0.12328219476114953  0.0029077217788866154
5.5864625559954435   1.6595798647562036  0.0066787056327844785
6.0161904449181707   0.094850662871481639  0.001763765530243104
6.445918333840897   0.025797432396447196  0.00026957225960307014
6.8756462227636232   0.017661414245171196  0.00048318477681749316
7.3053741116863495   0.038100519410257491  0.00088856307795902837
7.7351020006090758   0.078823805288649233  0.0029896598620302766
8.1648298895318021   0.16126129594535593  0.0021868650563996353
8.5945577784545293   0.66768861463486264  0.0073859510947669264
9.0242856673772547   0.8193375242160037  0.014438863371096657
9.4540135562999819   0.10134179608159681  0.00079564243951471039
9.883741445222709   0.10073142408522819  0.0027533145947916695
10.313469334145434   0.16209826385577022  0.004756255742388455
10.743197223068162   0.073016119724053304  0.0011766182125934076
11.172925111990887   0.020632512211857391  0.00063279215561762176
11.602653000913614   0.13042108442810972  0.0029054189260492313
12.032380889836341   0.23813497989155744  0.0028731689568737815
12.462108778759067   0.21431632844421908  0.0035359680323040317
12.891836667681794   0.34590733225971985  0.01065567329072044
13.321564556604519   0.62815178184848681  0.011603207616853633
13.751292445527246   0.15990119302284689  0.0023013606482006774
14.181020334449974   0.20772674688802224  0.0020538291558016885
14.610748223372699   0.068859558961160958  0.00093123594107102595
15.040476112295426   0.046612303718502772  0.00055625172833823889
15.470204001218152   0.026472266835045559  0.00024826874296732098
15.899931890140879   0.06980139085157225  0.0021346474604235435
16.329659779063604   0.31265970572635496  0.010061693018136405
16.759387667986331   0.44816066175559821  0.0063978570182238529
17.189115556909059   1.583506195159543  0.01034685814808759
17.618843445831786   0.47305497976795466  0.0067180857963177546
18.048571334754509   0.24744795675629007  0.0013664287885338158
18.478299223677237   0.17375003449505976  0.0021859488038629395
18.908027112599964   0.25469749825470343  0.0030727940964256449
19.337755001522691   0.43967814807871123  0.0049383633067544463
19.767482890445418   0.5989073003152967  0.0038116161225077485
20.197210779368142   0.36680155199455597  0.0064035913294402683
20.626938668290869   0.98147437410261867  0.030222616676020332
21.056666557213596   4.3207569463529376  0.031649703823274722
21.486394446136323   2.2055833053494326  0.050934460608421427
21.91612233505905   0.54835007501799713  0.016971386163543851
22.345850223981774   1.3249411627540901  0.015175744896306171
22.775578112904501   1.1293964566973697  0.010435004730638992
23.205306001827228   0.766105004715462  0.0065743452406848865
23.635033890749956   0.26275597485164293  0.0024199857489732492
24.064761779672683   0.080277096281034561  0.00075910633826511566
24.494489668595406   0.044488663603277016  0.00045097708055886852
24.924217557518134   0.084603845016301518  0.0013276571887011394
25.353945446440861   0.23707745559590742  0.0039099691502026159
25.783673335363588   0.31907807053975908  0.0026068665077241007
26.213401224286315   0.25220657172217081  0.001939399505281538
26.643129113209039   0.12022866087021874  0.0051414743890252361
27.072857002131766   0.13765607519727504  0.00091954968837223662
27.502584891054493   0.28005698987544319  0.0050793012001147821
27.93231277997722   0.27649217920959397  0.0047335565294471355
28.362040668899947   0.44170593920023294  0.0035053967115225451
28.791768557822671   0.2850827673836299  0.0064933080998440848
29.221496446745398   0.87782484316994742  0.009132645128931797
29.651224335668125   1.3053900872923534  0.025682933847795969
30.080952224590852   0.66326955628714869  0.0087103653545131957
30.51068011351358   0.80003838105647082  0.017556426713211544
30.940408002436303   1.2460562653351372  0.0093568288675679528
31.37013589135903   2.5340679483855903  0.025314837353315872
31.799863780281758   0.44637123961646503  0.0055273408596351062
32.229591669204481   0.23429887366154036  0.0038861844523187276
32.659319558127208   0.21258535594413014  0.0024997101297348562
33.089047447049936   0.1300823649202017  0.0012611677847597967
33.518775335972663   0.13820150380851625  0.0019278571966999399
33.94850322489539   0.17987424174217305  0.0024968188477361665
34.378231113818117   0.27019283231999326  0.0020870661851103295
34.807959002740844   0.4976897430061854  0.005670515019756246
35.237686891663571   0.16370036853951272  0.00099019675818260062
35.667414780586299   0.2604238393435252  0.002151521995286432
36.097142669509019   0.18580501826333467  0.0010382730977355323
36.526870558431746   0.21130979255893821  0.0011811878224696375
36.956598447354473   0.49747028299279084  0.0051367880971011073
37.3863263362772   0.50387007510968153  0.0080526729306614975
37.816054225199927   0.44659167789423507  0.0095763946959472059
38.245782114122655   0.38509100121136748  0.011485588524370193
38.675510003045382   0.59311686121096919  0.010239372364097186
39.105237891968109   1.0438590560555864  0.020977713979964957
39.534965780890836   2.0247427408001373  0.044423690966654099
39.964693669813563   12.52211558075224  0.1070877777305623
40.394421558736283   12.564837614046588  0.19752734611124634
40.824149447659011   1.1660267223092502  0.016489151129904707
41.253877336581738   0.31332755187648498  0.0035280186110559676
41.683605225504465   0.28440585597478208  0.0022344851718574924
42.113333114427192   0.27751049379266727  0.0034807527929930099
42.543061003349919   0.19230716485602768  0.0018387144645307286
42.972788892272646   0.27226192659144442  0.0085225556163494079
