0.0061741554681490418   0   0   
0.018522466404447126   0   0   
0.030870777340745208   0   0   
0.043219088277043294   0   0   
0.055567399213341376   203.51580364733454   1.9868214925130208e-08   
0.067915710149639458   0   0   
0.08026402108593754   0   0   
0.092612332022235622   0   0   
0.10496064295853372   0   0   
0.1173089538948318   0   0   
0.12965726483112988   0   0   
0.14200557576742795   0   0   
0.15435388670372605   0   0   
0.16670219764002414   0   0   
0.17905050857632221   0   0   
0.19139881951262031   0   0   
0.20374713044891837   0   0   
0.21609544138521647   0   0   
0.22844375232151454   0   0   
0.24079206325781263   0   0   
0.25314037419411073   0   0   
0.2654886851304088   0   0   
0.27783699606670686   0   0   
0.29018530700300499   0   0   
0.30253361793930306   0   0   
0.31488192887560112   0   0   
0.32723023981189919   0   0   
0.33957855074819732   0   0   
0.35192686168449538   0   0   
0.36427517262079345   0   0   
0.37662348355709158   0   0   
0.38897179449338964   0   0   
0.40132010542968771   0   0   
0.41366841636598578   0   0   
0.4260167273022839   0   0   
0.43836503823858197   0   0   
0.45071334917488004   0   0   
0.46306166011117816   0   0   
0.47540997104747623   0   0   
0.4877582819837743   0   0   
0.50010659292007242   0   0   
0.51245490385637049   0   0   
0.52480321479266856   0   0   
0.53715152572896663   0   0   
0.5494998366652647   0   0   
0.56184814760156276   0   0   
0.57419645853786094   0   0   
0.58654476947415901   0   0   
0.59889308041045708   0   0   
0.61124139134675515   0   0   
0.62358970228305322   0   0   
0.63593801321935128   0   0   
0.64828632415564935   0   0   
0.66063463509194753   0   0   
0.6729829460282456   0   0   
0.68533125696454367   0   0   
0.69767956790084174   0   0   
0.7100278788371398   0   0   
0.72237618977343787   0   0   
0.73472450070973594   0   0   
0.74707281164603412   0   0   
0.75942112258233219   0   0   
0.77176943351863025   0   0   
0.78411774445492832   0   0   
0.79646605539122639   0   0   
0.80881436632752446   0   0   
0.82116267726382253   0   0   
0.83351098820012059   0   0   
0.84585929913641877   0   0   
0.85820761007271684   0   0   
0.87055592100901491   0   0   
0.88290423194531298   0   0   
0.89525254288161105   0   0   
0.90760085381790911   0   0   
0.91994916475420718   0   0   
0.93229747569050536   0   0   
0.94464578662680343   0   0   
0.9569940975631015   0   0   
0.96934240849939957   0   0   
0.98169071943569763   0   0   
0.9940390303719957   0   0   
1.0063873413082938   0   0   
1.0187356522445918   0   0   
1.0310839631808899   0   0   
1.043432274117188   0   0   
1.0557805850534863   0   0   
1.0681288959897843   0   0   
1.0804772069260824   0   0   
1.0928255178623805   0   0   
1.1051738287986785   0   0   
1.1175221397349766   0   0   
1.1298704506712747   0   0   
1.1422187616075727   0   0   
1.1545670725438708   0   0   
1.1669153834801689   0   0   
1.1792636944164669   0   0   
1.191612005352765   0   0   
1.2039603162890631   0   0   
1.2163086272253611   0   0   
1.2286569381616592   0   0   
1.2410052490979575   0   0   
1.2533535600342556   0   0   
1.2657018709705536   0   0   
1.2780501819068517   0   0   
1.2903984928431498   0   0   
1.3027468037794478   0   0   
1.3150951147157459   0   0   
1.327443425652044   0   0   
1.3397917365883421   0   0   
1.3521400475246401   0   0   
1.3644883584609382   2.7350313883827311e-06   3.0689138707128838e-07   
1.3768366693972363   6.6133776311960457   0.0026198485702582728   
1.3891849803335343   8.7518088114189985   0.0032100233532483945   
1.4015332912698324   9.8660854375779949   0.0045367014740441096   
1.4138816022061307   14.945133964205728   0.0015145665075523269   
1.4262299131424288   24.708384376376803   0.010296643320060837   
1.4385782240787268   11.588715947158199   0.0033612595925285127   
1.4509265350150249   7.6737334585769685   0.0043196684542135519   
1.463274845951323   7.0871910359908428   0.0023144270357260956   
1.475623156887621   4.1126764773412778   0.0029006915862152264   
1.4879714678239191   0   0   
1.5003197787602172   0   0   
1.5126680896965152   0   0   
1.5250164006328133   0   0   
1.5373647115691114   0   0   
1.5497130225054094   0   0   
1.5620613334417075   0   0   
1.5744096443780056   0   0   
1.5867579553143039   0   0   
1.5991062662506019   0   0   
1.6114545771869   0   0   
1.6238028881231981   0   0   
1.6361511990594961   0   0   
1.6484995099957942   0   0   
1.6608478209320923   0   0   
1.6731961318683903   0   0   
1.6855444428046884   0   0   
1.6978927537409865   0   0   
1.7102410646772845   0   0   
1.7225893756135826   0   0   
1.7349376865498807   0   0   
1.7472859974861787   0   0   
1.759634308422477   0   0   
1.7719826193587751   0   0   
1.7843309302950732   0   0   
1.7966792412313712   0   0   
1.8090275521676693   0   0   
1.8213758631039674   0   0   
1.8337241740402654   0   0   
1.8460724849765635   0   0   
1.8584207959128616   0   0   
1.8707691068491596   0   0   
1.8831174177854577   0   0   
1.8954657287217558   0   0   
1.9078140396580539   0   0   
1.9201623505943519   0   0   
1.9325106615306502   0   0   
1.9448589724669483   0   0   
1.9572072834032463   0   0   
1.9695555943395444   0   0   
1.9819039052758425   0   0   
1.9942522162121405   0   0   
2.0066005271484384   0   0   
2.0189488380847367   0   0   
2.031297149021035   0   0   
2.0436454599573328   0   0   
2.0559937708936311   0   0   
2.068342081829929   0   0   
2.0806903927662272   0   0   
2.0930387037025251   0   0   
2.1053870146388234   0   0   
2.1177353255751212   0   0   
2.1300836365114195   0   0   
2.1424319474477174   0   0   
2.1547802583840157   0   0   
2.1671285693203135   0   0   
2.1794768802566118   0   0   
2.1918251911929096   0   0   
2.2041735021292079   0   0   
2.2165218130655062   0   0   
2.2288701240018041   0   0   
2.2412184349381024   0   0   
2.2535667458744002   0   0   
2.2659150568106985   0   0   
2.2782633677469963   0   0   
2.2906116786832946   0   0   
2.3029599896195925   0   0   
2.3153083005558908   0   0   
2.3276566114921886   0   0   
2.3400049224284869   0   0   
2.3523532333647847   0   0   
2.364701544301083   0   0   
2.3770498552373813   0   0   
2.3893981661736792   0   0   
2.4017464771099775   9.4171837163291046e-09   9.4171837163291046e-09   
2.4140947880462753   1.2493426582390229   0.00079530478275418484   
2.4264430989825736   5.490686367477697   0.00084801169767026854   
2.4387914099188714   5.8771887909464155   0.0036863022742095163   
2.4511397208551697   7.3198645301772258   0.0014141118515861716   
2.4634880317914676   12.164967223097054   0.0073593029565010422   
2.4758363427277659   9.1350242086941963   0.0020953739019835587   
2.4881846536640637   5.6249555805287199   0.0044068489082386953   
2.500532964600362   4.4709012855028168   0.0038898990547417452   
2.5128812755366599   3.6218060407208317   0.0027051041153689707   
2.5252295864729581   0.091160072609463083   0.00033466757771966552   
2.537577897409256   0   0   
2.5499262083455543   0   0   
2.5622745192818526   0   0   
2.5746228302181504   0   0   
2.5869711411544487   0   0   
2.5993194520907466   0   0   
2.6116677630270448   0   0   
2.6240160739633427   0   0   
2.636364384899641   0   0   
2.6487126958359388   0   0   
2.6610610067722371   0   0   
2.673409317708535   0   0   
2.6857576286448333   0   0   
2.6981059395811311   0   0   
2.7104542505174294   0   0   
2.7228025614537277   0   0   
2.7351508723900255   0   0   
2.7474991833263238   0   0   
2.7598474942626217   0   0   
2.7721958051989199   0   0   
2.7845441161352178   5.1172266371635785e-07   7.2701015982065117e-08   
2.7968924270715161   1.3618881627279657   0.00056359898371470817   
2.8092407380078139   4.9861375471896811   0.00056048072223731215   
2.8215890489441122   5.5182070636398053   0.0030888952375538289   
2.8339373598804101   6.5920696135937254   0.0004265896591138424   
2.8462856708167084   10.223271454153841   0.0056274485569234284   
2.8586339817530062   7.4261668157281251   0.00095871878503362294   
2.8709822926893045   4.9565661829031062   0.0039654148546328622   
2.8833306036256023   3.8804095637102068   0.0021533508735405842   
2.8956789145619006   2.6951396652392917   0.0020474232689205077   
2.9080272254981989   0.030317707788415294   0.00015297270237484321   
2.9203755364344968   0   0   
2.9327238473707951   0   0   
2.9450721583070929   0   0   
2.9574204692433912   0   0   
2.969768780179689   0   0   
2.9821170911159873   0   0   
2.9944654020522852   0   0   
3.0068137129885835   0   0   
3.0191620239248813   0   0   
3.0315103348611796   0   0   
3.0438586457974774   0   0   
3.0562069567337757   0   0   
3.0685552676700736   0   0   
3.0809035786063719   0   0   
3.0932518895426702   0   0   
3.105600200478968   0   0   
3.1179485114152663   0   0   
3.1302968223515641   0   0   
3.1426451332878624   0   0   
3.1549934442241603   0   0   
3.1673417551604586   0   0   
3.1796900660967564   0   0   
3.1920383770330547   0   0   
3.2043866879693526   0   0   
3.2167349989056508   0   0   
3.2290833098419487   0   0   
3.241431620778247   0   0   
3.2537799317145453   0   0   
3.2661282426508431   0   0   
3.2784765535871414   0   0   
3.2908248645234393   0   0   
3.3031731754597375   0   0   
3.3155214863960354   0   0   
3.3278697973323337   0   0   
3.3402181082686315   0   0   
3.3525664192049298   0   0   
3.3649147301412277   0   0   
3.377263041077526   0   0   
3.3896113520138238   0   0   
3.4019596629501221   0   0   
3.4143079738864199   0   0   
3.4266562848227182   0   0   
3.4390045957590165   0   0   
3.4513529066953144   0   0   
3.4637012176316126   0   0   
3.4760495285679105   0   0   
3.4883978395042088   0   0   
3.5007461504405066   0   0   
3.5130944613768049   0   0   
3.5254427723131028   0   0   
3.5377910832494011   0   0   
3.5501393941856989   0   0   
3.5624877051219972   0   0   
3.574836016058295   0   0   
3.5871843269945933   0   0   
3.5995326379308912   0   0   
3.6118809488671895   0   0   
3.6242292598034878   0   0   
3.6365775707397856   0   0   
3.6489258816760839   0   0   
3.6612741926123817   0   0   
3.67362250354868   0   0   
3.6859708144849779   0   0   
3.6983191254212762   0   0   
3.710667436357574   0.22055503867648773   0.00052390775087007737   
3.7230157472938723   6.0705539504903357   0.0024431106008602163   
3.7353640582301701   7.718750623492091   0.0033544530799265157   
3.7477123691664684   8.967436482457724   0.0029823001837966668   
3.7600606801027663   12.53831987879961   0.0023424481965220512   
3.7724089910390646   14.985703051337827   0.011049919005790059   
3.7847573019753629   8.5395528091175141   0.0049524051250171417   
3.7971056129116607   6.4043812766652596   0.0063700393605108304   
3.809453923847959   5.2770804809167962   0.0018024130344993042   
3.8218022347842568   1.3436788167857373   0.0040273330689981784   
3.8341505457205551   5.3680980092485343e-07   6.0574647512976927e-08   
3.846498856656853   0   0   
3.8588471675931513   0   0   
3.8711954785294491   0   0   
3.8835437894657474   0   0   
3.8958921004020453   0   0   
3.9082404113383435   0   0   
3.9205887222746414   0   0   
3.9329370332109397   0   0   
3.9452853441472375   0   0   
3.9576336550835358   0   0   
3.9699819660198341   0   0   
3.982330276956132   0   0   
3.9946785878924302   0   0   
4.0070268988287285   0   0   
4.0193752097650259   0   0   
4.0317235207013242   0   0   
4.0440718316376225   0   0   
4.0564201425739208   0   0   
4.0687684535102182   0   0   
4.0811167644465165   0   0   
4.0934650753828148   0   0   
4.1058133863191131   0   0   
4.1181616972554105   0   0   
4.1305100081917088   0   0   
4.1428583191280071   0   0   
4.1552066300643054   0   0   
4.1675549410006036   0   0   
4.179903251936901   0   0   
4.1922515628731993   0   0   
4.2045998738094976   5.917199577411489e-08   2.036559640238058e-08   
4.2169481847457959   0.28990413178893674   0.00049613356770974789   
4.2292964956820933   2.9573601743213611   0.0009336652340101849   
4.2416448066183916   3.6326426907843824   0.0016871169994801527   
4.2539931175546899   4.1690307081419131   0.001067802758535156   
4.2663414284909882   5.8308241508628434   0.0027358840178317872   
4.2786897394272856   5.9148958476995605   0.0029048322710888543   
4.2910380503635839   3.7031496449354724   0.0025511399040813905   
4.3033863612998822   2.835975954356977   0.0021819012930640478   
4.3157346722361805   2.1407466437720205   0.0011159691102863662   
4.3280829831724787   0.30378654436483219   0.00098322465339192366   
4.3404312941087762   0   0   
4.3527796050450744   0   0   
4.3651279159813727   0   0   
4.377476226917671   0   0   
4.3898245378539684   0   0   
4.4021728487902667   0   0   
4.414521159726565   0   0   
4.4268694706628633   0   0   
4.4392177815991607   0   0   
4.451566092535459   0   0   
4.4639144034717573   0   0   
4.4762627144080556   0   0   
4.4886110253443539   0   0   
4.5009593362806513   0   0   
4.5133076472169495   0   0   
4.5256559581532478   0   0   
4.5380042690895461   0   0   
4.5503525800258435   0   0   
4.5627008909621418   0   0   
4.5750492018984401   0   0   
4.5873975128347384   0   0   
4.5997458237710358   0   0   
4.6120941347073341   0   0   
4.6244424456436324   0   0   
4.6367907565799307   0   0   
4.6491390675162281   0   0   
4.6614873784525264   0   0   
4.6738356893888247   0   0   
4.6861840003251229   0   0   
4.6985323112614212   0   0   
4.7108806221977186   0   0   
4.7232289331340169   0   0   
4.7355772440703152   0   0   
4.7479255550066135   0   0   
4.7602738659429109   0   0   
4.7726221768792092   0   0   
4.7849704878155075   0   0   
4.7973187987518058   0   0   
4.8096671096881032   0   0   
4.8220154206244015   0   0   
4.8343637315606998   0   0   
4.8467120424969981   0   0   
4.8590603534332963   0   0   
4.8714086643695937   0.0065101207900727246   2.2141546356426246e-05   
4.883756975305892   1.4662703666270097   0.00046956662050451899   
4.8961052862421903   2.844073168674815   0.0006530286150222962   
4.9084535971784886   3.1818711636395583   0.0013112545273389894   
4.920801908114786   4.1331122030155797   0.00057804409626574318   
4.9331502190510843   6.1706044248853696   0.00403819238060463   
4.9454985299873826   3.7924276964040833   0.00052985125878171761   
4.9578468409236809   2.6156618275974101   0.0028509914917973408   
4.9701951518599783   2.1321417396846099   0.0022344701254613821   
4.9825434627962766   1.1725220121926143   0.0022374617860470199   
4.9948917737325749   0.0058085201501273099   7.4213058440051229e-05   
5.0072400846688732   0   0   
5.0195883956051714   0   0   
5.0319367065414689   0   0   
5.0442850174777671   0   0   
5.0566333284140654   0   0   
5.0689816393503637   0.00018473930174347217   1.2366837979636219e-06   
5.0813299502866611   1.2263824399168741   0.0016231345376015858   
5.0936782612229594   5.3205211396934966   0.002267478496100181   
5.1060265721592577   6.0415251831248972   0.0026933036476639364   
5.118374883095556   7.2071320751131138   0.0011283017228447882   
5.1307231940318534   10.75667183814172   0.0048078234890100683   
5.1430715049681517   8.8389071656437145   0.0043008357081936089   
5.15541981590445   5.7037765650580125   0.0045362187384404929   
5.1677681268407483   4.4408314348219358   0.0039940048641166474   
5.1801164377770457   3.1408078812657775   0.0021392646642194127   
5.192464748713344   0.20581960786846029   0.0012000415090789299   
5.2048130596496422   0   0   
5.2171613705859405   0   0   
5.2295096815222388   0   0   
5.2418579924585362   0   0   
5.2542063033948345   0   0   
5.2665546143311328   0   0   
5.2789029252674311   0   0   
5.2912512362037285   0   0   
5.3035995471400268   0   0   
5.3159478580763251   0   0   
5.3282961690126234   0   0   
5.3406444799489208   0   0   
5.3529927908852191   0   0   
5.3653411018215174   0   0   
5.3776894127578156   0   0   
5.3900377236941139   0   0   
5.4023860346304113   0   0   
5.4147343455667096   0   0   
5.4270826565030079   0   0   
5.4394309674393062   0   0   
5.4517792783756036   0   0   
5.4641275893119019   0   0   
5.4764759002482002   0   0   
5.4888242111844985   0   0   
5.5011725221207959   0   0   
5.5135208330570942   0   0   
5.5258691439933925   0   0   
5.5382174549296908   0   0   
5.550565765865989   0   0   
5.5629140768022864   0   0   
5.5752623877385847   0   0   
5.587610698674883   0   0   
5.5999590096111813   0   0   
5.6123073205474787   0   0   
5.624655631483777   0   0   
5.6370039424200753   0.059092762704213982   0.00015198932869811469   
5.6493522533563736   1.6749064089924097   0.00088921419602083417   
5.661700564292671   2.6363811069887048   0.001482635827815875   
5.6740488752289693   3.0021978347887311   0.0013543401350175617   
5.6863971861652676   3.8558416088425463   0.0011379022152118868   
5.6987454971015659   4.8338251337352115   0.0037546563428116227   
5.7110938080378642   3.0801977386791834   0.0015228773119007977   
5.7234421189741616   2.3232395172048561   0.0025277177383387833   
5.7357904299104598   1.7912734137298453   0.00058784171534974846   
5.7481387408467581   0.57631278339971493   0.0013320157108009077   
5.7604870517830564   0.00034039490541232799   5.7424610581407717e-06   
5.7728353627193538   0   0   
5.7851836736556521   0   0   
5.7975319845919504   0   0   
5.8098802955282487   0   0   
5.8222286064645461   0   0   
5.8345769174008444   0   0   
5.8469252283371427   0   0   
5.859273539273441   0   0   
5.8716218502097384   0   0   
5.8839701611460367   0   0   
5.8963184720823349   0   0   
5.9086667830186332   0   0   
5.9210150939549315   0   0   
5.9333634048912289   0   0   
5.9457117158275272   0   0   
5.9580600267638255   0   0   
5.9704083377001238   0   0   
5.9827566486364212   0   0   
5.9951049595727195   0   0   
6.0074532705090178   0   0   
6.0198015814453161   0   0   
6.0321498923816135   0   0   
6.0444982033179118   0   0   
6.0568465142542101   0   0   
6.0691948251905083   0   0   
6.0815431361268066   0   0   
6.093891447063104   0   0   
6.1062397579994023   0   0   
6.1185880689357006   0   0   
6.1309363798719989   0   0   
6.1432846908082963   0.0046742515724628619   1.795473734956565e-05   
6.1556330017445946   1.6908943830464915   0.0021173263380173031   
6.1679813126808929   4.4745642550995737   0.0028255081474894515   
