0.50882954214656695   0.0005833150124609663  8.134394898760731e-06     
1.0176590842931339   0.00064428778914998821  8.9055135308779233e-06     
1.5264886264397008   0.00076434318728822509  1.0612470125114174e-05     
2.0353181685862678   0.000981423816901007  1.3609416491563861e-05     
2.544147710732835   0.0013840234579081634  1.9186133799598665e-05     
3.0529772528794017   0.0021958287109255671  3.0416286910058065e-05     
3.5618067950259684   0.004111532017645908  5.6922775749071356e-05     
4.0706363371725356   0.010093228651035237  0.00013894124685910057     
4.5794658793191028   0.045322860215746827  0.00062315064928205065     
5.0882954214656699   198.15100104168093  0.0084148179241786295     
5.5971249636122362   0.072369221815020382  0.0010295796821712965     
6.1059545057588034   0.023301353495869508  0.00032500788754643996     
6.6147840479053706   0.014295179028961809  0.00019985151092981095     
7.1236135900519368   0.011900904828377158  0.00016582797490385166     
7.632443132198504   0.012262453855012233  0.00017060412512857367     
8.1412726743450712   0.015284207321398734  0.00021228112402881751     
8.6501022164916375   0.023576743224713011  0.00032680737786866596     
9.1589317586382055   0.049208602610782005  0.00067807661176171902     
9.6677613007847718   0.19055190610073599  0.0025989774763448011     
10.17659084293134   192.68606610529425  0.033073089611338484     
10.685420385077906   0.26598434224712672  0.0038824365759712222     
11.194249927224472   0.077385856938712808  0.0010945358156771233     
11.70307946937104   0.043853904488939937  0.00061978867487194455     
12.211909011517607   0.034076941259627314  0.00047889388250779727     
12.720738553664173   0.033009769374673146  0.00046258389497167614     
13.229568095810741   0.038885480417917694  0.00054358875336789236     
13.738397637957307   0.056895766950888919  0.00079290593215191792     
14.247227180103874   0.11277639454537855  0.0015638301979751111     
14.756056722250442   0.41172686198295749  0.0056070753789235175     
15.264886264397008   183.84657926693226  0.072252340339869106     
15.773715806543576   0.57477867162432827  0.0086559191868715012     
16.282545348690142   0.15908820728397188  0.0022928470515063632     
16.79137489083671   0.08705009528013275  0.0012486562782438043     
17.300204432983275   0.06558440284449519  0.00093297769097312994     
17.809033975129843   0.061718459708493684  0.00087430222724678952     
18.317863517276411   0.070694189710272849  0.00099850384753927967     
18.826693059422976   0.1005678368652618  0.0014150878086559485     
19.335522601569544   0.19343733429052239  0.0027142117900607242     
19.844352143716112   0.6787465731290025  0.0092940098233679056     
20.35318168586268   172.01916953703807  0.12319985267771382     
20.862011228009244   0.98011748384658808  0.015313836232011419     
21.370840770155812   0.26179593199644063  0.0038636298027712603     
21.87967031230238   0.14019341450924908  0.0020490721099818343     
22.388499854448945   0.10365617418425282  0.0014980450464385151     
22.897329396595513   0.095793785571142165  0.0013766557853017357     
23.406158938742081   0.1077198616292513  0.0015431721748267803     
23.914988480888645   0.15025345187229954  0.0021439520225872035     
24.423818023035214   0.28252687017851458  0.0040346485459087699     
24.932647565181782   0.9592930157966529  0.0133072790383134     
25.441477107328346   157.71331726364802  0.18230232486483732     
25.950306649474914   1.4526142891605833  0.023682598445180318     
26.459136191621482   0.37673588143288916  0.0057216756436778165     
26.967965733768047   0.19868029082351646  0.0029706325210113467     
27.476795275914615   0.14498318522338718  0.0021361180434432529     
27.985624818061183   0.13224021876957084  0.0019345738112487847     
28.494454360207747   0.14661958899221352  0.0021384653226452752     
29.003283902354315   0.20125704446326292  0.0029248467922310417     
29.512113444500883   0.37103066662417489  0.0054252156930769474     
30.020942986647452   1.2222067407986957  0.017317096632019055     
30.529772528794016   141.53216140428276  0.24530893128537402     
31.038602070940584   1.9545728590098062  0.033448685619353284     
31.547431613087152   0.49386844081543833  0.0077579899543874842     
32.05626115523372   0.25748615251275334  0.0039535638180556335     
32.565090697380285   0.18607590384635728  0.0028041326631198131     
33.073920239526849   0.16799174148447386  0.0025097254013038614     
33.582749781673421   0.18406659824762203  0.0027429928377734114     
34.091579323819985   0.24904058522986749  0.0037020116477739038     
34.60040886596655   0.45055058795949195  0.0067875113264586971     
35.109238408113121   1.440556968829147  0.021032872704658023     
35.618067950259686   124.13846839799603  0.30759433659542682     
36.12689749240625   2.443454306074368  0.044166621999384258     
36.635727034552822   0.60294258459930944  0.0098468314361302051     
37.144556576699387   0.3117102904095935  0.0049330936515315356     
37.653386118845951   0.22364755095528351  0.0034571182122120629     
38.162215660992523   0.20024933790435261  0.0030633586011904259     
38.671045203139087   0.21711389340824407  0.0033160931606579071     
39.179874745285652   0.28971167851544513  0.0044224600515955858     
39.688704287432223   0.51417790303256046  0.0080306159803602612     
40.197533829578788   1.5941152698301108  0.024213838757979956     
40.706363371725359   106.21801969963659  0.36444576725298086     
41.215192913871924   2.8760684766335891  0.055277638324181243     
41.724022456018488   0.6946008527715797  0.011854082961761354     
42.23285199816506   0.35711398636306865  0.0058441377172588459     
42.741681540311625   0.25497671961914532  0.0040514019483137293     
43.250511082458189   0.22678828996141693  0.0035590081583796346     
43.759340624604761   0.24351295963096314  0.0038205359914053942     
44.268170166751325   0.32043339873325447  0.0050392787170324138     
44.77699970889789   0.55718324365345133  0.0090757367497863657     
45.285829251044461   1.6710173595372864  0.02667395806153545     
45.794658793191026   88.442803846775317  0.41135675411698861     
46.30348833533759   3.2130973978929064  0.066138277541199156     
46.812317877484162   0.76141531379952877  0.013646233115105668     
47.321147419630726   0.39059262777527337  0.0066258774257205787     
47.829976961777291   0.27820920676373075  0.0045475540494171978     
48.338806503923863   0.24620133233999204  0.0039648386148681924     
48.847636046070427   0.26195282302527971  0.004224719935823555     
49.356465588216992   0.33971252203343359  0.0055141121732594084     
49.865295130363563   0.5774549690823729  0.0098593298151473964     
50.374124672510128   1.6684906828132014  0.028281873902977465     
50.882954214656692   71.436353397218598  0.44430975416315729     
