1.0430079999999999   0   0   
1.043024   0   0   
1.04304   0   0   
1.043056   0   0   
1.043072   0   0   
1.043088   0   0   
1.043104   0   0   
1.0431199999999998   0   0   
1.0431359999999998   0   0   
1.0431519999999999   0   0   
1.0431679999999999   0   0   
1.0431839999999999   0   0   
1.0431999999999999   0   0   
1.0432159999999999   0   0   
1.0432319999999999   0   0   
1.043248   0   0   
1.043264   0   0   
1.04328   0   0   
1.043296   0   0   
1.043312   0   0   
1.043328   0   0   
1.0433439999999998   0   0   
1.0433599999999998   0   0   
1.0433759999999999   0   0   
1.0433919999999999   0   0   
1.0434079999999999   0   0   
1.0434239999999999   0   0   
1.0434399999999999   0   0   
1.0434559999999999   0   0   
1.043472   0   0   
1.043488   0   0   
1.043504   0   0   
1.04352   0   0   
1.043536   0   0   
1.043552   0   0   
1.0435679999999998   0   0   
1.0435839999999998   0   0   
1.0435999999999999   0   0   
1.0436159999999999   0   0   
1.0436319999999999   0   0   
1.0436479999999999   0   0   
1.0436639999999999   0   0   
1.0436799999999999   0   0   
1.043696   0   0   
1.043712   0   0   
1.043728   0   0   
1.043744   0   0   
1.04376   0   0   
1.043776   0   0   
1.0437919999999998   0   0   
1.0438079999999998   0   0   
1.0438239999999999   0   0   
1.0438399999999999   0   0   
1.0438559999999999   0   0   
1.0438719999999999   0   0   
1.0438879999999999   0   0   
1.0439039999999999   0   0   
1.04392   0   0   
1.043936   0   0   
1.043952   0   0   
1.043968   0   0   
1.043984   0   0   
1.0439999999999998   0   0   
1.0440159999999998   0   0   
1.0440319999999998   0   0   
1.0440479999999999   0   0   
1.0440639999999999   0   0   
1.0440799999999999   0   0   
1.0440959999999999   0   0   
1.0441119999999999   0   0   
1.0441279999999999   0   0   
1.044144   0   0   
1.04416   0   0   
1.044176   0   0   
1.044192   0   0   
1.044208   0   0   
1.0442239999999998   0   0   
1.0442399999999998   0   0   
1.0442559999999999   0   0   
1.0442719999999999   0   0   
1.0442879999999999   0   0   
1.0443039999999999   0   0   
1.0443199999999999   0   0   
1.0443359999999999   0   0   
1.0443519999999999   0   0   
1.044368   0   0   
1.044384   0   0   
1.0444   0   0   
1.044416   0   0   
1.044432   0   0   
1.0444479999999998   0   0   
1.0444639999999998   0   0   
1.0444799999999999   0   0   
1.0444959999999999   0   0   
1.0445119999999999   0   0   
1.0445279999999999   0   0   
1.0445439999999999   0   0   
1.0445599999999999   0   0   
1.0445759999999999   0   0   
1.044592   0   0   
1.044608   0   0   
1.044624   0   0   
1.04464   0   0   
1.044656   0   0   
1.0446719999999998   0   0   
1.0446879999999998   0   0   
1.0447039999999999   0   0   
1.0447199999999999   0   0   
1.0447359999999999   0   0   
1.0447519999999999   0   0   
1.0447679999999999   0   0   
1.0447839999999999   0   0   
1.0448   0   0   
1.044816   2e-07   2e-07   
1.044832   2e-07   2e-07   
1.044848   6e-07   6e-07   
1.044864   0   0   
1.04488   0   0   
1.0448959999999998   0   0   
1.0449119999999998   0   0   
1.0449279999999999   2e-07   2e-07   
1.0449439999999999   8e-07   6.1101009266077867e-07   
1.0449599999999999   2e-07   2e-07   
1.0449759999999999   6e-07   4.2687494916218991e-07   
1.0449919999999999   0   0   
1.0450079999999999   1.2e-06   8.5374989832437982e-07   
1.045024   2.2e-06   7.5718777944003648e-07   
1.04504   2.8e-06   1.339983416149452e-06   
1.045056   4e-06   1.2995725793078619e-06   
1.045072   3e-06   1.0434983894999019e-06   
1.045088   4.4e-06   1.9043809142780933e-06   
1.045104   9.4e-06   2.4953289696283868e-06   
1.0451199999999998   5.4e-06   1.634353422950835e-06   
1.0451359999999998   5.6e-06   1.9731531449264989e-06   
1.0451519999999999   1.28e-05   2.1540659228538016e-06   
1.0451679999999999   1.54e-05   4.0557229798013682e-06   
1.0451839999999999   1.64e-05   2.6633312473917572e-06   
1.0451999999999999   1.52e-05   3.8666666666666667e-06   
1.0452159999999999   2.06e-05   3.6642416223096788e-06   
1.0452319999999999   2.96e-05   7.2712523756991898e-06   
1.045248   2.56e-05   5.4715425409821843e-06   
1.045264   2.82e-05   4.6423174289476491e-06   
1.04528   3.98e-05   6.9182528301748428e-06   
1.045296   3.76e-05   6.9076447183939299e-06   
1.045312   5.18e-05   8.1128156504248128e-06   
1.045328   5.08e-05   9.1806559920544046e-06   
1.0453439999999998   6.2e-05   7.5188651625982317e-06   
1.0453599999999998   6.22e-05   8.9465076985380167e-06   
1.0453759999999999   8.22e-05   9.7772979680254992e-06   
1.0453919999999999   8.3e-05   1.0242612513959078e-05   
1.0454079999999999   9.18e-05   1.0676870119822361e-05   
1.0454239999999999   0.0001018   1.5418459355230304e-05   
1.0454399999999999   0.0001304   1.59410023384841e-05   
1.0454559999999999   0.0001402   1.6601070915924537e-05   
1.045472   0.0001514   1.3353484771982015e-05   
1.045488   0.0001732   1.7408044117591155e-05   
1.045504   0.0001846   2.4637911166871811e-05   
1.04552   0.0001816   1.4483093592185338e-05   
1.045536   0.0002092   1.8552508066446314e-05   
1.045552   0.0002396   2.3650792798551172e-05   
1.0455679999999998   0.0002646   2.1528379203068472e-05   
1.0455839999999998   0.0002734   2.1010156274208592e-05   
1.0455999999999999   0.0003038   2.2691065299902613e-05   
1.0456159999999999   0.0003252   2.645280913459119e-05   
1.0456319999999999   0.0003498   2.1621902475653401e-05   
1.0456479999999999   0.0004122   3.6787014617177682e-05   
1.0456639999999999   0.000395   2.5799655467122467e-05   
1.0456799999999999   0.0004714   2.8312619879559794e-05   
1.045696   0.0004764   3.4035014649948694e-05   
1.045712   0.0005498   2.7332439009759488e-05   
1.045728   0.000592   2.587663038341739e-05   
1.045744   0.0006092   4.206999458574299e-05   
1.04576   0.000648   3.6981677144830039e-05   
1.0457759999999998   0.0006904   3.387007856829125e-05   
1.0457919999999998   0.0007466   4.3699021092519275e-05   
1.0458079999999998   0.0007974   3.5372368374826762e-05   
1.0458239999999999   0.0008408   5.0783374357274755e-05   
1.0458399999999999   0.0008882   4.150550164335647e-05   
1.0458559999999999   0.000941   3.3040379335998348e-05   
1.0458719999999999   0.0009834   4.2172186726957061e-05   
1.0458879999999999   0.0010634   5.1047733653034109e-05   
1.0459039999999999   0.0010668   4.4971299489538633e-05   
1.04592   0.0011634   3.8513547400016703e-05   
1.045936   0.0012626   5.2621964151018832e-05   
1.045952   0.0013634   5.3855815738775036e-05   
1.045968   0.0014292   3.9207935704678743e-05   
1.045984   0.0015556   3.6885167148266464e-05   
1.0459999999999998   0.001531   5.773060039720895e-05   
1.0460159999999998   0.0016384   3.8919632292427658e-05   
1.0460319999999999   0.0017446   4.4061623513741145e-05   
1.0460479999999999   0.0017798   4.6183643088098723e-05   
1.0460639999999999   0.0019002   6.0252395065350814e-05   
1.0460799999999999   0.0020124   6.3184948981365632e-05   
1.0460959999999999   0.002006   6.7926103638848266e-05   
1.0461119999999999   0.0022132   7.823167872131823e-05   
1.0461279999999999   0.002312   3.9698866482558415e-05   
1.046144   0.0023832   5.4493383900147813e-05   
1.04616   0.002459   5.5631525834428329e-05   
1.046176   0.002596   5.9755799346637107e-05   
1.046192   0.0028002   7.5732541075668244e-05   
1.046208   0.0028692   5.8417044696827237e-05   
1.0462239999999998   0.002991   7.1990277121289094e-05   
1.0462399999999998   0.0031236   5.8658938884973969e-05   
1.0462559999999999   0.0032792   4.5709420376013425e-05   
1.0462719999999999   0.0033608   8.0032326801945057e-05   
1.0462879999999999   0.0034474   5.8944078960014673e-05   
1.0463039999999999   0.0035836   8.0325338468007716e-05   
1.0463199999999999   0.0037722   7.1923076191782071e-05   
1.0463359999999999   0.0039296   7.2202677697344897e-05   
1.0463519999999999   0.0040144   7.0081095881842487e-05   
1.046368   0.0041426   7.9222359357836739e-05   
1.046384   0.0042634   6.0762598145021196e-05   
1.0464   0.004489   7.381071888433429e-05   
1.046416   0.0045568   7.6270396179207918e-05   
1.046432   0.004808   8.5995865533692309e-05   
1.0464479999999998   0.0049296   9.536866478158443e-05   
1.0464639999999998   0.0050138   9.9534672909047686e-05   
1.0464799999999999   0.0051362   0.00010816549049180766   
1.0464959999999999   0.0053812   0.00010273426346107168   
1.0465119999999999   0.005553   0.00010948617365778303   
1.0465279999999999   0.0056636   0.00013307902414229925   
1.0465439999999999   0.005802   0.0001179024078540289   
1.0465599999999999   0.0058588   0.00014131043839716867   
1.046576   0.0060578   0.00013365343242880072   
1.046592   0.0061356   0.0001367504783660128   
1.046608   0.00638   0.00012084075839255929   
1.046624   0.0066486   0.00012068841424649399   
1.04664   0.0067508   0.00010061287746164062   
1.046656   0.0067672   0.00015706649688728798   
1.0466719999999998   0.0069246   0.00015052059290638238   
1.0466879999999998   0.0072   9.9735204973525331e-05   
1.0467039999999999   0.0073542   0.00017110684121656595   
1.0467199999999999   0.007383   0.00014997725753519357   
1.0467359999999999   0.0074616   0.00011026908501983279   
1.0467519999999999   0.0077382   0.00013406414716677817   
1.0467679999999999   0.007725   0.00016649411067328745   
1.0467839999999999   0.007861   0.00015779712713903677   
1.0468   0.0082   0.0001506805303356151   
1.046816   0.0081346   0.00013125887906474493   
1.046832   0.008304   0.00013104163884472413   
1.046848   0.008521   0.00014364872277732077   
1.046864   0.0085906   0.00011182766503270408   
1.04688   0.0086924   0.00012022157321656819   
1.0468959999999998   0.0087604   0.00011895463187469601   
1.0469119999999998   0.0089196   0.00013052570628041053   
1.0469279999999999   0.0088842   0.00011945299400926616   
1.0469439999999999   0.0091516   0.00013220280716468249   
1.0469599999999999   0.0092468   7.6083696603732977e-05   
1.0469759999999999   0.0092516   9.7086811096507287e-05   
1.0469919999999999   0.009319   0.00010024026691460429   
1.0470079999999999   0.0095964   0.00012021491865266417   
1.047024   0.0095358   0.0001307973666061787   
1.04704   0.009562   0.00015464108983923602   
1.047056   0.0097208   0.00012499287090781529   
1.047072   0.0096238   0.00012695736817267966   
1.047088   0.0098524   0.00012476673345799263   
1.047104   0.0097718   0.00010586719143446766   
1.0471199999999998   0.0097852   0.00010811565823485309   
1.0471359999999998   0.0096212   9.4541325473161324e-05   
1.0471519999999999   0.0100116   0.00010244165819300922   
1.0471679999999999   0.009937   9.7431571428932169e-05   
1.0471839999999999   0.0098814   0.00012070793032955393   
1.0471999999999999   0.0099134   6.8104527504907249e-05   
1.0472159999999999   0.00989   8.2816530824333477e-05   
1.0472319999999999   0.0098912   9.1922769516347563e-05   
1.047248   0.0098462   6.7299958725428991e-05   
1.047264   0.0099598   8.6526784549320013e-05   
1.04728   0.0099758   0.00011508352522310818   
1.047296   0.0099604   7.6172202570520734e-05   
1.047312   0.0099132   5.6429464328880887e-05   
1.047328   0.0098496   0.00010018196777198313   
1.0473439999999998   0.0096648   6.0470892906330478e-05   
1.0473599999999998   0.0098064   8.77019194012689e-05   
1.0473759999999999   0.0096778   9.7364127548770923e-05   
1.0473919999999999   0.0095394   9.1571975334523976e-05   
1.0474079999999999   0.0095468   0.00014410434491097839   
1.0474239999999999   0.0095872   0.0001001941226930114   
1.0474399999999999   0.0093496   0.00010676154114036883   
1.0474559999999999   0.0095618   0.00014164633579603973   
1.047472   0.0093892   0.00012093642039426244   
1.047488   0.0092736   0.00011647366893661226   
1.047504   0.009129   5.5570775692904532e-05   
1.04752   0.0090046   6.0733333333333344e-05   
1.047536   0.008949   0.00010249520313978926   
1.0475519999999998   0.0088304   0.00013893973113868074   
1.0475679999999998   0.008691   0.00011249938271435586   
1.0475839999999998   0.0087066   0.00014532539733684237   
1.0475999999999999   0.0085094   0.00013683470969669127   
1.0476159999999999   0.008484   0.00012264021453920497   
1.0476319999999999   0.0081864   0.00014936124739108944   
1.0476479999999999   0.0082054   0.00010786330855918213   
1.0476639999999999   0.0082312   0.00012601029940268992   
1.0476799999999999   0.0079994   0.00011103194735450394   
1.047696   0.0078452   9.2866068435498374e-05   
1.047712   0.0076218   9.1249328764654481e-05   
1.047728   0.0075326   0.00012475328541654613   
1.047744   0.007383   0.00014738739581268286   
1.04776   0.007172   0.00012347127421208366   
1.0477759999999998   0.0070838   0.00015869144064294499   
1.0477919999999998   0.006931   0.00013570466298383249   
1.0478079999999999   0.0068496   0.00014862773780302398   
1.0478239999999999   0.006743   0.00012995152942539769   
1.0478399999999999   0.006468   0.00011046487626792911   
1.0478559999999999   0.0062988   9.3648610359269202e-05   
1.0478719999999999   0.0061928   0.00011089943392301173   
1.0478879999999999   0.0061116   0.00011347081856876977   
1.0479039999999999   0.0059384   0.0001184836791386148   
1.04792   0.0057544   0.00013075534405904793   
1.047936   0.0054876   0.00012384750479700608   
1.047952   0.0054202   0.00011100568554007593   
1.047968   0.0053304   8.7555848843276408e-05   
1.047984   0.0051702   0.00011924557294368067   
1.0479999999999998   0.0049404   0.00011817606450640596   
1.0480159999999998   0.0048064   9.813858681590143e-05   
1.0480319999999999   0.004644   8.9770571768010677e-05   
1.0480479999999999   0.0046148   0.00010783493558830243   
1.0480639999999999   0.0043908   0.0001036554977906248   
1.0480799999999999   0.004279   9.1781019582240181e-05   
1.0480959999999999   0.004094   0.00010813242909609597   
1.0481119999999999   0.0039854   0.00010498806281350911   
1.0481279999999999   0.0038562   5.8132759936010072e-05   
1.048144   0.0037142   9.4700674642674947e-05   
1.04816   0.0034746   0.00010608677789642046   
1.048176   0.0033618   8.2313465889043128e-05   
1.048192   0.003253   7.6297808327340279e-05   
1.048208   0.0030964   5.0255171099322925e-05   
1.0482239999999998   0.0029812   7.8842289836525338e-05   
1.0482399999999998   0.002859   7.8810179827509874e-05   
1.0482559999999999   0.0027812   6.7408670724832491e-05   
1.0482719999999999   0.002598   8.350222884583514e-05   
1.0482879999999999   0.0025194   8.5140955022963081e-05   
1.0483039999999999   0.0024554   6.779580452440336e-05   
1.0483199999999999   0.0022806   6.2335329736300693e-05   
1.0483359999999999   0.0022038   8.0195012313734325e-05   
1.048352   0.0020902   6.5379881377139931e-05   
1.048368   0.0020314   7.1920975150971546e-05   
1.048384   0.001905   8.3223527656279721e-05   
1.0484   0.0018318   4.7626743187695153e-05   
1.048416   0.0016858   5.8235117316692073e-05   
1.048432   0.0016148   5.1763736770488706e-05   
1.0484479999999998   0.0015182   6.4444601532375594e-05   
1.0484639999999998   0.001441   6.9969040772806559e-05   
1.0484799999999999   0.0013438   7.4457116666052965e-05   
1.0484959999999999   0.0012662   5.9290958651195528e-05   
1.0485119999999999   0.0011602   4.876469579065941e-05   
1.0485279999999999   0.001112   5.9544941010970865e-05   
1.0485439999999999   0.0010566   5.8740900004454591e-05   
1.0485599999999999   0.0010174   4.7083896751791194e-05   
1.048576   0.000939   4.9920158475531928e-05   
1.048592   0.0009016   3.5585015573037668e-05   
1.048608   0.0008182   4.6895107539178446e-05   
1.048624   0.0007606   4.8261371716933202e-05   
1.04864   0.0007146   4.245682774563147e-05   
1.048656   0.0006542   4.6938683407185592e-05   
1.0486719999999998   0.000606   3.5300613781255041e-05   
1.0486879999999998   0.0005736   3.4692041994926989e-05   
1.0487039999999999   0.0005286   3.477297801454457e-05   
1.0487199999999999   0.0004564   3.0904584341701367e-05   
1.0487359999999999   0.000483   4.6695467303226195e-05   
1.0487519999999999   0.0004138   2.705952286677978e-05   
1.0487679999999999   0.0003656   3.0459882541540511e-05   
1.0487839999999999   0.00035   2.672493633710326e-05   
1.0488   0.0003112   2.936846381182827e-05   
1.048816   0.0002686   2.7398377891968552e-05   
1.048832   0.000249   1.8633899812498247e-05   
1.048848   0.000254   1.6844385810510674e-05   
1.048864   0.0002234   1.7276959609067023e-05   
1.04888   0.0001974   1.6036209028320877e-05   
1.0488959999999998   0.000174   1.8823153591019522e-05   
1.0489119999999998   0.0001562   1.5783113338839922e-05   
1.0489279999999999   0.0001428   1.4019668723301243e-05   
1.0489439999999999   0.0001322   1.3180625512049452e-05   
1.0489599999999999   0.0001162   1.2203642443503861e-05   
1.0489759999999999   0.0001164   1.2124538937396525e-05   
1.0489919999999999   8.68e-05   8.8704252685226115e-06   
1.0490079999999999   8.16e-05   1.1194443065894594e-05   
1.049024   6.74e-05   9.0187459093699817e-06   
1.04904   5.74e-05   8.2032513879152413e-06   
1.049056   4.22e-05   4.2316269526822265e-06   
1.049072   3.64e-05   5.6866314965696325e-06   
1.049088   4.72e-05   3.5552777669262355e-06   
1.049104   3.64e-05   6.44153190889662e-06   
1.0491199999999998   3.7e-05   6.8976646611572658e-06   
1.0491359999999998   1.86e-05   3.2255921075741186e-06   
1.0491519999999999   1.86e-05   3.4647430560496754e-06   
1.0491679999999999   1.58e-05   3.6325687268867406e-06   
1.0491839999999999   1.56e-05   5.1363627424688594e-06   
1.0491999999999999   1.02e-05   2.4303634844744246e-06   
1.0492159999999999   1.06e-05   2.9371187695880919e-06   
1.0492319999999999   8.2e-06   2.6907248094147421e-06   
1.049248   5.6e-06   1.9504985117770391e-06   
1.049264   5e-06   1.3416407864998738e-06   
1.04928   3.4e-06   1.2310790208412925e-06   
1.049296   6.4e-06   2.3247461032216926e-06   
1.049312   2.6e-06   9.910712498212337e-07   
1.0493279999999998   2.4e-06   1.0666666666666667e-06   
1.0493439999999998   2.6e-06   8.9690826980491402e-07   
1.0493599999999998   1.4e-06   7.9162280580252782e-07   
1.0493759999999999   8e-07   4.4221663871405331e-07   
1.0493919999999999   4e-07   4e-07   
1.0494079999999999   0   0   
1.0494239999999999   1.8e-06   1.2092238098144703e-06   
1.0494399999999999   0   0   
1.0494559999999999   2e-07   2e-07   
1.049472   8e-07   8e-07   
1.049488   2e-07   2e-07   
1.049504   0   0   
1.04952   2e-07   2e-07   
1.049536   0   0   
1.0495519999999998   0   0   
1.0495679999999998   0   0   
1.0495839999999999   0   0   
1.0495999999999999   0   0   
1.0496159999999999   0   0   
1.0496319999999999   0   0   
1.0496479999999999   0   0   
1.0496639999999999   0   0   
1.0496799999999999   0   0   
1.049696   0   0   
1.049712   0   0   
1.049728   0   0   
1.049744   0   0   
1.04976   0   0   
1.0497759999999998   0   0   
1.0497919999999998   0   0   
1.0498079999999999   0   0   
1.0498239999999999   0   0   
1.0498399999999999   0   0   
1.0498559999999999   0   0   
1.0498719999999999   0   0   
1.0498879999999999   0   0   
1.0499039999999999   0   0   
1.04992   0   0   
1.049936   0   0   
1.049952   0   0   
1.049968   0   0   
1.049984   0   0   
1.0499999999999998   0   0   
1.0500159999999998   0   0   
1.0500319999999999   0   0   
1.0500479999999999   0   0   
1.0500639999999999   0   0   
1.0500799999999999   0   0   
1.0500959999999999   0   0   
1.0501119999999999   0   0   
1.050128   0   0   
1.050144   0   0   
1.05016   0   0   
1.050176   0   0   
1.050192   0   0   
1.050208   0   0   
1.0502239999999998   0   0   
1.0502399999999998   0   0   
1.0502559999999999   0   0   
1.0502719999999999   0   0   
1.0502879999999999   0   0   
1.0503039999999999   0   0   
1.0503199999999999   0   0   
1.0503359999999999   0   0   
1.050352   0   0   
1.050368   0   0   
1.050384   0   0   
1.0504   0   0   
1.050416   0   0   
1.050432   0   0   
1.0504479999999998   0   0   
1.0504639999999998   0   0   
1.0504799999999999   0   0   
1.0504959999999999   0   0   
1.0505119999999999   0   0   
1.0505279999999999   0   0   
1.0505439999999999   0   0   
1.0505599999999999   0   0   
1.050576   0   0   
1.050592   0   0   
1.050608   0   0   
1.050624   0   0   
1.05064   0   0   
1.050656   0   0   
1.0506719999999998   0   0   
1.0506879999999998   0   0   
1.0507039999999999   0   0   
1.0507199999999999   0   0   
1.0507359999999999   0   0   
1.0507519999999999   0   0   
1.0507679999999999   0   0   
1.0507839999999999   0   0   
1.0508   0   0   
1.050816   0   0   
1.050832   0   0   
1.050848   0   0   
1.050864   0   0   
1.05088   0   0   
1.0508959999999998   0   0   
1.0509119999999998   0   0   
1.0509279999999999   0   0   
1.0509439999999999   0   0   
1.0509599999999999   0   0   
1.0509759999999999   0   0   
1.0509919999999999   0   0   
