0	1	0
1   0.39097465033160725   0.0020279063062970348   
2   0.25193324464964818   0.0034526298975643787   
3   0.21004508795312741   0.0042527922704152245   
4   0.19007104030491626   0.0047281726090915688   
5   0.17906415670976655   0.0050484128980713139   
6   0.17391743653538662   0.0055104651183141524   
7   0.17173268686862834   0.0061260924185951193   
8   0.17066807172825018   0.0065743946620967047   
9   0.17035258559855735   0.0067683211747171322   
10   0.17044748780546494   0.0068494173627741278   
