0.000165188689896212   0.000479097465973082   27.7896689220279   0.0500238308663133
0.0501545011178541   0.000335015294881051   114.57616357735   0.0500099145147109
0.100102203472486   9.90983124138634e-05   129.447462912811   0.0500322859443839
0.150083259484621   -1.74244827128502e-05   110.954179925807   0.0500440214648616
0.200071472551929   0.000115256533378229   49.2725227707775   0.0500072840118667
0.250008125046791   0.000153177262955582   76.3361036167   0.0500129148186177
0.299994592719947   0.000205358457764226   113.985882286302   0.0500119614265774
0.349951294838343   0.000132883112312258   135.101090254493   0.0500345922346503
0.399938789372397   0.000106257259213179   106.840642321216   0.0500151444436089
0.449906757115385   0.000280549983649053   69.6718335326128   0.0500746591945666
0.499909545935133   0.00029656542342751   16.4407918534823   0.0500069710183971
-0.449977417767607   0.000142694878561734   173.16974427527   0.0500011146279786
-0.39994246186497   5.33555200013724e-05   40.4285738571404   0.0500023916100403
-0.349897355172598   -3.91057812575256e-05   3.25459600202294   0.0500693125209884
-0.299836375146768   4.43251488094634e-06   171.615949032026   0.0500053746501303
-0.249810072259307   -6.56529272203635e-05   114.135176853466   0.0501066090530966
-0.199825218253663   -7.24241340763693e-05   28.9969985507758   0.0500257169244483
-0.14978956440302   0.000111916288522112   38.6631175354048   0.0500522955051954
-0.099795783720369   0.000231918593311434   91.6978620945813   0.0500164529726462
-0.0498412787585817   0.000316842550896064   54.1616917223813   0.0500838659545728
0.0252513956694206   0.0504913015648309   39.2268216848379   0.050015714967586
0.0752019073947428   0.0502908528682168   92.4831076033162   0.0500850784942056
0.125142300361774   0.0501133626561987   96.8647804363465   0.0500010952244643
0.175116924264916   0.0500461795297375   52.3322590087158   0.0500182507163673
0.225112102413326   0.0501907731899119   74.6156770033306   0.0500124646862509
0.2750298404017   0.0502348709319272   63.0865681252695   0.0501022651842851
0.324946562125887   0.0502234783499429   74.3654217919232   0.0500993955780771
0.374869263579386   0.0501793600697864   101.968572058134   0.0500278927687876
0.424840586115987   0.0501785664470381   36.9510742587828   0.0500640360562942
0.474928601209953   0.0501762065507076   171.299403228866   0.0501176502577004
-0.474949932269716   0.05008602848551   162.065867787354   0.0500172699687366
-0.424905865267543   0.0500882957241749   2.65273683669505   0.0500241026804683
-0.374863766252405   0.0500328531890988   158.179264558202   0.0500144130289381
-0.324831333462246   0.0499777333480517   38.1392768419783   0.0500148880019246
-0.274860454811721   0.0498875715954552   159.889560678158   0.0500063352475609
-0.22479922370793   0.0499266945858841   67.654917566532   0.0500270591777223
-0.174826560163269   0.0500249361283744   27.9547577809103   0.0500040274080904
-0.124810023191213   0.0501583368605345   24.2925720664888   0.0500668152275007
-0.0748340177422809   0.050279544202187   53.6772578640012   0.0500274536653515
-0.0247507930493575   0.0503897830363965   36.6506791124466   0.050005912548675
0.0503354706813245   0.100418555319806   116.582270546967   0.0500506180679107
0.100284186666388   0.100203902726642   111.549806895203   0.0500149211939286
0.150214446932114   0.100064031834963   100.542059300784   0.0500518274338144
0.200208512849835   0.100137006392511   69.3279870254312   0.0500404371449672
0.250160930755874   0.100244238707657   63.0702982380599   0.0500462523120011
0.300091425894615   0.100318663965842   67.7994711009197   0.0500162427554796
0.350034200429511   0.100252779681491   75.1725025247228   0.0500297485156016
0.400006303929469   0.100142539307252   34.1288292584006   0.0500461497495305
0.450002794565773   0.100179236447217   62.1344316606422   0.0500064268607317
0.499977671329865   0.100100736247143   113.222944249317   0.0500005239058237
-0.449999594813199   0.100013209048611   177.096517702272   0.0500537169049452
-0.399931143612996   0.0999787202805668   164.624760050023   0.0500062035549869
-0.349846895175352   0.0998871155626195   159.197329248661   0.0500044924228052
-0.299808974035191   0.0999368114335088   172.255644472095   0.0500328719644669
-0.249760601067041   0.0997949888101001   44.62641090767   0.0500087633217236
-0.199772373875369   0.0999737030909658   57.5632416803321   0.0500126319083284
-0.149759715762645   0.100027753381948   36.443522688257   0.050015487370806
-0.0997575168741516   0.100263584984971   45.9727017898588   0.0500041978304538
-0.0497650780513562   0.100332795050541   39.876112334158   0.050006087866955
0.00031517671373243   0.100378509489639   31.5865823300781   0.0500475366551651
0.0753367351109772   0.150321524402825   121.908147477274   0.0500430760134294
0.125266383771019   0.150156363658179   120.601280683409   0.050049596776965
0.175249022809187   0.150153833451552   82.3622002170033   0.0500059546655489
0.22517393502447   0.150220725179488   104.057240885852   0.0500529774671102
0.275088712470566   0.150384268413848   96.1415420430404   0.0500002591902347
0.325085116709111   0.15023060017401   4.51715718293438   0.0500213625230132
0.37516195395666   0.150171456083496   6.3168379444828   0.0500509401775345
0.425153208911877   0.150198895560072   50.3759944187543   0.0500066360428785
0.475131409507533   0.150213718228931   41.365522585833   0.0500290574245901
0.525102672309004   0.150023934700943   85.7904061506834   0.0500044219758052
-0.424965968894059   0.149982453697793   89.199050237878   0.0500310890459904
-0.374925205261758   0.149837066296334   158.776075772205   0.0500391960875121
-0.324840768596797   0.14984985760007   174.049028761725   0.0500318907305888
-0.274822402493925   0.149810799433219   133.98532555185   0.0500301822413997
-0.224729749542337   0.149867648396626   23.5702385695848   0.0500589231023981
-0.17474063839752   0.150038022723514   73.3392026505657   0.050006398929966
-0.124745959461989   0.150120716714335   17.6909057275112   0.0500131764517025
-0.0746586992091513   0.150286257430332   44.9878634395619   0.0500090964830856
-0.0246298194435953   0.150368661685989   68.1581311970617   0.0500112936878344
0.0253153598421556   0.150482859367009   80.3608059820185   0.0500060816185631
0.100242734970806   0.200305355866264   136.606383089568   0.0500206759348516
0.150301564958257   0.20011292383584   68.3107817928137   0.0500559849152495
0.200235620333347   0.200319112451671   72.0111893992918   0.0500090849281963
0.250107828077118   0.200298301018627   42.0162060276357   0.0500178775477514
0.300121079784569   0.200300002603482   30.7701226770831   0.0500034282904483
0.350149146297925   0.20011378252603   178.231657114537   0.0500283814823429
0.400179955984664   0.200172651120382   49.3180399361481   0.0500274731734013
0.450213394864432   0.200147649471929   17.8520340343455   0.0501320663798566
0.500216486150327   0.200172258571021   102.962023355661   0.0500018673408422
0.550140228804686   0.200035788693941   116.096873997834   0.0500294584789423
-0.399945497290592   0.199965366288047   85.4195251334414   0.0500583827877545
-0.350008676828661   0.199803937015681   164.906853972464   0.050008649747745
-0.299884460681312   0.199824551643282   9.30810673659458   0.0500476605897471
-0.249832632238443   0.199738225426991   151.767037249473   0.0500020697816192
-0.199805597319823   0.199966907920145   28.6580593482951   0.0500025533900325
-0.149727304026204   0.200061224856405   31.4344962537814   0.0500126785098678
-0.099681738403127   0.200147059805348   31.7869694992063   0.0500032727075208
-0.0496534307934265   0.200298882482458   87.1145075023892   0.0501160167732584
0.000243054852182206   0.200522256476101   105.521173521424   0.0500305332343601
0.0502554233299667   0.200449840813447   126.532059381773   0.050137615803365
0.125323901642006   0.250128751048094   98.6302115571881   0.0500258614779461
0.175230673254516   0.250273766004806   76.6324897761573   0.0500139857254763
0.225211984680547   0.250368733219356   28.3403271248014   0.0500362568780976
0.275219098317653   0.250291421168604   11.7045767249637   0.0500103933660675
0.325287562597768   0.250185191769531   167.034846347025   0.0500336193950752
0.375301162288761   0.25013082053602   30.3631926336562   0.0500250534017948
0.425253749802527   0.250176446430949   90.742211928075   0.0500011330838271
0.475170209132381   0.250216229271771   79.9848894143289   0.0500158877065949
0.525141790711409   0.250124858220665   137.1889756733   0.0500390541414255
0.575123245532238   0.250026703996558   123.293989153042   0.0500030328885964
-0.374884132371548   0.24991842307844   153.391602554553   0.0500275693613247
-0.324859260870269   0.249721795239147   37.2628641685103   0.0500217951581422
-0.27481003421793   0.249812568823076   141.581452508871   0.0500547686027883
-0.224831255662347   0.249776281544844   60.6998257270248   0.0500447872132546
-0.174794643584901   0.249961890671534   16.961065199561   0.050007968184041
-0.124748983803637   0.250061991382008   23.5834007099549   0.0500023953104724
-0.0746954011880181   0.250277156719856   29.7212763125296   0.0500139369702103
-0.0247509368019595   0.250482345864144   49.2696284140596   0.0500278389699111
0.0252556713950935   0.250511066060645   20.8674708006594   0.0500332540222889
0.0753090969707303   0.250391180955848   139.033883750274   0.0500043515194372
0.150286339441792   0.300241973901891   56.0083495056389   0.050003102821422
0.200223249045366   0.300336492506204   104.00095126253   0.0500005314525316
0.250221329673835   0.300264795096914   158.267079020344   0.050001603920349
0.300249933739553   0.300189816379569   128.501390422794   0.0500539039488796
0.350274495774897   0.300203924716807   64.0096571910116   0.0500017600604841
0.400231022160301   0.300184835951171   110.459645350504   0.0500509035070594
0.450181205437452   0.300277463938188   88.8621240788226   0.0500012026642923
0.500129722218   0.300184823943179   124.548731199061   0.0500048577164736
0.550124411229143   0.300079066468425   110.231510353391   0.0500488059837499
0.600134903961151   0.299932979709807   171.53691906833   0.0500118352193653
-0.349799406003213   0.299744273601693   167.976666931709   0.0500460341810459
-0.299784214974119   0.299802371081951   93.245274754507   0.0500518132489231
-0.2498168510313   0.299703398533705   37.7711726217111   0.0500397086659594
-0.199761402849529   0.299827326999561   31.4619408510913   0.0500678582297777
-0.149801134246577   0.299987759769712   59.6048585820729   0.0500197973256378
-0.099820613083217   0.300165588133513   36.3241448253694   0.0500415037975433
-0.0497766784936467   0.300386188785498   10.0023846131798   0.0500073090187927
0.000322264570468997   0.300416616189182   9.89957828915268   0.0500247834959961
0.050335915900707   0.300515923483788   117.912568575676   0.0501003541450764
0.100325697091213   0.300318981788437   154.397713782569   0.0500009409409534
0.175260563813489   0.350411894406065   74.9895776685506   0.05002678344833
0.225183463211276   0.350324608157863   103.329705249371   0.0500233798624599
0.275191097011349   0.350228172005573   176.184717768249   0.0500402004532518
0.325209192466885   0.350135841795505   101.90524687271   0.0500105714943353
0.375155027977184   0.350279977813119   109.540258964192   0.0500911728391498
0.425123899108063   0.35020752938181   130.534231714892   0.0500490040601593
0.475138651945563   0.35030801552306   104.590374841098   0.050015785195116
0.525104027900248   0.350129665133415   136.939500326466   0.0500399992191503
0.575151943334156   0.34996500171993   146.546859441287   0.0500634450786502
0.625172815549706   0.349848403202787   128.583665879988   0.050012764237737
-0.32484498428506   0.349759026409251   42.5439296712911   0.0500385297548102
-0.274801057628376   0.349731042311026   137.992424762868   0.050008522632252
-0.224765632237656   0.349741393458665   46.3267274189857   0.0501199799192884
-0.174758649347426   0.349947329866583   75.7729238816918   0.050006892325901
-0.124821843268078   0.350082560744365   58.2925681601003   0.0500062640085134
-0.0748200942988374   0.350299631530251   23.8683724183812   0.0500333406600024
-0.0246891475832391   0.350356864667445   13.7742878649394   0.0500423938183778
0.0253046935419422   0.350463698392876   47.765883920673   0.0500533257999661
0.0753650722533895   0.350386866320158   125.553573956175   0.0500166946439364
0.125366077738883   0.350295019492764   63.6636797873148   0.0500115667868179
0.200310468445626   0.400497900313152   90.4529500267379   0.0500392445569335
0.250247161243108   0.400266376614655   111.299204687833   0.0500130170389395
0.300227314736661   0.400202699597361   83.6184335871355   0.0500322015831924
0.350168803631698   0.400233611923363   44.8783149233999   0.0500002971892588
0.400135990225917   0.400302090820968   105.899077412712   0.0500090578889509
0.450098993366382   0.400185826033446   47.1303749723174   0.0500528503395
0.500121157190069   0.400251744182246   95.8832272818458   0.0500239928613968
0.550137104986309   0.400046715026127   135.269172247398   0.0500030272886046
0.600164318042618   0.399876847958212   141.975664923595   0.0500621757394211
0.650229763052927   0.399760889072554   166.144448745975   0.0501113171355351
-0.29980629132235   0.399695896069825   92.3087760449672   0.0500202576934043
-0.249830006299193   0.399658312621695   140.312131373299   0.0500761029785517
-0.199850765056217   0.399858246487166   34.2058833549676   0.0500069215210974
-0.149806576464126   0.399984087452067   4.26059768831093   0.0500081784862336
-0.0997804426448048   0.400192587063427   46.7056430925481   0.0500192846721175
-0.0497681844539605   0.400219112448709   35.0092104592462   0.0501836801712419
0.000237906080487022   0.400415915943233   155.215514825681   0.0500838964454042
0.0503412954321917   0.400406935339741   160.454985299363   0.050048794945334
0.100407623654199   0.400352815069492   146.022943285695   0.050009931453553
0.15035927450038   0.400413270808151   70.3923508113779   0.0500055998502517
0.225291071309761   0.4504595564247   121.172809041652   0.0500136969305487
0.275194399185572   0.450247219480808   116.48207929062   0.0500091509391897
0.32515137403613   0.450306442749088   122.817810261155   0.0500188212208562
0.375186586336362   0.450314911485244   169.71521522755   0.0500051647858188
0.425202068456738   0.450266256882006   111.704187566061   0.0500256669268149
0.47513600825273   0.450264359886375   52.1790981093173   0.0500078800637696
0.525135552648882   0.450162029142082   165.551621328148   0.0501098234657954
0.575166045764642   0.449924296906398   158.323395878167   0.0500462690115382
0.625215101831011   0.44974183159597   140.724003518818   0.0500330812003676
0.675213431361635   0.449747104226354   110.166824675091   0.0500394346363288
-0.274841996393874   0.449719328932171   138.347756935829   0.0500665034295127
-0.224869510595884   0.449767555772903   75.479915810608   0.0500338505915014
-0.174886927184668   0.449863656801208   104.228522543621   0.0500533002273705
-0.124953743996137   0.450017823138043   91.6062191552974   0.0500140238938378
-0.0749198280134718   0.450189739198133   169.951859628591   0.0500085012634381
-0.0248836639554463   0.450315930587094   19.9197836350017   0.0500002956127606
0.0251533179717761   0.450301954184825   3.78396413001678   0.050031685267169
0.0752836949278145   0.450398134346972   165.927626216618   0.0500886714474888
0.125284742051827   0.450450352135856   84.1734348078928   0.0500005191682961
0.17522865454019   0.450499110515979   141.249598180446   0.0500191730157948
-0.249710783991098   -0.499666819224267   144.383333498805   0.0500447773413391
-0.199814396386984   -0.499660315262578   72.6781423799447   0.0500438511520266
-0.149795733473079   -0.499704996054916   153.985573429168   0.0500039034092257
-0.0997554985681462   -0.49970588227931   156.462167029894   0.0500091723350773
-0.049731277075958   -0.49971384612498   115.013770495841   0.0500207110658053
0.000269820333720042   -0.499771726869192   143.441798076556   0.0500050595097877
0.0502641365787809   -0.49996159985304   135.34576960004   0.0500134775656938
0.600178813469462   0.499829887759718   118.281411303414   0.0500012352243485
0.650142197326007   0.499793921539587   84.2575526362911   0.0500917593402415
0.700085569527458   0.499769830684776   125.487442774734   0.0500258695696404
-0.249967091491371   0.499776304595107   99.7055926176383   0.0500042664228627
-0.200016652260205   0.499863969032631   90.4332772472559   0.0501227928575845
-0.150005097708118   0.499989900146094   53.2777541474954   0.050046221151333
-0.599933674122063   -0.499923081181044   49.0960599219606   0.0500383696667259
-0.549894083897949   -0.499883692053817   158.883269753792   0.0501254092131734
-0.499825655755806   -0.499677621902151   132.052093439276   0.0500157521637845
-0.449850779167548   -0.499665797846829   133.483376793166   0.0500045932473904
-0.399825279055131   -0.499606640979959   124.780448388706   0.0500150628320776
-0.349765976463736   -0.499534986494768   169.35592273292   0.0500264088220675
-0.299705822284676   -0.499538444230305   144.047995046209   0.0500358303160635
-0.224875341845913   -0.449583080284285   85.3986269403462   0.0500100603285992
-0.174878483749213   -0.449593864298495   166.734035718425   0.0500527755564788
-0.124799467098683   -0.449731549937568   19.5527269876458   0.0500428140602925
-0.0748193737612885   -0.449681674814252   116.984654343664   0.0500386830094896
-0.0248013878986627   -0.449760572512136   157.433784035746   0.0500598723187812
0.0252171679423504   -0.449898307733416   129.935564668012   0.0500699036744511
0.0752171215204344   -0.45007741819473   121.468334342579   0.0500194858096443
0.125148584629469   -0.450168350468086   123.633450894582   0.0502164834534864
0.175088293669618   -0.450196434070214   132.27925331413   0.050052345868995
0.225035256667948   -0.450187274939639   121.726045463246   0.0500709909025341
-0.724911486692552   -0.450119753199528   26.6211523927681   0.050072966733686
-0.674869353449587   -0.450081360496116   24.0510144304745   0.0500238907679875
-0.624840728020465   -0.449917826068385   71.8460291812585   0.0500028765592663
-0.574871554111894   -0.449873390518331   52.7203231099665   0.0500188199096225
-0.524949352488404   -0.449791099377954   90.6962973290977   0.0500266175639246
-0.475001969441275   -0.449648127375179   130.779778568544   0.0500118580823243
-0.424966741819427   -0.449622954786258   175.961807631499   0.0500706767103026
-0.374928778255162   -0.449631105443353   148.89398472184   0.0500031694718751
-0.324900065536678   -0.449603228769823   164.070514243935   0.0500163289815479
-0.274820894234394   -0.449558109372327   138.53710105923   0.0500429103526897
-0.199809156299575   -0.399585676045778   5.26385859277438   0.0500585446375429
-0.149826622107146   -0.399667947906416   125.207504139711   0.0500233799676868
-0.0998608290626607   -0.399630178714331   140.019898886488   0.0500195206967731
-0.0498466486962905   -0.399715165697129   142.74941554026   0.0500331524550118
0.000173868245362755   -0.399792086674442   141.586211570951   0.0500214929561212
0.0502128885806375   -0.399963336504097   110.154114425052   0.0500075957867621
0.100103299624249   -0.400041749957301   118.904857997423   0.0500040743638689
0.150035183955066   -0.400143642014848   100.820742794106   0.0500288001958995
0.200008818947884   -0.40018539366928   86.1296020964493   0.0500471815251106
0.249930970027156   -0.400209502918722   140.835830528776   0.0500301684493531
-0.70002423958071   -0.400153497026088   167.930222442074   0.0500299010085438
-0.650015560118426   -0.400014744589107   133.130421266383   0.0500244017470391
-0.599971590001152   -0.399889953678478   132.255587699131   0.050038053751011
-0.549980586266768   -0.39975459320924   101.874835253607   0.0500067130337464
-0.500074694740884   -0.399661791209167   104.722767888003   0.0500209945940206
-0.450097776196765   -0.399675494270326   114.026222033812   0.0500146596072197
-0.400086871250895   -0.399633227970577   173.763246499547   0.0500065372522104
-0.35004804870579   -0.399698679836241   162.082893082159   0.050028147422197
-0.299984312841876   -0.399612274246049   135.388226964353   0.0500717596954496
-0.249934346394396   -0.399558039888513   162.154374199482   0.050029148419589
-0.174859095188822   -0.349654555834384   144.868702513121   0.0500294851769344
-0.124901267224703   -0.349557241725828   69.8636125963204   0.0500420297561135
-0.0749107378270116   -0.349630308209927   149.67959094473   0.0500028188982717
-0.0249061383832322   -0.349769377783003   151.55428649174   0.0500290278987018
0.0251135675985956   -0.34983783615861   125.083208519757   0.0500760240172168
0.0751281272290761   -0.349919736570197   124.080127453777   0.0501013521497483
0.125061230033266   -0.350051894186077   121.832994944589   0.0500446289711365
0.175028972838159   -0.350104879234126   108.380541701145   0.0500024311250945
0.224950833951975   -0.350169314111048   99.7549676649628   0.0500059829674511
0.274889622113871   -0.350197304321079   85.9335434846316   0.0500073373460402
0.32479835303128   -0.350124586471141   76.2357299509462   0.0500055220550503
-0.625215460870449   -0.349959397014024   114.4238971109   0.0500096567196546
-0.575273137486155   -0.349794547982222   133.88446530932   0.0500040147721082
-0.525215484311691   -0.349674758811382   160.285204311895   0.0500058234529484
-0.475113099424789   -0.349652372844556   160.434813409573   0.0500374194496882
-0.425161473463368   -0.349650792470214   42.5208403943126   0.0500454467390313
-0.375111146533698   -0.349721030340802   154.432156893576   0.0500210771012719
-0.325017057183224   -0.349730556497136   15.9711532189516   0.0500349496840479
-0.275011116135194   -0.349611511728072   111.369190852605   0.0500033821226187
-0.224971739185189   -0.34969281444559   137.222694098458   0.0500335803722119
-0.149919829562362   -0.299658159072217   173.739784646599   0.0500076000116144
-0.0998886661222527   -0.299604095506435   154.223827344161   0.0500140375514815
-0.0498311604552306   -0.299721618543895   160.589828231812   0.0500757315696076
0.000165861701106801   -0.29979846197295   91.5424101944225   0.0500293417155969
0.0500620642270796   -0.2998052226461   131.950281945886   0.050024850314279
0.100028239938342   -0.299923260174922   111.975016518501   0.0500721539012868
0.149975491926984   -0.300039278713093   92.3758508356864   0.0500327844903638
0.199963975838375   -0.300094595155118   77.5318691792735   0.0501903618721101
0.249921003288089   -0.300117585497606   88.1930960439298   0.0500453321647883
0.299868060444237   -0.300084324836833   102.614917146503   0.0500046136302107
0.349734583384844   -0.299879186177083   76.7410215630352   0.050033869544241
-0.600318168543784   -0.299810545501716   57.0108355840344   0.0500597969036553
-0.550316620832236   -0.299798872989276   44.9547442957349   0.0500368170470541
-0.50027357512909   -0.299836420862664   163.276962044699   0.0500457889457063
-0.450201969341154   -0.299770759362738   163.875796885618   0.0500430017817589
-0.400124107368329   -0.29965800051089   155.781815021562   0.0500033380828023
-0.350150431423092   -0.299804026399004   117.066887319154   0.0500534748996715
-0.300129526133769   -0.299710725224839   21.3902706859288   0.0500068316368532
-0.250049453662433   -0.299677513261385   159.623219331836   0.0500088919132271
-0.199950976028409   -0.299753559409116   179.602518427979   0.0500273320584798
-0.124926275623222   -0.249727297164212   168.434457800515   0.0501267549224148
-0.0749004900035092   -0.249719652187735   140.238725452326   0.0500004579983124
-0.0249210794618251   -0.249712062477779   103.785283213628   0.0500000638653609
0.0250378853608737   -0.249727124474953   143.509535149548   0.0500392561162477
0.0750368150091448   -0.249865994777383   136.971879715968   0.0500138492595993
0.12504824231363   -0.249963532136643   138.754910412827   0.0500390539162155
0.175020145013369   -0.249976789819276   72.3230155817022   0.050009491589001
0.224948576642159   -0.250078124486488   107.8249162583   0.0500286049995099
0.274870981687772   -0.250034077672602   113.114576732766   0.0500614983496371
0.324808442079986   -0.249922812192316   55.6294048733437   0.0500882275268838
0.374753196038465   -0.249799938803602   34.3896472049028   0.05003955436019
-0.575154404306332   -0.249757279708397   39.4882621328361   0.05004930018591
-0.525189471187476   -0.249768550371559   94.5481113659558   0.0500056823612175
-0.475252751771178   -0.24985726254043   80.0094023261776   0.050034704847755
-0.42523367200588   -0.24978902757167   34.6658404707246   0.0500058456872748
-0.375219613586239   -0.249720144523889   118.50438789782   0.0500478506917644
-0.325166114500763   -0.249796717153715   16.0731291383846   0.0500378619273002
-0.275097364109683   -0.249705663796245   157.120139918026   0.0500675306897651
-0.225068579784828   -0.249828205722966   144.515252990356   0.0500200062929744
-0.175027930984849   -0.249774467041774   176.76783514167   0.0500164836163062
-0.100015054103381   -0.199775934386445   42.6350023184771   0.0500097214021002
-0.0499432764500607   -0.19976482581433   29.9361186951302   0.0500374392654631
8.34422997403744e-05   -0.199666954569969   81.0605672905331   0.0500594216842085
0.0500215190126965   -0.199759463697235   119.816834791462   0.0500353087323817
0.10003181728291   -0.19995521154115   104.183410485855   0.050010132849871
0.150001089376364   -0.200060189258708   106.760080483715   0.0500566015078248
0.200013759375887   -0.19996908725092   86.0625860374691   0.0500089333311592
0.24991083856912   -0.199948377982404   75.9605735503973   0.0501983249720217
0.299827698083309   -0.199949829960795   68.8018529212805   0.0500119540409586
0.349890008334091   -0.199852791083474   23.8079479514726   0.0500013140026697
0.399908537612919   -0.199832335759788   43.137574206944   0.0500143612126473
-0.550087413961818   -0.199699189915673   72.3509181763982   0.0500091527374574
-0.500121574183185   -0.199769585750841   104.607840701349   0.050015992404432
-0.450121499062407   -0.199833985955227   48.5489048322702   0.0500310810982828
-0.400164153813244   -0.19970093220052   82.5952316333278   0.0500402663738758
-0.350167056353913   -0.199843634640466   170.595494186761   0.0500732244552594
-0.300113942145796   -0.199763434794127   35.3625907452494   0.0500051868398722
-0.250056939457423   -0.199825315179025   3.12298968516947   0.0500040287436997
-0.200027231817375   -0.199881106087923   16.1675295574962   0.0500138912185194
-0.149967575432256   -0.199791902108635   68.5414794891682   0.0500384237080982
-0.0748593017171606   -0.149813822887666   31.0427898940023   0.0500165651418122
-0.0249123777935176   -0.149727588088382   69.2237117772596   0.0500509706359124
0.0250585212866758   -0.149645383301559   133.046246571866   0.0500071351013584
0.0750523773738641   -0.149904393240796   136.532929999147   0.0500704411634453
0.125042844348554   -0.149992301095891   118.186273484413   0.050020659565209
0.17502704341602   -0.150019414387625   61.5352451758213   0.0500102865759189
0.224973943911747   -0.149959766048467   77.4639301660577   0.0500092179268383
0.274940194516502   -0.149870999804453   101.124597818544   0.0500172876576129
0.324881907524434   -0.149902557146866   82.5192586778345   0.0500123043978411
0.374914747615885   -0.149876101240909   133.004093835748   0.0501568206919903
0.424937240623307   -0.149774559849974   30.8533430109633   0.0500029205416992
-0.525054376486139   -0.149703313602339   123.877151513151   0.0500027937261777
-0.475046004190942   -0.149731957100594   74.4224482219585   0.0500107217287348
-0.4251172071575   -0.149718470213841   70.386177824767   0.0500284581305
-0.375112591642774   -0.149758112939898   140.008344266255   0.050108470395808
-0.325102963377548   -0.149918807361079   30.1913310751469   0.0500352349168711
-0.27504327906131   -0.149867010236333   168.62927822441   0.0500563142220383
-0.224946375171073   -0.149950781692523   29.7602018696874   0.0500209383717638
-0.174890891508527   -0.14988138450598   31.792723568677   0.0500005952635971
-0.124893603130541   -0.149760499769101   42.0109361807881   0.0500247714768146
-0.0498749532356073   -0.0997377200783963   52.6110579565386   0.0500045111859636
0.000100882262202371   -0.0996634256333782   50.146375959762   0.0500565024950405
0.0500904368377918   -0.0997862392049183   119.113626984321   0.0500106093232094
0.100017048506049   -0.0999241868725689   116.757648144962   0.0500267022143999
0.149992572879235   -0.100050650544623   140.512758116047   0.0500486595863705
0.200030312824627   -0.0999710994036817   46.2334101736549   0.0500252820876418
0.249975433369159   -0.0998472301010473   55.9176994093115   0.0500251103410324
0.299925096495127   -0.0998548350716801   71.1044728918777   0.0500661221859385
0.349913500878639   -0.0997963763679788   104.434240860603   0.0500442728758621
0.39989804476668   -0.099911429324032   33.162649559929   0.0500364054599354
0.44983760197722   -0.0996854843383597   64.1792629059093   0.0500042188276842
-0.500142169098013   -0.0997300002347313   162.841709809388   0.0500230802409912
-0.450095911572377   -0.0996965666474121   164.671231123093   0.0500560521694778
-0.400066219756108   -0.0997506781234364   7.0078288342398   0.0500032768193633
-0.35005532713963   -0.0998718165847313   105.085038937815   0.050000492794542
-0.300087567918746   -0.0999590226146015   35.0472118263043   0.050012904497896
-0.249973494422146   -0.100011938712054   179.679344364628   0.0500289587945003
-0.199907639374102   -0.0999571028389395   2.21370835369988   0.0501427821530123
-0.149854000956215   -0.0998601980520145   41.4138833798019   0.0500286883243725
-0.0998619354683236   -0.0997736791805335   51.1824085076893   0.0500060131400106
-0.0248116692444092   -0.0496615709017515   85.1696870449114   0.0500003143590141
0.0251242246790339   -0.0496157818316578   116.718691831801   0.0500110645937917
0.0750904382065637   -0.0498556125538425   130.320195851736   0.0500289627064185
0.125080652352953   -0.0499814494185241   98.4511569137197   0.0500038107404021
0.175059719727138   -0.0500659129417055   59.7661900214857   0.0500069266091233
0.224992942183359   -0.0499080805054382   66.5946946506364   0.0500227735636162
0.274996993187403   -0.0498052808251444   86.6982407532369   0.0501024463528595
0.324911279923796   -0.0497735743664907   66.3576073770302   0.0500529813140407
0.374909387323836   -0.0499140910919991   106.358104305299   0.0500506927142924
0.424847701946858   -0.0498224371294049   31.9064800575132   0.0500057676657765
0.474908147220617   -0.0496520736683656   1.00505523478452   0.050018023075515
-0.475090323288258   -0.0497449694391182   80.807806837794   0.050026671283698
-0.425072855577973   -0.0498282432499311   175.484530634796   0.0500317814930878
-0.375007215939581   -0.0498734176207016   8.6050879168977   0.0500010752955376
-0.324879856342928   -0.0499075389408341   33.6369907763143   0.0500086805402342
-0.274832636279299   -0.0500220757915636   70.2142758819968   0.0500023173214332
-0.224902249307393   -0.050048486187779   60.8339410260716   0.0500884520266671
-0.174819941794721   -0.0499469248378047   39.9262163123521   0.0500351199656267
-0.124756281698452   -0.0498227111233513   31.5658967472069   0.0500358798349279
-0.074780692078597   -0.049795406795981   38.6812197926931   0.0500146373933836
