0.25441477107328347   0.00051041645999912289  1.934093505273962e-05     
0.50882954214656695   0.00050015751861850787  1.9370609753499596e-05     
0.76324431321985042   0.0004828311459875077  1.9209996167868954e-05     
1.0176590842931339   0.000459802074775398  1.9069597113866504e-05     
1.2720738553664175   0.00043404514184306596  1.9086269574172864e-05     
1.5264886264397008   0.0004086906788957187  1.9557085894743276e-05     
1.7809033975129842   0.00038856888576562048  2.0557291216669017e-05     
2.0353181685862678   0.00038124331779506207  2.2409763520607642e-05     
2.2897329396595514   0.00039831046365705321  2.5562290334564388e-05     
2.544147710732835   0.00045738083434953328  3.0383769654928244e-05     
2.7985624818061181   0.00058853462356747314  3.7937211587824817e-05     
3.0529772528794017   0.00084156893834467371  4.9773006491246667e-05     
3.3073920239526853   0.0013087973732805597  6.955436763810485e-05     
3.5618067950259684   0.0021689834178443694  0.00010387685428789089     
3.816221566099252   0.0038061241656632675  0.00016682529485415337     
4.0706363371725356   0.0071659577416624741  0.00029501296605432165     
4.3250511082458187   0.015078946210851298  0.00059280232584314158     
4.5794658793191028   0.039201455197320052  0.0014921961453825104     
4.8338806503923859   0.17459525421499443  0.0064093493980253537     
5.0882954214656699   399.19814653264558  0.028795896315674204     
5.3427101925389531   0.23672744832603307  0.0092157009633095251     
5.5971249636122362   0.062262478053072769  0.0024406940717197479     
5.8515397346855202   0.029044065627704401  0.0011634500111915907     
6.1059545057588034   0.016914157801063228  0.00070326574186120808     
6.3603692768320865   0.011085756266157543  0.00048695422740502848     
6.6147840479053706   0.0078380478641645547  0.0003734002770549162     
6.8691988189786537   0.0058952648431554085  0.00030952644084279894     
7.1236135900519368   0.004743008197958259  0.00027631293449618017     
7.3780283611252209   0.0041678987140613391  0.00026556476847373655     
7.632443132198504   0.0041045173094090081  0.00027189105343321054     
7.886857903271788   0.0046091673756458769  0.00029760072263073382     
8.1412726743450712   0.0058504817594389917  0.00034720081671436077     
8.3956874454183552   0.0082031493541874004  0.00043660575120589208     
8.6501022164916375   0.01241568996045709  0.00059298769891692846     
8.9045169875649215   0.020098312082725383  0.00087435452739028983     
9.1589317586382055   0.035172267125049833  0.0014303785522181459     
9.4133465297114878   0.069148267185155612  0.0026720805537747778     
9.6677613007847718   0.16830334778343625  0.0062626199327884824     
9.9221760718580558   0.69459910216898308  0.024576090983860251     
10.17659084293134   396.80256568013273  0.11439963474450997     
10.431005614004622   0.94570655951473984  0.037659202476017215     
10.685420385077906   0.23240456925007818  0.00917423179903348     
10.93983515615119   0.10340511028750156  0.0041492246254263671     
11.194249927224472   0.057816704508673499  0.002398263210313257     
11.448664698297756   0.036523788546301554  0.0015955830990799698     
11.70307946937104   0.024945698826699354  0.0011786073801420646     
11.957494240444323   0.018140867011956682  0.00094218882744187409     
12.211909011517607   0.014103163432933335  0.00081192264696167034     
12.466323782590891   0.011953650381660547  0.00075405122742729994     
12.720738553664173   0.011335413301558861  0.00074662661203350335     
12.975153324737457   0.012264178273669031  0.00079100109118278475     
13.229568095810741   0.015050824594001909  0.00089387539077483949     
13.483982866884023   0.020500337092800241  0.0010896159669955065     
13.738397637957307   0.03026546395563866  0.0014365880259230129     
13.992812409030591   0.04791944489461961  0.0020604182375388585     
14.247227180103874   0.082134976552184034  0.0032833507341654966     
14.501641951177158   0.15813633582871204  0.0059741461183482806     
14.756056722250442   0.37602880900156077  0.013600400967368972     
15.010471493323726   1.4957604243372717  0.050719534212975819     
15.264886264397008   392.84298841196374  0.25448470552365676     
15.519301035470292   2.1863935349683879  0.088697144933055553     
15.773715806543576   0.51631060808328851  0.020421072811891492     
16.02813057761686   0.2250240211037128  0.0089979620388380486     
16.282545348690142   0.12380957480009439  0.0050980218130861459     
16.536960119763425   0.077125455793854868  0.0033356450706686525     
16.79137489083671   0.051976888380860779  0.002425850147091909     
17.045789661909993   0.037277519326885234  0.0019086566040267802     
17.300204432983275   0.028529139311945169  0.0016181665108052027     
17.554619204056561   0.023733501412025302  0.0014779325763495591     
17.809033975129843   0.022024015777390527  0.0014383019651183933     
18.063448746203125   0.023298075991183887  0.0014969107576273249     
18.317863517276411   0.028016536519523727  0.0016608175571161853     
18.572278288349693   0.037535109768106953  0.0019867280183624971     
18.826693059422976   0.054693279773476886  0.0025713301884073766     
19.081107830496261   0.085651476197846575  0.0036245706711736886     
19.335522601569544   0.14532825463983657  0.0056816450500634708     
19.589937372642826   0.27681028915794977  0.01016569911282544     
19.844352143716112   0.64934897817152957  0.022689965255754358     
20.098766914789394   2.5143937946362546  0.081195668630040628     
20.35318168586268   387.3682800698083  0.44525708839560804     
20.607596456935962   4.0126251428004471  0.16519914414728081     
20.862011228009244   0.91651307286632263  0.036135749057917938     
21.11642599908253   0.39406766738124527  0.015619908787877924     
21.370840770155812   0.21483677317304525  0.0087360075133422109     
21.625255541229095   0.13285077038052632  0.0056612394496409412     
21.87967031230238   0.088911908617794901  0.0040820030232771866     
22.134085083375663   0.063282883459009896  0.0031827014229836687     
22.388499854448945   0.04797038901323081  0.0026721810668275275     
22.642914625522231   0.039403023430265597  0.002415049482043088     
22.897329396595513   0.03598303802920719  0.0023231545643468574     
23.151744167668795   0.037403531572253833  0.0023874405304724798     
23.406158938742081   0.044267950091606543  0.0026125611847428366     
23.660573709815363   0.058573844740721461  0.0030790083575623497     
23.914988480888645   0.084573030474716047  0.0039250899472341335     
24.169403251961931   0.13151419955461373  0.005454039971845897     
24.423818023035214   0.22175289689692972  0.0084341220137601246     
24.678232794108496   0.41946279963331339  0.01488478029750372     
24.932647565181782   0.97445613829203165  0.032679602080625632     
25.187062336255064   3.6892190187091382  0.11264586464668362     
25.441477107328346   380.44543170246863  0.68157712280666237     
25.695891878401632   6.4715788079643415  0.26940022308538721     
25.950306649474914   1.4324543544705568  0.056007877059580719     
26.204721420548196   0.60934698290044156  0.023810986635678502     
26.459136191621482   0.33011503966228585  0.013184664353955948     
26.713550962694764   0.20322430332622152  0.0084897700818292046     
26.967965733768047   0.13545313705674945  0.0060901229535453433     
27.222380504841333   0.095950805319463292  0.0047218375672802284     
27.476795275914615   0.072252466703978338  0.0039395675629345499     
27.731210046987897   0.058773238854500232  0.0035346617047373571     
27.985624818061183   0.052966219327883473  0.0033707412637206681     
28.240039589134465   0.054229231269343724  0.0034292393825187732     
28.494454360207747   0.063287042967851413  0.0037089607037064172     
28.748869131281033   0.082840137544739505  0.0043132401253106996     
29.003283902354315   0.11871854539420663  0.0054213658706483004     
29.257698673427601   0.1836312808558849  0.0074307943741145695     
29.512113444500883   0.30824772491962401  0.011342693337366458     
29.766528215574166   0.58011953330730037  0.019762652967923019     
30.020942986647452   1.3372297565859673  0.042728943804118055     
30.275357757720734   4.9625340838731769  0.14210528240166624     
30.529772528794016   372.15818865360201  0.95712353415047627     
30.784187299867302   9.60231409328069  0.40275814544894607     
31.038602070940584   2.0603432043628131  0.07945689515912727     
31.293016842013866   0.86829879887706483  0.033255974434222045     
31.547431613087152   0.46813040947393434  0.018258390836836046     
31.801846384160434   0.2873324105252664  0.01170392954052235     
32.05626115523372   0.1910216837365161  0.0083707715768548075     
32.310675926306999   0.13488804652954112  0.0064682803367385856     
32.565090697380285   0.10107482919550544  0.0053752227869350316     
32.819505468453571   0.081570528459958627  0.0047983152318881336     
33.073920239526849   0.072671502077910582  0.0045449770857154962     
33.328335010600135   0.073387790748789616  0.0045848386572419013     
33.582749781673421   0.084532136614657925  0.0049070513450337044     
33.8371645527467   0.10953942521492721  0.0056346817662914607     
34.091579323819985   0.15592339660369512  0.0069835689630270096     
34.345994094893271   0.24009492087684443  0.0094384211698360932     
34.60040886596655   0.40159916677918097  0.014213868871154525     
34.854823637039836   0.75274199439792986  0.024444665788531456     
35.109238408113121   1.7236792798067675  0.05205247559476763     
35.3636531791864   6.2812081862880396  0.16708774262593747     
35.618067950259686   362.60535534934594  1.2645933790588728     
35.872482721332972   13.434452278609239  0.56583165291023123     
36.12689749240625   2.7931163617400082  0.10564120338197816     
36.381312263479536   1.1670169785680569  0.04353824504815026     
36.635727034552822   0.62666166462462668  0.023720069443206838     
36.890141805626101   0.38383661101958139  0.015155811243168416     
37.144556576699387   0.25476427340909997  0.01082470083936816     
37.398971347772672   0.17951759989497856  0.008350800634150484     
37.653386118845951   0.13401277079671805  0.0069247590046504442     
37.907800889919237   0.10743890911632519  0.0061610868881297079     
38.162215660992523   0.094745236577525158  0.0058054004292455232     
38.416630432065801   0.094463621432336628  0.0058141002602989815     
38.671045203139087   0.10745163639486638  0.0061628907129668817     
38.925459974212373   0.13788181962928865  0.0069896666260343434     
39.179874745285652   0.19499805034375692  0.0085389917990482726     
39.434289516358938   0.29902671875226819  0.01136847492285431     
39.688704287432223   0.49864488175707003  0.016869373321688534     
39.943119058505502   0.93141834689985081  0.028609100505171094     
40.197533829578788   2.1203494051860286  0.059957241127725886     
40.451948600652074   7.5974783269537864  0.18564598042243551     
40.706363371725359   351.89882391592697  1.5959303775913924     
40.960778142798638   17.987037369150469  0.7581856670701768     
41.215192913871924   3.6205119462100097  0.13348235032278755     
41.46960768494521   1.5003335400354364  0.054155928559291768     
41.724022456018488   0.80283071748711188  0.029290995093142041     
41.978437227091774   0.49100320095739071  0.018673046810758142     
42.23285199816506   0.3255705467567462  0.013336844235423629     
42.487266769238339   0.22908883089400817  0.010287446476693878     
42.741681540311625   0.1705237384286354  0.0085264964980654464     
42.99609631138491   0.13594488264255867  0.0075731892701752104     
43.250511082458189   0.11878751592294859  0.007108638579880611     
43.504925853531475   0.11702069231244703  0.0070757290657096573     
43.759340624604761   0.13149651673558201  0.0074333206289025647     
44.013755395678039   0.16710249672453069  0.008327942013444946     
44.268170166751325   0.2348031612927932  0.010022284850652739     
44.522584937824611   0.35863265516717459  0.013126015592625544     
44.77699970889789   0.59636783617866782  0.019155378176958387     
45.031414479971176   1.1105358114937437  0.031983235408498336     
45.285829251044461   2.514676037914977  0.065873435568311435     
45.54024402211774   8.8695403903633187  0.19640801639399149     
45.794658793191026   340.16138125137262  1.9425731357704774     
46.049073564264312   23.267617268681117  0.97832861875185886     
46.30348833533759   4.5292569986157665  0.16170419344518123     
46.557903106410876   1.8619483091966433  0.064544010252706072     
46.812317877484162   0.99317876517115734  0.034663849735063275     
47.066732648557441   0.60674845291113655  0.022066744573630316     
47.321147419630726   0.40210049284179341  0.015781477525789434     
47.575562190704012   0.28269438151952351  0.012189050913415096     
47.829976961777291   0.20995808456364106  0.010113979828953526     
48.084391732850577   0.16658495627268431  0.0089819002616075977     
48.338806503923863   0.14435871746166121  0.0084100390030632082     
48.593221274997141   0.14061017202344245  0.0083288098810312001     
48.847636046070427   0.15613136399865927  0.0086775985514062673     
49.102050817143713   0.19647917151098913  0.0096046709552877397     
49.356465588216992   0.27427808702274172  0.011378311479542679     
49.610880359290277   0.41725053490736429  0.014634133888019127     
49.865295130363563   0.6919779095740403  0.020950041277368341     
50.119709901436842   1.2849294621859106  0.034356144922003899     
50.374124672510128   2.8952839555988783  0.069377213704596128     
50.628539443583414   10.061932922191958  0.19859285783627944     
50.882954214656692   327.52435425877198  2.2957141659998372     
