0.22051341764707871   28.950855407992018  0.051765363180205201
0.44102683529415743   7.5168544306883069  0.027106563612362538
0.6615402529412362   0.4123267080693809  0.0030402747939903206
0.88205367058831485   1.3448873735240876e-05  3.1393161797930551e-07
1.1025670882353935   0.067687592538672781  0.00062008301196234294
1.3230805058824724   0.13197200211098821  0.0010483024551246574
1.543593923529551   0.02865511422974996  0.00022572840934490935
1.7641073411766297   2.4633051474230402e-05  4.748451251468832e-07
1.9846207588237084   0.018368427450893461  0.00032809812436086066
2.205134176470787   0.053460907282447625  0.00081714336702699459
2.4256475941178657   0.034262953031030639  0.00058388310321073547
2.6461610117649448   0.000260953999213913  4.9758795292583327e-06
2.8666744294120234   0.34710289383547076  0.0021219017411088789
3.0871878470591021   0.48679920877013251  0.0060232626148452457
3.3077012647061808   0.052553669202600887  0.00090639032692411639
3.5282146823532594   0.0001442471971194223  2.20522508821958e-06
3.7487281000003381   0.013885671144915936  0.00019829817843689119
3.9692415176474167   0.031324314217449568  0.00044139509332587764
4.1897549352944958   0.013776770211080439  0.00016915592922150605
4.410268352941574   0.00011663830519991336  2.2164179863674253e-06
4.6307817705886531   0.0095274474306492555  0.00011392681315285708
4.8512951882357314   0.031438497706937203  0.00045837951232071669
5.0718086058828105   0.020486082337989869  0.00031597530525319626
5.2923220235298896   0.00033675805263710326  5.1818181577826579e-06
5.5128354411769678   0.037812405585081744  0.00070278625871869578
5.7333488588240469   0.55018151525291954  0.0066319606339200082
5.9538622764711251   0.44649218793188326  0.0030616105013081511
6.1743756941182042   0.0012961496655529786  2.5156534245268046e-05
6.3948891117652824   0.021914985716692979  0.00034448992483822629
6.6154025294123615   0.051146063935701949  0.00079838687729906929
6.8359159470594397   0.026344519763632545  0.00041161497350840882
7.0564293647065188   0.00040200882781273506  8.5490086466891157e-06
7.2769427823535979   0.016622385163313964  0.00014284765193941238
7.4974562000006761   0.12174697976314739  0.00094131979206529675
7.7179696176477552   0.10323291752658141  0.00076979311942976872
7.9384830352948335   0.0012957313802797677  2.7208945724229715e-05
8.1589964529419117   0.19429662594185322  0.0017847705913493967
8.3795098705889917   6.3830537311305936  0.028636254800184565
8.6000232882360699   39.368812580382989  0.0877377832099139
8.8205367058831481   393.56966878773208  0.011374071245525774
9.0410501235302281   19.129500836859375  0.024208292104567367
9.2615635411773063   8.2238381881588829  0.023514698503881469
9.4820769588243845   0.74592866636243527  0.0045063800600035134
9.7025903764714627   0.0019413014106354124  4.2415997908741633e-05
9.9231037941185427   0.038141134227931376  0.0004382009203832414
10.143617211765621   0.13174895736237301  0.0010947756805804864
10.364130629412699   0.044246005798003223  0.00034450943029609718
10.584644047059779   0.00091511590422687105  1.4499015471276835e-05
10.805157464706857   0.011383762638102433  0.00023095072946029229
11.025670882353936   0.052231871484349605  0.00077421750034733788
11.246184300001014   0.048529844879938929  0.00090761230153402172
11.466697717648094   0.0054222487652705562  0.00010519615968952502
11.687211135295172   0.23816821584498789  0.0013639005350595485
11.90772455294225   0.40669778060116404  0.005082618850977256
12.128237970589328   0.066579684736603235  0.0010583923224118978
12.348751388236408   0.0017184445713458042  2.5309434516753112e-05
12.569264805883487   0.0084062230238863286  0.00011738285337166826
12.789778223530565   0.029327807861203862  0.00039711929027147544
13.010291641177645   0.018222751610315381  0.00023611879493000858
13.230805058824723   0.0010556725520903241  1.9217412095846068e-05
13.451318476471801   0.0058716103816970415  7.1047213393280306e-05
13.671831894118879   0.02963642426685292  0.00044701434429799702
13.892345311765959   0.027675529534901452  0.00046600127966120423
14.112858729413038   0.0025085926524650475  3.7037910567579625e-05
14.333372147060116   0.024067694910729047  0.00047369000313574528
14.553885564707196   0.58633207204626415  0.0067716693374414801
14.774398982354274   0.52179384352774724  0.0041078497262980622
14.994912400001352   0.007061198634838311  0.00014586797069988627
15.21542581764843   0.012304050466975793  0.00018362319555578575
15.43593923529551   0.04572180938148985  0.00072213742927862218
15.656452652942589   0.034314526357056299  0.00047087350356613958
15.876966070589667   0.0021531193212394958  4.6493991632624835e-05
16.097479488236747   0.0084280783695943402  8.801129930978946e-05
16.317992905883823   0.10339680889637795  0.00079421966495199212
16.538506323530903   0.13924077942908485  0.00085181152344072709
16.759019741177983   0.0080393078661920259  0.0001441315521433277
16.97953315882506   0.073905781457870716  0.00084969617240998315
17.20004657647214   5.0118729370740938  0.027866007175154273
17.42055999411922   49.218391749937089  0.1260471646875787
17.641073411766296   374.83528870441563  0.043414225173786834
17.861586829413376   10.878951584862213  0.013500710421351945
18.082100247060456   8.3715560817549369  0.018626324116844709
18.302613664707533   1.1903714806993023  0.0060544027160776557
18.523127082354613   0.01080086041956042  0.00018442349876570855
18.743640500001689   0.017599254891646175  0.00026249606335898129
18.964153917648769   0.12084823720547244  0.0010685306281775279
19.184667335295849   0.062023493665549061  0.00049411406026251877
19.405180752942925   0.0033309642100549894  3.9802529132953626e-05
19.625694170590005   0.0060050937705224474  0.00013548792559350089
19.846207588237085   0.047635257284397975  0.00067871982978355391
20.066721005884162   0.063296346392583972  0.0012992045508550707
20.287234423531242   0.018839518656386312  0.00037379675645572491
20.507747841178322   0.13602567822478236  0.00078081215735620095
20.728261258825398   0.32055210835004426  0.0039883970137215923
20.948774676472478   0.078094768175191627  0.0011448409601004274
21.169288094119558   0.0049365448837437318  7.0511507254831335e-05
21.389801511766635   0.0043160396181079735  6.347287439744851e-05
21.610314929413715   0.025767206788254384  0.00033294060985436136
21.830828347060791   0.022356816229535277  0.00030747514096758383
22.051341764707871   0.0029573328518037719  4.9957424241681466e-05
22.271855182354951   0.0030574594153922587  3.7972674628611095e-05
22.492368600002028   0.026182256859299181  0.00041146139559645759
22.712882017649108   0.03468111358661295  0.00062816775375394553
22.933395435296188   0.0069839459768397128  9.4507270168806603e-05
23.153908852943264   0.012686691358576187  0.00025614032606024028
23.374422270590344   0.58698776303382439  0.0063870216496223039
23.594935688237424   0.5627659492980907  0.0051083327795169935
23.8154491058845   0.01663107489750383  0.0003734732070208312
24.03596252353158   0.0056509832734311491  8.3062505497223206e-05
24.256475941178657   0.038114023050658044  0.00060405208718020688
24.476989358825737   0.041087339705329192  0.0005011513528659146
24.697502776472817   0.0055846678324848325  0.00011563639593472721
24.918016194119893   0.0035270142640119367  4.8073447005854166e-05
25.138529611766973   0.080598667956008849  0.00062914066747754077
25.359043029414053   0.16908360068851187  0.00084889862083133274
25.57955644706113   0.025600215525881038  0.00039111820386382063
25.80006986470821   0.020772162603611622  0.00028776718517144548
26.02058328235529   3.6079943104935814  0.024956183700747624
26.241096700002366   57.316287102369365  0.16113344472209201
26.461610117649446   345.39444240257087  0.090301561131055154
26.682123535296526   4.8528361668806523  0.014677694689722991
26.902636952943602   7.9159484255352863  0.014042057182719283
27.123150370590682   1.7128560534028537  0.0075689784124705019
27.343663788237759   0.037099049624697466  0.00046516012703520258
27.564177205884839   0.0060609109830577353  0.00012248961860581255
27.784690623531919   0.10129338355675052  0.00097060419852863887
28.005204041178995   0.079603435083744731  0.00065774363260896733
28.225717458826075   0.0078599022900601077  6.8840709545893414e-05
28.446230876473155   0.0024249770521240222  5.8253177076371481e-05
28.666744294120232   0.040419359463182223  0.00055065893258016835
28.887257711767312   0.07672926651779208  0.0017178256985797212
29.107771129414392   0.042843808029161413  0.00085483325366426031
29.328284547061468   0.055924945904984315  0.00034167929503926574
29.548797964708548   0.23753425005612893  0.0029131249723871706
29.769311382355625   0.085559961565980758  0.0011615367491917987
29.989824800002705   0.009675042422182965  0.00014031708274525963
30.210338217649785   0.0016655446386150522  2.5993178562324093e-05
30.430851635296861   0.021170459737689635  0.00026049329684188309
30.651365052943941   0.025637964524899046  0.00037075465090869194
30.871878470591021   0.0058333679016667783  9.0483621641091279e-05
31.092391888238097   0.0011949786487891235  1.4179053997000059e-05
31.312905305885177   0.021584943744120419  0.0003579225017817945
31.533418723532257   0.040590215070932855  0.00077331758746231425
31.753932141179334   0.014122275416192756  0.00017007456708171872
31.974445558826414   0.0046155001635219123  9.0379939256989566e-05
32.194958976473494   0.54824819666135907  0.0055253224293421316
32.41547239412057   0.56506738286325625  0.0058807959158633851
32.635985811767647   0.029308625790350117  0.00070907911963053807
32.85649922941473   0.0017428315823793382  2.5483311080475939e-05
33.077012647061807   0.029503771691775863  0.00046614869682079801
33.297526064708883   0.045557496211484699  0.00050272752541157239
33.518039482355967   0.010928723867587102  0.00020986608077293604
33.738552900003043   0.0010192241033935864  1.7628265391669626e-05
33.95906631765012   0.057336962206247211  0.00046546966549852083
34.179579735297203   0.18691008998016212  0.00077495802580146069
34.400093152944279   0.058733141372397329  0.00077071211079902482
34.620606570591356   0.0037314255217593956  6.011897933290213e-05
34.841119988238439   2.3494053851063807  0.020401794402379468
35.061633405885516   62.646055744659581  0.18832495696481133
35.282146823532592   307.68077347332982  0.1436640203474308
35.502660241179676   1.3173697404653561  0.010521853752013801
35.723173658826752   6.9146428192614909  0.012263785862517291
35.943687076473829   2.254160213951027  0.008976969471340395
36.164200494120912   0.096247211149375586  0.00089447244965646288
36.384713911767989   0.001231789906197503  3.4734378003171963e-05
36.605227329415065   0.076851204618480405  0.00081601067161847536
36.825740747062142   0.094040449773298106  0.00081123226174063564
37.046254164709225   0.015180812479632108  0.00010579166673676331
37.266767582356302   0.00053092468335159754  1.2292211130300333e-05
37.487281000003378   0.031717765200677267  0.00041463876507255859
37.707794417650462   0.08692667745767524  0.0021041399756242049
37.928307835297538   0.07935948652983745  0.0015531595635514144
38.148821252944614   0.0093703161495418654  6.250345133326147e-05
38.369334670591698   0.16429794783748443  0.0019832549917049106
38.589848088238774   0.087999897805300518  0.0011121463748401818
38.810361505885851   0.015698396655391809  0.00024331036097670298
39.030874923532934   0.00037360306982787686  4.0512571071932176e-06
39.251388341180011   0.016161966339249355  0.00019117776016879083
39.471901758827087   0.027596125850995501  0.00041305027349539409
39.692415176474171   0.009625953140992667  0.00013916530716045742
39.912928594121247   0.0003035738102875554  2.185526217554776e-06
40.133442011768324   0.016490156659003199  0.00029201259021484904
40.353955429415407   0.044516683632618716  0.00087275876874531726
40.574468847062484   0.024147592455979549  0.00025806206630813116
40.79498226470956   0.0005426484968603614  7.4284728739240134e-06
41.015495682356644   0.47221803126445613  0.0043305926396124971
41.23600910000372   0.53063458081853928  0.0062690483663277921
41.456522517650797   0.044233498345559763  0.001125185730730101
41.67703593529788   0.00017478121015574323  1.865674380125663e-06
41.897549352944957   0.021050838482787449  0.00033033337083520882
42.118062770592033   0.046982462562426  0.00047893637780646641
42.338576188239117   0.018074801104391224  0.00031676368429483331
42.559089605886193   0.00013148816734611336  2.124477232433993e-06
42.779603023533269   0.036897146297967084  0.00031848725701691903
43.000116441180346   0.18929586249793921  0.00067743798726821983
43.220629858827429   0.10841572762618805  0.0012311559011448475
43.441143276474506   0.00049304717925975668  6.2987831205514783e-06
43.661656694121582   1.3552128190876998  0.014963658728708801
43.882170111768666   64.522319664703881  0.20462633395282594
44.102683529415742   264.6597499899356  0.19424658464663143
