0	1	0
1   0.95819839608087719   2.3066204173015213e-05   
2   0.9497575558303754   4.631300921901743e-05   
3   0.94817842923149626   6.6338259430207692e-05   
4   0.94707140375461388   9.3036001489252454e-05   
5   0.94606557451053058   0.00012558217066827458   
6   0.94531190899089634   0.00015446108604510395   
7   0.94478521658532876   0.0001770776544737284   
8   0.94445579177882494   0.00019677791931196117   
9   0.94426617351684026   0.00021294839075788612   
10   0.94418774601268735   0.00021364625741095304   
