0.25441477107328347   1.8939618769517339e-06  2.0994189626558153e-08     
0.50882954214656695   1.8341272955469962e-06  1.7908414803607187e-08     
0.76324431321985042   1.7109194397554438e-06  1.7031182359097728e-08     
1.0176590842931339   1.5464250640634811e-06  1.5873952587930301e-08     
1.2720738553664175   1.3379904426038896e-06  1.4366512714260835e-08     
1.5264886264397008   1.1062959094410267e-06  1.077392458588888e-08     
1.7809033975129842   8.6172445266342489e-07  7.9560834932896199e-09     
2.0353181685862678   6.2220512128563836e-07  4.4115991889803196e-09     
2.2897329396595514   4.2596627431736234e-07  1.8936792738023684e-09     
2.544147710732835   3.2890534511459591e-07  5.8989909909852698e-10     
2.7985624818061181   4.2723445342848719e-07  8.5467314063855613e-10     
3.0529772528794017   8.8766113170374601e-07  4.2282639336487886e-09     
3.3073920239526853   2.0220140400302987e-06  1.6582980652527743e-08     
3.5618067950259684   4.4344801399734398e-06  3.981427472183159e-08     
3.816221566099252   9.4858912950252941e-06  1.0111822451037443e-07     
4.0706363371725356   2.0625361660548806e-05  2.061958005662213e-07     
4.3250511082458187   4.8060104725746275e-05  4.7566504802342631e-07     
4.5794658793191028   0.0001353119687549208  1.2768599402352852e-06     
4.8338806503923859   0.00064671340034064935  7.2232446228180983e-06     
5.0882954214656699   787.25745900583896  0.00032576009530470662     
5.3427101925389531   0.00085478178602019949  9.4091084678683589e-06     
5.5971249636122362   0.0002355313548160698  2.3797647054238789e-06     
5.8515397346855202   0.00011082804815322995  1.1102070923770461e-06     
6.1059545057588034   6.4091733363994113e-05  6.726267766886927e-07     
6.3603692768320865   4.0477067889530845e-05  4.3566308487898195e-07     
6.6147840479053706   2.6657825926589015e-05  2.7310657375403215e-07     
6.8691988189786537   1.766091192476687e-05  1.7349507365314844e-07     
7.1236135900519368   1.1415153566784769e-05  9.6210488347569756e-08     
7.3780283611252209   7.0902074316451573e-06  4.6293793479943762e-08     
7.632443132198504   4.3309087797614175e-06  1.8908062244163766e-08     
7.886857903271788   3.2257782155837402e-06  3.5586388807673658e-09     
8.1412726743450712   4.2121715577114557e-06  8.6501023500628655e-09     
8.3956874454183552   8.4058626552947419e-06  5.3827857796619536e-08     
8.6501022164916375   1.8072431552214003e-05  1.4066055655435813e-07     
8.9045169875649215   3.8472147969265788e-05  4.0336330852175538e-07     
9.1589317586382055   8.2999846091644039e-05  8.0312138639281764e-07     
9.4133465297114878   0.00019112537584314909  1.8824296730430178e-06     
9.6677613007847718   0.00052928763463032623  4.8301103095420246e-06     
9.9221760718580558   0.002490445402143092  2.8053972238825911e-05     
10.17659084293134   749.84245221427727  0.001267557990751946     
10.431005614004622   0.0032299915846330449  3.5318616898235805e-05     
10.685420385077906   0.00088224199891540074  9.2257715346992493e-06     
10.93983515615119   0.00041282241289448141  4.163435765608997e-06     
11.194249927224472   0.00023908266125692311  2.5576280306913272e-06     
11.448664698297756   0.00015222930646943728  1.6378634743507375e-06     
11.70307946937104   0.0001019567690088043  1.0806048049630998e-06     
11.957494240444323   6.9499830794739392e-05  7.0716882057269497e-07     
12.211909011517607   4.6934979160111685e-05  4.3099146023801749e-07     
12.466323782590891   3.0839654478610123e-05  2.3797474018685188e-07     
12.720738553664173   1.9403154995933844e-05  1.2954597085589523e-07     
12.975153324737457   1.2347726111829721e-05  3.5942894233190814e-08     
13.229568095810741   1.000369970696098e-05  1.9556842114852687e-08     
13.483982866884023   1.4379195929001384e-05  5.4458804306057306e-08     
13.738397637957307   2.9745978227137108e-05  1.7540129850108836e-07     
13.992812409030591   6.6375940961013609e-05  6.7103301942498785e-07     
14.247227180103874   0.0001509317482860781  1.4007713277629277e-06     
14.501641951177158   0.00036303102911220488  3.5640903449838547e-06     
14.756056722250442   0.001037894763959162  9.1834798950844607e-06     
15.010471493323726   0.0050182744041636648  5.7092118059124497e-05     
15.264886264397008   690.14088381361272  0.002721303069290869     
15.519301035470292   0.006863346562267854  7.4557867425124994e-05     
15.773715806543576   0.0019149485089407773  2.0737087926659161e-05     
16.02813057761686   0.00091490338194791755  9.2939856981723422e-06     
16.282545348690142   0.00054288813267927267  5.9075549527967405e-06     
16.536960119763425   0.00035528814276367886  3.8143907657544878e-06     
16.79137489083671   0.00024576970475787053  2.6682739587712555e-06     
17.045789661909993   0.00017432365829062745  1.8114891792658553e-06     
17.300204432983275   0.00012385401437417886  1.1921320585937703e-06     
17.554619204056561   8.6742252080638359e-05  7.2647196274388635e-07     
17.809033975129843   5.8548512815341831e-05  4.6927503611905071e-07     
18.063448746203125   3.8382229019795116e-05  2.0704293815173833e-07     
18.317863517276411   2.5653954889325672e-05  7.659409108612325e-08     
18.572278288349693   2.3073428517553273e-05  4.0981633566396786e-08     
18.826693059422976   3.6535501450709599e-05  1.2618568707297081e-07     
19.081107830496261   8.0835136551181343e-05  7.5224421706235025e-07     
19.335522601569544   0.00019543901105800183  1.7166746924773138e-06     
19.589937372642826   0.00050071041759145062  4.916710364381091e-06     
19.844352143716112   0.0015044815387383056  1.3007377918494394e-05     
20.098766914789394   0.0075933191652220958  8.7431588810350641e-05     
20.35318168586268   611.95943945930824  0.0045213300054010969     
20.607596456935962   0.011233394813331505  0.0001212209513440019     
20.862011228009244   0.0032331290837039283  3.6299223356454542e-05     
21.11642599908253   0.0015898026579003773  1.6276342939873775e-05     
21.370840770155812   0.00097258247418714379  1.0749834570915464e-05     
21.625255541229095   0.00065708856566644107  7.0302018855057338e-06     
21.87967031230238   0.00047055031338247486  5.2005037227222338e-06     
22.134085083375663   0.00034720062837586959  3.6550629976252941e-06     
22.388499854448945   0.00025860242451864902  2.5590034667566986e-06     
22.642914625522231   0.00019179169460824189  1.6793942507277752e-06     
22.897329396595513   0.00013857263850518881  1.2147984847608559e-06     
23.151744167668795   9.750160206320049e-05  6.7297964224977387e-07     
23.406158938742081   6.5855815938054024e-05  3.698826062248981e-07     
23.660573709815363   4.6711686013253414e-05  1.4524484589845538e-07     
23.914988480888645   4.6565766316423768e-05  1.2162345769447428e-07     
24.169403251961931   8.2767248919792257e-05  6.3232076357700351e-07     
24.423818023035214   0.00020342773380943912  1.6566800611636804e-06     
24.678232794108496   0.00055971274954172776  5.5370978526100001e-06     
24.932647565181782   0.0017930619989320316  1.5451114661303468e-05     
25.187062336255064   0.0095743207876991934  0.00011193197377521563     
25.441477107328346   520.28228402729466  0.0064514560009101842     
25.695891878401632   0.015636132571766108  0.00016755689485715062     
25.950306649474914   0.0046738721321440243  5.4510951160281622e-05     
26.204721420548196   0.0023767842497318865  2.4542303308713014e-05     
26.459136191621482   0.0015039162188450019  1.6867621035491115e-05     
26.713550962694764   0.0010507140758079302  1.1190426470022178e-05     
26.967965733768047   0.0007789878114731908  8.727404660432014e-06     
27.222380504841333   0.00059681468789839458  6.3331060266566801e-06     
27.476795275914615   0.00046396199691761752  4.6695619843824657e-06     
27.731210046987897   0.00036170813890738748  3.2507990060586302e-06     
27.985624818061183   0.00027721072832272318  2.5526923182517714e-06     
28.240039589134465   0.00020899651867159967  1.6232191286676616e-06     
28.494454360207747   0.00015071367308898484  1.1200140712252354e-06     
28.748869131281033   0.00010551024493171267  6.2222769523264981e-07     
29.003283902354315   7.9053956609576619e-05  3.5819717639154866e-07     
29.257698673427601   8.8235223069878165e-05  4.4481200492583556e-07     
29.512113444500883   0.00018279496868343704  1.3128095757719186e-06     
29.766528215574166   0.00052601791286221757  5.3224246151587179e-06     
30.020942986647452   0.0018186831928192782  1.6341331098642195e-05     
30.275357757720734   0.010441991952673033  0.00012458475330313974     
30.529772528794016   420.95254328533719  0.0082593037727511065     
30.784187299867302   0.019294747235228324  0.00020520353858742197     
31.038602070940584   0.0060337444228834429  7.3318248866747361e-05     
31.293016842013866   0.0031880218352904741  3.3235013611212677e-05     
31.547431613087152   0.0020924883368749778  2.380041015627907e-05     
31.801846384160434   0.0015138151841043896  1.6031662183482638e-05     
32.05626115523372   0.0011618106567280734  1.3155507931747467e-05     
32.310675926306999   0.00092267298597270017  9.8362957386305561e-06     
32.565090697380285   0.00074594933001076576  7.5863755509018983e-06     
32.819505468453571   0.00060766980165334478  5.5490543327625318e-06     
33.073920239526849   0.00048986459369527116  4.6451800879029725e-06     
33.328335010600135   0.00039211165968568729  3.2482617427618284e-06     
33.582749781673421   0.00030284425706049463  2.5747419771619828e-06     
33.8371645527467   0.00022523596926876  1.7497613368685255e-06     
34.091579323819985   0.00016263230662656115  1.2019283272314789e-06     
34.345994094893271   0.00012812031104988564  5.3205218338264944e-07     
34.60040886596655   0.00016472276873091381  8.0967059771996184e-07     
34.854823637039836   0.00042418429103098469  4.5044415699967071e-06     
35.109238408113121   0.0015725993535426922  1.6050995407287418e-05     
35.3636531791864   0.0099175671645707449  0.00012181459379021515     
35.618067950259686   320.298962837137  0.0096728762707228182     
35.872482721332972   0.021491710945012779  0.00022664253054234245     
36.12689749240625   0.0070990832501683868  9.0260923617360473e-05     
36.381312263479536   0.0039197850651221156  4.1312546673773965e-05     
36.635727034552822   0.0026781378853512134  3.0882117161296923e-05     
36.890141805626101   0.0020097932031059835  2.1138347655446584e-05     
37.144556576699387   0.0015972065549899409  1.8237519020288697e-05     
37.398971347772672   0.001313438732514915  1.4032538430977013e-05     
37.653386118845951   0.0011014182032393701  1.1270771337453408e-05     
37.907800889919237   0.00093340484362019869  8.6083820303676162e-06     
38.162215660992523   0.00078636002517430993  7.5961039207115272e-06     
38.416630432065801   0.00066256027259016844  5.7052859121489047e-06     
38.671045203139087   0.00054379256793356992  4.9736634848897525e-06     
38.925459974212373   0.00043366341384174484  3.8435771746173705e-06     
39.179874745285652   0.00033206426718236412  3.0850642685423184e-06     
39.434289516358938   0.00024551350359498141  1.4489044198709129e-06     
39.688704287432223   0.00020269082364074609  8.790995334422971e-07     
39.943119058505502   0.0003205319078043683  3.6085987000250557e-06     
40.197533829578788   0.0011386191001275376  1.4759141998934682e-05     
40.451948600652074   0.0080574843930387083  0.00010353002170345437     
40.706363371725359   224.73164328407863  0.01041832848087251     
40.960778142798638   0.021707336717297866  0.0002266983039240761     
41.215192913871924   0.0076812831185288689  0.00010280520763221886     
41.46960768494521   0.0044672812260656405  4.7690413846309641e-05     
41.724022456018488   0.0031921910211130614  3.731404332835795e-05     
41.978437227091774   0.0024912443076696216  2.5983740765098391e-05     
42.23285199816506   0.0020520427185287071  2.3583750503636063e-05     
42.487266769238339   0.0017466833729820391  1.8664884182458646e-05     
42.741681540311625   0.0015167435064589494  1.5569027849129543e-05     
42.99609631138491   0.0013330482345783725  1.2368045029938787e-05     
43.250511082458189   0.0011681493457349756  1.1421550214799599e-05     
43.504925853531475   0.0010291502719212785  9.0848622197449133e-06     
43.759340624604761   0.00089018254318403529  8.5040518995592523e-06     
44.013755395678039   0.00075631603561185659  7.1969281614078365e-06     
44.268170166751325   0.00062366836766887353  6.4330013150643748e-06     
44.522584937824611   0.00049100291592011611  3.675896182241425e-06     
44.77699970889789   0.00036810224023361065  3.3741128062057923e-06     
45.031414479971176   0.00032059326321921457  3.7290714578560259e-06     
45.285829251044461   0.00069787716446669012  1.1462008319013602e-05     
45.54024402211774   0.0053102847598833137  7.3728120119494106e-05     
45.794658793191026   140.33272342995408  0.01023793623021407     
46.049073564264312   0.019747317860160546  0.00020388702929684005     
46.30348833533759   0.0076528868810254469  0.00010872317747301503     
46.557903106410876   0.0047415105478619479  5.1407115606043134e-05     
46.812317877484162   0.0035668448363601404  4.2265868409029444e-05     
47.066732648557441   0.002905392340675672  2.9992094063894057e-05     
47.321147419630726   0.0024848674738475913  2.8695439020908763e-05     
47.575562190704012   0.0021901996019790627  2.3367080551483767e-05     
47.829976961777291   0.0019678399948963115  2.0213310471597494e-05     
48.084391732850577   0.0017900986611104921  1.6662447279381719e-05     
48.338806503923863   0.0016263531814096222  1.6029258583148069e-05     
48.593221274997141   0.0014909633642479738  1.3382961834595199e-05     
48.847636046070427   0.0013500746176711108  1.3260117631642665e-05     
49.102050817143713   0.0012119796256882286  1.2028422470433961e-05     
49.356465588216992   0.0010699316030836488  1.1617119063550519e-05     
49.610880359290277   0.00091629025668509514  7.7736594893409885e-06     
49.865295130363563   0.000742808307601352  8.4777915486697585e-06     
50.119709901436842   0.00056069587597807344  6.9620273193100325e-06     
50.374124672510128   0.00052049639912863701  5.4719734042267713e-06     
50.628539443583414   0.0025255524666807331  4.0336429118228779e-05     
50.882954214656692   72.468197424898656  0.0089073962372645106     
