0.25441477107328347   9.6354424256443509e-07  1.0764368403806559e-08     
0.50882954214656695   9.772641039016192e-07  9.3126909503153694e-09     
0.76324431321985042   9.8826200939797744e-07  9.8236513825643305e-09     
1.0176590842931339   1.0084404213291546e-06  1.0406819093437855e-08     
1.2720738553664175   1.0383175491084501e-06  1.1342984236635351e-08     
1.5264886264397008   1.0913175992821827e-06  1.1482447503139892e-08     
1.7809033975129842   1.1716225252691925e-06  1.1894014011851462e-08     
2.0353181685862678   1.2945069454321592e-06  1.2985420665222239e-08     
2.2897329396595514   1.4839247821267154e-06  1.5351053532104528e-08     
2.544147710732835   1.7718608007008421e-06  1.8750504133251369e-08     
2.7985624818061181   2.2158635872993201e-06  2.2935038857712277e-08     
3.0529772528794017   2.9105283024974326e-06  2.921022342255114e-08     
3.3073920239526853   4.0369085979752904e-06  4.0996237855005458e-08     
3.5618067950259684   5.9347824609748544e-06  6.2443820856086798e-08     
3.816221566099252   9.3332632444700938e-06  1.0191596919824779e-07     
4.0706363371725356   1.6114338619207628e-05  1.6614232574400613e-07     
4.3250511082458187   3.1692168645303742e-05  3.1476521340790396e-07     
4.5794658793191028   7.9042894049203384e-05  7.5236742278849745e-07     
4.8338806503923859   0.00034706947438376864  3.8741179100193657e-06     
5.0882954214656699   399.99439198290178  7.2198665510205453e-05     
5.3427101925389531   0.00042585448670986652  4.7613425127899241e-06     
5.5971249636122362   0.00011841851875001656  1.1297111106404003e-06     
5.8515397346855202   5.816330979080247e-05  5.7863563563895541e-07     
6.1059545057588034   3.6349569749481385e-05  3.7545209233376076e-07     
6.3603692768320865   2.5989551643936722e-05  2.8403665088147169e-07     
6.6147840479053706   2.0515656087255818e-05  2.1585293180988424e-07     
6.8691988189786537   1.7447754202541397e-05  1.7705740718454539e-07     
7.1236135900519368   1.586891486310401e-05  1.5910215055829585e-07     
7.3780283611252209   1.5412899141086288e-05  1.5935640221030878e-07     
7.632443132198504   1.594646890757816e-05  1.6874681799630617e-07     
7.886857903271788   1.7591548921622643e-05  1.8217121303512805e-07     
8.1412726743450712   2.0681684424452635e-05  2.0765814432305079e-07     
8.3956874454183552   2.5986730182779162e-05  2.6399109844815374e-07     
8.6501022164916375   3.4962041752933368e-05  3.6785224856438773e-07     
8.9045169875649215   5.0750147086176529e-05  5.5392081859183876e-07     
9.1589317586382055   8.1472037143787759e-05  8.3919697558702218e-07     
9.4133465297114878   0.00014992376137587255  1.4877444230042722e-06     
9.6677613007847718   0.00035175401604351276  3.344248454481391e-06     
9.9221760718580558   0.0014590310164651475  1.6272387979167199e-05     
10.17659084293134   399.9775684350849  0.0002887743277047707     
10.431005614004622   0.0016267838590800812  1.8202883503157258e-05     
10.685420385077906   0.00043219856259146685  4.1276616087402358e-06     
10.93983515615119   0.00020355537070543569  2.0266698203622364e-06     
11.194249927224472   0.00012232562677105215  1.2645842656431401e-06     
11.448664698297756   8.4306637111431888e-05  9.2173452926741504e-07     
11.70307946937104   6.4288686264857184e-05  6.7637398017726999e-07     
11.957494240444323   5.2919902350656415e-05  5.3680382933254584e-07     
12.211909011517607   4.666723474263434e-05  4.6763463031055059e-07     
12.466323782590891   4.4018396602871198e-05  4.5484907625405095e-07     
12.720738553664173   4.4294200909512713e-05  4.6869828156459401e-07     
12.975153324737457   4.7592262871545412e-05  4.9308329960821659e-07     
13.229568095810741   5.4570879990916125e-05  5.4816667175563893e-07     
13.483982866884023   6.6961939331955039e-05  6.8045035954023239e-07     
13.738397637957307   8.8085992364097743e-05  9.2675742493525358e-07     
13.992812409030591   0.00012516019613341808  1.3654266243100829e-06     
14.247227180103874   0.0001968790424828241  2.0259550752039637e-06     
14.501641951177158   0.00035531867047587083  3.5228012958836153e-06     
14.756056722250442   0.00081822000872492435  7.7698078862948122e-06     
15.010471493323726   0.0033316085857956987  3.7124610936649317e-05     
15.264886264397008   399.94953086690361  0.00064969083706291484     
15.519301035470292   0.0036086921530280967  4.0410399743306317e-05     
15.773715806543576   0.00094311955952199825  9.0167285597563159e-06     
16.02813057761686   0.00043748918856298568  4.3591445847757232e-06     
16.282545348690142   0.00025911712548329365  2.6809525568386123e-06     
16.536960119763425   0.00017610463765737521  1.926075896060922e-06     
16.79137489083671   0.00013248815011593019  1.3937976438079129e-06     
17.045789661909993   0.00010764036478321704  1.091394841961843e-06     
17.300204432983275   9.3721126743542657e-05  9.386128054646082e-07     
17.554619204056561   8.7314465239764075e-05  9.0168791448300573e-07     
17.809033975129843   8.681208861502737e-05  9.1852259016722708e-07     
18.063448746203125   9.2197741907593334e-05  9.5565593703224365e-07     
18.317863517276411   0.00010453923018585959  1.0505293230288284e-06     
18.572278288349693   0.0001269011406041838  1.289890871293528e-06     
18.826693059422976   0.00016521646398299268  1.7381441724148782e-06     
19.081107830496261   0.00023243014584700559  2.5344075127237951e-06     
19.335522601569544   0.00036212565708507405  3.7226484076562554e-06     
19.589937372642826   0.00064749953589513975  6.4137350485339157e-06     
19.844352143716112   0.0014775212872973302  1.4013383892984414e-05     
20.098766914789394   0.0059594656697234894  6.634791092113272e-05     
20.35318168586268   399.91028179535206  0.0011548795695000716     
20.607596456935962   0.0063764174499254153  7.145685090261869e-05     
20.862011228009244   0.0016519536863930165  1.5809935410675143e-05     
21.11642599908253   0.00076027608990931177  7.5810251323015024e-06     
21.370840770155812   0.00044689713617868348  4.6275479700092622e-06     
21.625255541229095   0.00030149397225244923  3.2986007380233336e-06     
21.87967031230238   0.00022518861811185239  2.3688087968288593e-06     
22.134085083375663   0.00018165912144027508  1.8410359042296123e-06     
22.388499854448945   0.00015706041810114265  1.5720223013186059e-06     
22.642914625522231   0.00014531358633632873  1.4996926281401112e-06     
22.897329396595513   0.00014349568031809358  1.5180963459012682e-06     
23.151744167668795   0.00015138618278978545  1.5698347486023083e-06     
23.406158938742081   0.00017054607231104564  1.7144957962117489e-06     
23.660573709815363   0.00020574070968789015  2.0917749426820905e-06     
23.914988480888645   0.00026626024667793652  2.8009331078636246e-06     
24.169403251961931   0.00037242228070772189  4.0587438490036457e-06     
24.423818023035214   0.00057699504317989962  5.9253578385831745e-06     
24.678232794108496   0.0010260761211518523  1.0154107510679281e-05     
24.932647565181782   0.002328709575076393  2.2058808088612231e-05     
25.187062336255064   0.0093371702398781106  0.00010385753682832762     
25.441477107328346   399.85982474366887  0.0018042465350217593     
25.695891878401632   0.009934694094063775  0.00011141311073575334     
25.950306649474914   0.0025594428931786408  2.4519758561257095e-05     
26.204721420548196   0.0011722138846533817  1.1697020720381112e-05     
26.459136191621482   0.00068583122952950497  7.107202059072808e-06     
26.713550962694764   0.0004605803792543535  5.040748795947925e-06     
26.967965733768047   0.00034246146468642634  3.6020246510189438e-06     
27.222380504841333   0.00027502381785016428  2.7858761513470246e-06     
27.476795275914615   0.00023671309304736755  2.3678044001327866e-06     
27.731210046987897   0.00021802666972009532  2.248643849554556e-06     
27.985624818061183   0.00021433904149477591  2.2672551285146162e-06     
28.240039589134465   0.00022513424871644225  2.3355264360831174e-06     
28.494454360207747   0.00025254897769551469  2.5397721477780004e-06     
28.748869131281033   0.00030341481241991205  3.0855107437426385e-06     
29.003283902354315   0.00039112111906575983  4.1139813443717111e-06     
29.257698673427601   0.0005449944757411323  5.9362234899466388e-06     
29.512113444500883   0.00084126328810529544  8.6300149945274041e-06     
29.766528215574166   0.0014906454300372129  1.473724666277491e-05     
30.020942986647452   0.003370808181114704  3.1889413130100423e-05     
30.275357757720734   0.013459196180437324  0.00014956689999248727     
30.529772528794016   399.79816424078587  0.0025976704198232803     
30.784187299867302   0.014288151384244141  0.00016034793471919238     
31.038602070940584   0.0036662986697936284  3.5158121503188918e-05     
31.293016842013866   0.0016735867696788832  1.6711582021734018e-05     
31.547431613087152   0.00097607742231500256  1.0122585766719773e-05     
31.801846384160434   0.00065346488151096425  7.1538586591979212e-06     
32.05626115523372   0.00048437484433897488  5.0939943072329731e-06     
32.310675926306999   0.0003877797490284419  3.9260082033433747e-06     
32.565090697380285   0.00033270528304643909  3.3258560440309763e-06     
32.819505468453571   0.00030546304933869866  3.1482832044148235e-06     
33.073920239526849   0.00029933475573354462  3.1657935898664886e-06     
33.328335010600135   0.0003134170757099196  3.2525988969672966e-06     
33.582749781673421   0.00035050376388879831  3.5260209959625474e-06     
33.8371645527467   0.00041985542419826019  4.2704527375761161e-06     
34.091579323819985   0.00053969987704882475  5.6760832282825333e-06     
34.345994094893271   0.00075000023893421045  8.1645430848655646e-06     
34.60040886596655   0.0011546994711367485  1.1832404012938803e-05     
34.854823637039836   0.0020407918260514363  2.0156250297021579e-05     
35.109238408113121   0.0046028122838075931  4.3488040555821234e-05     
35.3636531791864   0.018319924731711613  0.00020338761254856143     
35.618067950259686   399.72530582061672  0.0035350034543540796     
35.872482721332972   0.01944131228411625  0.00021832792852286156     
36.12689749240625   0.0049732018195715296  4.7736389220619028e-05     
36.381312263479536   0.0022646652355582554  2.2628898618405718e-05     
36.635727034552822   0.0013177861248091388  1.3676208339144723e-05     
36.890141805626101   0.0008802437524686434  9.6391669111886448e-06     
37.144556576699387   0.00065099366841188885  6.8451983438676345e-06     
37.398971347772672   0.00051996984380815454  5.261468004151592e-06     
37.653386118845951   0.00044506125735484933  4.4460298635693589e-06     
37.907800889919237   0.00040763047910824797  4.198313407742031e-06     
38.162215660992523   0.0003984739258903661  4.2134655718568776e-06     
38.416630432065801   0.00041620827924219031  4.3208813653397799e-06     
38.671045203139087   0.00046436450715976671  4.6728617499292067e-06     
38.925459974212373   0.00055499234976957947  5.6459021418827622e-06     
39.179874745285652   0.00071189436312004287  7.4859711111780226e-06     
39.434289516358938   0.00098728875453257169  1.0741309424114616e-05     
39.688704287432223   0.001517065731759137  1.552816336302932e-05     
39.943119058505502   0.002676087154566538  2.6403989800722539e-05     
40.197533829578788   0.0060236892204040104  5.6837048855537134e-05     
40.451948600652074   0.023913645948379551  0.00026522952645339441     
40.706363371725359   399.64125602119024  0.00461607025294727     
40.960778142798638   0.025398592151754419  0.00028541751733537566     
41.215192913871924   0.0064808022394202653  6.2265362854555987e-05     
41.46960768494521   0.0029457059762852994  2.9452896628837107e-05     
41.724022456018488   0.0017111000898534471  1.7770416316976387e-05     
41.978437227091774   0.0011410084832726011  1.2497807325922835e-05     
42.23285199816506   0.00084237958247609838  8.8560484420708969e-06     
42.487266769238339   0.00067163464964254838  6.7922346912281873e-06     
42.741681540311625   0.00057380341389671821  5.7281342318129381e-06     
42.99609631138491   0.00052453512898867231  5.3983983832040569e-06     
43.250511082458189   0.00051174617549487047  5.4099842479239882e-06     
43.504925853531475   0.00053347996108676307  5.540164576198306e-06     
43.759340624604761   0.00059408355524521573  5.9798708643727401e-06     
44.013755395678039   0.00070875324342120635  7.2111074200683903e-06     
44.268170166751325   0.00090759949620637631  9.5423161563977827e-06     
44.522584937824611   0.0012567049271803416  1.3664040834625134e-05     
44.77699970889789   0.0019281173394575449  1.971278773729897e-05     
45.031414479971176   0.0033960908676016859  3.3473114060187e-05     
45.285829251044461   0.007632378782185404  7.191832176710942e-05     
45.54024402211774   0.030234560173378118  0.00033500077315383508     
45.794658793191026   399.54602238362409  0.005840669407417949     
46.049073564264312   0.032164297488279335  0.0003616789160571527     
46.30348833533759   0.008189718707118405  7.8755274635824044e-05     
46.557903106410876   0.0037169518022027599  3.7187236469504132e-05     
46.812317877484162   0.0021561543635951584  2.2407392602552656e-05     
47.066732648557441   0.0014358457509422879  1.5730810116210944e-05     
47.321147419630726   0.0010585909444431971  1.1126887048406067e-05     
47.575562190704012   0.00084281231781591495  8.5182304953235137e-06     
47.829976961777291   0.00071895227049281717  7.1719333440303893e-06     
48.084391732850577   0.00065618158135512488  6.748163406112878e-06     
48.338806503923863   0.00063913965035501708  6.7550222877093195e-06     
48.593221274997141   0.00066520271642659537  6.9102009533522861e-06     
48.847636046070427   0.00073961154041973388  7.4465821199159136e-06     
49.102050817143713   0.00088106362949908062  8.9652648013532573e-06     
49.356465588216992   0.0011267073020944252  1.1843729180058101e-05     
49.610880359290277   0.0015580894269613231  1.6930168622382918e-05     
49.865295130363563   0.0023876027648084951  2.4381630012049524e-05     
50.119709901436842   0.0042003501513681344  4.1356053484743962e-05     
50.374124672510128   0.0094277935156561736  8.8713276798227966e-05     
50.628539443583414   0.037276779524000323  0.00041260780386377197     
50.882954214656692   399.43961345094519  0.0072085725394268421     
