0.22051341764707871   29.369940281675983  0.015161856664114042
0.44102683529415743   7.4606391180674961  0.027247264205782332
0.6615402529412362   0.40864408595395202  0.0046313826748982166
0.88205367058831485   7.0743647288504933e-06  8.4969686420214701e-08
1.1025670882353935   0.071103992387999505  0.0013038348461308953
1.3230805058824724   0.13038003219599067  0.001845802597002147
1.543593923529551   0.027362567475940317  0.00036880797180278896
1.7641073411766297   1.7057981870589979e-05  1.083405744359301e-07
1.9846207588237084   0.019831601926307201  0.00026362210663173213
2.205134176470787   0.043769567872149035  0.00060226998871831621
2.4256475941178657   0.018378856170929707  0.00027081522517540417
2.6461610117649448   5.21524440365968e-05  1.8030226342033719e-06
2.8666744294120234   0.14152131610645398  0.0010856120297211455
3.0871878470591021   0.15037808627845848  0.0020304904430503264
3.3077012647061808   0.018569470187939671  0.00025845996546442042
3.5282146823532594   9.7438980931162317e-05  1.544047577278761e-06
3.7487281000003381   0.010171239953416625  9.2370691318300261e-05
3.9692415176474167   0.019875366487315209  0.00023843323349844584
4.1897549352944958   0.010441889414799139  0.00011560898935920893
4.410268352941574   0.0012152868203698072  4.9749061577012774e-05
4.6307817705886531   0.0081602891522448049  8.3816862426046058e-05
4.8512951882357314   0.020001276926818952  0.00018898540627635964
5.0718086058828105   0.012357661473817458  0.00011689928919073501
5.2923220235298896   0.00021819328004938774  3.5884711741848432e-06
5.5128354411769678   0.01544903655729298  0.00017395278706462774
5.7333488588240469   0.17521489229736147  0.0020989679368972513
5.9538622764711251   0.22335273949028188  0.0018244366315823938
6.1743756941182042   0.00027420157727288934  9.1404566040549485e-06
6.3948891117652824   0.014442817250750311  0.00020543180629675955
6.6154025294123615   0.043039836445003537  0.00060791679490391418
6.8359159470594397   0.024294070114298766  0.00032072777193049323
7.0564293647065188   0.00027905117279861411  2.0252305670233179e-06
7.2769427823535979   0.020581398955836047  0.00028015646396362943
7.4974562000006761   0.12141501298442408  0.0016776604663481712
7.7179696176477552   0.087975332729140374  0.0015247786499845258
7.9384830352948335   0.00062164715837305747  9.4014945508160351e-06
8.1589964529419117   0.26450517627966124  0.0035949027686138095
8.3795098705889917   6.3211399024189262  0.027888732920576565
8.6000232882360699   30.775613631724586  0.096091038468323452
8.8205367058831481   394.22910421266776  0.026505789848478885
9.0410501235302281   26.997063059695346  0.093874153990404448
9.2615635411773063   8.5216710361860514  0.026725700026344128
9.4820769588243845   0.59876218997501112  0.0059397544622411198
9.7025903764714627   0.00082567327715137978  9.1931420556607935e-06
9.9231037941185427   0.054408610005873862  0.0010667268745374537
10.143617211765621   0.13520735915298455  0.0019752275424999818
10.364130629412699   0.035620231250967175  0.00047515454388864884
10.584644047059779   0.00059543166562022002  3.4002430746227673e-06
10.805157464706857   0.015709708495954231  0.00019973697879860698
11.025670882353936   0.043412445851854776  0.00056972891553089568
11.246184300001014   0.022575264288530478  0.00033359774595799612
11.466697717648094   0.0010071148856410921  3.5393447390572274e-05
11.687211135295172   0.07997786998124487  0.00066171889954723543
11.90772455294225   0.1230888823119494  0.0018580509948294481
12.128237970589328   0.021613310962590534  0.00035913387310970682
12.348751388236408   0.0011843431991884073  1.7888582557537312e-05
12.569264805883487   0.0086737800127173319  8.1944744675247387e-05
12.789778223530565   0.0205972883786844  0.00028916515688840795
13.010291641177645   0.014998416735852727  0.00021329370418276494
13.230805058824723   0.010764495986530865  0.00043462159616017329
13.451318476471801   0.0084630134486237754  0.00011521607968769839
13.671831894118879   0.021031519197298436  0.00015161056635346559
13.892345311765959   0.015052077131642222  0.00015715734477426219
14.112858729413038   0.0015260025105474844  2.5639120679055958e-05
14.333372147060116   0.012448503506069918  0.00010983531696515973
14.553885564707196   0.19360914934693556  0.0020782387600438135
14.774398982354274   0.32072727182441442  0.0029233299356732504
14.994912400001352   0.0015556176299260631  4.8753069957994276e-05
15.21542581764843   0.011068617671205901  0.00014327123481116761
15.43593923529551   0.041243893959787847  0.00058397326020632622
15.656452652942589   0.028690707815900076  0.00036383259891789716
15.876966070589667   0.0014282626767196027  1.1853594193163239e-05
16.097479488236747   0.015486472965071128  0.00020677479598926089
16.317992905883823   0.10941758695108712  0.0014939941086185469
16.538506323530903   0.1033885371206387  0.0017125881145200871
16.759019741177983   0.0030631124193130553  5.4609570500513156e-05
16.97953315882506   0.16295128794240533  0.0026521647494516011
17.20004657647214   5.1751649920238091  0.027862773723457654
17.42055999411922   31.117936034537688  0.18559687764884062
17.641073411766296   377.34820875299907  0.10158638763813562
17.861586829413376   23.837985521157197  0.17130675984210539
18.082100247060456   9.4324576573970036  0.027402682371990618
18.302613664707533   0.83461218368601171  0.0078691944970849563
18.523127082354613   0.0031035773474968309  4.4035482768883821e-05
18.743640500001689   0.039428873778036989  0.00083177685453138991
18.964153917648769   0.13523627795490342  0.0020464887367862883
19.184667335295849   0.044960860988252638  0.00060115172898896143
19.405180752942925   0.0019295043586123161  1.055794293371838e-05
19.625694170590005   0.012284875130398723  0.00013752634355098055
19.846207588237085   0.042074160987125976  0.00051607667340767752
20.066721005884162   0.02674998595193177  0.0003878869682066151
20.287234423531242   0.0032108041662330688  0.00011291763046989063
20.507747841178322   0.039399501711666941  0.00040597597346044523
20.728261258825398   0.096851406635553401  0.0016007954433502478
20.948774676472478   0.024522332091135071  0.00046622226675099872
21.169288094119558   0.0034097422685061016  4.8815268143186318e-05
21.389801511766635   0.0080946568945819623  8.0893521392227428e-05
21.610314929413715   0.022107143212917382  0.00034557533523309647
21.830828347060791   0.021508065246076536  0.00038277890714029447
22.051341764707871   0.028967473273469665  0.0011371139841294959
22.271855182354951   0.011640394651682233  0.00022563753511978285
22.492368600002028   0.023010189528603973  0.00018116919477452699
22.712882017649108   0.018156369123505512  0.0002046094782900082
22.933395435296188   0.0039215300192756407  6.5964413814389047e-05
23.153908852943264   0.0099291531824144205  7.0420449103018849e-05
23.374422270590344   0.20183620856921196  0.0020048433095064844
23.594935688237424   0.42493460900615188  0.0042996564905244905
23.8154491058845   0.0037702531877969408  0.00010771185711171698
24.03596252353158   0.0085408379226415747  8.9224759080362113e-05
24.256475941178657   0.038538917160188495  0.0005321709519575552
24.476989358825737   0.032626227547827453  0.00038856097015493162
24.697502776472817   0.0034481527564552087  3.2383346020247155e-05
24.918016194119893   0.012113650453967258  0.00014632954731221917
25.138529611766973   0.095759373033738682  0.0013161600910947697
25.359043029414053   0.11587224613801672  0.0018551804378527545
25.57955644706113   0.0078708494189527438  0.00015314764792554619
25.80006986470821   0.097996073936664724  0.0017942738703111987
26.02058328235529   4.0878176408915506  0.026839592961751824
26.241096700002366   30.393152013604484  0.26080715863957699
26.461610117649446   350.60580152721874  0.21273600733858068
26.682123535296526   20.14166799744814  0.22765926260947455
26.902636952943602   10.128930445861234  0.030025625739673332
27.123150370590682   1.1115910844335977  0.010762700970573679
27.343663788237759   0.0074864707021218432  0.00013649998622336683
27.564177205884839   0.027379762877405262  0.00061510601358247954
27.784690623531919   0.13036379200136904  0.0020478202465684705
28.005204041178995   0.05482364365095631  0.00074666976810651648
28.225717458826075   0.0039256091778873499  2.2295079361958381e-05
28.446230876473155   0.0098139894674391361  8.5444497223157875e-05
28.666744294120232   0.039959133795153293  0.000448285937553362
28.887257711767312   0.03066734692700426  0.00042913538198046692
29.107771129414392   0.006651997676331268  0.00023121620686660487
29.328284547061468   0.017119168136224348  0.00021139830046680174
29.548797964708548   0.074168521966298301  0.0013038100341565894
29.769311382355625   0.027320625794263212  0.00056526869556672613
29.989824800002705   0.0066216688422952513  8.9758595604882159e-05
30.210338217649785   0.0086553637752400563  9.0974404499062344e-05
30.430851635296861   0.024351566608726881  0.00040932170777726778
30.651365052943941   0.029634724290257685  0.00060393826110796167
30.871878470591021   0.054160607164396685  0.0020351994877565691
31.092391888238097   0.017946987611377141  0.00038982768917249015
31.312905305885177   0.025965130837710439  0.00030154251080641235
31.533418723532257   0.02165973537512713  0.00024775673183380152
31.753932141179334   0.0072530272628623039  0.00011927544175517026
31.974445558826414   0.0083996754680741616  6.4047036321408223e-05
32.194958976473494   0.19729405653539962  0.0019044346110611936
32.41547239412057   0.5242980506200823  0.0057759211507665875
32.635985811767647   0.0068097823202134953  0.00017103121117559236
32.85649922941473   0.0070890508320464326  4.9568616050707821e-05
33.077012647061807   0.03520707350187784  0.00045902902488585289
33.297526064708883   0.03577686305084448  0.0003945464824379387
33.518039482355967   0.0062442513647391041  6.5480583730991855e-05
33.738552900003043   0.010354939716312571  9.7236011666662101e-05
33.95906631765012   0.081869154731131162  0.0011577574040361046
34.179579735297203   0.1243496959840508  0.0019475290517983516
34.400093152944279   0.015452462192458113  0.00031129734780200318
34.620606570591356   0.062251315295268964  0.001103014707391869
34.841119988238439   3.111528938849696  0.024872164083686275
35.061633405885516   28.687281625057537  0.31467442812527428
35.282146823532592   315.93272938884428  0.34163834006691731
35.502660241179676   16.20072998491997  0.25773649381133431
35.723173658826752   10.561607740374112  0.034427056467977383
35.943687076473829   1.4205176645070929  0.014754433845913168
36.164200494120912   0.015304552888062224  0.00032297623336619038
36.384713911767989   0.018994147252186182  0.00042871265059132605
36.605227329415065   0.12107033796522718  0.0019769590963656292
36.825740747062142   0.06452552149745501  0.00090760776499417497
37.046254164709225   0.0065044826188981037  4.0571548874308046e-05
37.266767582356302   0.0084253305082901402  5.3547769028591954e-05
37.487281000003378   0.037332803463863688  0.00037274084530418432
37.707794417650462   0.03415111269466483  0.00045534659089599449
37.928307835297538   0.011211276046645224  0.00038120253643050905
38.148821252944614   0.008429459669399161  7.697435430620148e-05
38.369334670591698   0.05632900072938721  0.0010175139953895015
38.589848088238774   0.030049841684290741  0.00064048277177721909
38.810361505885851   0.010607693373587173  0.00013637001590539352
39.030874923532934   0.010506306037021916  0.00011301295225531548
39.251388341180011   0.027289461975840741  0.00047601510117228144
39.471901758827087   0.039021193922470129  0.00084905723060289749
39.692415176474171   0.084142381248887765  0.0029745237785986482
39.912928594121247   0.027575697399851467  0.00058481503138003917
40.133442011768324   0.029910876091146311  0.0004773063752845579
40.353955429415407   0.025614080509143439  0.0002815245316020174
40.574468847062484   0.011350364876719624  0.00017777755094283565
40.79498226470956   0.0084512977027057522  7.6821309981785673e-05
41.015495682356644   0.17929185457016514  0.0017621258469400553
41.23600910000372   0.60593949263372175  0.0071193963883304392
41.456522517650797   0.010590755839008599  0.00022458643222933009
41.67703593529788   0.0068561687777526537  4.4779536196431824e-05
41.897549352944957   0.031622225811688216  0.00037513702753627482
42.118062770592033   0.037938222932233193  0.00038575104190247302
42.338576188239117   0.009645405539691836  0.00011147151404169091
42.559089605886193   0.01000017321994524  6.4325471540870366e-05
42.779603023533269   0.06903123687236469  0.0010210733740489771
43.000116441180346   0.12829909694696008  0.0019916443946653087
43.220629858827429   0.025868589570951054  0.0005214390638188942
43.441143276474506   0.048063305693616753  0.00073681150771087904
43.661656694121582   2.2822793031249645  0.022280168274914353
43.882170111768666   26.16386449865047  0.34338557985600186
44.102683529415742   275.73840309195171  0.46744539401376068
