1.4165140000000001   0.00014   3.0550504633038933e-05   
1.4165420000000002   5.6e-05   1.6e-05   
1.4165700000000001   9.6e-05   2.0827332469084412e-05   
1.416598   0.000132   2.8627880738111851e-05   
1.4166260000000002   0.0001   2.0869967789998037e-05   
1.4166540000000001   0.000116   3.0081371127142607e-05   
1.416682   0.000148   2.1540659228538016e-05   
1.4167100000000001   0.000172   3.5301872786329937e-05   
1.4167380000000001   0.000128   2.78408173570948e-05   
1.4167660000000002   0.000232   2.515728301881761e-05   
1.4167940000000001   0.00024   3.5777087639996635e-05   
1.416822   0.000212   1.6918103387266027e-05   
1.4168500000000002   0.00026   2.9962940072325643e-05   
1.4168780000000001   0.000332   4.7347415745505876e-05   
1.416906   0.00028   4e-05   
1.4169340000000001   0.000376   4.3898873688411541e-05   
1.4169620000000001   0.000476   4.8607269689488492e-05   
1.4169900000000002   0.000512   3.666060555964672e-05   
1.4170180000000001   0.000532   4.1761226035642201e-05   
1.417046   0.000592   5.7441757942768043e-05   
1.4170740000000002   0.000596   5.6709787515031301e-05   
1.4171020000000001   0.000592   4.4939465456940579e-05   
1.41713   0.000732   6.2553088563946136e-05   
1.4171580000000001   0.000948   7.889233169326408e-05   
1.4171860000000001   0.000788   7.5906375079948178e-05   
1.4172140000000002   0.001012   5.3349997396646818e-05   
1.4172420000000001   0.001216   6.8559787371639685e-05   
1.41727   0.001212   8.8453377549983924e-05   
1.4172980000000002   0.001532   8.5385400781788609e-05   
1.4173260000000001   0.001652   7.5436507519016723e-05   
1.417354   0.00164   7.7517023219992709e-05   
1.4173820000000001   0.001916   7.3139136810146545e-05   
1.4174100000000001   0.002052   9.276972686292777e-05   
1.4174380000000002   0.002324   0.00012711499605562761   
1.4174660000000001   0.00256   0.00011699952516522829   
1.417494   0.00274   0.00013216151734399339   
1.4175220000000002   0.003024   0.00014062716664997557   
1.4175500000000001   0.0033   9.0872315794073268e-05   
1.417578   0.003556   0.00012021462288571867   
1.4176060000000001   0.00388   0.00014690889088895274   
1.4176340000000001   0.004252   0.00012379912044203796   
1.4176620000000002   0.00462   0.00023180451534284947   
1.4176900000000001   0.005336   0.00013935725472484181   
1.417718   0.005588   0.00015446538627004937   
1.4177460000000002   0.006192   0.0001716637540205982   
1.4177740000000001   0.006932   0.00017168964247540774   
1.417802   0.007432   0.00013516080957305799   
1.4178300000000001   0.008176   0.00022589673156850529   
1.4178580000000001   0.008568   0.00016295057191949001   
1.4178860000000002   0.009196   0.00015195905881373296   
1.4179140000000001   0.009892   0.00027828362829634405   
1.417942   0.010872   0.0001961224107541002   
1.4179700000000002   0.011792   0.00017290202749277149   
1.4179980000000001   0.013028   0.00028063736980903547   
1.418026   0.013416   0.00037018673966286559   
1.4180540000000001   0.015116   0.00034442609270108056   
1.4180820000000001   0.016396   0.00036365795895471765   
1.41811   0.018636   0.00040593157606232659   
1.4181380000000001   0.019372   0.00035437832890852679   
1.418166   0.020976   0.00039233545737176383   
1.4181940000000002   0.022384   0.00051547432310230329   
1.4182220000000001   0.024372   0.00041918651377797607   
1.41825   0.025936   0.00048215073714900959   
1.4182780000000001   0.02812   0.00055451279917098797   
1.4183060000000001   0.029748   0.0004644155227571294   
1.418334   0.033644   0.00062466204196082432   
1.4183620000000001   0.035684   0.00037216244959545405   
1.41839   0.037916   0.00060093112935029601   
1.4184180000000002   0.04078   0.00060399411328993008   
1.4184460000000001   0.043348   0.00085425054872677726   
1.418474   0.0474   0.00077933304818928347   
1.4185020000000002   0.05032   0.00069323076164354454   
1.4185300000000001   0.054232   0.00091699606202959117   
1.418558   0.058296   0.0011112867416748128   
1.4185860000000001   0.062384   0.00094931460655686859   
1.418614   0.067364   0.0010967823647176114   
1.4186420000000002   0.072268   0.00087002528698883224   
1.4186700000000001   0.0773   0.0011755169075772581   
1.418698   0.08278   0.0013510720023579631   
1.4187260000000002   0.088284   0.00096180293661897744   
1.4187540000000001   0.094224   0.0011391880149182282   
1.418782   0.099796   0.0012902706003866871   
1.4188100000000001   0.106472   0.0011370574108441296   
1.418838   0.115096   0.0011859053737780075   
1.4188660000000002   0.122076   0.0018122589954713058   
1.4188940000000001   0.13132   0.0018373701012286253   
1.418922   0.138024   0.0018071876247670331   
1.4189500000000002   0.14764   0.0018267250598939197   
1.4189780000000001   0.155632   0.0026450510602086892   
1.419006   0.166424   0.0017929660094689779   
1.4190340000000001   0.176728   0.0021414412592146129   
1.419062   0.185976   0.0025611608479142594   
1.4190900000000002   0.19864   0.0023897038403208972   
1.4191180000000001   0.20944   0.0029604083802370541   
1.419146   0.225332   0.0024407579879118608   
1.4191740000000002   0.236416   0.0029833564989789605   
1.4192020000000001   0.250844   0.00314155771694376   
1.41923   0.265336   0.0032083790299775993   
1.4192580000000001   0.281152   0.0031810874450937894   
1.419286   0.298228   0.0035225447871926029   
1.4193140000000002   0.314288   0.0038181684963692564   
1.4193420000000001   0.333708   0.0035491472528231657   
1.41937   0.349956   0.004159296735426956   
1.4193980000000002   0.368704   0.0046462762150637006   
1.4194260000000001   0.389168   0.0042457311371410325   
1.419454   0.409096   0.0050537174875970702   
1.4194820000000001   0.43456   0.0054269942571064755   
1.41951   0.458316   0.0055451294344175994   
1.4195380000000002   0.480328   0.0054175280956047346   
1.4195660000000001   0.504932   0.0052628477293402876   
1.419594   0.529588   0.0055082840239850455   
1.4196220000000002   0.5575   0.0066994931814943201   
1.4196500000000001   0.585204   0.0073934059509508578   
1.419678   0.609636   0.0073248228192450719   
1.4197060000000001   0.64538   0.0073069933017015355   
1.4197340000000001   0.677208   0.0078251896391645927   
1.4197620000000002   0.71054   0.0083442003811030323   
1.4197900000000001   0.744592   0.0074930576461741503   
1.419818   0.779708   0.0094273136034491697   
1.4198460000000002   0.812584   0.0090315126332439156   
1.4198740000000001   0.850192   0.0090448046229129053   
1.419902   0.890352   0.0093224294401548923   
1.4199300000000001   0.928736   0.0090228809392812247   
1.4199580000000001   0.971284   0.0092094896951158188   
1.4199860000000002   1.016112   0.010240584705528834   
1.4200140000000001   1.058084   0.011882049131170749   
1.420042   1.104508   0.011992405078029826   
1.4200700000000002   1.148256   0.013591428933134457   
1.4200980000000001   1.197276   0.013705746337455201   
1.420126   1.248524   0.013428323565426095   
1.4201540000000001   1.30094   0.014626609844921535   
1.4201820000000001   1.352948   0.013212858450935001   
1.4202100000000002   1.40522   0.015001617986811363   
1.4202380000000001   1.463704   0.016040052313574986   
1.420266   1.517504   0.015569926796373978   
1.4202940000000002   1.57652   0.017729725948875301   
1.4203220000000001   1.63538   0.016913684400508364   
1.42035   1.698292   0.017668499074781526   
1.4203780000000001   1.759276   0.01801870874643599   
1.4204060000000001   1.821636   0.018484177930808223   
1.4204340000000002   1.885   0.016706547485608418   
1.4204620000000001   1.960388   0.016996659593382853   
1.42049   2.021272   0.018605359132369482   
1.4205180000000002   2.094984   0.021402630118749424   
1.4205460000000001   2.169472   0.020020384989083279   
1.420574   2.244296   0.022270029446670151   
1.4206020000000001   2.322884   0.022985137961541824   
1.4206300000000001   2.397028   0.024424553802361349   
1.4206580000000002   2.470228   0.021871875030123349   
1.4206860000000001   2.553372   0.022530850395747507   
1.420714   2.63098   0.024519630412295283   
1.4207420000000002   2.712744   0.025120268363746968   
1.4207700000000001   2.801852   0.025843874528922064   
1.420798   2.878932   0.025290605405521192   
1.4208260000000001   2.967   0.027404184595301012   
1.4208540000000001   3.051112   0.027333565397388855   
1.4208820000000002   3.146588   0.027812430186678918   
1.4209100000000001   3.2326   0.030679813413890103   
1.420938   3.315152   0.030965142725329076   
1.4209660000000002   3.422452   0.032775687493425164   
1.4209940000000001   3.512776   0.028993059828555909   
1.421022   3.60298   0.030188320478843027   
1.4210500000000001   3.698028   0.030240450349380267   
1.4210780000000001   3.790932   0.030418251860062934   
1.4211060000000002   3.892892   0.033886342342208216   
1.4211340000000001   3.988604   0.029541139946409197   
1.421162   4.08234   0.035882847031849508   
1.4211900000000002   4.183572   0.035686138012150072   
1.4212180000000001   4.28158   0.035687260970205538   
1.421246   4.395404   0.035549223939021043   
1.4212740000000001   4.487912   0.034363454385921877   
1.4213020000000001   4.595756   0.037928736663496832   
1.42133   4.704188   0.036860315329934736   
1.4213580000000001   4.797148   0.035416564134753547   
1.421386   4.914908   0.036092912717657525   
1.4214140000000002   5.01504   0.033778057835096307   
1.4214420000000001   5.110996   0.035594563604885257   
1.42147   5.226784   0.038062653472049643   
1.4214980000000002   5.321744   0.038729066982478856   
1.4215260000000001   5.42706   0.037309072712500728   
1.421554   5.547528   0.039386739246152941   
1.4215820000000001   5.649952   0.035648952012023521   
1.42161   5.753712   0.040800930621194849   
1.4216380000000002   5.859928   0.036293247024144267   
1.4216660000000001   5.970212   0.037030585820672915   
1.421694   6.075856   0.038059420769808529   
1.4217220000000002   6.181432   0.035595002295890426   
1.4217500000000001   6.293   0.039991820497029977   
1.421778   6.396264   0.041482219248465695   
1.4218060000000001   6.516904   0.042165976890273877   
1.421834   6.608064   0.036940719453981631   
1.4218620000000002   6.705256   0.042706316243749142   
1.4218900000000001   6.810612   0.04119597307181047   
1.421918   6.915424   0.040397164344927861   
1.4219460000000002   7.026192   0.0415918807461264   
1.4219740000000001   7.11852   0.042996437681897935   
1.422002   7.22736   0.039362361717762815   
1.4220300000000001   7.32916   0.043264707505720584   
1.422058   7.428208   0.039450736785120858   
1.4220860000000002   7.524432   0.042341787628246821   
1.4221140000000001   7.626964   0.037363501358649172   
1.422142   7.727148   0.041299357670549784   
1.4221700000000002   7.8325   0.036333264464766517   
1.4221980000000001   7.918052   0.03701445822017839   
1.422226   8.015048   0.037523925309949476   
1.4222540000000001   8.11308   0.041998750880895917   
1.422282   8.204412   0.041321449926158203   
1.4223100000000002   8.282836   0.037758258175456731   
1.4223380000000001   8.394264   0.039585010945502527   
1.422366   8.474896   0.036680442600019601   
1.4223940000000002   8.569732   0.037592171312654988   
1.4224220000000001   8.64856   0.035283065626444656   
1.42245   8.731964   0.031450054626343654   
1.4224780000000001   8.8116   0.034478036035843005   
1.422506   8.89334   0.031243571996670133   
1.4225340000000002   8.972912   0.034789691346719344   
1.4225620000000001   9.058508   0.031022212572427656   
1.42259   9.123152   0.032669747228896646   
1.4226180000000002   9.21014   0.029503290211997269   
1.4226460000000001   9.269864   0.027420333866190141   
1.422674   9.34276   0.031632671155696692   
1.4227020000000001   9.422108   0.027362060383758477   
1.4227300000000001   9.486936   0.028407950186132425   
1.4227580000000002   9.55428   0.02991218733411367   
1.4227860000000001   9.618104   0.028233677731075433   
1.422814   9.671436   0.028505755800851481   
1.4228420000000002   9.7357   0.026388406376875312   
1.4228700000000001   9.797888   0.028940602957705531   
1.422898   9.850812   0.02418518264465985   
1.4229260000000001   9.906548   0.020835323894237314   
1.4229540000000001   9.958344   0.025154146077513505   
1.4229820000000002   10.018272   0.024666596612513106   
1.4230100000000001   10.051044   0.017577691366552603   
1.423038   10.10032   0.021923058180828693   
1.4230660000000002   10.142768   0.022774270706703716   
1.4230940000000001   10.186788   0.019586748400101765   
1.423122   10.212408   0.01545048210682534   
1.4231500000000001   10.237636   0.018809182107565299   
1.4231780000000001   10.307676   0.017654376051783284   
1.4232060000000002   10.311388   0.019455966968173742   
1.4232340000000001   10.351992   0.020245076921453206   
1.423262   10.374092   0.01614851302408029   
1.4232900000000002   10.400008   0.014429493007186486   
1.4233180000000001   10.427564   0.015703296129581631   
1.423346   10.43596   0.018712242457219757   
1.4233740000000001   10.453648   0.016576778188511522   
1.4234020000000001   10.477512   0.013619816673590801   
1.4234300000000002   10.49656   0.011599124871203823   
1.4234580000000001   10.49652   0.01061031950508568   
1.423486   10.492864   0.013294633436925687   
1.4235140000000002   10.516172   0.011260268084434436   
1.4235420000000001   10.518548   0.012960127639975012   
1.42357   10.511704   0.012833327722942418   
1.4235980000000001   10.508768   0.012015619168399097   
1.4236260000000001   10.526356   0.012587572636886379   
1.4236540000000002   10.49758   0.012505573868390768   
1.4236820000000001   10.48816   0.010135462934118344   
1.42371   10.479892   0.015491724586587003   
1.4237380000000002   10.454004   0.015961651209487449   
1.4237660000000001   10.439816   0.014173693567074629   
1.423794   10.421668   0.013691388437018902   
1.4238220000000001   10.402764   0.012546429257406827   
1.4238500000000001   10.375412   0.020201093963776588   
1.4238780000000002   10.356544   0.015944260911061411   
1.4239060000000001   10.32336   0.010134168386645701   
1.423934   10.30264   0.011781866292456943   
1.4239620000000002   10.264632   0.015643781071793992   
1.4239900000000001   10.22636   0.021391200683146987   
1.424018   10.187812   0.017614454720799976   
1.4240460000000001   10.13264   0.022607998584571833   
1.4240740000000001   10.092752   0.019802458927000837   
1.4241020000000002   10.058148   0.024168782105113301   
1.4241300000000001   10.014228   0.0266870962077181   
1.424158   9.946252   0.025862243642465002   
1.4241860000000002   9.898952   0.022596536843802742   
1.4242140000000001   9.854792   0.027083122616616157   
1.424242   9.786028   0.025508538735969267   
1.4242700000000001   9.733456   0.026954413005006176   
1.4242980000000001   9.669412   0.024556312462944754   
1.4243260000000002   9.600668   0.028548509390937476   
1.4243540000000001   9.532288   0.030362565138304377   
1.424382   9.4722   0.030683819550737522   
1.4244100000000002   9.406692   0.029698265149481197   
1.4244380000000001   9.328336   0.027859423747729509   
1.424466   9.262112   0.033188344299367098   
1.4244940000000001   9.188696   0.033637953273712188   
1.4245220000000001   9.097792   0.030383295878565328   
1.42455   9.043244   0.032173966812384914   
1.4245780000000001   8.939408   0.032852831056766554   
1.424606   8.864932   0.033421322295803891   
1.4246340000000002   8.78008   0.034768844291022013   
1.4246620000000001   8.693532   0.038944105381944521   
1.42469   8.598628   0.038527154314269762   
1.4247180000000002   8.519912   0.035808725342668469   
1.4247460000000001   8.431664   0.039204397122998558   
1.424774   8.339564   0.037847262845401248   
1.4248020000000001   8.248004   0.037534976139299448   
1.42483   8.152004   0.038709584664381121   
1.4248580000000002   8.051732   0.040127474234549634   
1.4248860000000001   7.964776   0.037894887230630772   
1.424914   7.847016   0.037616774603301047   
1.4249420000000002   7.75916   0.039762381775296653   
1.4249700000000001   7.659296   0.03749320872430692   
1.424998   7.564536   0.042954431337820713   
1.4250260000000001   7.455256   0.04037575871182554   
1.425054   7.342504   0.038211464108737481   
1.4250820000000002   7.24874   0.040956173106816937   
1.4251100000000001   7.142476   0.045465058994059751   
1.425138   7.02968   0.043631863586145387   
1.4251660000000002   6.918032   0.042443667157513362   
1.4251940000000001   6.817776   0.042509699264468514   
1.425222   6.706568   0.040874639700756602   
1.4252500000000001   6.59964   0.043489087877816474   
1.425278   6.497216   0.041267279349248219   
1.4253060000000002   6.385336   0.039257147550194947   
1.4253340000000001   6.276044   0.039837796659286593   
1.425362   6.171684   0.042795663518632342   
1.4253900000000002   6.059764   0.039376350014246431   
1.4254180000000001   5.952476   0.040876368375328505   
1.425446   5.836152   0.037258268725806946   
1.4254740000000001   5.729372   0.040223386033500455   
1.425502   5.616444   0.043068412947051786   
1.4255300000000002   5.507264   0.039102207814904764   
1.4255580000000001   5.404248   0.038562486687914149   
1.425586   5.292248   0.035980620363992867   
1.4256140000000002   5.18532   0.037189664992067652   
1.4256420000000001   5.072528   0.034944897220878724   
1.42567   4.965872   0.036486738558915705   
1.4256980000000001   4.85712   0.036095865937497298   
1.425726   4.74284   0.038252213763098442   
1.4257540000000002   4.64462   0.036498346385677383   
1.4257820000000001   4.533148   0.034288967088554885   
1.42581   4.424424   0.035741969702609033   
1.4258380000000002   4.32744   0.034518615138952364   
1.4258660000000001   4.22494   0.034323044283526029   
1.425894   4.114296   0.034150995534537498   
1.4259220000000001   4.020352   0.03345429720944348   
1.4259500000000001   3.919128   0.035201591782190761   
1.4259780000000002   3.81508   0.031947794637849763   
1.4260060000000001   3.717536   0.032570282405898784   
1.426034   3.615332   0.031806562593276249   
1.4260620000000002   3.52664   0.031121526383589296   
1.4260900000000001   3.423536   0.031488768622055284   
1.426118   3.336952   0.02825311423542545   
1.4261460000000001   3.24192   0.027431963837829764   
1.4261740000000001   3.149804   0.027228258164389925   
1.4262020000000002   3.061248   0.027940489648139271   
1.4262300000000001   2.964288   0.02773373448427825   
1.426258   2.884856   0.026524406672597472   
1.4262860000000002   2.796688   0.025958864416183114   
1.4263140000000001   2.717636   0.027289158091325084   
1.426342   2.630616   0.025357748375332277   
1.4263700000000001   2.555496   0.024425535053846143   
1.4263980000000001   2.465388   0.024275862030694879   
1.4264260000000002   2.385728   0.023911695920151245   
1.4264540000000001   2.31164   0.020503006175247138   
1.426482   2.238624   0.021184358338694665   
1.4265100000000002   2.163788   0.019922722750110684   
1.4265380000000001   2.085496   0.020376789584666612   
1.426566   2.01488   0.019782339149408548   
1.4265940000000001   1.944672   0.019615062511583623   
1.4266220000000001   1.873152   0.018391443227762197   
1.4266500000000002   1.808212   0.018325394693339261   
1.4266780000000001   1.7421   0.018651668498495724   
1.426706   1.684092   0.016748671907547374   
1.4267340000000002   1.621776   0.017253713751602065   
1.4267620000000001   1.561432   0.017945840297963204   
1.42679   1.5056   0.015403605927040446   
1.4268180000000001   1.44234   0.015649345602221767   
1.4268460000000001   1.388116   0.015040643544151366   
1.4268740000000002   1.335888   0.013977317243782275   
1.4269020000000001   1.281328   0.013060226712342239   
1.42693   1.233864   0.012973003353117581   
1.4269580000000002   1.17568   0.012194655295570178   
1.4269860000000001   1.133448   0.013119656906083076   
1.427014   1.082724   0.011348769801172284   
1.4270420000000001   1.04182   0.009159387170184115   
1.4270700000000001   0.993916   0.010123278256902091   
1.4270980000000002   0.95334   0.0099457126441497402   
1.4271260000000001   0.91306   0.0089814173590685433   
1.427154   0.875312   0.0089024217429241636   
1.4271820000000002   0.837296   0.0084416390193690069   
1.4272100000000001   0.796364   0.0074985046212932049   
1.427238   0.764176   0.0079100727907874241   
1.4272660000000001   0.727332   0.0093976300558527342   
1.4272940000000001   0.690632   0.0079656078515355276   
1.4273220000000002   0.662352   0.0072769268238728358   
1.4273500000000001   0.631892   0.006385480892009796   
1.427378   0.601504   0.0061680126819296064   
1.4274060000000002   0.570776   0.0066290007961649512   
1.4274340000000001   0.542968   0.00717971413853721   
1.427462   0.51676   0.0056861625411558938   
1.4274900000000001   0.493664   0.0053260690528339521   
1.4275180000000001   0.466916   0.0045771779758080437   
1.427546   0.444416   0.0050281631724605845   
1.4275740000000001   0.4241   0.0045640186970110747   
1.427602   0.400232   0.0038918435505839931   
1.4276300000000002   0.378896   0.0038622604780102545   
1.4276580000000001   0.359604   0.0042110476922811821   
1.427686   0.341464   0.0034987093493331384   
1.4277140000000001   0.32502   0.0036708981643915613   
1.4277420000000001   0.304084   0.0035074141155241105   
1.42777   0.28966   0.0035710900918969327   
1.4277980000000001   0.274376   0.0031420259564668003   
1.427826   0.258588   0.0030940174530858744   
1.4278540000000002   0.246196   0.0030754797999661778   
1.4278820000000001   0.230052   0.0025061988925240729   
1.42791   0.21676   0.0030916087146410433   
1.4279380000000002   0.208288   0.0028250297146913144   
1.4279660000000001   0.19296   0.0027152376609710531   
1.427994   0.183868   0.0022128838901106202   
1.4280220000000001   0.170812   0.0022691206324134564   
1.42805   0.161788   0.0019793516334620509   
1.4280780000000002   0.152364   0.0022279792538431671   
1.4281060000000001   0.14282   0.0018956347515043901   
1.428134   0.135328   0.00174849573443384   
1.4281620000000002   0.126052   0.0018241057474219464   
1.4281900000000001   0.117644   0.0018170202713967356   
1.428218   0.111348   0.0016302043498353886   
1.4282460000000001   0.103488   0.0013053844048572222   
1.428274   0.097936   0.0010258906157849167   
1.4283020000000002   0.090968   0.0011675280629508559   
1.4283300000000001   0.085588   0.0010307287605271223   
1.428358   0.080548   0.0010041168590690362   
1.4283860000000002   0.075064   0.0011607537780827307   
1.4284140000000001   0.069528   0.0013040218130418252   
1.428442   0.065944   0.0012657428209904605   
1.4284700000000001   0.06132   0.00088217912013377416   
1.428498   0.05688   0.00087235059211050898   
1.4285260000000002   0.0534   0.00084055008443545139   
1.4285540000000001   0.049312   0.00084449169458451291   
1.428582   0.046156   0.0010532227790084214   
1.4286100000000002   0.043372   0.00090368234340269027   
1.4286380000000001   0.040604   0.00069211302866254761   
1.428666   0.037328   0.00048748971499122135   
1.4286940000000001   0.034904   0.0004535764054220144   
1.428722   0.033104   0.00037538483956837919   
1.4287500000000002   0.029552   0.00050830611949012686   
1.4287780000000001   0.027948   0.00063408516778111124   
1.428806   0.026172   0.00044915921453310963   
1.4288340000000002   0.023968   0.00028614215581303871   
1.4288620000000001   0.022236   0.0003290092872718202   
1.42889   0.02114   0.00047778191212681498   
1.4289180000000001   0.019416   0.00039033660687497229   
1.428946   0.017756   0.00032035813292834214   
1.4289740000000002   0.01614   0.0004357879198774458   
1.4290020000000001   0.014972   0.00038822902747962804   
1.42903   0.014076   0.00033505953036570813   
1.4290580000000002   0.013016   0.0002556525419827118   
1.4290860000000001   0.01174   0.00030714455518172185   
1.429114   0.010924   0.00043017102542025202   
1.4291420000000001   0.010096   0.00017660502069118345   
1.4291700000000001   0.009668   0.00020044838626328613   
1.4291980000000002   0.008712   0.00021063290868765551   
1.4292260000000001   0.008172   0.00037754999668918023   
1.429254   0.007472   0.00026133333333333333   
1.4292820000000002   0.0069   0.00021016395715937804   
1.4293100000000001   0.006072   0.00022649405192091812   
1.429338   0.005608   0.00025666580086434058   
1.4293660000000001   0.005256   0.00018409659300366087   
1.4293940000000001   0.004804   0.00026662999747881999   
1.4294220000000002   0.004248   0.00018844863726991737   
1.4294500000000001   0.004328   0.00017413149565135475   
1.429478   0.003572   0.00013347325991040719   
1.4295060000000002   0.00332   0.0001131370849898476   
1.4295340000000001   0.002976   8.2881441428906949e-05   
1.429562   0.002964   0.0001116263608850725   
1.4295900000000001   0.002524   0.00013070067584625057   
1.4296180000000001   0.002388   0.00013611106575962963   
1.4296460000000002   0.002296   0.00014620533505997652   
1.4296740000000001   0.001932   0.0001406082027005063   
1.429702   0.001992   0.00015443661051274943   
1.4297300000000002   0.001588   8.4967967820559034e-05   
1.4297580000000001   0.001412   5.0964039609643713e-05   
1.429786   0.001468   0.00010533333333333333   
1.4298140000000001   0.001308   8.5385400781788608e-05   
1.4298420000000001   0.001112   8.5956061126859719e-05   
1.4298700000000002   0.001216   9.2798467420295016e-05   
1.4298980000000001   0.001024   9.4882383331505046e-05   
1.429926   0.000916   5.7022412747581591e-05   
1.4299540000000002   0.00076   5.9329587896765304e-05   
1.4299820000000001   0.000716   6.4346285397406154e-05   
1.43001   0.00064   4.5018514709691019e-05   
1.4300380000000001   0.000588   7.3041844932279135e-05   
1.4300660000000001   0.000552   5.3599336645978081e-05   
1.4300940000000002   0.00042   5.6960024968783541e-05   
1.4301220000000001   0.000428   3.6781637931023258e-05   
1.43015   0.000372   6.1982076262237116e-05   
1.4301780000000002   0.000336   2.9333333333333333e-05   
1.4302060000000001   0.000348   5.0261538199922038e-05   
1.430234   0.000332   4.0463975747982715e-05   
1.4302620000000001   0.000252   3.7261836299952321e-05   
1.4302900000000001   0.000252   4.7347415745505876e-05   
1.4303180000000002   0.000252   4.6590413892416396e-05   
1.4303460000000001   0.000292   4.3019375479737809e-05   
1.430374   0.00024   4e-05   
1.4304020000000002   0.000236   3.1804961178337501e-05   
1.4304300000000001   0.000156   3.550273854851826e-05   
1.430458   0.000176   1.6e-05   
1.4304860000000001   0.000176   3.4357596604600335e-05   
