0.4848420195558783   0.2685252051591924  0.00043522449718153276     
0.9696840391117566   0.28156204604291273  0.0006350310184063791     
1.454526058667635   0.30733898227166272  0.0010162875790225289     
1.9393680782235132   0.35373662224508776  0.0016149398043978991     
2.4242100977793917   0.43674591906294962  0.0023732559968215019     
2.9090521173352699   0.59203600340006823  0.0033150534672320054     
3.3938941368911482   0.91179832103952699  0.0043998651521519452     
3.8787361564470264   1.7033808644596866  0.005860600829599581     
4.3635781760029051   4.5726255089180277  0.007731775898275852     
4.8484201955587833   39.936768296635246  0.05377425142100971     
5.3332622151146616   42.954879339358996  0.061562521492104561     
5.8181042346705398   4.4793806819599016  0.0031064646776598348     
6.3029462542264181   1.5833825477679687  0.0016378853354096438     
6.7877882737822963   0.80268488568827033  0.0016950504690739652     
7.2726302933381746   0.49306442604092117  0.0018555885716240604     
7.7574723128940528   0.34892018178360781  0.0019309136517839984     
8.2423143324499311   0.28455330955465484  0.0019259083381466417     
8.7271563520058102   0.28107819551395379  0.001992680340250213     
9.2119983715616875   0.38697195469467417  0.0028964140016648846     
9.6968403911175667   1.1265939016552997  0.0079106897038903835     
10.181682410673444   69.999168102431813  0.039467332456840535     
10.666524430229323   1.8223078141131042  0.013486037817972893     
11.151366449785201   0.6487512779840394  0.0046667986071340609     
11.63620846934108   0.43812076317813949  0.0024893337014098387     
12.121050488896957   0.38084004134715035  0.0017439482095705764     
12.605892508452836   0.38834701028160528  0.0016006038395519463     
13.090734528008714   0.4540599771037796  0.0019201908775244005     
13.575576547564593   0.61963830180622694  0.0023690057811900849     
14.06041856712047   1.0455273870245131  0.003811032764411142     
14.545260586676349   2.529197591743688  0.0062902022360718285     
15.030102606232226   20.562904875553806  0.075631253821235492     
15.514944625788106   24.73197618658602  0.093196446075385791     
15.999786645343985   2.4915057730789952  0.011120623900832514     
16.484628664899862   0.95147577550034012  0.0043417354568352747     
16.969470684455739   0.52246125875715074  0.0022721699086373274     
17.45431270401162   0.36170949912228612  0.0013216122598886581     
17.939154723567498   0.30555938975611808  0.00096316349989086426     
18.423996743123375   0.31970856615633548  0.0011757859143953553     
18.908838762679252   0.42328822741760699  0.0015202836507277608     
19.393680782235133   0.74381048840549505  0.0030813800164012187     
19.878522801791011   2.1771878788868746  0.0096903059591654748     
20.363364821346888   25.142927152290669  0.049108574002753884     
20.848206840902765   2.9412471806087404  0.016033665857406671     
21.333048860458646   0.96695659967433841  0.0044495812951196429     
21.817890880014524   0.56947535031576024  0.002405380373301837     
22.302732899570401   0.43255926469003956  0.0015700253883569997     
22.787574919126278   0.39740879238748582  0.0011440106132884727     
23.272416938682159   0.42754955862927165  0.001002244111589502     
23.757258958238037   0.5375592212933593  0.00063309222612033117     
24.242100977793914   0.7998206608004891  0.0011432035955372562     
24.726942997349795   1.5186976238458796  0.0036024847005450701     
25.211785016905672   6.7894481113914268  0.028757511402332845     
25.69662703646155   8.3262141381945398  0.040760967796943225     
26.181469056017427   1.6581858719325424  0.00641761892440924     
26.666311075573308   0.87079574945301707  0.0022700871121341143     
27.151153095129185   0.59294659078343253  0.0012787515494829249     
27.635995114685063   0.48743779111888618  0.0010475678282905644     
28.12083713424094   0.46767882897299866  0.00068919968873860593     
28.605679153796821   0.5189356167682786  0.00074693049816862512     
29.090521173352698   0.65975555760212098  0.00096750478314832628     
29.575363192908576   0.97359195002064111  0.0021238964591968775     
30.060205212464453   1.8594654385166797  0.0046550510687435686     
30.545047232020334   5.8028222552697692  0.017360333277098778     
31.029889251576211   2.1776183778403162  0.006003210328026996     
31.514731271132089   1.116671982603182  0.0024744779751778532     
31.99957329068797   0.78731141921740572  0.0012372458499414943     
32.484415310243847   0.64708323655178217  0.00089197800446923431     
32.969257329799724   0.6042469235618761  0.00069178619488260708     
33.454099349355602   0.62504430493841677  0.00063268999604640714     
33.938941368911479   0.71364149869163032  0.00068781291684757714     
34.423783388467356   0.89181119632839198  0.00094449968586392546     
34.908625408023241   1.240831458876866  0.0020763288010765334     
35.393467427579118   2.2119499749371984  0.0052933614295908844     
35.878309447134995   2.4656518841076736  0.0088351959848255999     
36.363151466690873   1.3545747759784538  0.0026470876433942985     
36.84799348624675   0.99078602934736607  0.0015421149146691846     
37.332835505802628   0.81571245815167198  0.00066125353656333166     
37.817677525358505   0.73957248593892861  0.00055039649260888868     
38.302519544914382   0.72576131816540675  0.00049872420655878819     
38.787361564470267   0.76520054526822475  0.00058351617009455476     
39.272203584026144   0.85987298293751493  0.00083480839613408637     
39.757045603582021   1.0237706780463332  0.0012908268273927548     
40.241887623137899   1.3013196123875568  0.0020459633982801746     
40.726729642693776   1.7188073959728538  0.0031408538275841873     
41.211571662249654   1.3788842895740239  0.0018768706468717411     
41.696413681805531   1.1008176327664837  0.0012385436160579012     
42.181255701361415   0.94783901717874615  0.0006316978927142154     
42.666097720917293   0.86364303150071849  0.00041857965104099836     
43.15093974047317   0.83381014537740502  0.00039579217517542504     
43.635781760029047   0.84148921199466271  0.00051721225682672259     
44.120623779584925   0.88634833500404162  0.00064109925438244061     
44.605465799140802   0.96613302044515529  0.00066618022256546691     
45.090307818696679   1.0807705933625538  0.001058848129091675     
45.575149838252557   1.2240287384613204  0.0012969040471752701     
46.059991857808441   1.2521760509476245  0.001533754403273112     
46.544833877364319   1.1252712499706904  0.00088121894413074383     
47.029675896920196   1.0218170967907947  0.00096854222696026601     
47.514517916476073   0.95251378892524493  0.00064305232212071592     
47.999359936031951   0.91592826316183259  0.00037722388290379678     
48.484201955587828   0.90706758681212427  0.00044179216547670252     
