0.46400628289657042   96.143817716996303  0.0054423597499173497     
0.92801256579314084   1.8399320284314344  0.0023164137888400672     
1.3920188486897112   9.9709458626105688  0.0041947840852209957     
1.8560251315862817   2.2101159762119395  0.0015924477064186956     
2.3200314144828522   2.4838204027649007  0.0053184037847102983     
2.7840376973794223   2.2148876022426511  0.0050782338094376289     
3.2480439802759928   0.48334018787176873  0.001599293534242782     
3.7120502631725634   1.8519752280589125  0.016111765203937992     
4.1760565460691339   0.23996338182852936  0.0037899646701809891     
4.6400628289657044   1.2611989040900818  0.018831328362946808     
5.104069111862275   0.17546333962089329  0.0013309499379867321     
5.5680753947588446   0.82188780520832079  0.0033139166602110656     
6.0320816776554151   0.28710116901985728  0.0011522558221326794     
6.4960879605519857   0.51386812881436718  0.0035926370197408269     
6.9600942434485562   0.4528108347458107  0.0047151747168707817     
7.4241005263451267   0.29230924301319113  0.00088138203160952038     
7.8881068092416973   0.88213127774393999  0.0099804880685792774     
8.3521130921382678   0.84871677635352578  0.0077088720660614364     
8.8161193750348374   1.2809330163079437  0.0099937791005645585     
9.2801256579314089   1.2461749277155105  0.0057645014965988787     
9.7441319408279785   1.0673450715222783  0.0035991769393742607     
10.20813822372455   0.41211054279605333  0.0006425710486843611     
10.67214450662112   0.57450662277649998  0.001598100400663252     
11.136150789517689   0.45938405613543951  0.00070733286578262606     
11.600157072414261   0.46552479500722563  0.00095147155640392175     
12.06416335531083   0.49675803991695299  0.0007879265902898598     
12.528169638207402   0.37100195798010382  0.00034373461084998162     
12.992175921103971   0.56446360125687746  0.0012729891416130295     
13.456182204000543   0.38860595864545948  0.00036155374971556086     
13.920188486897112   0.73957559306830385  0.0010469475138792531     
14.384194769793684   0.85321330314961122  0.00081951122311207575     
14.848201052690253   0.92033668058443101  0.0012426119427504873     
15.312207335586823   0.87218766070662017  0.00094443552446598906     
15.776213618483395   0.92053297356526187  0.0011539520598178629     
16.240219901379966   0.99935204546500903  0.0013814791842548975     
16.704226184276536   0.98843312786115005  0.00058790902072076939     
17.168232467173105   1.628053951437223  0.0051040573996465157     
17.632238750069675   1.9726316343100769  0.0073940181853719073     
18.096245032966248   1.3758942577418183  0.0055321873074746144     
18.560251315862818   0.86917679195567822  0.00048554295084333252     
19.024257598759387   1.080836342740532  0.0021328558084177764     
19.488263881655957   1.1241061119784646  0.0010287311956476276     
19.952270164552527   1.2060203983802146  0.0008017082761724355     
20.4162764474491   1.4903708442026163  0.00078981945424837639     
20.88028273034567   1.4943140047334301  0.0012517017186953146     
21.344289013242239   1.2404935713535367  0.0010116978060834664     
21.808295296138809   1.1741535833930598  0.00077686393240864759     
22.272301579035378   1.0194248338367281  0.00076084117336955162     
22.736307861931952   0.80406096442611618  0.00086869023149904991     
23.200314144828521   0.97266027471220532  0.00087161429712595498     
23.664320427725091   0.95704402489220922  0.00068368997832571755     
24.128326710621661   1.0676871542729444  0.00057002530878553922     
24.592332993518234   1.2488179284236969  0.00082318439276176912     
25.056339276414803   1.2742072596194231  0.00090203703040869087     
25.520345559311373   1.469753903622259  0.0015896138443770006     
25.984351842207943   1.5216767642551216  0.0015395659133815942     
26.448358125104512   1.3232954266730885  0.0011794097877548056     
26.912364408001086   1.2939235362784985  0.0021410394135893077     
27.376370690897655   1.0640871257832484  0.0010295085992971671     
27.840376973794225   0.76115390100756697  0.0006824129142519814     
28.304383256690794   0.88143238436288652  0.00052846270722421598     
28.768389539587368   0.89986693167929618  0.00046088286386028288     
29.232395822483937   0.91923507093367086  0.00062509147188876821     
29.696402105380507   0.93661865953828913  0.00067489112696706358     
30.160408388277077   0.93232224150570818  0.0005531089666327665     
30.624414671173646   0.91477726220925674  0.00044330618294904546     
31.088420954070219   0.89288159951038965  0.0005345017961631344     
31.552427236966789   0.84947958329681897  0.00066906811926928904     
32.016433519863362   0.76047849991155232  0.00036252142579453195     
32.480439802759932   0.81166031341436411  0.00051743418455974316     
32.944446085656502   0.77153677173378568  0.00034315079360997134     
33.408452368553071   0.80504267596112132  0.00029008626485439922     
33.872458651449641   0.79546371072313898  0.00046442187663585515     
34.33646493434621   0.80628289817485749  0.00045572824219880826     
34.80047121724278   0.86754455660961077  0.00066101440432575873     
35.26447750013935   0.86474457937276319  0.00064308385710453074     
35.728483783035919   0.91136547984535414  0.00044794525062218737     
36.192490065932496   0.89969088467532724  0.0005409290849484523     
36.656496348829066   0.96098406326198396  0.00031742588527272611     
37.120502631725635   0.99229291133767596  0.00050395097218319629     
37.584508914622205   1.0031098398032136  0.00029320910812883592     
38.048515197518775   1.0048349742031004  0.0004696821343048769     
38.512521480415344   1.0155323692844443  0.00034237126767033178     
38.976527763311914   1.0460482651830833  0.00038215840470645401     
39.440534046208484   1.0477447583009771  0.00046851976800117654     
39.904540329105053   1.0502779747570426  0.00048592371735272828     
40.36854661200163   1.0351077773192062  0.00042529991275882246     
40.8325528948982   1.1069616047797809  0.00039177766164779362     
41.296559177794769   1.1499649726528088  0.0004502857706676814     
41.760565460691339   1.154150921162555  0.00056490529946612864     
42.224571743587909   1.1809136579426037  0.00067658908370109862     
42.688578026484478   1.1765438296539525  0.00048247592875891559     
43.152584309381048   1.1921816115003652  0.00068777548973128964     
43.616590592277618   1.1880163952524596  0.00060328758263087353     
44.080596875174187   1.1162483158651975  0.00065010708898213977     
44.544603158070757   1.0989847940131952  0.00061037325027021976     
45.008609440967334   1.0988406451045644  0.00051952692471573417     
45.472615723863903   1.0852525875670293  0.00061914803310750981     
45.936622006760473   1.0922840123635334  0.00061680758892947009     
46.400628289657043   1.0921364338403488  0.00052600920277181517     
