0.23200314144828521   193.12071833925479  0.028094631821867474     
0.46400628289657042   4.0754402374154611  0.0092413813256949275     
0.69600942434485558   18.670613258399765  0.02198263279695745     
0.92801256579314084   4.16621990445309  0.0137352797128328     
1.1600157072414261   4.5153887210326984  0.014669841022507461     
1.3920188486897112   3.8324828886635832  0.0059454911301985767     
1.6240219901379964   0.9367253832934885  0.0037581590238715679     
1.8560251315862817   3.0023450183148238  0.0068639237901877125     
2.088028273034567   0.062795022618013522  0.00044383659107794332     
2.3200314144828522   1.9833815342441664  0.0054892805418910167     
2.5520345559311375   0.076485376208109586  0.00059977311261211916     
2.7840376973794223   1.1344503913325396  0.0041423643188403054     
3.0160408388277076   0.26279776756162624  0.0014299845366845983     
3.2480439802759928   0.55460803351262755  0.0034793939165222962     
3.4800471217242781   0.39085914704203786  0.003057428315217971     
3.7120502631725634   0.20534978888109773  0.0019846422205942974     
3.9440534046208486   0.43036520951330283  0.0055511076737229408     
4.1760565460691339   0.037133350058393026  0.00044383392758150686     
4.4080596875174187   0.41024952113194901  0.0094054957850523061     
4.6400628289657044   0.076399187796216519  0.0018098218998188443     
4.8720659704139893   0.26637096576669458  0.0047270494044198123     
5.104069111862275   0.059135226747387289  0.0010880842861516343     
5.3360722533105598   0.17211085822462431  0.0037706203839019243     
5.5680753947588446   0.088891826858040092  0.0024523640879476335     
5.8000785362071303   0.099671069066148731  0.0019286568794908246     
6.0320816776554151   0.12494795279011001  0.0042152314095848268     
6.2640848191037009   0.045250594849108219  0.00096767151960752881     
6.4960879605519857   0.18634119329526663  0.0075017729213153519     
6.7280911020002714   0.024937673184560624  0.00036699306634755482     
6.9600942434485562   0.28610523950124494  0.010419136074773248     
7.1920973848968419   0.058534188882782396  0.00072134165745561751     
7.4241005263451267   0.44042551982818117  0.011554802389354939     
7.6561036677934116   0.23891220836477818  0.0045637117642844224     
7.8881068092416973   0.64888050628576938  0.011008757743986139     
8.120109950689983   1.068562004694455  0.014804215290264339     
8.3521130921382678   0.90684445975205993  0.010063941944746108     
8.5841162335865526   5.9737012965852489  0.05353044074543267     
8.8161193750348374   0.73153016545225437  0.013121637610700732     
9.048122516483124   57.014971151662934  0.35691235800272013     
9.2801256579314089   143.70264053437437  0.67254709375618129     
9.5121287993796937   82.189084135700887  0.30889473208552574     
9.7441319408279785   2.5625328403962212  0.014873791198184215     
9.9761350822762633   9.5471705641902805  0.039832656877656829     
10.20813822372455   3.203041298292154  0.012180541727044487     
10.440141365172835   2.0640941313310698  0.0073874179238919898     
10.67214450662112   2.8049925646808711  0.011227931861972703     
10.904147648069404   0.34659181737391181  0.0020486784111029559     
11.136150789517689   2.1357101338831777  0.010019654430612075     
11.368153930965976   0.033805801506622734  0.00043376299433781067     
11.600157072414261   1.5018997673609882  0.0069074735807329561     
11.832160213862545   0.11847150292687317  0.00084157388295505909     
12.06416335531083   0.96531623478371054  0.0049845707422369659     
12.296166496759117   0.33018507114324844  0.0017361676288556597     
12.528169638207402   0.51263729450536648  0.002674647963912326     
12.760172779655687   0.54372049606751791  0.0029972696579207769     
12.992175921103971   0.2087532175014567  0.0011419703650327878     
13.224179062552256   0.66169949618714503  0.0036689243229447681     
13.456182204000543   0.099269842140724926  0.00098953815022879586     
13.688185345448828   0.69381711096081163  0.0082520662859142634     
13.920188486897112   0.14952719075684693  0.0027598891920406215     
14.152191628345397   0.52730843617832822  0.0063514496191937233     
14.384194769793684   0.14702194397676576  0.0013297550448765634     
14.616197911241969   0.34471767725065526  0.0040435261182962213     
14.848201052690253   0.24105025105483518  0.0022436336836886757     
15.080204194138538   0.17279905159467304  0.0021463392769224839     
15.312207335586823   0.31413452058400894  0.0035867313869984978     
15.54421047703511   0.071258260360631494  0.00065994344620270662     
15.776213618483395   0.32548051563510193  0.0030002068477398026     
16.008216759931681   0.034629497712599851  0.00031469871145307159     
16.240219901379966   0.29471372106850213  0.0027267413028157564     
16.472223042828251   0.048125711094865004  0.00044254926193104272     
16.704226184276536   0.23663863694556717  0.0021592617956749192     
16.93622932572482   0.14599962766074126  0.00137618850425822     
17.168232467173105   0.1910934364400289  0.0025223743883832925     
17.40023560862139   0.46669932988356361  0.0061849435061044723     
17.632238750069675   0.3090365056451772  0.0032421864086252132     
17.86424189151796   2.2459556161928795  0.049965633929113096     
18.096245032966248   4.5136648666443748  0.090705020824740132     
18.328248174414533   2.98040586686719  0.049829445229511494     
18.560251315862818   3.5243764737197528  0.049390972084817251     
18.792254457311103   4.1889037281337338  0.056083683585368234     
19.024257598759387   0.64160720728272578  0.0057936626150425173     
19.256260740207672   0.66964138088203339  0.010326593678598582     
19.488263881655957   0.51608219063906599  0.0068654263016125317     
19.720267023104242   0.21267306658034828  0.0022006107499188158     
19.952270164552527   0.45855030772402917  0.0061064098841002877     
20.184273306000815   0.073885945625993979  0.00067957622755401681     
20.4162764474491   0.43769118153240021  0.006126490091478685     
20.648279588897385   0.031767805154890929  0.00020220791945177829     
20.88028273034567   0.39455293278965691  0.005583126745271827     
21.112285871793954   0.086651265464758261  0.00088505485437318826     
21.344289013242239   0.30428601551873095  0.0040869809539205418     
21.576292154690524   0.2042720209233269  0.0023829706953730046     
21.808295296138809   0.21433506091066721  0.0028405174253619766     
22.040298437587094   0.3210332389375214  0.003692120417434962     
22.272301579035378   0.16236163223123911  0.0014161902207954119     
22.504304720483667   0.41115893661577087  0.0048873628626284896     
22.736307861931952   0.16463302029827171  0.00077668145118606544     
22.968311003380236   0.43811363876573023  0.006093257020912958     
23.200314144828521   0.18847015859027334  0.00094975811930974337     
23.432317286276806   0.38831412630313264  0.0083655330734237735     
23.664320427725091   0.18997527688088923  0.0027626578424930926     
23.896323569173376   0.28140567908926318  0.0051348624784561397     
24.128326710621661   0.24705989952676038  0.0048409068545707697     
24.360329852069945   0.15971132503769055  0.0022836040160036548     
24.592332993518234   0.32366128760575983  0.0065055502666931846     
24.824336134966519   0.067311839686425802  0.0004927233963172869     
25.056339276414803   0.39133153250442032  0.0078096184355016813     
25.288342417863088   0.052003839827612502  0.00046588034503071727     
25.520345559311373   0.42479023569317215  0.0097255622927547348     
25.752348700759658   0.15094857697622229  0.002788898679765664     
25.984351842207943   0.43692235089390429  0.0086125036755012048     
26.216354983656228   0.38860315955696245  0.0061851260016763297     
26.448358125104512   0.46824288838716817  0.011177850293472271     
26.680361266552801   0.996197164414616  0.026815684439127917     
26.912364408001086   0.58946029807003808  0.0090627838793282265     
27.14436754944937   5.1727107196990484  0.16204017225347263     
27.376370690897655   6.9472211442906732  0.24673807524766802     
27.60837383234594   4.7756491502462492  0.10717358012762311     
27.840376973794225   5.5619250069069134  0.082295656077358083     
28.07238011524251   3.4309282952515532  0.084411570563953594     
28.304383256690794   0.47950368773745768  0.0063218289228706584     
28.536386398139079   0.5186894039569657  0.010598963364906566     
28.768389539587368   0.26885196295391453  0.0055534237468727941     
29.000392681035652   0.14242186824340475  0.0016511276184397135     
29.232395822483937   0.22972353039486074  0.0039869853799442403     
29.464398963932222   0.068271357710540566  0.00041730630775190839     
29.696402105380507   0.21347823540574372  0.0027587946553007379     
29.928405246828792   0.081326338439755608  0.00049749256816562178     
30.160408388277077   0.20360490914923571  0.0019953107163066435     
30.392411529725361   0.12706862330321335  0.00071777615746355327     
30.624414671173646   0.19532645666566623  0.0015520516062491587     
30.856417812621935   0.20097656001189171  0.0015876130120909422     
31.088420954070219   0.19067504169226035  0.0012849508127694488     
31.320424095518504   0.29981452606659238  0.0023201305649567378     
31.552427236966789   0.21954960487602825  0.0014382696561774261     
31.784430378415074   0.39950681096201604  0.0029762662969179647     
32.016433519863362   0.32003304392397935  0.0017323733230504887     
32.248436661311644   0.44170190922796353  0.0038839576193459091     
32.480439802759932   0.28865201978123978  0.00091633445923841616     
32.712442944208213   0.38913311997712334  0.00474692875556357     
32.944446085656502   0.24536213630536464  0.0019615369864888763     
33.176449227104783   0.28330769655409806  0.0028258714033547341     
33.408452368553071   0.29196024029114656  0.0035589479688051558     
33.640455510001352   0.16800503359971838  0.001268930610166202     
33.872458651449641   0.39458961982731117  0.0046642802919576152     
34.104461792897929   0.10609083595855128  0.00070732221799333089     
34.33646493434621   0.51835694358437928  0.007865024326845035     
34.568468075794499   0.12092390205620785  0.00074581909407518933     
34.80047121724278   0.64561773694938885  0.010150116469343025     
35.032474358691069   0.28520251217644672  0.003688626514430133     
35.26447750013935   0.75776751751431218  0.010417881896908013     
35.496480641587638   0.90933885786929943  0.013865578456506864     
35.728483783035919   0.84691452130736795  0.011124102685448824     
35.960486924484208   3.319226861770186  0.059320157434149008     
36.192490065932496   1.3939897027526253  0.01826864876367079     
36.424493207380777   24.145645663235101  0.29880967789184584     
36.656496348829066   48.3036477775576  0.69869920110082921     
36.888499490277347   23.922477391927885  0.37408845331762896     
37.120502631725635   2.4298166059736218  0.033403019835001443     
37.352505773173917   3.2843059241292722  0.059340678213687045     
37.584508914622205   0.90513274110131346  0.013660587393163792     
37.816512056070486   0.71339012841170538  0.0099124944773333403     
38.048515197518775   0.60229623261638178  0.010712828344745562     
38.280518338967063   0.2435517831265203  0.0025012358308189755     
38.512521480415344   0.45085842114433859  0.0080059857466348313     
38.744524621863633   0.12733627414164019  0.00049555131635867157     
38.976527763311914   0.34198447052428243  0.0059776650265390907     
39.208530904760202   0.12644612684517104  0.00021011890600740341     
39.440534046208484   0.26979733841459771  0.0036212365061498489     
39.672537187656772   0.18995398272617506  0.0013570223691816289     
39.904540329105053   0.23462406299152809  0.0025378911209091277     
40.136543470553342   0.30024665155560442  0.0016339791477399718     
40.36854661200163   0.27317196396860973  0.0019734091482350846     
40.600549753449911   0.41936917964148912  0.0030243837598610705     
40.8325528948982   0.3868690200830019  0.0030205593071778044     
41.064556036346481   0.5152776274080094  0.0040826261527506243     
41.296559177794769   0.57864336397440361  0.0028137243927352701     
41.528562319243051   0.53468983331562898  0.0027496202295920229     
41.760565460691339   0.40814403099411094  0.0013523036927239754     
41.99256860213962   0.42546133832712169  0.0024606684112531577     
42.224571743587909   0.30445609562869284  0.0010322590088692718     
42.456574885036197   0.29967640675248203  0.0010639707022369717     
42.688578026484478   0.28593797069229031  0.0012993722934438676     
42.920581167932767   0.19485135066925011  0.00064610955027027673     
43.152584309381048   0.31962382592421443  0.0019720805457059504     
43.384587450829336   0.13953645611133144  0.00032412848719452345     
43.616590592277618   0.3899670513574947  0.0026133544388943164     
43.848593733725906   0.16476428580104845  0.00086396923579141732     
44.080596875174187   0.48079501364374784  0.0036336167884673911     
44.312600016622476   0.37471365085568692  0.0019673009240646347     
44.544603158070757   0.58726480687348555  0.0025654803463732602     
44.776606299519045   0.99686190759403278  0.0053223009783188383     
45.008609440967334   0.78469929222295639  0.0042724551952374761     
45.240612582415615   3.0719215779166599  0.032800682672441874     
45.472615723863903   1.5547271184498078  0.011246877234923431     
45.704618865312185   20.251211207019353  0.20610707372801047     
45.936622006760473   46.997578908213286  0.5359958118561786     
46.168625148208754   27.297437286105965  0.35556296743467275     
46.400628289657043   2.9207779015759257  0.035697907857467818     
