0.24242100977793915   0.040161182847081688  0.00019688862578068466     
0.4848420195558783   0.03977178089263585  0.00018811523681249626     
0.72726302933381748   0.039163701455740249  0.00014568097035145378     
0.9696840391117566   0.03854710455937422  0.00014659956129436512     
1.2121050488896958   0.03792586571159683  0.00019491491490532231     
1.454526058667635   0.037583702970000148  0.00031462705033487723     
1.6969470684455741   0.037809791643420392  0.00045967711446571838     
1.9393680782235132   0.039138721152939933  0.00063261115765054454     
2.1817890880014525   0.042241595097013387  0.00082596519324791924     
2.4242100977793917   0.048297377379969229  0.0010470447885277428     
2.6666311075573308   0.05913692965180189  0.0012825441987568402     
2.9090521173352699   0.077888913648191273  0.0015438503796151547     
3.151473127113209   0.11018166003807129  0.0018085356643868186     
3.3938941368911482   0.1668818565069233  0.002049379581928738     
3.6363151466690873   0.27066127816507703  0.0022659960352741301     
3.8787361564470264   0.47628073316193977  0.0026011676898393917     
4.1211571662249655   0.93844449586611223  0.0030412455253285763     
4.3635781760029051   2.2624496932712544  0.0071416296387970523     
4.6059991857808438   8.567236505191155  0.024214432625874317     
4.8484201955587833   343.52997679956212  0.29091937711095145     
5.090841205336722   23.89559261948246  0.13799568266025711     
5.3332622151146616   5.129389031138812  0.026337984723997107     
5.5756832248926003   2.2847872809722425  0.0091005930316120637     
5.8181042346705398   1.3289886704905423  0.0041773229195776518     
6.0605252444484785   0.88620664404327502  0.0027254224602102443     
6.3029462542264181   0.64478320642148929  0.0035223203506156272     
6.5453672640043568   0.5003375817337947  0.0042855434437212686     
6.7877882737822963   0.41183950397012126  0.0051738190403257429     
7.030209283560235   0.35934725391758762  0.0059982872859662127     
7.2726302933381746   0.33597092003426158  0.0068298931621989983     
7.5150513031161132   0.33979368248073654  0.0076458934799132132     
7.7574723128940528   0.37494863673626137  0.0085288812003062106     
7.9998933226719924   0.45345625408860941  0.0094117125500297267     
8.2423143324499311   0.59918179727992884  0.010202041288145798     
8.4847353422278697   0.86357315389739091  0.011321562112248647     
8.7271563520058102   1.3673451335938593  0.012890727437777592     
8.9695773617837489   2.4296491876638567  0.014386893292455739     
9.2119983715616875   5.2163105023138837  0.019529725998882988     
9.4544193813396262   16.323978013341338  0.037748506876528183     
9.6968403911175667   213.4678390983943  0.75859900561850846     
9.9392614008955054   100.07584045503635  0.54932054892750153     
10.181682410673444   14.567801352388088  0.054395487369204164     
10.424103420451383   5.7033635272432042  0.015119868570018091     
10.666524430229323   3.0623521230977494  0.0047934795357749104     
10.908945440007262   1.9176385633683317  0.0029362006530945421     
11.151366449785201   1.3184516688901134  0.0050866699371078006     
11.393787459563139   0.96759648712299539  0.0063583682770178691     
11.63620846934108   0.75093862277308  0.0077336056964318095     
11.878629479119018   0.61230835029154934  0.0089450915750002904     
12.121050488896957   0.52993462439627794  0.0099961843143020845     
12.363471498674897   0.49054439901522873  0.01110483958555552     
12.605892508452836   0.49208898709923122  0.012287660652156964     
12.848313518230775   0.54244424710648265  0.013542652163970663     
13.090734528008714   0.65774555727073567  0.01480367142256332     
13.333155537786654   0.87990786053121984  0.017226043668899037     
13.575576547564593   1.3050091291552526  0.020903747797998101     
13.817997557342531   2.1723255506460595  0.026841000344401591     
14.06041856712047   4.3324044174946268  0.04228902647365545     
14.30283957689841   11.883956289266862  0.10200786580951081     
14.545260586676349   89.198013298080488  0.78557464668086494     
14.787681596454288   200.26037826609162  0.82946596972658195     
15.030102606232226   16.574629696385727  0.029954424880281751     
15.272523616010167   5.7265511421813645  0.019972104717784756     
15.514944625788106   2.8794637607201453  0.010947769220056396     
15.757365635566044   1.7191422689654354  0.0084636631819097702     
15.999786645343985   1.1339031412195439  0.0075444717298532423     
16.242207655121923   0.79956391084820917  0.0071800276644536121     
16.484628664899862   0.59548599455996034  0.0071292050476915709     
16.727049674677801   0.4622073017096251  0.0074784975813150412     
16.969470684455739   0.37814437257039922  0.0075581986446895725     
17.211891694233678   0.32631708529916932  0.008006642253880803     
17.45431270401162   0.30131494704772079  0.0085070875076394138     
17.696733713789559   0.3043973066659615  0.0091351139868816745     
17.939154723567498   0.33669636861427793  0.0098779030891957076     
18.181575733345436   0.41369993779423129  0.011898430894242722     
18.423996743123375   0.56825064555770115  0.014954995162901504     
18.666417752901314   0.87566836815534965  0.020395988682665797     
18.908838762679252   1.6211787251763292  0.034134109924458239     
19.151259772457191   3.9285180587855332  0.080563476483420717     
19.393680782235133   20.611048876546581  0.37692127386329083     
19.636101792013072   263.37495925887449  0.53696283845428847     
19.878522801791011   7.9000018478121975  0.10299116147060531     
20.120943811568949   2.3651053500582377  0.035223312972806725     
20.363364821346888   1.1011450557526118  0.016732054696923358     
20.605785831124827   0.62129649929193965  0.010073412129592395     
20.848206840902765   0.39056414863826868  0.0070619176338445281     
21.090627850680708   0.26420138181132036  0.0049748793863280164     
21.333048860458646   0.18988250159388802  0.0038465753556188176     
21.575469870236585   0.14237821572417342  0.0033182705779680345     
21.817890880014524   0.1133491473071414  0.0027013031112952195     
22.060311889792462   0.094699684797578555  0.0025435714370133735     
22.302732899570401   0.084157123369180729  0.0023652406022429486     
22.54515390934834   0.081910569288881573  0.0022443734584148113     
22.787574919126278   0.085629154819058785  0.0022380118862430168     
23.029995928904221   0.099149047109956572  0.0027161221647884224     
23.272416938682159   0.12858527978319691  0.002897901875528196     
23.514837948460098   0.18812278324086527  0.0037321650017420824     
23.757258958238037   0.3315281585039018  0.005745511844708549     
23.999679968015975   0.73350339612350914  0.012316290565020623     
24.242100977793914   2.8588890064983803  0.038019578781963907     
24.484521987571853   250.99883430493798  0.70953868505450853     
24.726942997349795   3.066438774933254  0.055940191599102245     
24.969364007127734   0.89349431150683069  0.024042312149726522     
25.211785016905672   0.4458180592395792  0.010689538001845801     
25.454206026683611   0.28743251227213315  0.0065190850817324624     
25.69662703646155   0.21259078344744766  0.005056477575813533     
25.939048046239488   0.17091696520570929  0.0042185078795239608     
26.181469056017427   0.14498720268220056  0.0033812960682659279     
26.423890065795366   0.13121349548300992  0.0030619706087183221     
26.666311075573308   0.12200752173065839  0.0025051561037539592     
26.908732085351247   0.11871931599001975  0.0019896962260329644     
27.151153095129185   0.11995694088252468  0.0017397113060929858     
27.393574104907124   0.126732376928312  0.0018548909731533103     
27.635995114685063   0.14361387523098717  0.002417838155024222     
27.878416124463001   0.17536613165120029  0.002781791225872819     
28.12083713424094   0.23838885294477714  0.0042229052239307727     
28.363258144018882   0.37322493011882096  0.0064020528412138178     
28.605679153796821   0.66477122847405552  0.0084132611843729574     
28.84810016357476   1.5334067043373878  0.018441182487004327     
29.090521173352698   5.3873305262084917  0.085856817288242703     
29.332942183130637   179.36099904498378  1.3243645586586326     
29.575363192908576   18.247129447162502  0.45142968540278401     
29.817784202686514   3.9909905362232779  0.099530977074843724     
30.060205212464453   1.8694722714938862  0.041474842627343602     
30.302626222242395   1.1579664713059386  0.022453899824106795     
30.545047232020334   0.82450532070702856  0.016022225562606535     
30.787468241798273   0.63542630129761695  0.010790615771930912     
31.029889251576211   0.51502405181333196  0.0080680217306225837     
31.27231026135415   0.44089651584769785  0.0064044111510671183     
31.514731271132089   0.38603919498718228  0.0042015003894555752     
31.757152280910027   0.352748887525278  0.002871683344565329     
31.99957329068797   0.33282282388568131  0.0024117305475437546     
32.241994300465905   0.32531138452765292  0.0031045819562017495     
32.484415310243847   0.3411931973936402  0.0039414346565248283     
32.726836320021782   0.38234251572564036  0.0050760335580356929     
32.969257329799724   0.47716342215121563  0.0073987665660611557     
33.211678339577666   0.68551748285983608  0.011996929182722343     
33.454099349355602   1.121174415786913  0.015270209964048619     
33.696520359133544   2.3746581920495907  0.026071330571920487     
33.938941368911479   7.2347694464342147  0.10099339202085344     
34.181362378689421   96.489103457482679  1.2936475516572294     
34.423783388467356   49.93111717325289  0.76464587760377296     
34.666204398245299   7.7443013953384126  0.093225146147727416     
34.908625408023241   3.3166806885992531  0.036535903161502084     
35.151046417801176   1.9410912895008955  0.017140220296197834     
35.393467427579118   1.3244538795613729  0.012769546744692307     
35.635888437357053   0.98551033334777083  0.0062996311459009656     
35.878309447134995   0.77482351907579635  0.0049003646105370305     
36.120730456912931   0.64307450625742  0.0036178708974571353     
36.363151466690873   0.54704377581355095  0.0033686464299202851     
36.605572476468815   0.485456605490088  0.001894078641638144     
36.84799348624675   0.44230808941637773  0.0028547292626963093     
37.090414496024692   0.41464423161324531  0.0042137699014186382     
37.332835505802628   0.41472531078390515  0.0047032713630019964     
37.57525651558057   0.43587364252659865  0.0065041827393864398     
37.817677525358505   0.50633814820529945  0.0091228611142574168     
38.060098535136447   0.66966749339750288  0.01453880327836348     
38.302519544914382   1.0009932109739229  0.019539573976434368     
38.544940554692324   1.9350318316159494  0.037514996510086246     
38.787361564470267   5.0766806665673801  0.1178734217682555     
39.029782574248202   38.752669142348448  0.77579233542181434     
39.272203584026144   76.959837521532957  0.69134165448152306     
39.514624593804079   7.6680137966708769  0.061029974776875236     
39.757045603582021   3.0564998146130272  0.031960032832892161     
39.999466613359957   1.7123675485774351  0.013963284257831272     
40.241887623137899   1.1386637351440799  0.0094797957169571228     
40.484308632915841   0.83338956451260184  0.0065426129347232913     
40.726729642693776   0.64742960962880883  0.0043187560157387715     
40.969150652471718   0.5324499044553701  0.0041045082635826589     
41.211571662249654   0.45166265934162547  0.0051061146305375439     
41.453992672027596   0.40062007535870433  0.0030372752139441233     
41.696413681805531   0.36322095181755724  0.0039521305238331449     
41.938834691583473   0.33779678405822349  0.0042224777235890333     
42.181255701361415   0.33412170298808021  0.0036736518405297191     
42.42367671113935   0.34124123048320869  0.0048203659414675987     
42.666097720917293   0.38127131080214631  0.0066280545254026957     
42.908518730695228   0.47491010701369537  0.0091363132836284609     
43.15093974047317   0.65885096449235467  0.012247250928998744     
43.393360750251105   1.1595911683180001  0.024673678411558294     
43.635781760029047   2.5823992399812743  0.070271270852298376     
43.87820276980699   12.358149729620127  0.27207223552428787     
44.120623779584925   82.023556286829405  0.46804430392753397     
44.363044789362867   5.0160740805751282  0.07712367620744244     
44.605465799140802   1.9449033944014471  0.033029451954598642     
44.847886808918744   1.0629970622137048  0.012018507429874876     
45.090307818696679   0.70813831533963126  0.0081703486410066647     
45.332728828474622   0.52642369673308207  0.0061232232231190842     
45.575149838252557   0.41856850740139132  0.0035181364036786439     
45.817570848030499   0.35319021989680279  0.0030903311651832871     
46.059991857808441   0.31327609248003304  0.0027479646316043162     
46.302412867586376   0.28966929461763966  0.0016253872785509957     
46.544833877364319   0.27373135450880412  0.0022681212448192537     
46.787254887142254   0.26556990423692296  0.0016005860000134217     
47.029675896920196   0.27050443009208462  0.0011373509845847292     
47.272096906698131   0.28301438068940102  0.0019059314605155212     
47.514517916476073   0.31694401016587482  0.0031488722413980228     
47.756938926254016   0.38678163815286359  0.0030100785849298835     
47.999359936031951   0.52428976927888125  0.0050259328903650674     
48.241780945809893   0.84625174093393496  0.0073218862165240775     
48.484201955587828   1.6475922338532013  0.022448575116754185     
