1.086001   9.7959183673469388e-05   2.8180020649262557e-05   
1.0860030000000001   5.5102040816326531e-05   1.1403438513088578e-05   
1.0860050000000001   3.8775510204081633e-05   1.1564625850340136e-05   
1.0860070000000002   6.7346938775510204e-05   1.6397239174413537e-05   
1.086009   1.836734693877551e-05   5.6507645325973298e-06   
1.0860110000000001   2.8571428571428571e-05   8.163265306122449e-06   
1.0860130000000001   6.1224489795918367e-05   1.4590211285392664e-05   
1.0860150000000002   4.8979591836734694e-05   2.0453464460371304e-05   
1.086017   5.1020408163265306e-05   1.0204081632653061e-05   
1.0860190000000001   6.5306122448979592e-05   1.2092781520157264e-05   
1.0860210000000001   5.9183673469387755e-05   1.6787704325514375e-05   
1.0860230000000002   5.1020408163265306e-05   1.4024168794617893e-05   
1.086025   3.8775510204081633e-05   9.8345797923816056e-06   
1.0860270000000001   3.673469387755102e-05   1.9192838067572632e-05   
1.0860290000000001   5.3061224489795918e-05   1.0181380644282834e-05   
1.086031   5.1020408163265306e-05   1.3347902632890193e-05   
1.086033   3.4693877551020408e-05   8.6316854016663404e-06   
1.0860350000000001   4.8979591836734694e-05   1.8049658723022584e-05   
1.0860370000000001   5.5102040816326531e-05   1.4606061601077475e-05   
1.086039   4.6938775510204082e-05   1.6677075744396276e-05   
1.086041   6.1224489795918367e-05   1.6098176280543173e-05   
1.0860430000000001   3.8775510204081633e-05   1.1157292154324303e-05   
1.0860450000000001   6.1224489795918367e-05   1.0538730193761679e-05   
1.086047   4.6938775510204082e-05   1.2562030824911148e-05   
1.086049   5.9183673469387755e-05   1.6787704325514375e-05   
1.0860510000000001   2.6530612244897959e-05   8.0777837326788553e-06   
1.0860530000000002   4.0816326530612245e-05   7.4520075851043009e-06   
1.086055   2.8571428571428571e-05   1.1464149351260352e-05   
1.0860570000000001   4.4897959183673469e-05   1.2092781520157264e-05   
1.0860590000000001   5.3061224489795918e-05   1.9289043372459626e-05   
1.0860610000000002   5.9183673469387755e-05   1.1958092402208807e-05   
1.086063   2.6530612244897959e-05   5.3130950176235744e-06   
1.0860650000000001   5.9183673469387755e-05   1.7330257418853057e-05   
1.0860670000000001   4.0816326530612245e-05   1.3605442176870748e-05   
1.0860690000000002   4.8979591836734694e-05   1.4007660055764626e-05   
1.086071   6.326530612244898e-05   1.7061137692495854e-05   
1.0860730000000001   3.8775510204081633e-05   9.3521952958282449e-06   
1.0860750000000001   7.7551020408163265e-05   2.6135200969113668e-05   
1.0860770000000002   3.673469387755102e-05   1.0450538432474297e-05   
1.086079   2.4489795918367347e-05   1.0450538432474297e-05   
1.0860810000000001   5.9183673469387755e-05   1.1564625850340136e-05   
1.0860830000000001   4.0816326530612245e-05   8.6048371705262023e-06   
1.086085   6.1224489795918367e-05   1.3605442176870748e-05   
1.086087   6.7346938775510204e-05   1.1802279981562906e-05   
1.0860890000000001   2.8571428571428571e-05   1.0626190035247149e-05   
1.0860910000000001   4.8979591836734694e-05   1.4007660055764626e-05   
1.086093   6.1224489795918367e-05   1.8753807825973091e-05   
1.086095   3.0612244897959184e-05   8.1915609379539425e-06   
1.0860970000000001   4.6938775510204082e-05   1.7223114151254643e-05   
1.0860990000000001   3.673469387755102e-05   6.6652782116549064e-06   
1.086101   3.2653061224489796e-05   1.0626190035247149e-05   
1.086103   4.0816326530612245e-05   1.3260944686814917e-05   
1.0861050000000001   6.7346938775510204e-05   1.9491903104618235e-05   
1.0861070000000002   7.5510204081632653e-05   1.0560663058680288e-05   
1.086109   2.2448979591836735e-05   1.2339018467494595e-05   
1.086111   3.8775510204081633e-05   1.0734512815006463e-05   
1.0861130000000001   4.2857142857142857e-05   1.1157292154324303e-05   
1.0861150000000002   4.0816326530612245e-05   1.0538730193761679e-05   
1.086117   5.3061224489795918e-05   1.0626190035247149e-05   
1.0861190000000001   4.4897959183673469e-05   9.5238095238095238e-06   
1.0861210000000001   1.2244897959183673e-05   8.163265306122449e-06   
1.0861230000000002   4.6938775510204082e-05   1.6397239174413537e-05   
1.086125   3.4693877551020408e-05   1.0112971936951364e-05   
1.0861270000000001   2.8571428571428571e-05   8.163265306122449e-06   
1.0861290000000001   5.7142857142857143e-05   2.2106226951390368e-05   
1.0861310000000002   6.5306122448979592e-05   1.4841785189980564e-05   
1.086133   4.8979591836734694e-05   8.7117336563712227e-06   
1.0861350000000001   4.4897959183673469e-05   1.319096559841178e-05   
1.0861370000000001   3.2653061224489796e-05   1.0626190035247149e-05   
1.086139   4.4897959183673469e-05   1.5749437962979899e-05   
1.086141   4.0816326530612245e-05   1.1782658554890322e-05   
1.0861430000000001   3.2653061224489796e-05   1.1860949506233125e-05   
1.0861450000000001   6.5306122448979592e-05   1.3537244042266938e-05   
1.086147   7.1428571428571429e-05   1.6732481464284141e-05   
1.086149   4.2857142857142857e-05   1.6787704325514375e-05   
1.0861510000000001   4.0816326530612245e-05   1.4590211285392664e-05   
1.0861530000000001   3.0612244897959184e-05   1.1074027616394358e-05   
1.086155   3.673469387755102e-05   1.2092781520157264e-05   
1.086157   4.6938775510204082e-05   1.3278381833974922e-05   
1.0861590000000001   5.1020408163265306e-05   1.5586992159713742e-05   
1.0861610000000002   4.6938775510204082e-05   1.2188076780387018e-05   
1.086163   5.9183673469387755e-05   1.9586639522296556e-05   
1.086165   4.6938775510204082e-05   1.4606061601077475e-05   
1.0861670000000001   5.7142857142857143e-05   1.8455319681973519e-05   
1.0861690000000002   4.2857142857142857e-05   1.7856332991029506e-05   
1.086171   5.9183673469387755e-05   1.6227021009355868e-05   
1.0861730000000001   4.4897959183673469e-05   1.0450538432474297e-05   
1.0861750000000001   4.4897959183673469e-05   9.0248293615112921e-06   
1.0861770000000002   2.6530612244897959e-05   6.1224489795918367e-06   
1.086179   6.1224489795918367e-05   1.7476506909748475e-05   
1.0861810000000001   4.2857142857142857e-05   9.8345797923816056e-06   
1.0861830000000001   8.7755102040816327e-05   1.8766141801542479e-05   
1.0861850000000002   5.7142857142857143e-05   1.3874883030184449e-05   
1.086187   5.9183673469387755e-05   1.8617594807352393e-05   
1.0861890000000001   7.9591836734693878e-05   1.8864523297771493e-05   
1.0861910000000001   4.0816326530612245e-05   1.4269508138369409e-05   
1.0861930000000002   5.1020408163265306e-05   1.4350355856958494e-05   
1.086195   4.4897959183673469e-05   9.5238095238095238e-06   
1.0861970000000001   4.2857142857142857e-05   1.1564625850340136e-05   
1.0861990000000001   3.0612244897959184e-05   9.2527010263506417e-06   
1.086201   4.4897959183673469e-05   1.319096559841178e-05   
1.086203   5.7142857142857143e-05   2.0362761288565667e-05   
1.0862050000000001   3.4693877551020408e-05   1.4285714285714286e-05   
1.0862070000000001   4.8979591836734694e-05   1.7529386022755273e-05   
1.086209   4.2857142857142857e-05   1.2339018467494595e-05   
1.086211   3.2653061224489796e-05   9.716229154480068e-06   
1.0862130000000001   1.836734693877551e-05   8.3037793304310904e-06   
1.0862150000000002   6.7346938775510204e-05   1.611254324126124e-05   
1.086217   4.0816326530612245e-05   1.4590211285392664e-05   
1.086219   4.2857142857142857e-05   1.7330257418853057e-05   
1.0862210000000001   3.673469387755102e-05   1.5452811825306867e-05   
1.0862230000000002   6.326530612244898e-05   1.53476383301748e-05   
1.086225   5.1020408163265306e-05   1.4981439146629415e-05   
1.0862270000000001   2.6530612244897959e-05   1.1802279981562906e-05   
1.0862290000000001   6.7346938775510204e-05   1.9011140969363429e-05   
1.0862310000000002   4.0816326530612245e-05   6.084538714285142e-06   
1.086233   2.8571428571428571e-05   1.2978764645128512e-05   
1.0862350000000001   3.4693877551020408e-05   1.3958016686179042e-05   
1.0862370000000001   4.4897959183673469e-05   1.0450538432474297e-05   
1.0862390000000002   4.0816326530612245e-05   1.2907255755789303e-05   
1.086241   1.6326530612244898e-05   9.9979173174823596e-06   
1.0862430000000001   4.4897959183673469e-05   9.5238095238095238e-06   
1.0862450000000001   3.2653061224489796e-05   1.1053113475695184e-05   
1.0862470000000002   4.0816326530612245e-05   1.3605442176870748e-05   
1.086249   7.7551020408163265e-05   1.4841785189980564e-05   
1.0862510000000001   4.4897959183673469e-05   2.1252380070494298e-05   
1.0862530000000001   4.2857142857142857e-05   1.1958092402208807e-05   
1.086255   3.673469387755102e-05   8.4965959161882969e-06   
1.086257   3.2653061224489796e-05   1.0626190035247149e-05   
1.0862590000000001   3.673469387755102e-05   1.3537244042266938e-05   
1.0862610000000001   5.1020408163265306e-05   1.0204081632653061e-05   
1.086263   4.8979591836734694e-05   1.2978764645128512e-05   
1.086265   3.8775510204081633e-05   1.341706321314015e-05   
1.0862670000000001   5.5102040816326531e-05   1.7223114151254643e-05   
1.0862690000000002   3.673469387755102e-05   1.0884353741496599e-05   
1.086271   1.0204081632653061e-05   3.4013605442176871e-06   
1.086273   3.2653061224489796e-05   1.1053113475695184e-05   
1.0862750000000001   3.2653061224489796e-05   6.2347968638854966e-06   
1.0862770000000002   3.8775510204081633e-05   1.0734512815006463e-05   
1.086279   5.3061224489795918e-05   1.4007660055764626e-05   
1.0862810000000001   2.4489795918367347e-05   1.0884353741496599e-05   
1.0862830000000001   3.8775510204081633e-05   1.9108261095494067e-05   
1.0862850000000002   4.0816326530612245e-05   1.3260944686814917e-05   
1.086287   3.8775510204081633e-05   1.5043091420065293e-05   
1.0862890000000001   3.8775510204081633e-05   1.3757651983780057e-05   
1.0862910000000001   2.2448979591836735e-05   8.3037793304310904e-06   
1.0862930000000002   5.5102040816326531e-05   1.2188076780387018e-05   
1.086295   3.8775510204081633e-05   1.0294385000286773e-05   
1.0862970000000001   4.2857142857142857e-05   8.8435374149659864e-06   
1.0862990000000001   5.7142857142857143e-05   1.319096559841178e-05   
1.0863010000000002   3.4693877551020408e-05   1.0112971936951364e-05   
1.086303   4.0816326530612245e-05   1.2169077428570284e-05   
1.0863050000000001   6.1224489795918367e-05   1.8998966045944138e-05   
1.0863070000000001   4.4897959183673469e-05   9.5238095238095238e-06   
1.086309   2.8571428571428571e-05   6.9374415150922243e-06   
1.086311   3.673469387755102e-05   1.2092781520157264e-05   
1.0863130000000001   2.2448979591836735e-05   7.7264059126534335e-06   
1.0863150000000001   4.0816326530612245e-05   1.3941429613550474e-05   
1.086317   6.7346938775510204e-05   1.4919532108477081e-05   
1.086319   4.0816326530612245e-05   9.620500424306769e-06   
1.0863210000000001   2.2448979591836735e-05   9.8345797923816056e-06   
1.0863230000000001   2.8571428571428571e-05   1.1053113475695184e-05   
1.086325   5.1020408163265306e-05   6.970714806775237e-06   
1.086327   3.2653061224489796e-05   1.7529386022755273e-05   
1.0863290000000001   3.673469387755102e-05   8.4965959161882969e-06   
1.0863310000000002   3.8775510204081633e-05   1.1958092402208807e-05   
1.086333   3.673469387755102e-05   8.4965959161882969e-06   
1.0863350000000001   3.0612244897959184e-05   7.6056733928564275e-06   
1.0863370000000001   3.673469387755102e-05   8.4965959161882969e-06   
1.0863390000000002   4.2857142857142857e-05   1.5043091420065293e-05   
1.086341   6.326530612244898e-05   1.8113642116590949e-05   
1.0863430000000001   3.8775510204081633e-05   1.2708531763448574e-05   
1.0863450000000001   1.6326530612244898e-05   7.326754839638781e-06   
1.0863470000000002   3.4693877551020408e-05   1.2562030824911148e-05   
1.086349   2.8571428571428571e-05   8.163265306122449e-06   
1.0863510000000001   4.4897959183673469e-05   1.5150379218585094e-05   
1.0863530000000001   3.673469387755102e-05   1.0884353741496599e-05   
1.0863550000000002   3.8775510204081633e-05   1.5646258503401361e-05   
1.086357   2.0408163265306122e-05   7.4520075851043009e-06   
1.0863590000000001   4.0816326530612245e-05   1.0969058160950408e-05   
1.0863610000000001   3.4693877551020408e-05   1.4285714285714286e-05   
1.086363   3.8775510204081633e-05   9.8345797923816056e-06   
1.086365   2.0408163265306122e-05   5.2693650968808393e-06   
1.0863670000000001   1.6326530612244898e-05   8.4965959161882969e-06   
1.0863690000000001   3.673469387755102e-05   1.1703843900738268e-05   
1.086371   3.0612244897959184e-05   1.0647942749998999e-05   
1.086373   3.8775510204081633e-05   1.0294385000286773e-05   
1.0863750000000001   2.4489795918367347e-05   6.6652782116549064e-06   
1.0863770000000001   3.4693877551020408e-05   9.1521252020909594e-06   
1.086379   2.0408163265306122e-05   6.8027210884353741e-06   
1.086381   1.0204081632653061e-05   4.5634040357138565e-06   
1.0863830000000001   3.4693877551020408e-05   1.0112971936951364e-05   
1.0863850000000002   3.673469387755102e-05   1.2835348478988577e-05   
1.086387   3.0612244897959184e-05   9.2527010263506417e-06   
1.086389   3.673469387755102e-05   1.1703843900738268e-05   
1.0863910000000001   3.673469387755102e-05   1.3874883030184449e-05   
1.0863930000000002   5.1020408163265306e-05   1.727676884244938e-05   
1.086395   5.5102040816326531e-05   1.611254324126124e-05   
1.0863970000000001   2.0408163265306122e-05   8.0490881402715865e-06   
1.0863990000000001   6.9387755102040816e-05   1.261716802108259e-05   
1.0864010000000002   3.8775510204081633e-05   1.5646258503401361e-05   
1.086403   4.2857142857142857e-05   9.3521952958282449e-06   
1.0864050000000001   6.1224489795918367e-05   1.5512590817675347e-05   
1.0864070000000001   3.8775510204081633e-05   8.8435374149659864e-06   
1.0864090000000002   2.2448979591836735e-05   1.0294385000286773e-05   
1.086411   3.673469387755102e-05   1.420449865157898e-05   
1.0864130000000001   2.8571428571428571e-05   1.3330556423309813e-05   
1.0864150000000001   4.6938775510204082e-05   1.6397239174413537e-05   
1.086417   2.6530612244897959e-05   1.2562030824911148e-05   
1.086419   2.8571428571428571e-05   9.2276598409867594e-06   
1.0864210000000001   4.8979591836734694e-05   1.4334222792996924e-05   
1.0864230000000001   3.673469387755102e-05   1.60405797585736e-05   
1.086425   4.8979591836734694e-05   1.3330556423309813e-05   
1.086427   3.4693877551020408e-05   1.1403438513088578e-05   
1.0864290000000001   2.8571428571428571e-05   1.3673300164790327e-05   
1.0864310000000001   2.6530612244897959e-05   7.4829931972789116e-06   
1.086433   3.0612244897959184e-05   1.1880441630321756e-05   
1.086435   5.5102040816326531e-05   1.9491903104618235e-05   
1.0864370000000001   4.0816326530612245e-05   1.2907255755789303e-05   
1.0864390000000002   3.4693877551020408e-05   1.0560663058680288e-05   
1.086441   3.8775510204081633e-05   1.5939285052870723e-05   
1.086443   4.2857142857142857e-05   1.6227021009355868e-05   
1.0864450000000001   3.0612244897959184e-05   1.1484314976961995e-05   
1.0864470000000002   2.0408163265306122e-05   9.126808071427713e-06   
1.086449   2.0408163265306122e-05   8.0490881402715865e-06   
1.0864510000000001   1.2244897959183673e-05   6.9374415150922243e-06   
1.0864530000000001   4.8979591836734694e-05   1.9047619047619048e-05   
1.0864550000000002   2.0408163265306122e-05   6.084538714285142e-06   
1.086457   3.2653061224489796e-05   1.1053113475695184e-05   
1.0864590000000001   4.0816326530612245e-05   1.5512590817675347e-05   
1.0864610000000001   2.0408163265306122e-05   9.126808071427713e-06   
1.0864630000000002   1.836734693877551e-05   5.6507645325973298e-06   
1.086465   4.2857142857142857e-05   1.9108261095494067e-05   
1.0864670000000001   2.0408163265306122e-05   6.8027210884353741e-06   
1.0864690000000001   3.2653061224489796e-05   1.1464149351260352e-05   
1.0864710000000002   3.673469387755102e-05   1.2469593727770993e-05   
1.086473   1.4285714285714286e-05   5.3130950176235744e-06   
1.0864750000000001   4.6938775510204082e-05   2.0867838979833969e-05   
1.0864770000000001   1.4285714285714286e-05   6.1224489795918367e-06   
1.086479   4.0816326530612245e-05   7.4520075851043009e-06   
1.086481   5.9183673469387755e-05   2.2857547777430534e-05   
1.0864830000000001   3.4693877551020408e-05   1.2562030824911148e-05   
1.0864850000000001   4.2857142857142857e-05   9.3521952958282449e-06   
1.086487   5.1020408163265306e-05   1.5287214322615124e-05   
1.086489   1.0204081632653061e-05   4.5634040357138565e-06   
1.0864910000000001   2.2448979591836735e-05   7.1022493257894899e-06   
1.0864930000000002   3.8775510204081633e-05   1.4414707551304143e-05   
1.086495   2.2448979591836735e-05   8.3037793304310904e-06   
1.086497   2.2448979591836735e-05   8.3037793304310904e-06   
1.0864990000000001   5.1020408163265306e-05   1.9774750821426712e-05   
1.0865010000000002   2.8571428571428571e-05   6.2347968638854966e-06   
1.086503   3.673469387755102e-05   1.2835348478988577e-05   
1.0865050000000001   1.4285714285714286e-05   5.3130950176235744e-06   
1.0865070000000001   2.8571428571428571e-05   8.163265306122449e-06   
1.0865090000000002   3.0612244897959184e-05   1.1484314976961995e-05   
1.086511   4.4897959183673469e-05   1.2092781520157264e-05   
1.0865130000000001   5.5102040816326531e-05   1.6397239174413537e-05   
1.0865150000000001   2.4489795918367347e-05   5.9304747531165627e-06   
1.0865170000000002   2.4489795918367347e-05   8.4965959161882969e-06   
1.086519   6.1224489795918367e-05   1.8505402052701283e-05   
1.0865210000000001   2.0408163265306122e-05   5.2693650968808393e-06   
1.0865230000000001   2.8571428571428571e-05   1.1053113475695184e-05   
1.0865250000000002   1.0204081632653061e-05   6.2717989505393791e-06   
1.086527   5.1020408163265306e-05   1.2635493619732456e-05   
1.0865290000000001   3.4693877551020408e-05   1.1802279981562906e-05   
1.0865310000000001   4.4897959183673469e-05   1.420449865157898e-05   
1.086533   1.0204081632653061e-05   6.2717989505393791e-06   
1.086535   2.6530612244897959e-05   1.0560663058680288e-05   
1.0865370000000001   4.2857142857142857e-05   1.2339018467494595e-05   
1.0865390000000001   2.4489795918367347e-05   1.3537244042266938e-05   
1.086541   2.4489795918367347e-05   1.0884353741496599e-05   
1.086543   2.6530612244897959e-05   1.1802279981562906e-05   
1.0865450000000001   3.0612244897959184e-05   1.0204081632653061e-05   
1.0865470000000002   2.2448979591836735e-05   8.8435374149659864e-06   
1.086549   3.8775510204081633e-05   1.7856332991029506e-05   
1.086551   3.673469387755102e-05   1.4841785189980564e-05   
1.0865530000000001   4.4897959183673469e-05   1.4841785189980564e-05   
1.0865550000000002   4.6938775510204082e-05   1.1802279981562906e-05   
1.086557   2.2448979591836735e-05   7.7264059126534335e-06   
1.0865590000000001   4.2857142857142857e-05   9.8345797923816056e-06   
1.0865610000000001   5.1020408163265306e-05   1.1074027616394358e-05   
1.0865630000000002   6.1224489795918367e-06   3.1173984319427483e-06   
1.086565   2.4489795918367347e-05   7.9332678841432659e-06   
1.0865670000000001   3.4693877551020408e-05   1.0112971936951364e-05   
1.0865690000000001   2.8571428571428571e-05   6.9374415150922243e-06   
1.0865710000000002   1.836734693877551e-05   6.4176742394942883e-06   
1.086573   3.0612244897959184e-05   1.1074027616394358e-05   
1.0865750000000001   2.8571428571428571e-05   8.7117336563712227e-06   
1.0865770000000001   1.4285714285714286e-05   6.8366500823951634e-06   
1.0865790000000002   1.4285714285714286e-05   5.3130950176235744e-06   
1.086581   2.6530612244897959e-05   9.1521252020909594e-06   
1.0865830000000001   5.1020408163265306e-05   1.2635493619732456e-05   
1.0865850000000001   2.6530612244897959e-05   1.1802279981562906e-05   
1.086587   3.2653061224489796e-05   9.716229154480068e-06   
1.086589   3.4693877551020408e-05   6.1224489795918367e-06   
1.0865910000000001   3.2653061224489796e-05   9.2276598409867594e-06   
1.0865930000000001   4.8979591836734694e-05   2.3407687801476535e-05   
1.086595   3.4693877551020408e-05   7.4829931972789116e-06   
1.086597   4.2857142857142857e-05   1.6227021009355868e-05   
1.0865990000000001   2.0408163265306122e-05   8.6048371705262023e-06   
1.0866010000000002   3.673469387755102e-05   1.420449865157898e-05   
1.086603   4.8979591836734694e-05   1.0626190035247149e-05   
1.086605   3.673469387755102e-05   9.9979173174823596e-06   
1.0866070000000001   3.0612244897959184e-05   8.7382534548742374e-06   
1.0866090000000002   2.8571428571428571e-05   1.3673300164790327e-05   
1.086611   3.4693877551020408e-05   1.8517901481382584e-05   
1.0866130000000001   4.8979591836734694e-05   1.0181380644282834e-05   
1.0866150000000001   2.4489795918367347e-05   6.6652782116549064e-06   
1.0866170000000002   2.2448979591836735e-05   9.8345797923816056e-06   
1.086619   3.4693877551020408e-05   1.5226550534421355e-05   
1.0866210000000001   1.6326530612244898e-05   5.0906903221414169e-06   
1.0866230000000001   5.3061224489795918e-05   1.5572140329604894e-05   
1.0866250000000002   3.0612244897959184e-05   9.7400143287594239e-06   
1.086627   3.4693877551020408e-05   9.6445216862298131e-06   
1.0866290000000001   2.2448979591836735e-05   6.4176742394942883e-06   
1.0866310000000001   3.4693877551020408e-05   1.0560663058680288e-05   
1.0866330000000002   1.2244897959183673e-05   6.9374415150922243e-06   
1.086635   6.326530612244898e-05   1.7330257418853057e-05   
1.0866370000000001   2.6530612244897959e-05   6.1224489795918367e-06   
1.0866390000000001   2.0408163265306122e-05   8.6048371705262023e-06   
1.086641   1.836734693877551e-05   6.4176742394942883e-06   
1.086643   4.4897959183673469e-05   1.2092781520157264e-05   
1.0866450000000001   4.4897959183673469e-05   1.0884353741496599e-05   
1.0866470000000001   2.2448979591836735e-05   5.6507645325973298e-06   
1.086649   2.4489795918367347e-05   6.6652782116549064e-06   
1.086651   2.4489795918367347e-05   9.0248293615112921e-06   
1.0866530000000001   4.0816326530612245e-05   1.6098176280543173e-05   
1.0866550000000001   3.8775510204081633e-05   1.2708531763448574e-05   
1.086657   2.2448979591836735e-05   1.3757651983780057e-05   
1.086659   4.2857142857142857e-05   1.1564625850340136e-05   
1.0866610000000001   3.8775510204081633e-05   1.1958092402208807e-05   
1.0866630000000002   3.0612244897959184e-05   1.0647942749998999e-05   
1.086665   2.0408163265306122e-05   6.084538714285142e-06   
1.086667   2.8571428571428571e-05   1.1053113475695184e-05   
1.0866690000000001   1.836734693877551e-05   6.4176742394942883e-06   
1.0866710000000002   2.0408163265306122e-05   8.0490881402715865e-06   
1.086673   5.1020408163265306e-05   1.4350355856958494e-05   
1.0866750000000001   3.673469387755102e-05   1.130152906519466e-05   
1.0866770000000001   3.2653061224489796e-05   1.2978764645128512e-05   
1.0866790000000002   2.4489795918367347e-05   9.9979173174823596e-06   
1.086681   1.836734693877551e-05   4.7619047619047619e-06   
1.0866830000000001   3.0612244897959184e-05   6.970714806775237e-06   
1.0866850000000001   2.4489795918367347e-05   7.326754839638781e-06   
1.0866870000000002   2.4489795918367347e-05   1.1703843900738268e-05   
1.086689   2.0408163265306122e-05   8.0490881402715865e-06   
1.0866910000000001   3.4693877551020408e-05   9.1521252020909594e-06   
1.0866930000000001   3.0612244897959184e-05   7.6056733928564275e-06   
1.086695   3.2653061224489796e-05   1.1860949506233125e-05   
1.086697   2.8571428571428571e-05   1.2244897959183673e-05   
1.0866990000000001   2.4489795918367347e-05   8.4965959161882969e-06   
1.0867010000000001   2.8571428571428571e-05   8.163265306122449e-06   
1.086703   4.6938775510204082e-05   1.8766141801542479e-05   
1.086705   3.0612244897959184e-05   1.5287214322615124e-05   
1.0867070000000001   3.673469387755102e-05   1.2092781520157264e-05   
1.0867090000000001   1.6326530612244898e-05   5.0906903221414169e-06   
1.086711   3.2653061224489796e-05   6.2347968638854966e-06   
1.086713   2.0408163265306122e-05   9.126808071427713e-06   
1.0867150000000001   3.8775510204081633e-05   1.4090010324631278e-05   
1.0867170000000002   2.2448979591836735e-05   1.0294385000286773e-05   
1.086719   2.2448979591836735e-05   7.7264059126534335e-06   
1.086721   3.2653061224489796e-05   1.0626190035247149e-05   
1.0867230000000001   3.673469387755102e-05   1.5452811825306867e-05   
1.0867250000000002   1.4285714285714286e-05   6.8366500823951634e-06   
1.086727   4.4897959183673469e-05   1.870439059165649e-05   
1.0867290000000001   2.2448979591836735e-05   9.3521952958282449e-06   
1.0867310000000001   1.836734693877551e-05   8.3037793304310904e-06   
1.0867330000000002   3.8775510204081633e-05   1.1958092402208807e-05   
1.086735   3.4693877551020408e-05   1.2188076780387018e-05   
1.0867370000000001   2.0408163265306122e-05   6.084538714285142e-06   
1.0867390000000001   3.4693877551020408e-05   1.0560663058680288e-05   
1.0867410000000002   2.2448979591836735e-05   1.0294385000286773e-05   
1.086743   3.0612244897959184e-05   8.1915609379539425e-06   
1.0867450000000001   1.4285714285714286e-05   8.0777837326788553e-06   
1.0867470000000001   2.0408163265306122e-05   8.0490881402715865e-06   
1.0867490000000002   2.8571428571428571e-05   9.2276598409867594e-06   
1.086751   2.2448979591836735e-05   5.6507645325973298e-06   
1.0867530000000001   4.8979591836734694e-05   1.5572140329604894e-05   
1.0867550000000001   1.4285714285714286e-05   6.1224489795918367e-06   
1.086757   2.4489795918367347e-05   7.9332678841432659e-06   
1.086759   1.6326530612244898e-05   5.9304747531165627e-06   
1.0867610000000001   2.6530612244897959e-05   8.0777837326788553e-06   
1.0867630000000001   2.6530612244897959e-05   9.1521252020909594e-06   
1.086765   4.6938775510204082e-05   1.0990132259458171e-05   
1.086767   1.2244897959183673e-05   5.4421768707482993e-06   
1.0867690000000001   3.8775510204081633e-05   1.3757651983780057e-05   
1.0867710000000002   3.0612244897959184e-05   1.1484314976961995e-05   
1.086773   3.0612244897959184e-05   6.970714806775237e-06   
1.086775   2.8571428571428571e-05   9.716229154480068e-06   
1.0867770000000001   2.8571428571428571e-05   8.163265306122449e-06   
1.0867790000000002   2.8571428571428571e-05   6.2347968638854966e-06   
1.086781   2.2448979591836735e-05   9.8345797923816056e-06   
1.0867830000000001   1.836734693877551e-05   8.8435374149659864e-06   
1.0867850000000001   2.4489795918367347e-05   1.3537244042266938e-05   
1.0867870000000002   2.2448979591836735e-05   8.3037793304310904e-06   
1.086789   4.6938775510204082e-05   1.5527499606140582e-05   
1.0867910000000001   3.673469387755102e-05   9.9979173174823596e-06   
1.0867930000000001   2.6530612244897959e-05   1.1802279981562906e-05   
1.0867950000000002   1.4285714285714286e-05   1.0112971936951364e-05   
1.086797   3.0612244897959184e-05   9.7400143287594239e-06   
1.0867990000000001   3.4693877551020408e-05   1.3622438363605977e-05   
1.0868010000000001   1.836734693877551e-05   5.6507645325973298e-06   
1.0868030000000002   3.673469387755102e-05   1.2835348478988577e-05   
1.086805   1.4285714285714286e-05   5.3130950176235744e-06   
1.0868070000000001   3.0612244897959184e-05   1.0647942749998999e-05   
1.0868090000000001   2.8571428571428571e-05   1.0181380644282834e-05   
1.086811   1.836734693877551e-05   8.3037793304310904e-06   
1.086813   4.4897959183673469e-05   1.9192838067572632e-05   
1.0868150000000001   3.2653061224489796e-05   1.1464149351260352e-05   
1.0868170000000001   3.0612244897959184e-05   1.1074027616394358e-05   
1.086819   1.836734693877551e-05   6.4176742394942883e-06   
1.086821   3.8775510204081633e-05   1.7061137692495854e-05   
1.0868230000000001   2.6530612244897959e-05   1.0990132259458171e-05   
1.0868250000000002   2.6530612244897959e-05   9.1521252020909594e-06   
1.086827   1.836734693877551e-05   7.1022493257894899e-06   
1.086829   2.4489795918367347e-05   7.326754839638781e-06   
1.0868310000000001   2.4489795918367347e-05   7.9332678841432659e-06   
1.0868330000000002   2.8571428571428571e-05   1.2978764645128512e-05   
1.086835   6.1224489795918367e-05   1.2543597901078758e-05   
1.0868370000000001   1.2244897959183673e-05   6.2347968638854966e-06   
1.0868390000000001   1.4285714285714286e-05   8.0777837326788553e-06   
1.0868410000000002   2.4489795918367347e-05   6.6652782116549064e-06   
1.086843   2.2448979591836735e-05   8.8435374149659864e-06   
1.0868450000000001   1.4285714285714286e-05   6.1224489795918367e-06   
1.0868470000000001   2.6530612244897959e-05   1.0990132259458171e-05   
1.0868490000000002   1.6326530612244898e-05   8.4965959161882969e-06   
1.086851   4.0816326530612245e-05   2.0633674677691294e-05   
1.0868530000000001   3.2653061224489796e-05   1.3673300164790327e-05   
1.0868550000000001   2.0408163265306122e-05   6.084538714285142e-06   
1.0868570000000002   3.673469387755102e-05   6.6652782116549064e-06   
1.086859   3.2653061224489796e-05   1.671864724822382e-05   
1.0868610000000001   3.2653061224489796e-05   1.3330556423309813e-05   
1.0868630000000001   3.0612244897959184e-05   1.4024168794617893e-05   
1.086865   3.2653061224489796e-05   9.716229154480068e-06   
1.086867   1.2244897959183673e-05   4.5124146807556461e-06   
1.0868690000000001   2.8571428571428571e-05   1.1464149351260352e-05   
1.0868710000000001   3.2653061224489796e-05   1.2244897959183673e-05   
1.086873   2.0408163265306122e-05   6.084538714285142e-06   
1.086875   2.2448979591836735e-05   8.8435374149659864e-06   
1.0868770000000001   1.2244897959183673e-05   1.0181380644282834e-05   
1.0868790000000002   3.673469387755102e-05   9.5238095238095238e-06   
1.086881   1.836734693877551e-05   9.8345797923816056e-06   
1.086883   1.6326530612244898e-05   5.0906903221414169e-06   
1.0868850000000001   2.6530612244897959e-05   9.1521252020909594e-06   
1.0868870000000002   4.8979591836734694e-05   1.5272070966424251e-05   
1.086889   2.0408163265306122e-05   1.4269508138369409e-05   
1.0868910000000001   1.836734693877551e-05   1.1958092402208807e-05   
1.0868930000000001   3.0612244897959184e-05   2.0237380653936758e-05   
1.0868950000000002   2.8571428571428571e-05   1.0181380644282834e-05   
1.086897   3.4693877551020408e-05   1.6677075744396276e-05   
1.0868990000000001   2.8571428571428571e-05   1.1053113475695184e-05   
1.0869010000000001   8.163265306122449e-06   4.5124146807556461e-06   
1.0869030000000002   4.2857142857142857e-05   1.6509742992532785e-05   
1.086905   2.0408163265306122e-05   8.6048371705262023e-06   
1.0869070000000001   1.6326530612244898e-05   7.326754839638781e-06   
1.0869090000000001   3.0612244897959184e-05   6.970714806775237e-06   
1.0869110000000002   1.836734693877551e-05   7.1022493257894899e-06   
1.086913   2.2448979591836735e-05   7.1022493257894899e-06   
1.0869150000000001   1.2244897959183673e-05   4.5124146807556461e-06   
1.0869170000000001   1.2244897959183673e-05   8.163265306122449e-06   
1.086919   1.836734693877551e-05   8.8435374149659864e-06   
1.086921   1.0204081632653061e-05   6.2717989505393791e-06   
1.0869230000000001   2.4489795918367347e-05   9.9979173174823596e-06   
1.0869250000000001   2.8571428571428571e-05   6.2347968638854966e-06   
1.086927   2.4489795918367347e-05   1.2469593727770993e-05   
1.086929   2.2448979591836735e-05   8.8435374149659864e-06   
1.0869310000000001   1.836734693877551e-05   1.0294385000286773e-05   
1.0869330000000001   1.2244897959183673e-05   6.9374415150922243e-06   
1.086935   1.0204081632653061e-05   5.4845290804752038e-06   
1.086937   2.8571428571428571e-05   1.0626190035247149e-05   
1.0869390000000001   4.0816326530612245e-06   2.7210884353741497e-06   
1.0869410000000002   3.2653061224489796e-05   1.3330556423309813e-05   
1.086943   2.2448979591836735e-05   7.1022493257894899e-06   
1.0869450000000001   1.2244897959183673e-05   8.163265306122449e-06   
1.0869470000000001   2.2448979591836735e-05   7.1022493257894899e-06   
1.0869490000000002   2.6530612244897959e-05   1.0112971936951364e-05   
1.086951   8.163265306122449e-06   4.5124146807556461e-06   
1.0869530000000001   8.163265306122449e-06   4.5124146807556461e-06   
1.0869550000000001   2.0408163265306122e-05   6.8027210884353741e-06   
1.0869570000000002   1.0204081632653061e-05   4.5634040357138565e-06   
1.086959   1.6326530612244898e-05   5.9304747531165627e-06   
1.0869610000000001   2.8571428571428571e-05   1.3330556423309813e-05   
1.0869630000000001   3.4693877551020408e-05   1.3622438363605977e-05   
1.0869650000000002   2.0408163265306122e-05   8.6048371705262023e-06   
1.086967   1.6326530612244898e-05   6.6652782116549064e-06   
1.0869690000000001   1.836734693877551e-05   9.3521952958282449e-06   
1.0869710000000001   1.4285714285714286e-05   8.6316854016663404e-06   
1.086973   2.8571428571428571e-05   9.2276598409867594e-06   
1.086975   2.8571428571428571e-05   6.9374415150922243e-06   
1.0869770000000001   1.836734693877551e-05   9.3521952958282449e-06   
1.0869790000000001   1.4285714285714286e-05   5.3130950176235744e-06   
1.086981   2.8571428571428571e-05   1.2244897959183673e-05   
1.086983   1.2244897959183673e-05   6.9374415150922243e-06   
1.0869850000000001   2.6530612244897959e-05   8.6316854016663404e-06   
1.0869870000000001   2.2448979591836735e-05   1.1157292154324303e-05   
1.086989   1.6326530612244898e-05   5.0906903221414169e-06   
1.086991   1.836734693877551e-05   5.6507645325973298e-06   
1.0869930000000001   2.6530612244897959e-05   1.3958016686179042e-05   
1.0869950000000002   2.6530612244897959e-05   1.0560663058680288e-05   
1.086997   8.163265306122449e-06   4.5124146807556461e-06   
1.086999   0   0   
