0	1	0
1   0.74670384448757062   0.00058036791742092515   
2   0.74724474002758866   0.00067513566259671671   
3   0.75839925413267281   0.00072131094674662023   
4   0.758998195560374   0.00063126139146730386   
5   0.75961061046266615   0.00062976320595410051   
6   0.75994140817470015   0.000619661695311856   
7   0.75997589498710427   0.00063353006363460042   
8   0.76003830765510195   0.00062218532573365121   
9   0.76021706240980995   0.00067974955152050438   
10   0.76019034396411364   0.00070733155004925561   
