-0.00036176   0.00615022     0
0.00340304   -0.0050895     0
0.0502992   0.00702438     1
0.0520774   -0.00475374     1
0.103453   0.00642881     2
0.100146   -0.00497148     2
0.154271   0.00738129     3
0.149929   -0.00402403     3
0.201137   0.00822702     4
0.202828   -0.00402024     4
0.253106   0.00786926     5
0.251744   -0.00393514     5
0.304285   0.00708229     6
0.300577   -0.00409085     6
0.351648   0.00709127     7
0.352081   -0.00462735     7
0.403006   0.00704128     8
0.400037   -0.00457564     8
0.452611   0.00709004     9
0.449312   -0.00457485     9
0.499465   0.00522679     10
-0.499363   -0.00714514     10
-0.452665   0.00665739     11
-0.447123   -0.00435856     11
-0.400951   0.00776455     12
-0.397461   -0.00359958     12
-0.348443   0.00717763     13
-0.34938   -0.00461049     13
-0.298284   0.00757636     14
-0.299659   -0.00419084     14
-0.250731   0.00624554     15
-0.249188   -0.00604755     15
-0.19777   0.00557812     16
-0.200837   -0.00564963     16
-0.147303   0.00721073     17
-0.150708   -0.00450158     17
-0.0960682   0.00546117     18
-0.101952   -0.00433798     18
-0.0483958   0.00664044     19
-0.0472725   -0.00499126     19
0.0289748   0.0558824     20
0.0245227   0.0454169     20
0.0782692   0.0553631     21
0.0763861   0.0436718     21
0.128201   0.0574716     22
0.125726   0.045933     22
0.177544   0.0585803     23
0.176429   0.0461953     23
0.22631   0.0578779     24
0.227504   0.0458588     24
0.275647   0.0569018     25
0.278619   0.0453829     25
0.32718   0.0583295     26
0.327945   0.0465699     26
0.378109   0.0567583     27
0.376895   0.044674     27
0.426282   0.0585342     28
0.427505   0.0458995     28
0.474148   0.0569956     29
0.478233   0.0454622     29
0.525527   0.0569068     30
-0.475807   0.0450753     30
-0.425049   0.0577788     31
-0.42544   0.0458011     31
-0.376132   0.0566063     32
-0.373047   0.0452657     32
-0.325439   0.0577147     33
-0.323524   0.0461585     33
-0.272518   0.0562462     34
-0.275642   0.0448976     34
-0.223762   0.0552776     35
-0.224058   0.0434469     35
-0.173903   0.0557955     36
-0.174463   0.0441379     36
-0.123326   0.0573018     37
-0.123807   0.0456199     37
-0.0723803   0.057576     38
-0.0745945   0.0453423     38
-0.0229844   0.0581333     39
-0.0232356   0.0463755     39
0.0525905   0.106294     40
0.052124   0.0945204     40
0.101377   0.106347     41
0.101868   0.0943034     41
0.15088   0.108822     42
0.153466   0.0971008     42
0.200825   0.107829     43
0.203596   0.0964223     43
0.251378   0.107946     44
0.252179   0.096203     44
0.303148   0.107491     45
0.300656   0.0960053     45
0.351257   0.107788     46
0.35255   0.0956269     46
0.400851   0.108422     47
0.400086   0.0964268     47
0.450018   0.108477     48
0.451914   0.0969683     48
0.501607   0.107018     49
0.499968   0.0955419     49
0.551862   0.107102     50
-0.450945   0.0950975     50
-0.399041   0.10636     51
-0.399868   0.0943885     51
-0.345911   0.104963     52
-0.352583   0.0954325     52
-0.297887   0.106693     53
-0.298401   0.0945645     53
-0.248582   0.106887     54
-0.247546   0.0946897     54
-0.199018   0.105825     55
-0.19924   0.0939945     55
-0.148926   0.106411     56
-0.150281   0.0944624     56
-0.0995158   0.106947     57
-0.0980485   0.0951405     57
-0.0471717   0.107323     58
-0.0496479   0.0956678     58
0.00101438   0.106212     59
0.004111   0.0945875     59
0.0754431   0.156934     60
0.0762954   0.144579     60
0.126282   0.157429     61
0.124446   0.14585     61
0.172407   0.156949     62
0.178192   0.147005     62
0.222817   0.15556     63
0.2293   0.145911     63
0.277041   0.157744     64
0.277044   0.145499     64
0.32661   0.157816     65
0.326452   0.145783     65
0.377725   0.157193     66
0.377148   0.145283     66
0.427342   0.15825     67
0.426184   0.146113     67
0.478489   0.157814     68
0.477322   0.146119     68
0.528646   0.157954     69
0.527063   0.145789     69
0.577669   0.157188     70
-0.424471   0.1454     70
-0.373537   0.15499     71
-0.373577   0.143491     71
-0.323308   0.158016     72
-0.323559   0.145397     72
-0.274552   0.157621     73
-0.273808   0.145475     73
-0.224723   0.156783     74
-0.22286   0.144914     74
-0.173309   0.156419     75
-0.176018   0.1452     75
-0.127477   0.156007     76
-0.121784   0.145493     76
-0.0759439   0.155248     77
-0.0708353   0.144846     77
-0.02277   0.156958     78
-0.0221098   0.145044     78
0.0270672   0.157282     79
0.0267603   0.145192     79
0.100502   0.206781     80
0.100011   0.194636     80
0.149878   0.207999     81
0.14919   0.196314     81
0.198051   0.205417     82
0.201529   0.194605     82
0.248472   0.205191     83
0.251753   0.193972     83
0.297527   0.206498     84
0.304838   0.197553     84
0.352566   0.207426     85
0.352324   0.195291     85
0.400674   0.20681     86
0.402628   0.194988     86
0.449603   0.205884     87
0.454927   0.195519     87
0.501454   0.207868     88
0.503474   0.196149     88
0.551236   0.208739     89
0.552197   0.196718     89
0.601228   0.206126     90
-0.396552   0.194504     90
-0.348428   0.205724     91
-0.349939   0.193834     91
-0.29971   0.208099     92
-0.2994   0.19616     92
-0.248831   0.206563     93
-0.249479   0.194732     93
-0.2008   0.205887     94
-0.197806   0.194426     94
-0.147764   0.207929     95
-0.149844   0.196597     95
-0.100233   0.206078     96
-0.0990674   0.193935     96
-0.0496265   0.205471     97
-0.0499051   0.193656     97
-0.000456787   0.208294     98
0.000458734   0.196057     98
0.0483864   0.206389     99
0.0512718   0.19488     99
0.122731   0.258353     100
0.125229   0.247044     100
0.171059   0.254874     101
0.177967   0.24561     101
0.223993   0.255306     102
0.225939   0.243285     102
0.27426   0.256715     103
0.27609   0.244581     103
0.325199   0.256563     104
0.325829   0.244597     104
0.373128   0.257181     105
0.377444   0.246299     105
0.424365   0.25656     106
0.425837   0.244636     106
0.476202   0.256441     107
0.474404   0.244499     107
0.523232   0.259009     108
0.526995   0.247403     108
0.57226   0.256471     109
0.578789   0.246215     109
0.62396   0.255916     110
-0.372823   0.244114     110
-0.325698   0.258103     111
-0.324165   0.246376     111
-0.275991   0.25798     112
-0.274515   0.246292     112
-0.225901   0.257323     113
-0.22501   0.24581     113
-0.175557   0.256872     114
-0.175065   0.244971     114
-0.127008   0.257554     115
-0.123311   0.246481     115
-0.0767156   0.25537     116
-0.0754115   0.243527     116
-0.0255804   0.255659     117
-0.0282296   0.243875     117
0.0214617   0.256116     118
0.025647   0.245162     118
0.0723146   0.254856     119
0.0764147   0.243531     119
0.150264   0.307679     120
0.149398   0.296098     120
0.199193   0.305331     121
0.198978   0.293099     121
0.249981   0.30546     122
0.248117   0.29398     122
0.300084   0.305708     123
0.299964   0.294155     123
0.34849   0.307201     124
0.349536   0.295192     124
0.398565   0.30679     125
0.399493   0.294689     125
0.448478   0.306547     126
0.449778   0.29503     126
0.500127   0.308134     127
0.49805   0.296206     127
0.545681   0.306312     128
0.552787   0.296921     128
0.598822   0.3068     129
0.599991   0.294979     129
0.649519   0.307265     130
-0.350331   0.294865     130
-0.298817   0.308068     131
-0.301594   0.296725     131
-0.249719   0.307825     132
-0.251414   0.295742     132
-0.201641   0.306687     133
-0.20053   0.294807     133
-0.150363   0.30802     134
-0.151314   0.295812     134
-0.101097   0.306851     135
-0.100712   0.294762     135
-0.0532708   0.305645     136
-0.0507855   0.294122     136
-0.00419811   0.305465     137
-0.000726339   0.293973     137
0.0451443   0.303784     138
0.0509092   0.293745     138
0.103531   0.30481     139
0.0948521   0.296822     139
0.171874   0.356038     140
0.17704   0.345097     140
0.225882   0.355659     141
0.223602   0.343577     141
0.277696   0.353849     142
0.271617   0.343808     142
0.324723   0.356655     143
0.323512   0.344469     143
0.373163   0.356785     144
0.374481   0.345159     144
0.424818   0.357928     145
0.424307   0.346105     145
0.474983   0.357654     146
0.474183   0.345761     146
0.521866   0.358162     147
0.524928   0.346892     147
0.575448   0.356514     148
0.573409   0.34451     148
0.623031   0.356373     149
0.625923   0.344974     149
0.676153   0.357286     150
-0.326055   0.345499     150
-0.276683   0.357787     151
-0.273791   0.346357     151
-0.226838   0.357432     152
-0.22655   0.345648     152
-0.17568   0.356554     153
-0.177167   0.34465     153
-0.127213   0.356849     154
-0.124449   0.345222     154
-0.0751911   0.358019     155
-0.0767367   0.345996     155
-0.0240476   0.35453     156
-0.0281596   0.343593     156
0.0244273   0.355185     157
0.0226328   0.343244     157
0.0730554   0.354527     158
0.0735222   0.342247     158
0.123402   0.357665     159
0.123618   0.345776     159
0.19743   0.404777     160
0.199193   0.392736     160
0.247606   0.404723     161
0.250513   0.393323     161
0.300656   0.405962     162
0.298131   0.394242     162
0.349267   0.406814     163
0.347534   0.394736     163
0.39793   0.407061     164
0.397906   0.395209     164
0.445922   0.407534     165
0.450095   0.396593     165
0.496686   0.408717     166
0.498878   0.39697     166
0.547187   0.406757     167
0.54979   0.395607     167
0.599212   0.406948     168
0.598123   0.394688     168
0.649117   0.407346     169
0.64954   0.395591     169
0.696117   0.408311     170
-0.299333   0.397019     170
-0.251016   0.408265     171
-0.251181   0.396469     171
-0.200346   0.406611     172
-0.200647   0.394536     172
-0.150334   0.407734     173
-0.15114   0.395987     173
-0.0998612   0.406049     174
-0.102192   0.394835     174
-0.0524127   0.405837     175
-0.0473877   0.395248     175
-0.000522321   0.405362     176
-0.000110512   0.393323     176
0.0492755   0.405566     177
0.0487243   0.393174     177
0.0994681   0.405305     178
0.0967919   0.393777     178
0.146482   0.407079     179
0.150262   0.395672     179
0.224663   0.455661     180
0.223154   0.443887     180
0.274186   0.4556     181
0.273068   0.443535     181
0.322649   0.457261     182
0.322669   0.445194     182
0.373737   0.456534     183
0.37264   0.444829     183
0.423127   0.457411     184
0.422835   0.446012     184
0.473706   0.456885     185
0.473219   0.44525     185
0.524442   0.458021     186
0.524533   0.446136     186
0.575306   0.456499     187
0.573659   0.444388     187
0.625053   0.456863     188
0.622879   0.445223     188
0.676148   0.458829     189
0.672956   0.447506     189
0.724279   0.458195     190
-0.277161   0.446058     190
-0.226751   0.457154     191
-0.225869   0.445177     191
-0.17955   0.456282     192
-0.174381   0.445353     192
-0.129325   0.457144     193
-0.123777   0.446959     193
-0.0748889   0.456446     194
-0.0751497   0.444893     194
-0.0248976   0.455475     195
-0.0249782   0.443577     195
0.0265649   0.45533     196
0.0228631   0.444479     196
0.0760434   0.455219     197
0.0730194   0.443763     197
0.123291   0.456425     198
0.124403   0.444327     198
0.174523   0.455592     199
0.173921   0.44305     199
-0.251848   -0.493727     200
0.248804   0.49448     200
-0.197821   -0.493933     201
0.296808   0.494895     201
-0.148254   -0.493957     202
0.347169   0.49482     202
-0.0985689   -0.493471     203
0.397295   0.494951     203
-0.0516356   -0.493663     204
0.449675   0.494583     204
-0.00022834   -0.492673     205
0.498452   0.494991     205
0.0475351   -0.493683     206
0.551576   0.495667     206
0.100717   -0.493456     207
0.599827   0.494956     207
0.151627   -0.491665     208
0.648298   0.496585     208
0.200417   -0.491089     209
0.699091   0.497088     209
0.25062   -0.491771     210
-0.251483   0.495784     210
-0.699188   -0.491808     211
-0.201269   0.49587     211
-0.648943   -0.493995     212
-0.153198   0.494626     212
-0.601874   -0.494157     213
-0.10016   0.494269     213
-0.553293   -0.495483     214
-0.0476689   0.495098     214
-0.50021   -0.494656     215
0.00107191   0.49378     215
-0.448887   -0.493876     216
0.049799   0.493733     216
-0.400046   -0.492958     217
0.0998815   0.495045     217
-0.349917   -0.49421     218
0.149097   0.493756     218
-0.300261   -0.493695     219
0.19792   0.4944     219
-0.224919   -0.444046     220
-0.223677   -0.456777     220
-0.17626   -0.443558     221
-0.172513   -0.454374     221
-0.125876   -0.443024     222
-0.1226   -0.454305     222
-0.073998   -0.441754     223
-0.0751044   -0.454212     223
-0.0244036   -0.443051     224
-0.0264957   -0.455378     224
0.0251912   -0.442363     225
0.0248707   -0.454336     225
0.0745225   -0.443583     226
0.0748845   -0.455761     226
0.128013   -0.444093     227
0.123324   -0.454448     227
0.175362   -0.441319     228
0.176364   -0.453027     228
0.228262   -0.442103     229
0.223531   -0.453231     229
0.275683   -0.44195     230
-0.723558   -0.453678     230
-0.674191   -0.443116     231
-0.67476   -0.455086     231
-0.625152   -0.444467     232
-0.625332   -0.456154     232
-0.571106   -0.445623     233
-0.577291   -0.455047     233
-0.524282   -0.445134     234
-0.525403   -0.456958     234
-0.472912   -0.44511     235
-0.477335   -0.455672     235
-0.421765   -0.444479     236
-0.427034   -0.455303     236
-0.374991   -0.442732     237
-0.373486   -0.454781     237
-0.323717   -0.443621     238
-0.325436   -0.455469     238
-0.27521   -0.443278     239
-0.273716   -0.45504     239
-0.198739   -0.3933     240
-0.200348   -0.405059     240
-0.150537   -0.392872     241
-0.150043   -0.404643     241
-0.101158   -0.392741     242
-0.100475   -0.404648     242
-0.0502454   -0.392159     243
-0.0502578   -0.404123     243
-0.00100578   -0.394434     244
0.00109323   -0.405828     244
0.0482681   -0.392236     245
0.051559   -0.403198     245
0.0993254   -0.394634     246
0.100441   -0.406574     246
0.154531   -0.393221     247
0.147571   -0.402532     247
0.202177   -0.391833     248
0.201492   -0.403761     248
0.249521   -0.392137     249
0.252936   -0.403464     249
0.299966   -0.392189     250
-0.698652   -0.404365     250
-0.648593   -0.393406     251
-0.649829   -0.405185     251
-0.598927   -0.395404     252
-0.599424   -0.40705     252
-0.546566   -0.394861     253
-0.551491   -0.405548     253
-0.49683   -0.395349     254
-0.50059   -0.406756     254
-0.447323   -0.39498     255
-0.449927   -0.406315     255
-0.397846   -0.39322     256
-0.399691   -0.40437     256
-0.349023   -0.39249     257
-0.349315   -0.404663     257
-0.300215   -0.393862     258
-0.297715   -0.405492     258
-0.248295   -0.39365     259
-0.249827   -0.405317     259
-0.17572   -0.342464     260
-0.173229   -0.354028     260
-0.124187   -0.341661     261
-0.124203   -0.353771     261
-0.0733535   -0.343408     262
-0.0753106   -0.3551     262
-0.0255265   -0.342493     263
-0.0242245   -0.354361     263
0.0292414   -0.343903     264
0.0225386   -0.353647     264
0.07596   -0.343773     265
0.0762849   -0.35559     265
0.1269   -0.344331     266
0.124888   -0.356143     266
0.176373   -0.341529     267
0.176156   -0.353503     267
0.226304   -0.341069     268
0.225978   -0.352875     268
0.2794   -0.342718     269
0.274388   -0.353634     269
0.326379   -0.342892     270
-0.671676   -0.354799     270
-0.6222   -0.343471     271
-0.623563   -0.355711     271
-0.571925   -0.345239     272
-0.574631   -0.357442     272
-0.525033   -0.345458     273
-0.521804   -0.357289     273
-0.473099   -0.344355     274
-0.473221   -0.355985     274
-0.424882   -0.343409     275
-0.423269   -0.354946     275
-0.376345   -0.343451     276
-0.371607   -0.35449     276
-0.324103   -0.342863     277
-0.322034   -0.354596     277
-0.274221   -0.344139     278
-0.27351   -0.356401     278
-0.225814   -0.34369     279
-0.223191   -0.355397     279
-0.148799   -0.293049     280
-0.147684   -0.304997     280
-0.0990916   -0.29323     281
-0.0954937   -0.304036     281
-0.0474966   -0.292005     282
-0.048639   -0.303835     282
0.00216649   -0.293845     283
0.00165907   -0.305814     283
0.0509085   -0.292932     284
0.0518634   -0.304638     284
0.100447   -0.29498     285
0.101746   -0.306782     285
0.14974   -0.293148     286
0.150415   -0.304934     286
0.199386   -0.291648     287
0.200746   -0.303148     287
0.249607   -0.29174     288
0.252011   -0.303513     288
0.298922   -0.292333     289
0.302893   -0.30354     289
0.352929   -0.293061     290
-0.64804   -0.304924     290
-0.600427   -0.293994     291
-0.59869   -0.305992     291
-0.548717   -0.293531     292
-0.549432   -0.305332     292
-0.499279   -0.29497     293
-0.500564   -0.307287     293
-0.449791   -0.293686     294
-0.450751   -0.305139     294
-0.398319   -0.292814     295
-0.401589   -0.304306     295
-0.350588   -0.294056     296
-0.349872   -0.306088     296
-0.299768   -0.293436     297
-0.298129   -0.305049     297
-0.24784   -0.292992     298
-0.250307   -0.304643     298
-0.198414   -0.2929     299
-0.201806   -0.303897     299
-0.125049   -0.242533     300
-0.123114   -0.254003     300
-0.0765232   -0.243829     301
-0.0710192   -0.253836     301
-0.0266418   -0.243702     302
-0.0211798   -0.253829     302
0.0245922   -0.242972     303
0.0269792   -0.254661     303
0.0753284   -0.2429     304
0.0775093   -0.254797     304
0.125496   -0.243233     305
0.124775   -0.255078     305
0.175013   -0.242195     306
0.174834   -0.25421     306
0.229454   -0.243474     307
0.222735   -0.253046     307
0.275081   -0.242122     308
0.275838   -0.253546     308
0.326172   -0.243635     309
0.326979   -0.255785     309
0.376767   -0.242459     310
-0.624431   -0.2543     310
-0.572862   -0.244704     311
-0.575636   -0.256204     311
-0.526091   -0.243779     312
-0.522893   -0.254827     312
-0.475914   -0.243545     313
-0.474409   -0.255539     313
-0.427886   -0.24331     314
-0.42318   -0.254096     314
-0.376361   -0.243006     315
-0.374596   -0.254817     315
-0.326589   -0.244307     316
-0.325393   -0.256096     316
-0.277079   -0.243959     317
-0.273387   -0.255046     317
-0.225492   -0.243468     318
-0.224069   -0.255277     318
-0.176873   -0.244453     319
-0.171683   -0.255108     319
-0.0980427   -0.193063     320
-0.0998593   -0.204631     320
-0.0458884   -0.194353     321
-0.0508561   -0.204516     321
0.00114382   -0.192032     322
0.000876805   -0.204092     322
0.0503295   -0.192747     323
0.0511757   -0.204615     323
0.100391   -0.192654     324
0.101148   -0.204531     324
0.151497   -0.193044     325
0.150125   -0.20449     325
0.200756   -0.193216     326
0.199995   -0.205428     326
0.247627   -0.191949     327
0.250958   -0.20344     327
0.299539   -0.192774     328
0.301104   -0.204874     328
0.351934   -0.193308     329
0.349917   -0.204988     329
0.398849   -0.194336     330
-0.595816   -0.204602     330
-0.549491   -0.192768     331
-0.549111   -0.204958     331
-0.499613   -0.19301     332
-0.50089   -0.20521     332
-0.449414   -0.19356     333
-0.451993   -0.205181     333
-0.399004   -0.194076     334
-0.40303   -0.205193     334
-0.350762   -0.193467     335
-0.349164   -0.205223     335
-0.300068   -0.193618     336
-0.300816   -0.205421     336
-0.250598   -0.194281     337
-0.2484   -0.20618     337
-0.20069   -0.194108     338
-0.19913   -0.205972     338
-0.147744   -0.193602     339
-0.151342   -0.204798     339
-0.072787   -0.143975     340
-0.0741367   -0.155435     340
-0.0232314   -0.143101     341
-0.0240627   -0.154735     341
0.026056   -0.142346     342
0.0258797   -0.154317     342
0.0786613   -0.143391     343
0.0737356   -0.154217     343
0.125733   -0.143452     344
0.126634   -0.155249     344
0.175955   -0.142317     345
0.17551   -0.153999     345
0.226205   -0.142062     346
0.222928   -0.15337     346
0.276176   -0.142365     347
0.274745   -0.154335     347
0.327648   -0.144091     348
0.324915   -0.155627     348
0.375356   -0.143084     349
0.376921   -0.154835     349
0.424605   -0.1432     350
-0.57347   -0.155053     350
-0.522154   -0.142754     351
-0.525735   -0.15407     351
-0.472446   -0.143751     352
-0.475856   -0.154838     352
-0.42399   -0.143093     353
-0.424455   -0.155242     353
-0.372532   -0.143221     354
-0.376291   -0.154771     354
-0.323883   -0.143849     355
-0.325838   -0.155066     355
-0.276013   -0.144098     356
-0.272526   -0.155929     356
-0.220439   -0.1457     357
-0.226606   -0.155279     357
-0.17363   -0.144392     358
-0.173377   -0.156464     358
-0.121361   -0.143224     359
-0.125339   -0.15439     359
-0.0499584   -0.0938268     360
-0.0478919   -0.105646     360
-8.02779e-05   -0.0920157     361
0.00253443   -0.103693     361
0.053511   -0.0938708     362
0.050406   -0.104841     362
0.103634   -0.0927733     363
0.100396   -0.104157     363
0.152116   -0.0932434     364
0.150071   -0.105036     364
0.20151   -0.0922441     365
0.199613   -0.103942     365
0.251302   -0.0919203     366
0.25038   -0.104003     366
0.300572   -0.0938757     367
0.300531   -0.105939     367
0.350436   -0.0933902     368
0.349546   -0.105511     368
0.402029   -0.093131     369
0.399697   -0.104716     369
0.452305   -0.0937257     370
-0.550022   -0.105656     370
-0.498156   -0.0921328     371
-0.497275   -0.10418     371
-0.447255   -0.0930401     372
-0.448707   -0.104934     372
-0.398608   -0.0935784     373
-0.398467   -0.105475     373
-0.349516   -0.0933168     374
-0.347725   -0.105112     374
-0.298196   -0.0937655     375
-0.299902   -0.105905     375
-0.249092   -0.0955548     376
-0.248658   -0.107427     376
-0.198887   -0.094273     377
-0.198239   -0.10597     377
-0.1475   -0.0933599     378
-0.149135   -0.105408     378
-0.0984969   -0.0924903     379
-0.0982875   -0.104717     379
-0.0206718   -0.0438701     380
-0.0264041   -0.054169     380
0.0292054   -0.0435983     381
0.0263716   -0.0555904     381
0.0760683   -0.0432742     382
0.0773765   -0.0548996     382
0.126781   -0.0425578     383
0.127099   -0.0544884     383
0.177555   -0.0413124     384
0.176419   -0.0538205     384
0.229037   -0.0424033     385
0.22532   -0.0535825     385
0.275819   -0.0427969     386
0.277862   -0.0539975     386
0.325582   -0.0428896     387
0.327024   -0.0550266     387
0.377083   -0.0436924     388
0.37566   -0.0554942     388
0.424738   -0.0430888     389
0.426608   -0.0552329     389
0.474491   -0.0431596     390
-0.522844   -0.0550554     390
-0.473658   -0.0420628     391
-0.472561   -0.0540342     391
-0.423453   -0.0426089     392
-0.420741   -0.0542024     392
-0.374238   -0.0428029     393
-0.372015   -0.0541839     393
-0.323861   -0.0431719     394
-0.322779   -0.0552275     394
-0.274769   -0.0440592     395
-0.27263   -0.0554203     395
-0.224868   -0.0446459     396
-0.223612   -0.0567779     396
-0.174907   -0.0435761     397
-0.173806   -0.0559636     397
-0.127658   -0.0444571     398
-0.121232   -0.0542494     398
-0.0750268   -0.0425523     399
-0.0731267   -0.0542401     399
