1   1.3049246884622236   0
2   1.3048712395635758   5.3448898648661766e-05
3   1.3048312992641892   5.047265699363567e-05
4   1.30479931134355   4.7926731776040498e-05
5   1.3047753050037517   4.4209584048822885e-05
6   1.3047576772116725   4.0171265867573752e-05
7   1.304744086297869   3.6570174368420512e-05
8   1.3047329293685829   3.3578420318328676e-05
9   1.3047229723686863   3.1242508079828219e-05
10   1.3047146238761613   2.9164580853060729e-05
1   1.3129592788325972   0
2   1.3129571058110378   2.1730216066345196e-06
3   1.3129576126842879   1.3531179364631485e-06
4   1.3129571171972403   1.0774838711336333e-06
5   1.3129572133167667   8.4013202613964245e-07
6   1.3129574637857765   7.3026200624747052e-07
7   1.3129574739154526   6.1726716103461145e-07
8   1.3129573612920758   5.4630402177033749e-07
9   1.3129567535643705   7.7553803535352448e-07
10   1.3129566059043307   7.092044082315556e-07
