0	1	0
1   0.94796174073443967   5.0767677356297473e-05   
2   0.93896678290147464   4.352982160370977e-05   
3   0.9368410919364612   6.0491841430827671e-05   
4   0.93626456637702547   7.350840329712047e-05   
5   0.93535062370632965   8.2072746384447392e-05   
6   0.93494201303914843   6.9662187637913928e-05   
7   0.93480155837391504   7.6183933468913182e-05   
8   0.9347991705043962   6.8938047923041211e-05   
9   0.93478992199601604   6.39535157449364e-05   
10   0.93481576612329456   7.6541397104812435e-05   
