0.00137903293491816   0.00119339867178585   100.218893841227   0.305460959909749
0.0511326573710843   0.00134669589647614   88.3379351884507   0.305792394300635
0.10110003827112   0.00100828860717087   85.7143665823208   0.305897967636262
0.151122634541298   0.00164154848705351   81.4432596606319   0.310756183324674
0.201080155189194   0.00240261166288515   89.0287027017804   0.311197011636959
0.251318410766033   0.00261717009202955   92.9277371223666   0.310706035298011
0.301040217060704   0.00180034968837166   88.0430882400991   0.300772597941817
0.351118341946639   0.00105569825124449   97.2926153687567   0.303767381410745
0.401239060264073   0.00116700376596574   83.5679477785193   0.311872689636353
0.450680556356002   0.00111611378450288   85.6764742789313   0.302394157123549
-0.49978739736354   9.5808326972923e-05   101.468025188701   0.308400473557687
-0.449745074093825   0.00090891374823498   100.874150045433   0.312709314082845
-0.399764557367376   0.0016612100763367   99.4826868987049   0.303671348642608
-0.34956877812591   0.0017794061761887   88.7346575611388   0.304289773142839
-0.299448986223211   0.00220983936844547   88.391288648378   0.305417217388851
-0.249247522243341   0.000717531622597492   108.516135249115   0.307704862595733
-0.198887568461686   0.000766808155122583   93.7294076165503   0.307474120817212
-0.149181930220716   0.00161974056616494   99.770084338271   0.310287938147419
-0.099183991252764   0.000917254840787285   93.10815068939   0.302017770398815
-0.0487198140048939   0.00131420884761816   98.246888649115   0.303913912178695
0.025956408909751   0.0513197955245025   86.0686322984282   0.304408817495006
0.0764002322323516   0.0509175428857267   83.5032292827108   0.303565772156397
0.126222712082636   0.0513522788274691   84.7549397586174   0.310454155106976
0.176102389565077   0.0520317243124349   93.9239418591447   0.314877346156754
0.226350022222461   0.0527155318675833   91.2275465090463   0.313636161267771
0.276281710823383   0.0523555880685299   104.22510909729   0.304866668675674
0.326272157157481   0.051590488006244   94.1683555083677   0.305571856091913
0.376307295146582   0.050649769568865   85.5737716276809   0.308082302049005
0.426082218087675   0.0520737146766653   90.4949930216751   0.310404272386214
0.475639013911563   0.051219375349891   99.2682046924352   0.305959378237363
0.524828788068159   0.0506862597484997   84.2919114788103   0.305033454697345
-0.425056320466721   0.0516127674957817   87.7045295781419   0.307108117524758
-0.375026203007418   0.0515494204704824   90.9547702735231   0.308257545180851
-0.324841371707812   0.0525849534892592   88.0868799082957   0.304163115668731
-0.274616539158366   0.0513768463972138   84.112084679683   0.302974996058188
-0.224792535454384   0.050477245990531   85.5804846183858   0.313832465144294
-0.174697019100175   0.0509013262130559   89.9508490864995   0.300912104723963
-0.124144331013631   0.0513793321176238   91.043419225082   0.300099046311594
-0.0740385233662954   0.0511651703118383   83.6460088694163   0.315695169588384
-0.02386578498036   0.0516381881889444   98.2695390313661   0.303433213518995
0.0506116958796409   0.101100255451632   94.7792643169531   0.310527516135517
0.100457606902633   0.101185867283539   101.710268122969   0.31152903321225
0.150708493233163   0.102623067319353   92.501552755909   0.308782622276816
0.200729272962284   0.101891937578397   98.0548515453049   0.304374221246541
0.25050245317999   0.103058290315161   112.549416401889   0.306895703724395
0.300878196897157   0.102134760428682   92.1709900921239   0.304185353758879
0.350955280553351   0.100906219249116   102.113078482414   0.301822091071283
0.400539896235767   0.101449896350633   93.0828203298536   0.308386833182322
0.450839853015094   0.102217994539104   91.0525805845864   0.301867159235396
0.500586241197124   0.101092754212903   86.1177972139998   0.301714751169212
-0.449848923666417   0.10082366012752   83.4965468069196   0.312959109434227
-0.399766865325894   0.101172476518358   86.9426195934402   0.30661571941935
-0.349799176243353   0.101072963721994   69.9639772693375   0.300403814943807
-0.299209369914906   0.101699134435384   93.7175554822024   0.312505390284933
-0.249255190512014   0.10143358506714   101.589583728547   0.313645207727952
-0.199916856809599   0.100606462063201   94.7859950659074   0.306793971289021
-0.150141696630673   0.100964519151036   90.6732056218692   0.308372876233975
-0.0997542320138205   0.10070222998955   94.7458007075553   0.308197899708975
-0.049703806945989   0.10137536407481   93.352350630728   0.306295868184833
0.000510479908982657   0.100908930686478   101.439528927135   0.303991652439511
0.0750463241612413   0.151451390330081   94.6400575184864   0.312051833409332
0.125099109149747   0.151736310968289   82.0170570118679   0.304137798981306
0.175076327447133   0.15253620345733   103.764115263328   0.304588033940052
0.224608942150732   0.152126376793183   96.0323171477706   0.302869662446139
0.275017616998932   0.15216822523511   97.1311983605969   0.306827247091588
0.325284308408275   0.151414311069354   101.285105572291   0.310236814059517
0.375905440343673   0.150813460939158   82.0698640932653   0.309677903815131
0.425285938004358   0.151726277263393   96.9934131245618   0.31226438204853
0.475605425278913   0.151573251419772   105.297744001576   0.305849855470082
0.526013042887178   0.151432022326277   90.0987151603341   0.311381824105556
-0.424486415095387   0.151585812227211   84.9827003497641   0.310919254789645
-0.374491680479675   0.150497670975379   88.1286280246696   0.297060418192202
-0.324748747081296   0.151832267989276   93.0617482874663   0.311613189660515
-0.274926980669915   0.151627197456752   90.3710884310906   0.307014700042857
-0.224625245684985   0.150915565562227   93.3524245845383   0.308907825979436
-0.174902892235247   0.15113081224919   81.6989475969665   0.303767885640319
-0.12490715144407   0.150785067667417   97.7519293167724   0.309755765264938
-0.0745719833214155   0.150501398048377   86.1168228797847   0.305865496863359
-0.0245465229299972   0.151063600211482   87.8542098616877   0.303978123865156
0.0254037560465022   0.151202924291628   82.6062276546657   0.307723206282192
0.0999913432377467   0.201052075715147   90.3434589965637   0.306666397504871
0.149964196976095   0.202379371944453   83.9427512882256   0.303838998848668
0.200002078502897   0.20174545719882   97.1667104395892   0.299904695920249
0.250432720867973   0.201704933031536   92.3791183473686   0.30438648223218
0.300681225674956   0.201831211170782   92.6250564914137   0.305347409614185
0.35082888620666   0.200981496882076   89.0329977144095   0.313088797013812
0.400440429470008   0.201267814829789   82.6797407205447   0.306404955247592
0.450127063792504   0.201299168501602   93.4921232086013   0.30890836840433
0.500316302358504   0.200987805627741   95.0504244667896   0.305232256675488
0.549908697972961   0.201443960024881   90.6094462859188   0.304995513220489
-0.399600557064562   0.201004686937307   100.59653709886   0.302335207573145
-0.350204108923734   0.201135705590622   88.3035070359875   0.308076475779369
-0.300330150316518   0.202078830223915   87.8440899441563   0.302525882704419
-0.250155323037239   0.201096116699045   96.7972855213582   0.300101608679481
-0.200281325523556   0.200808447838745   100.822108422305   0.305489187780353
-0.149859120087824   0.201363863355688   85.563714043316   0.304138786817201
-0.100421565871092   0.200532699020019   93.5369837787959   0.306685480299309
-0.0504827406899173   0.200868420141581   89.2914601362429   0.310549341995115
-0.000700361016763336   0.201425709061296   95.1859940977457   0.303742808492141
0.0496214208990989   0.200892803129058   93.004752274905   0.304255859995262
0.124092954596253   0.251952406694834   92.807394231207   0.304085866866114
0.174147342566378   0.251653741300163   107.387224781764   0.30395135794333
0.224128695257408   0.251599481667869   103.457543748586   0.306586344485887
0.274874274123414   0.251378779698748   109.191561803374   0.304971627709104
0.325399495857303   0.251493583111756   89.5267949200475   0.305563981007526
0.375397169771161   0.251740541893028   93.4345091283906   0.306560190850918
0.425079771798089   0.251368626511059   89.4244893441309   0.315924108963413
0.475135640962384   0.251469029483193   85.6931515188281   0.309219416677888
0.524867822815176   0.25174441196213   96.8454171905265   0.310531027125092
0.574902653139728   0.25115418318425   94.4090433375709   0.311262948565252
-0.375339986886249   0.251078608957599   85.8689739828757   0.308743893213846
-0.325278617090863   0.252003720100552   89.1339211117774   0.304298613901839
-0.275382506006305   0.252111819558139   88.9303246774623   0.300953169622223
-0.225640652052735   0.251342151442517   88.778696671079   0.302397333491523
-0.175467522474569   0.251197648002156   91.0067171299304   0.305752626021215
-0.125407964988754   0.251602583506314   96.7750231419309   0.302006069213182
-0.0758872026827506   0.250307976209482   91.0401318367267   0.306536868913512
-0.0261686418630089   0.250887213313039   78.2094301383834   0.309418220342329
0.0237260436774214   0.250757851422698   90.1212048584981   0.304680980498415
0.0739916797023877   0.250404961158805   97.4649227076842   0.302264700434324
0.148920511895363   0.302148918519819   85.8243460905499   0.298851143910767
0.198585566788641   0.301584068959887   84.6126907617972   0.30894713585453
0.24863769638493   0.30098885031711   87.4246885559542   0.30096721743044
0.299225289684672   0.300528440043255   85.5590336864502   0.303714383277509
0.349018109441889   0.301047118496401   93.9108289482315   0.305847404958789
0.399163232682493   0.301463197451728   94.2434689014728   0.301701690809923
0.449459331618273   0.301688175220584   88.6937204913316   0.302500817997856
0.499487193914423   0.3018865949817   92.0528768155147   0.305289650266575
0.549476964104679   0.301422308136627   106.850026366928   0.303607673527965
0.599502757240261   0.301514165779292   95.201343345895   0.301453496723937
0.649680664641165   0.301742061218092   86.1771683886263   0.310926249233387
-0.299969748687313   0.302010385611336   79.4507825165513   0.311333361924692
-0.250458066460248   0.301810012747367   86.3048106118968   0.315061803299294
-0.200940968798521   0.300980659345788   90.4205932387848   0.30604878381472
-0.150894693713365   0.301622103252658   84.1568763880301   0.305483761905158
-0.101173022182278   0.301074791506345   102.980829816945   0.306314800081523
-0.0512816017490689   0.30052647074445   103.708872593616   0.307797862440552
-0.00120381332360854   0.300662654866439   100.717062264889   0.308954555473449
0.0489572421933585   0.300253265725811   94.7852407473758   0.302883497667076
0.0988715140390838   0.300903834555932   71.3116371260576   0.302527914465605
0.17392983093286   0.351597691874357   99.2413187334761   0.304934037887539
0.22408719078861   0.351133924354084   94.6489604733256   0.305797351568493
0.274189066876349   0.350055392986732   83.2354227057172   0.304238025581299
0.324192434429855   0.350889973482448   88.4926860672444   0.30274955886441
0.374240324461441   0.351138084196036   85.9073691997647   0.30816127135363
0.424363811716821   0.351492800225314   92.6436714325494   0.309040914241971
0.474589377005241   0.351945304596043   89.8166540674988   0.30351805759365
0.523714143870367   0.351943449621959   100.16723250627   0.30378510790191
0.574341863156234   0.351219723931652   79.3851077677887   0.314954204448318
0.624099494078453   0.35134835302296   99.5019605916793   0.313775661747069
-0.325176461012933   0.351574756715184   92.4875510957468   0.301163722912415
-0.275390193728684   0.351846484266839   104.077176178352   0.304568798924181
-0.226186752900105   0.351586959611296   85.8546233465464   0.30748011010314
-0.176190190997594   0.351245503333995   83.3073685645077   0.308213145552102
-0.125694949338601   0.352119565016233   89.3479751149249   0.311427548814109
-0.0760244475343081   0.351149397620784   84.9060227761332   0.308831463167107
-0.0263338915999203   0.350354223170955   82.0350671575477   0.301513271839945
0.0236579106746804   0.350010617752915   84.4018122594842   0.310435406284081
0.0734118987346133   0.350724007957866   94.4302620935977   0.307251649435972
0.123409844476631   0.351666231610827   88.7153927445876   0.305264436588215
0.198632490703652   0.400845389843766   92.3509835080222   0.300499605387897
0.248875077543563   0.400160667569272   92.3240697201579   0.305010538245253
0.29920312553202   0.400586214609901   85.3164260829642   0.312744716550777
0.349104160298027   0.40126546266117   88.1274694956983   0.314025173132804
0.398800116510622   0.401503739270254   92.4239667749439   0.310998868292955
0.448781599644577   0.401826599644066   99.2897466949022   0.303344755315957
0.498483270510419   0.402625594554639   97.9788504400655   0.305688854847954
0.548935627684822   0.401354815977892   93.6156292095713   0.305245805341355
0.598597418449218   0.401809447751308   90.8100430234527   0.302508089730262
0.649040426979383   0.401466961948961   90.3136005318387   0.301023013948678
0.698781326314507   0.401974933294912   96.1492034516942   0.311346368193043
-0.250719792539947   0.40175105668818   94.6050356800581   0.305825510855023
-0.200335624501099   0.401423364020548   84.6322448930627   0.307573606845174
-0.150430988736268   0.40201130013912   89.9387989473621   0.311485045332314
-0.100582478717637   0.401633889080357   89.2916400301091   0.305178675042138
-0.0504259556776581   0.401157737955723   88.3595022489918   0.303075640354625
-0.000639879929011673   0.400470361562965   84.871574931354   0.310277835355101
0.0489687924717069   0.400736133235874   90.8984277598239   0.311027254448929
0.09879917143615   0.401024667742999   78.4698441481624   0.306559943894311
0.148529778452982   0.401533137716353   86.0892809913618   0.30429562089479
0.224058510518026   0.450610768533162   88.0768965952652   0.305677302121664
0.274278074932453   0.450530331621362   85.9102170791145   0.304529947899048
0.323507531012939   0.451356217625836   86.2928613239146   0.304567588215157
0.373872209928549   0.450988368530831   97.6149526074903   0.302915398557736
0.424076267760532   0.4517548997623   86.1067801998117   0.307886448618353
0.474032793523186   0.451747937142115   94.7621360754982   0.297769230076256
0.524479024268893   0.451689171205888   91.3923671052205   0.301549521784311
0.574068557462608   0.451905712592902   90.7128126947033   0.307844800847968
0.62403612321671   0.451557448664785   89.0307975945997   0.308411045193
0.6741230223231   0.452290852330386   88.1558182807906   0.314079984590966
-0.275977215789037   0.451265861106323   84.4848091767299   0.309466268364961
-0.225709325823209   0.451144017957653   89.7170625145238   0.311211454538339
-0.176022739316113   0.451654996741902   101.680800046962   0.291403026073612
-0.12601978026437   0.452219596650733   97.189140221182   0.307288425063185
-0.0753876138415653   0.451402286657581   100.516832227628   0.294964954618538
-0.0255545205416886   0.451267506007611   97.1303537649897   0.303985000185397
0.0243784093595348   0.450891822388967   77.6538152564929   0.300948611126588
0.0744857489012811   0.450920895805612   84.3351809251874   0.303290850408594
0.12405068877824   0.451324089955687   93.7309890993408   0.305682880681004
0.173738645212329   0.451115715070881   86.5068355432521   0.312091204091664
-0.247466283617449   -0.499114895854428   90.9809155397203   0.307030588193831
-0.196998091891263   -0.498870575332998   81.1889945488844   0.304517343499146
-0.14721893860468   -0.498869035149414   78.7913375300956   0.302977612099157
-0.0970770169165235   -0.499054015547881   80.5944662610723   0.304495184051809
-0.0472958092834398   -0.498318924862654   94.2647602013472   0.306711636160502
0.00281559407184133   -0.498240373692769   84.5664516197113   0.304126835749331
0.0527179594877683   -0.497892721775778   82.9322848641257   0.311441484833246
0.103219033437081   -0.49843484873627   91.8433542826083   0.301484796805923
0.152848588160787   -0.498069904446979   77.3315668652868   0.307000799844884
0.202942626701238   -0.498175916017511   89.8172716264524   0.30870611116259
-0.74727524641573   -0.498528776140417   88.2901059921153   0.319808556757509
-0.697448189122661   -0.49816703427369   90.6046608925396   0.297853449476958
-0.647698361604966   -0.498676409482815   86.7767699533912   0.30313781940773
-0.597677642083907   -0.498502949235622   95.2136689892819   0.305761035684986
-0.547477874131621   -0.49893272793488   97.8921036688703   0.301181747173559
-0.497391413159659   -0.499314707755788   97.3999063631293   0.307985021927604
-0.447177551024988   -0.499247387569965   100.738530662464   0.305547873258372
-0.397339657631343   -0.498273253742871   88.2060144759255   0.306565166499347
-0.347271944138361   -0.499047832474205   92.7965046105814   0.314593903312396
-0.297309127455996   -0.498884130078721   87.5327208665489   0.3096774400179
-0.222043528925174   -0.449073010902687   95.3039248726221   0.297396696774165
-0.172107472774735   -0.44861227961265   100.545285053992   0.309881587967548
-0.122069189717327   -0.448871637784411   98.4078153344612   0.306710875600993
-0.0719664435930805   -0.447764712645966   87.2129750696131   0.314247857216401
-0.0220508183100026   -0.448560122378132   86.4218577001698   0.315041184392376
0.0281640267781542   -0.447858084311942   96.6255563555384   0.306224665369837
0.07779706617109   -0.447908745224889   100.639478324018   0.307555589440116
0.128004445393952   -0.448469095527149   85.7856624353352   0.311653947779574
0.178074301384981   -0.448342814507724   87.4819116266805   0.303929915596622
0.227751374142285   -0.44854162228991   88.3149721841066   0.305574860895228
0.27757455769077   -0.447920201904667   95.3578682282255   0.309967010199197
-0.672923966721258   -0.448402712576418   92.7914424960589   0.312083095452845
-0.623063711990532   -0.449078681856386   95.7296550387053   0.306718032096194
-0.572578784124843   -0.448951139008493   92.983327336878   0.296751044210486
-0.523013023470401   -0.448911719742672   97.3887890240628   0.306425559315978
-0.47283850877082   -0.449342208727534   75.2848028096439   0.298544206173825
-0.422436121548961   -0.449363947766174   79.427903451984   0.31077539199464
-0.372322426609565   -0.44782688527296   102.893277915664   0.309612047234821
-0.322202035608127   -0.449008584156504   88.5684150582082   0.307018633821911
-0.272068869518185   -0.449163950874992   93.8569447371825   0.30394693181756
-0.197225579022124   -0.399015160468663   91.0927989158833   0.30530328422595
-0.147780948141139   -0.398740539910496   88.7283382393893   0.30605452801875
-0.0981361622518663   -0.398978132562164   85.1246789669731   0.300697927190147
-0.0477245054446463   -0.398153839093674   90.6835608418438   0.306605154575398
0.00254279829179081   -0.39865251701473   92.4050922395986   0.306674989930121
0.0525919684122919   -0.397158913260678   88.8866997601578   0.295050482191941
0.102728937194805   -0.398820248718043   98.0650656788905   0.307989756354746
0.153043024283858   -0.397876877963876   87.1704373844998   0.308110108861376
0.202584275553364   -0.398139016966384   89.8892077316604   0.300480021976712
0.252119957353   -0.397976299704969   99.7382627599438   0.303701888470223
0.302139049224305   -0.398037702512542   92.1247767677935   0.305881140008294
-0.648024788152486   -0.398548172891758   93.7625250532008   0.301145004942188
-0.597964400352135   -0.398937500707042   90.3010922898041   0.30373040954839
-0.547740779682556   -0.398956006776694   75.3491881539165   0.30654717133031
-0.497331961326237   -0.399704084752029   84.053330888688   0.29864523132846
-0.447070869346859   -0.399354186591103   83.2899390827219   0.303886449301998
-0.397163025692434   -0.398571957492657   77.9603332769373   0.315534910668726
-0.347232794351057   -0.398771954595856   85.4035147318889   0.311337925595843
-0.297236283899677   -0.399146935852889   97.7362748848884   0.307380101219785
-0.247098228078578   -0.398885146460879   86.6484285646114   0.305746643547299
-0.172410068368498   -0.348711222876798   101.995388817922   0.303490701266582
-0.122104716370272   -0.347895968684184   92.5070744569141   0.307036832949054
-0.0723824778532393   -0.349004549724958   74.5458766721876   0.306452569399093
-0.0225871757660291   -0.348661560405532   84.0309602899352   0.308359394660692
0.0279970787854204   -0.348533887143828   65.4314447016311   0.303020852124003
0.0779440074742091   -0.348005693645563   96.8909141175851   0.299171952713492
0.127582062384529   -0.348565351892882   87.2915190673035   0.304980306300622
0.177499560255981   -0.347352365392065   97.8148432383601   0.311193576688589
0.227138247637851   -0.347550275506222   88.7585509328922   0.307977872957727
0.277407624556111   -0.348401135636142   79.7995366844199   0.309467536484807
-0.672082265975886   -0.348291183746957   95.4370751724515   0.307240270514881
-0.622302138652621   -0.34839103115519   86.4239141965194   0.308197999482492
-0.572021786256877   -0.349443119490302   87.1126914315234   0.321602859518214
-0.522082565160524   -0.349855270398197   100.206111512086   0.313260573522464
-0.471910756789714   -0.349409318289741   100.56883199931   0.299957466097811
-0.422514309185357   -0.348852966576324   102.645804382642   0.301843271106345
-0.372338359243942   -0.348563620939434   106.712056629438   0.310432235904326
-0.321781670650879   -0.348343317798487   90.3436835664907   0.303961066768315
-0.272368628500546   -0.349324416197296   95.615745804483   0.307024597978877
-0.222568576436714   -0.348625858208761   91.072001307619   0.306667359156726
-0.147465289098785   -0.298750284568906   94.9637673438615   0.309874774558585
-0.0966719712631372   -0.298554926448101   106.300898348447   0.306545612237973
-0.0467729160433175   -0.298619143986743   98.71047056472   0.306851542773295
0.00328281866967035   -0.29958522770363   95.3228011663323   0.305707974939963
0.0524717691046127   -0.297685214942896   98.8098150159611   0.308825402340993
0.102303844702529   -0.298664905866964   89.0035889391909   0.304298086930919
0.151759169007621   -0.297689418298828   91.3657527012825   0.304611167820155
0.202129210406406   -0.297814599464818   91.3467162989249   0.30701172582225
0.252488073252976   -0.297825716185855   85.0000424458572   0.308377246967181
0.302163036717882   -0.29797055067929   103.162785374466   0.306006490864989
-0.646886463340114   -0.298282524399761   86.4354971840801   0.307930444390421
-0.598037762997528   -0.298955421253896   94.948870296322   0.308807040894972
-0.547648541011091   -0.299402150503796   87.7012560210482   0.304431340319478
-0.498137695301344   -0.299556784103629   91.4284364201193   0.313440114183161
-0.448265003399906   -0.299112302410567   77.9501674552711   0.307551580171556
-0.398007151376499   -0.298758593137605   78.7287856895004   0.310141100261244
-0.348257187695046   -0.299145904195639   91.0289896401127   0.307096275469317
-0.297442760003233   -0.298484907750935   98.7858960740731   0.296653184126801
-0.247514024384597   -0.298478411158612   80.8394634767289   0.306741437075598
-0.198121863839436   -0.298230696926136   85.923563513611   0.302266396034182
-0.122933393676324   -0.248304925660156   90.4169278625416   0.312265993527038
-0.0730066386169662   -0.248434039065328   104.328539059463   0.302778199592474
-0.022976489830526   -0.249095531082411   103.898882079689   0.299268760923
0.0266866930707197   -0.248226230022572   84.4381576587989   0.309861739549509
0.0770494535240208   -0.247908096220812   96.3999955524856   0.305641289884034
0.126489631785686   -0.24767653727226   95.076252548726   0.306485688663127
0.17661029368922   -0.248149671928969   103.938267277915   0.304469361377076
0.227243215118806   -0.248126820162472   81.0773817448596   0.305580950475989
0.277284910081348   -0.247040650152181   89.4152855541452   0.29980605606654
0.327304653131227   -0.249038244630965   89.6365899998594   0.311015009711987
-0.62306868622655   -0.248015727592586   98.973023589741   0.302094284679414
-0.573117467721931   -0.249584794540605   88.7047942023192   0.306801063191539
-0.523296577231151   -0.249144316719184   100.838044774235   0.301074176125378
-0.473166115714466   -0.249283985837224   94.6313840833813   0.30998294214194
-0.423244660671928   -0.248545305904974   100.614732618063   0.300302000515887
-0.373146915441496   -0.248841012325564   91.3704926466933   0.309197978612507
-0.323311408688215   -0.248916698810043   87.7671188979219   0.314313147495506
-0.273230075575043   -0.248252018362468   91.3159905356249   0.30560137665147
-0.223414076188493   -0.248398651615317   88.4576967799513   0.306507623962997
-0.173331615524998   -0.248732237782787   97.5343402149385   0.30298907235933
-0.0982918773774022   -0.198606776723187   85.4631945098482   0.309137197299391
-0.0482102769755639   -0.198873868146397   91.3020794748832   0.299931136038924
0.00146074436217296   -0.198803666681819   81.8327363484155   0.306248829063051
0.0515152223626927   -0.197583615304242   94.4693315190652   0.307226051750733
0.10137490078143   -0.1979215663988   85.2715567608224   0.304705802611504
0.15169892358935   -0.197915135802509   91.0550380034587   0.306551239682085
0.201662215220396   -0.198854673487741   86.1767370341027   0.310913916678449
0.251287431740168   -0.197350483979826   95.9040835699912   0.301840756680016
0.301638119854631   -0.198077484102006   104.646098134716   0.309042665016843
0.351725171038477   -0.198303635087683   84.8148956815936   0.304886979322296
-0.598420675322637   -0.199134238376463   101.524234066561   0.306050063628615
-0.549025465761953   -0.199165376438259   93.4027733763345   0.304451633469538
-0.499314644184867   -0.199458442847877   100.644534129365   0.309193615371947
-0.448654463901728   -0.198978648354529   79.9669535019631   0.308162704913452
-0.398568040343172   -0.199294373261822   85.4934368570971   0.307314172172685
-0.34807293631951   -0.198748151970418   96.1412465282017   0.306951453849847
-0.298668795039888   -0.198106453640841   91.0884946134474   0.304912853810498
-0.248315552937498   -0.198410316310795   98.6733184698288   0.311449400142237
-0.198619814819044   -0.198628046735047   88.9123546050933   0.30728327132261
-0.148527650005266   -0.198637769140195   81.1898382931624   0.307677292382332
-0.0732684335227549   -0.148779622580377   91.6035200917055   0.301999518922132
-0.0233957690748113   -0.149315826131621   100.173350995258   0.305746851257851
0.0258589509573649   -0.147947119186743   85.6849860534902   0.311326654595176
0.0762293903979735   -0.148046090486327   85.4435234563314   0.313060582140593
0.126155931033202   -0.148500814148521   101.701163418425   0.306513458657476
0.176629682555488   -0.148337279202108   96.3153718358245   0.306271908698256
0.22580944689042   -0.14726059334758   94.1469382909365   0.305603147060511
0.276234012143332   -0.1476173624282   96.9558130603782   0.308661511158007
0.326638664536469   -0.148817674339163   86.5989998174671   0.301222686988283
0.37663272745174   -0.148114700071032   94.3093378096792   0.311132768307311
-0.573372829523781   -0.149321822257283   85.9810381376303   0.307367329691815
-0.523229972925941   -0.149138649261691   74.7875214921084   0.305805232928405
-0.473490144533378   -0.149692907478983   78.0681988494003   0.303660251907837
-0.423360035369088   -0.149137333570033   89.187479028617   0.299655367389534
-0.373846421609282   -0.148749485912812   85.3894129533616   0.308005616033537
-0.323987004935045   -0.148423137799436   75.6358543371821   0.30519098097714
-0.273455612045674   -0.148204818165356   100.039444901636   0.310689204928424
-0.223280939087607   -0.148858983827705   87.5674715612572   0.297731060814019
-0.173433187564048   -0.149029776030202   95.9562038835279   0.31116746526167
-0.123148484068094   -0.148653466762449   79.9805350386903   0.310505721374504
-0.0488340319835796   -0.0989068295958569   96.584436473618   0.307095533308072
0.000985740431397472   -0.0980885490834008   96.0162828260051   0.310274099742757
0.0512401880179172   -0.0982197945181296   83.2655966205575   0.29867588150395
0.101553721612216   -0.0980569932154964   82.0885133032108   0.309182862359711
0.151180729663617   -0.0989810082578438   80.5023084707077   0.308107197414004
0.200556371235281   -0.0975681307855714   82.6707870416236   0.307553760915473
0.250897925929213   -0.0973384041754608   89.7798574436159   0.300538814592422
0.301005303903686   -0.0984528190157025   89.6665922135455   0.31305297103498
0.351150285047548   -0.0985691034631937   88.9024406580094   0.308302603978319
0.402120809811568   -0.0990196744080575   90.3741778951906   0.305407256892278
-0.547669327641097   -0.0995981650509993   94.120969412664   0.309399111385706
-0.497594950998173   -0.098705385406045   94.8361242018585   0.302472013540427
-0.447694450580448   -0.0994105986014031   91.1243087883068   0.306377036740486
-0.398265361878912   -0.0989932300465125   88.5538945223182   0.308659675747247
-0.348536433857094   -0.0986649188030257   101.191995406248   0.304644357975681
-0.298835206131666   -0.0980568860608246   89.6906322883571   0.299622590154969
-0.248858891746826   -0.0989180160289661   97.8346205440706   0.306960718519417
-0.198281057463265   -0.0989048915549158   91.1089558241432   0.310523452126648
-0.148263613143239   -0.099119915889216   85.2073854270921   0.306840476097929
-0.0986734042252329   -0.0985618594416429   83.7995825452782   0.310079554268501
-0.0237958099995762   -0.0484704725114492   75.1514114605419   0.307165302269431
0.0267407911416685   -0.0488522649623723   81.0228271232985   0.308951409653767
0.0761717250773141   -0.0486257674922549   89.8750931137814   0.31006950689271
0.126625501157691   -0.0485500148110841   92.1336803112355   0.304999193855121
0.176490092974628   -0.0476564471811959   82.7430147845695   0.308105275458953
0.226694915857918   -0.0474832231839401   84.6517548455897   0.306538160156332
0.27645989717144   -0.0478664487465958   101.381300245704   0.300767123943604
0.326393519554451   -0.0484803815656145   94.9437843275079   0.30530925157508
0.376499606626153   -0.0492346696123054   94.7636357602591   0.313235456650329
0.426190760190795   -0.0492961742676871   102.205184287649   0.306794574684005
-0.523992671842797   -0.0486920736037743   91.7818252790663   0.309670799215379
-0.473618066344474   -0.0490393385304766   96.9788501388036   0.305977410500899
-0.423153741067395   -0.0490542014010445   100.929125775599   0.302391705327461
-0.373657972930138   -0.0481595324459846   102.986701901227   0.305450068526249
-0.32396805456841   -0.0479419820187286   95.0326960813132   0.307275232450027
-0.273798972953576   -0.0480468596874958   98.1277231903089   0.29735664831216
-0.223876169032745   -0.0495830878606898   102.182969848976   0.309781228612339
-0.173693717877334   -0.0489831324678809   94.2653024708628   0.312586876628175
-0.123824435888495   -0.048981845303417   106.256452019794   0.309439626603589
-0.0737417797351027   -0.0485358400738272   93.8221729485463   0.306371541979465
