0.42972788892272645   5.0866158340853366  0.0040318324397360268
0.85945577784545291   2.5672850166459274  0.0078253480734806975
1.2891836667681793   0.5423637961833116  0.0060302951900731239
1.7189115556909058   0.051813651340573287  0.00091271768974352285
2.1486394446136323   0.0032358474234021183  0.00010264925002306387
2.5783673335363586   0.046233335022666904  0.00085851108751085807
3.0080952224590853   0.14619746924977757  0.0013774011522467651
3.4378231113818116   0.12074150028562298  0.0032548218134784617
3.8675510003045379   0.074088638191591041  0.0022030861439235877
4.2972788892272646   0.8310160881105784  0.0074217035214041353
4.7270067781499909   0.16393999731154574  0.0044911372224374703
5.1567346670727172   0.38176986354676209  0.0042024195048949673
5.5864625559954435   1.9797645360997768  0.0073869419943380792
6.0161904449181707   0.035769011167555044  0.00071605214258687049
6.445918333840897   0.012449558656845034  0.00032178859803740184
6.8756462227636232   0.012035957000642382  0.00021806205732499246
7.3053741116863495   0.066047212017957326  0.0014870721401271144
7.7351020006090758   0.18564513222264305  0.0030674592690612951
8.1648298895318021   0.11900253683709771  0.0016449531413646628
8.5945577784545293   0.69546236209500127  0.0039373744494825798
9.0242856673772547   0.039656614761938097  0.0004664609280506004
9.4540135562999819   0.051152193038476851  0.00072893285542366773
9.883741445222709   0.055327086857048063  0.00044247810681607948
10.313469334145434   0.086377295433444276  0.00094196941111328566
10.743197223068162   0.24426248148490189  0.0010906372777594264
11.172925111990887   0.0062473873966098195  4.0683878404361951e-05
11.602653000913614   0.052269453107714373  0.00046969067720587427
12.032380889836341   0.0838708505889251  0.002402007501507655
12.462108778759067   0.23926464360202674  0.0053523437622868635
12.891836667681794   0.58702707744841241  0.015418620248940329
13.321564556604519   1.0908882272459953  0.0049662331462428978
13.751292445527246   0.6053992037972048  0.0037629266855627679
14.181020334449974   0.15449163748442161  0.0037905489391925416
14.610748223372699   0.10809806007409289  0.0020568558576806199
15.040476112295426   0.10257161439377959  0.0023985202174738107
15.470204001218152   0.0245580226389717  0.00032750668568802661
15.899931890140879   0.094355315546996524  0.0011735827477194089
16.329659779063604   5.0251657387919322  0.047561942183878388
16.759387667986331   5.0687612493014045  0.028004828673138644
17.189115556909059   1.0269219693720857  0.016433987950807229
17.618843445831786   0.17411889420511766  0.0013988394258094286
18.048571334754509   0.094515360360398755  0.0011024760945533016
18.478299223677237   0.17798338284042833  0.0027441445821004573
18.908027112599964   0.37072698902708101  0.0083883628672795505
19.337755001522691   0.27856046850316846  0.0035721939260465774
19.767482890445418   0.073357320514966901  0.0004970793933509236
20.197210779368142   0.031696988877556861  7.8960388835251658e-05
20.626938668290869   0.21006982524243987  0.0037709847872364726
21.056666557213596   0.91105255047609545  0.014401426548019545
21.486394446136323   4.3255118904884649  0.020241017013080528
21.91612233505905   19.704754217113526  0.14419084296878406
22.345850223981774   0.46578484653152619  0.0029737560510889109
22.775578112904501   0.43692731441981598  0.0051205882433951531
23.205306001827228   0.34890173201920206  0.005450605619169074
23.635033890749956   0.17888713939636397  0.003151424773087389
24.064761779672683   0.12800105257138668  0.0026284126991062114
24.494489668595406   0.69402103458499592  0.0041278580385630111
24.924217557518134   0.80240704624916175  0.0056484755652065685
25.353945446440861   0.70546357912257398  0.0097405539752242455
25.783673335363588   0.28265333899083572  0.0032890896171304416
26.213401224286315   0.23986658583591217  0.0023635439335427493
26.643129113209039   0.27773593836907167  0.00063232685778860547
27.072857002131766   0.45246582119239925  0.0064846707428378031
27.502584891054493   0.90407756924454207  0.01229882708008997
27.93231277997722   0.14509674119137492  0.0012183260071094636
28.362040668899947   0.079569449576497181  0.00049356649373300973
28.791768557822671   0.070599307152612441  0.00011787232349300344
29.221496446745398   0.19507957102419298  0.00088519942407034609
29.651224335668125   0.45331102011328732  0.0033661748075046513
30.080952224590852   0.96873874338875241  0.0070806878228157034
30.51068011351358   0.54629487618152262  0.0080214038444361006
30.940408002436303   0.25049167256987163  0.001234021214055674
31.37013589135903   0.1233748638563704  0.00021817040747389505
31.799863780281758   0.1140933932127124  0.00048170616202641418
32.229591669204481   0.18349428418990792  0.0027678614049432888
32.659319558127208   1.3089648088803117  0.012632994343707676
33.089047447049936   1.645641662747305  0.014014547335244773
33.518775335972663   0.55511862829531262  0.0027968329202494059
33.94850322489539   0.26280284300869635  0.0032448818960912379
34.378231113818117   0.41717318398993233  0.0035445565059809653
34.807959002740844   0.80275508150453224  0.010844254175865955
35.237686891663571   1.3271284202564569  0.017589480653434795
35.667414780586299   5.261290024562905  0.011033615235097065
36.097142669509019   0.51746599730514791  0.0059940008887587837
36.526870558431746   0.44113201452389824  0.0075524327765386898
36.956598447354473   0.33782864784184009  0.0062445105268363887
37.3863263362772   0.3468438199331801  0.0038596840990429827
37.816054225199927   0.53621992659163461  0.0028744996331685904
38.245782114122655   3.7478193124715345  0.047983721627098821
38.675510003045382   1.1887240069236145  0.025590800800652179
39.105237891968109   0.4170336204620647  0.0090568334073019611
39.534965780890836   0.21737411708670003  0.00094049086433054121
39.964693669813563   0.14946829718706726  0.000406505117597645
40.394421558736283   0.14735506162239413  0.00047009916039634307
40.824149447659011   0.67110757262288365  0.0053572390095938634
41.253877336581738   0.91401130101742122  0.0063945028471543317
41.683605225504465   0.47301781109075378  0.0038599963118022488
42.113333114427192   0.32172295816911643  0.0010997381295770361
42.543061003349919   0.14809461848420731  0.001048114366680159
42.972788892272646   0.42787241235687196  0.0021190096814741844
