0.46400628289657042   48.854607658948184  0.010029941035916     
0.92801256579314084   1.1176616258868835  0.0040208175505387582     
1.3920188486897112   4.9888186662208146  0.010631394480608675     
1.8560251315862817   1.2418221736738985  0.0047361907184569951     
2.3200314144828522   1.3495922732401649  0.004579525150064191     
2.7840376973794223   1.3213046589158044  0.0047980551452044906     
3.2480439802759928   0.3461842211314713  0.0021009550375521227     
3.7120502631725634   1.3174882414775096  0.005227410958701929     
4.1760565460691339   0.038463826320274173  0.00043531922624043203     
4.6400628289657044   1.2719168838236326  0.006243339986960831     
5.104069111862275   0.061696937175606816  0.00062011274338126359     
5.5680753947588446   1.2703153059880728  0.0052722491023023417     
6.0320816776554151   0.40055367784640076  0.0023840653534356958     
6.4960879605519857   1.2129677882782962  0.0053150478172663323     
6.9600942434485562   1.4201301040425559  0.0050264549260122972     
7.4241005263451267   1.0635297677436354  0.0046297959335218728     
7.8881068092416973   4.9683217376704486  0.011479445390122756     
8.3521130921382678   0.81892877206490856  0.0033649184096744934     
8.8161193750348374   45.833420513478383  0.01536214165263616     
9.2801256579314089   98.001664252263092  0.005164361604831228     
9.7441319408279785   49.99234264171008  0.012866010117769001     
10.20813822372455   1.4389175650158204  0.0046180750142145801     
10.67214450662112   4.820690037396097  0.0093611442906734861     
11.136150789517689   1.3919060498512522  0.004552386334194794     
11.600157072414261   1.2350708407780701  0.0041190633515033961     
12.06416335531083   1.3894798912937122  0.0039345540372140393     
12.528169638207402   0.29274341791477494  0.0017659542259240801     
12.992175921103971   1.3292927355274466  0.0048606176934484406     
13.456182204000543   0.042504128137990473  0.00026414902340794308     
13.920188486897112   1.2423521136792517  0.0059474312586529833     
14.384194769793684   0.10911552215420065  0.0008259613241858453     
14.848201052690253   1.1942269665543196  0.0050076809154993953     
15.312207335586823   0.44961712459751993  0.0025723519280166253     
15.776213618483395   1.0771039469247971  0.0054147466399148281     
16.240219901379966   1.4389946315561958  0.0053829030960965572     
16.704226184276536   0.8766306392908281  0.0042353940293237497     
17.168232467173105   4.761997616527534  0.011752345831593341     
17.632238750069675   0.56910551881735235  0.0026052163071146807     
18.096245032966248   41.281847681821768  0.022354137593355064     
18.560251315862818   92.262339453721169  0.018982009869446425     
19.024257598759387   49.12933185109928  0.023417143752599452     
19.488263881655957   1.7505197530688088  0.0052946735372088702     
19.952270164552527   4.4871357247077527  0.0080171389243855217     
20.4162764474491   1.4973087524691565  0.0042018571260181407     
20.88028273034567   1.0905305898956347  0.0036814404435833132     
21.344289013242239   1.410657754895983  0.0029065019583997367     
21.808295296138809   0.24693098542281436  0.0014316582948219072     
22.272301579035378   1.3051090179968939  0.0042436296728577899     
22.736307861931952   0.074440666228437116  0.00014354920489903962     
23.200314144828521   1.1884557627423552  0.0054003115794666463     
23.664320427725091   0.17574278516805399  0.0010448831529892517     
24.128326710621661   1.100153958206181  0.0045100502821805276     
24.592332993518234   0.4888760665767605  0.0026395240620764407     
25.056339276414803   0.92949723424084103  0.0051197877919395457     
25.520345559311373   1.4063656015315845  0.005556276818997237     
25.984351842207943   0.69995721719465409  0.0036415719724679844     
26.448358125104512   4.3979546577642251  0.011515978978948638     
26.912364408001086   0.38534557228115391  0.0018057971774993159     
27.376370690897655   35.715525778739872  0.028846256110159231     
27.840376973794225   83.49097274341441  0.037215985205189103     
28.304383256690794   46.404732065278705  0.036179074027858607     
28.768389539587368   2.0198293849354169  0.0061599774368659729     
29.232395822483937   4.0318039874633376  0.006976955854194847     
29.696402105380507   1.54805306426188  0.0039173842775877926     
30.160408388277077   0.93317465175425867  0.003262464415718449     
30.624414671173646   1.3851193906179996  0.0020561733422153713     
31.088420954070219   0.21455806334214758  0.0011478862429533551     
31.552427236966789   1.2500543566025905  0.0035242046409334126     
32.016433519863362   0.13229481146238715  0.00026544668104191568     
32.480439802759932   1.1193941156831901  0.0046845916024012167     
32.944446085656502   0.25557997699365954  0.0012525298918042039     
33.408452368553071   1.0011151599392538  0.0038814652404792337     
33.872458651449641   0.51636635976109185  0.0025783362470818734     
34.33646493434621   0.78592380351184712  0.0045213575662382456     
34.80047121724278   1.3299638071348293  0.0054725389083566553     
35.26447750013935   0.54831228837882704  0.0029660337636494767     
35.728483783035919   3.9229876678863374  0.010954747198154064     
36.192490065932496   0.27451283937031328  0.0010867503500501472     
36.656496348829066   29.709868672428025  0.033534832352752909     
37.120502631725635   72.695523482176831  0.054865543392107299     
37.584508914622205   42.177179588023657  0.048156608266005126     
38.048515197518775   2.2196570235329373  0.0071785701602552579     
38.512521480415344   3.5089603344387454  0.0063864670532634788     
38.976527763311914   1.5424669932794603  0.0039139058503379161     
39.440534046208484   0.77995080919443915  0.0028419845113573652     
39.904540329105053   1.3198765317379682  0.0018857079246723896     
40.36854661200163   0.19951762458412239  0.00094711880082180394     
40.8325528948982   1.1735369759754314  0.0028924972101853224     
41.296559177794769   0.21181050636311867  0.0005062820515904032     
41.760565460691339   1.0461108031280168  0.0039110706880979324     
42.224571743587909   0.34253827278388325  0.0014204748968446261     
42.688578026484478   0.90955315726996592  0.0032167442030734029     
43.152584309381048   0.53277983741326402  0.0024015280419269681     
43.616590592277618   0.65940675284068414  0.0037465016805852385     
44.080596875174187   1.2230158305085843  0.0051053035263286724     
44.544603158070757   0.43066828299153634  0.0023086719114470137     
45.008609440967334   3.3923697203398302  0.010219854970574658     
45.472615723863903   0.23419005611042763  0.00057866053296568026     
45.936622006760473   23.798283151998902  0.035427387366837363     
46.400628289657043   60.982906377745037  0.067869896259115336     
