0.0064796213473364795   0   0   
0.019438864042009438   0   0   
0.032398106736682399   0   0   
0.045357349431355359   0   0   
0.058316592126028313   0   0   
0.071275834820701281   0   0   
0.084235077515374235   0   0   
0.097194320210047189   0   0   
0.11015356290472016   0   0   
0.12311280559939311   0   0   
0.13607204829406608   0   0   
0.14903129098873902   0   0   
0.16199053368341199   0   0   
0.17494977637808495   0   0   
0.18790901907275789   0   0   
0.20086826176743086   0   0   
0.21382750446210383   0   0   
0.2267867471567768   0   0   
0.23974598985144974   0   0   
0.2527052325461227   0   0   
0.26566447524079567   0   0   
0.27862371793546864   2.188993597025232e-05   1.094192307900738e-06   
0.29158296063014155   0.76680485925584349   0.00043809226256544728   
0.30454220332481452   24.015701506761   0.00055472907326177272   
0.31750144601948749   10.122987607412375   0.00065440331646503966   
0.33046068871416046   0.073415780076860119   8.0045292169400778e-05   
0.34341993140883342   1.1484226025062705e-05   9.5425715961744767e-07   
0.35637917410350639   0   0   
0.36933841679817936   0   0   
0.38229765949285227   0   0   
0.39525690218752524   0   0   
0.40821614488219821   0   0   
0.42117538757687117   0   0   
0.43413463027154414   0   0   
0.44709387296621711   0   0   
0.46005311566089002   0   0   
0.47301235835556299   0   0   
0.48597160105023596   0   0   
0.49893084374490893   0   0   
0.51189008643958189   0   0   
0.52484932913425486   0   0   
0.53780857182892783   0   0   
0.5507678145236008   0   0   
0.56372705721827376   0   0   
0.57668629991294673   0   0   
0.58964554260761959   0   0   
0.60260478530229256   0   0   
0.61556402799696552   0   0   
0.62852327069163849   0   0   
0.64148251338631146   0   0   
0.65444175608098443   0   0   
0.66740099877565739   0   0   
0.68036024147033036   0   0   
0.69331948416500333   0   0   
0.7062787268596763   0   0   
0.71923796955434927   0   0   
0.73219721224902223   0   0   
0.7451564549436952   0   0   
0.75811569763836806   0   0   
0.77107494033304103   0   0   
0.78403418302771399   0   0   
0.79699342572238696   0   0   
0.80995266841705993   0   0   
0.8229119111117329   0   0   
0.83587115380640586   0   0   
0.84883039650107883   0   0   
0.8617896391957518   0   0   
0.87474888189042477   0   0   
0.88770812458509774   0   0   
0.9006673672797707   0   0   
0.91362660997444356   0   0   
0.92658585266911653   0   0   
0.9395450953637895   0   0   
0.95250433805846246   0   0   
0.96546358075313543   0   0   
0.9784228234478084   0   0   
0.99138206614248137   0   0   
1.0043413088371542   0   0   
1.0173005515318272   0   0   
1.0302597942265002   0   0   
1.0432190369211731   0   0   
1.0561782796158461   0   0   
1.0691375223105191   0   0   
1.082096765005192   0   0   
1.095056007699865   0   0   
1.108015250394538   1.9450483473247158e-08   1.9450483473247158e-08   
1.1209744930892109   4.4218931503052644e-07   1.0353314510405667e-07   
1.1339337357838839   4.9719436999934233e-05   1.3304734043956313e-06   
1.1468929784785569   0.0021006621051870354   8.8403633731617147e-06   
1.1598522211732298   0.037551633554953007   7.5835251778166421e-05   
1.1728114638679028   0.33651912877787522   0.00034034827132122461   
1.1857707065625758   1.7864506439040759   0.00076468024984150586   
1.1987299492572487   5.0438291465771008   0.00043120103473823074   
1.2116891919519217   5.9352263889352805   0.00095329276475897164   
1.2246484346465947   3.255736234243482   0.00033439094992678965   
1.2376076773412676   1.2857691260906976   0.00022001938567421353   
1.2505669200359406   0.80835718880448493   0.00036257877368252911   
1.2635261627306136   1.1109946770146783   0.00052716505208302402   
1.2764854054252865   1.5792476715576362   0.00058279697130420388   
1.2894446481199595   1.7956243237030388   0.00042548572350360087   
1.3024038908146325   1.7135168644872173   0.00038989121737834273   
1.3153631335093054   1.6207977262495009   0.00095782954287363371   
1.3283223762039782   1.8017516333873569   0.0008996885877203031   
1.3412816188986512   2.233516838949872   0.00039786894204409406   
1.3542408615933241   2.6348510970794097   0.00036450534754063026   
1.3672001042879971   2.8201568654843801   0.00034691560724733731   
1.3801593469826701   2.9508549390923446   0.00056814340639186554   
1.393118589677343   3.3568421322716581   0.00054496176017472333   
1.406077832372016   4.0754006490164576   0.00069314405548109639   
1.419037075066689   4.5962738940841994   0.00085905741712737586   
1.4319963177613619   4.317108042534068   0.00044274502557709641   
1.4449555604560349   3.3157056109417313   0.00090575606154057444   
1.4579148031507079   2.3369770932220282   0.0017598091462764719   
1.4708740458453808   1.9951999967616965   0.002045131613566253   
1.4838332885400538   2.7929088079549638   0.001204281953707609   
1.4967925312347268   5.2349591790409211   0.0011929370698853742   
1.5097517739293997   5.3880387056420491   0.0022220722832983406   
1.5227110166240727   2.1230911228430835   0.00059939015674257003   
1.5356702593187457   0.40847304787010718   0.00017197294844519784   
1.5486295020134186   0.079686134536004183   6.5292496431970247e-05   
1.5615887447080916   0.023111414168077793   3.0132248722154542e-05   
1.5745479874027646   0.012192660912765143   2.5182750723765453e-05   
1.5875072300974375   0.026193294694488346   3.8672283416463862e-05   
1.6004664727921105   0.079572476991164492   9.0686256329051894e-05   
1.6134257154867835   0.20912565348670588   0.00013831348001509246   
1.6263849581814565   0.4493180870388284   0.0002296484049439859   
1.6393442008761294   0.76974471455821511   0.00045054214878683564   
1.6523034435708024   1.0263242324593061   0.00061611293123374689   
1.6652626862654751   1.0482611235157367   0.0003811265811701249   
1.6782219289601481   0.83199640182583331   0.00012453646063384543   
1.6911811716548211   0.57155108727904873   0.00045872662702121287   
1.704140414349494   0.46419546111769517   0.00047353354584729315   
1.717099657044167   0.53092427876186741   0.00031898585637059688   
1.73005889973884   0.61765906652476285   0.00034057796052566252   
1.7430181424335129   0.56276334361157671   0.00032276683549325491   
1.7559773851281859   0.39091111162264592   0.0003978612271499218   
1.7689366278228589   0.27590991960464245   0.00061147224230077812   
1.7818958705175318   0.42172257125869916   0.00053407100437964796   
1.7948551132122048   1.2039335327778845   0.00020146547736916484   
1.8078143559068778   1.8808177598888634   0.00087912567679111119   
1.8207735986015507   0.93697414341504649   0.00040476495670073598   
1.8337328412962237   0.14992829176123271   8.9339417205025846e-05   
1.8466920839908967   0.0091422718459634165   1.6632071909892439e-05   
1.8596513266855697   0.00024685652260377024   1.2099788647616412e-06   
1.8726105693802426   3.418102782546033e-06   1.9108244775776466e-07   
1.8855698120749156   3.4288996638404788e-08   3.4288996638404788e-08   
1.8985290547695886   0   0   
1.9114882974642615   0   0   
1.9244475401589345   0   0   
1.9374067828536075   0   0   
1.9503660255482804   0   0   
1.9633252682429534   0   0   
1.9762845109376264   0   0   
1.9892437536322993   0   0   
2.0022029963269721   0   0   
2.0151622390216453   0   0   
2.028121481716318   0   0   
2.0410807244109912   0   0   
2.0540399671056639   0   0   
2.0669992098003371   0   0   
2.0799584524950099   0   0   
2.0929176951896831   0   0   
2.1058769378843558   5.1169733445004064e-07   5.9085718757668986e-08   
2.118836180579029   6.3570960893066983e-06   2.8132574407030013e-07   
2.1317954232737018   8.4333630899345148e-05   8.2168848823674519e-07   
2.1447546659683749   0.00077209176001932189   4.4196385281953475e-06   
2.1577139086630477   0.0049579161464896228   1.0616437642298988e-05   
2.1706731513577204   0.022830424410433141   3.3169358450155856e-05   
2.1836323940523936   0.076220924141910166   5.4904506571817011e-05   
2.1965916367470664   0.18939829137540785   8.2468442906600444e-05   
2.2095508794417396   0.37029367457821736   0.00012231392956131841   
2.2225101221364123   0.61812749258069046   0.00011177432608699632   
2.2354693648310855   0.95037841673633551   0.00010924843764979355   
2.2484286075257582   1.3671714145863622   0.00023538126395973435   
2.2613878502204314   1.8342037982947365   0.00028461413261765532   
2.2743470929151042   2.4036007218092236   0.00033113947777901925   
2.2873063356097774   2.9908546144002422   0.00055152347899425573   
2.3002655783044501   3.0294872827767944   0.00072143823189351099   
2.3132248209991233   2.3847019530850657   0.0004403782005820774   
2.326184063693796   1.7211790223907321   0.00036472088827985594   
2.3391433063884692   1.342681707711174   0.00021301110853470888   
2.352102549083142   1.0827864277112069   0.00018724843627967847   
2.3650617917778152   0.86107177848323912   0.00030840920547591282   
2.3780210344724879   0.74089068016300212   0.00035950841063481666   
2.3909802771671611   0.75479272910710236   0.00022739963412779775   
2.4039395198618339   0.84465758038486993   0.00016105614184730268   
2.416898762556507   0.92137600194270544   0.00028461818202308973   
2.4298580052511798   0.94619624088577728   0.00014695545060228943   
2.442817247945853   0.96056582346595479   0.00031371903063587268   
2.4557764906405257   1.0452001951405184   0.00042352958256596828   
2.4687357333351989   1.2333695888378794   0.00038479947194914657   
2.4816949760298717   1.4359007837028539   0.00021426144949525752   
2.4946542187245444   1.4988758642683807   0.00034224793234997929   
2.5076134614192176   1.3610485291384551   0.00034079050135530377   
2.5205727041138903   1.0981382354031678   0.00025864120071971323   
2.5335319468085635   0.82585902532857666   0.00011287711379969121   
2.5464911895032363   0.67862298890479551   0.00018567943295840332   
2.5594504321979095   0.90471397922769342   0.0003617094260737023   
2.5724096748925822   1.7867789091964092   0.00025129999732204189   
2.5853689175872554   2.9798493901794521   0.00081216823753936508   
2.5983281602819281   3.41374345668631   0.00088369438676853467   
2.6112874029766013   2.941802182658004   0.00039376390305863516   
2.6242466456712741   2.4074108397450168   0.00029977018187363013   
2.6372058883659473   2.0338415873251442   0.00022070925348943458   
2.65016513106062   1.6499614879431817   0.00044953217445716911   
2.6631243737552932   1.3439787429665091   0.00090601196690738589   
2.676083616449966   1.2757537653547791   0.00099190151323632907   
2.6890428591446391   1.5550170906617504   0.00069563245274986506   
2.7020021018393119   2.5643726193178383   0.00027520310985687537   
2.7149613445339851   2.7901017023781735   0.00070970481449774311   
2.7279205872286578   2.112263428024045   0.00043827576611328764   
2.740879829923331   1.6051477481058347   0.00030096480967851516   
2.7538390726180038   1.304346129778834   0.00016967433678698928   
2.7667983153126769   1.1053177872304642   0.00015672465026812814   
2.7797575580073497   0.9972196833501298   0.0001916958245731574   
2.7927168007020229   0.97173551951209894   0.00018595446122046767   
2.8056760433966956   1.036219641721157   0.0003284851775372944   
2.8186352860913688   1.1939248305629858   0.00051423968007056748   
2.8315945287860416   1.3647321478589503   0.00062916507890505599   
2.8445537714807143   1.4128194460572475   0.00055985624726775944   
2.8575130141753875   1.3421660924839817   0.00017671729764236079   
2.8704722568700602   1.3598574232558176   0.00037954401984876499   
2.8834314995647334   1.5097239082917768   0.0003384010578334571   
2.8963907422594062   1.4744237513383455   0.0004178288380281108   
2.9093499849540794   1.16762288190596   0.00033030431815622849   
2.9223092276487521   0.86924900047292921   0.000415106749772144   
2.9352684703434253   0.66906528335446737   0.00033902659041182382   
2.9482277130380981   0.49634699190353118   0.00032842657920356021   
2.9611869557327712   0.3815143172976282   0.00056798741308959683   
2.974146198427444   0.38473863390732413   0.00054677900062847231   
2.9871054411221172   0.47092897650483371   0.00027005505575565903   
3.0000646838167899   1.7219561574078028   0.00043519300106485042   
3.0130239265114631   2.0940232422552312   0.00095173735140665094   
3.0259831692061359   0.85264536252063417   0.00047889148965315271   
3.038942411900809   0.32889713088223222   0.00022955898651968035   
3.0519016545954818   0.31417948264495181   0.00021014024686633551   
3.064860897290155   0.39704439804920242   0.00022308845685572754   
3.0778201399848277   0.41290154557819277   0.00019767638749661208   
3.0907793826795009   0.34585556218278105   9.4202300085780514e-05   
3.1037386253741737   0.26189163220865501   0.00021828206067170677   
3.1166978680688469   0.23312960291307883   0.00021906171279119709   
3.1296571107635196   0.27004944155786796   7.2820866585142762e-05   
3.1426163534581928   0.31238286777207662   0.00014496479043165292   
3.1555755961528655   0.29074428565705599   0.00018726420729571489   
3.1685348388475383   0.20795173842058475   8.6872140594452917e-05   
3.1814940815422115   0.12968142461858102   0.00022208903088974405   
3.1944533242368842   0.11098705220135356   0.00026749701731395377   
3.2074125669315574   0.16039009776456077   0.0001797450928468661   
3.2203718096262302   0.24441719176366095   0.00012395603097663798   
3.2333310523209033   0.29962381378122274   0.00018780156953510699   
3.2462902950155761   0.27805886755708112   0.00015935170972431341   
3.2592495377102493   0.20164766725488007   0.00010656371371984314   
3.272208780404922   0.14189185355751244   0.00025997614603367811   
3.2851680230995952   0.16012586016345212   0.00024565045710062871   
3.298127265794268   0.41749314845239305   8.3868228139489305e-05   
3.3110865084889411   0.81573216414847877   0.00039075510488195355   
3.3240457511836139   0.38829994077348788   0.00026138328438192966   
3.3370049938782871   0.079570636528023228   7.6635309007852442e-05   
3.3499642365729598   0.0090919386974627648   1.5541397733162875e-05   
3.362923479267633   0.00080263769218838103   3.3541601622631468e-06   
3.3758827219623058   0.0011376180854001576   4.3382513174054784e-06   
3.388841964656979   0.0050438363368646962   1.0746418516210469e-05   
3.4018012073516517   0.019702606641890861   2.9290259705292443e-05   
3.4147604500463249   0.063692358123041345   5.9945834862352781e-05   
3.4277196927409976   0.16467295911821358   6.4554365965457312e-05   
3.4406789354356708   0.33916386370998652   0.00013176547690321615   
3.4536381781303436   0.57104783526977614   0.00022679852890285923   
3.4665974208250168   0.82263964739332879   0.00031501397228894541   
3.4795566635196895   1.0670269452889612   0.00030068705800065212   
3.4925159062143623   1.2864323841555551   0.00032485905324049569   
3.5054751489090354   1.4435036275537109   0.00025305557737400012   
3.5184343916037082   1.4978765238436424   0.0001729610839729391   
3.5313936342983814   1.4590838475373335   0.00036867876333807662   
3.5443528769930541   1.3976523041991396   0.0004160994186180279   
3.5573121196877273   1.3851175345692694   0.00043989508739979493   
3.5702713623824001   1.4434836871905519   0.00023623349949981019   
3.5832306050770732   1.5674112058033014   0.00017323830009536012   
3.596189847771746   1.7732810920256358   0.00022004213750350991   
3.6091490904664192   2.0461327373347296   0.0002754720033896704   
3.6221083331610919   2.2656885190036157   0.00026649134911427599   
3.6350675758557651   2.3151633378505497   0.00017654646857522477   
3.6480268185504379   2.2150428477952575   0.00021958217224890092   
3.6609860612451111   2.0809096430041901   0.00025557103136786618   
3.6739453039397838   2.0817092849027103   0.00023799232462338619   
3.686904546634457   2.1272690630872337   0.00023759366412758918   
3.6998637893291297   1.9101042054479752   0.00017033575473748366   
3.7128230320238029   1.5839518792140096   0.00019917368509312565   
3.7257822747184757   1.3940449971506534   0.00024838371456910823   
3.7387415174131489   1.2913230837353797   0.00013783841004620634   
3.7517007601078216   1.2159228908018774   5.8247275453462636e-05   
3.7646600028024948   1.1613859610479784   0.00023213043606220697   
3.7776192454971675   1.1047735467782247   0.00017941307538205759   
3.7905784881918407   1.0232751136606501   0.00020477518549281426   
3.8035377308865135   0.92866357737304648   0.00011994100851876281   
3.8164969735811862   0.85491579258344012   0.00013880475237232437   
3.8294562162758594   0.82060917586642281   0.00013574547184376895   
3.8424154589705322   0.82277785433290086   0.00019050963609630747   
3.8553747016652054   0.88775830697131326   0.00031482147352308003   
3.8683339443598781   1.0871023305660323   0.00025350062597164778   
3.8812931870545513   1.4145193184551938   0.00043807908523081467   
3.894252429749224   1.6763784823014626   0.00061026450992309037   
3.9072116724438972   1.6640648591104217   0.00045927415588535904   
3.92017091513857   1.4165226096358932   0.0002156096365717294   
3.9331301578332432   1.1531548267106429   0.00032648997873166895   
3.9460894005279159   1.0302155405938679   0.00048517367587500671   
3.9590486432225891   1.1087720278272989   0.0005522827761281638   
3.9720078859172618   1.4609676977692197   0.00030085826307328447   
3.984967128611935   1.9849023374850227   0.00051704249589620496   
3.9979263713066078   2.0818094070152157   0.00068668264520552839   
4.010885614001281   1.5925266948429493   0.00024532424139986953   
4.0238448566959537   1.215013736186525   0.0003179193236938029   
4.0368040993906265   1.2310708480510217   0.00021243836886616614   
4.0497633420853001   1.3845564379219566   0.00012551902391888822   
4.0627225847799728   1.4607381536428186   0.00017977942127706606   
4.0756818274746456   1.4023084702300376   0.00018262512046832693   
4.0886410701693183   1.2534500914079779   0.00026258960178320563   
4.101600312863992   1.1064003657973833   0.00031098666855799606   
4.1145595555586647   1.0183583724971271   0.00028837574477678738   
4.1275187982533375   0.97079562382212133   8.496645428592513e-05   
4.1404780409480102   0.92444879554849011   0.00012408514788314021   
4.1534372836426829   0.880254347685809   0.00018795943196171452   
4.1663965263373566   0.85202513984090642   0.00025894601448014235   
4.1793557690320293   0.82333565757381878   0.00021671822781932181   
4.1923150117267021   0.81515471355178146   0.00013154657064229708   
4.2052742544213748   0.96977432427873682   0.00018929384036110015   
4.2182334971160484   1.0209676852987152   0.00036848428109025282   
4.2311927398107212   0.84909759940312985   0.00026425989423198019   
4.2441519825053939   0.80072729500326882   0.00023381744560949227   
4.2571112252000667   0.82340125999221747   0.00024580115503155436   
4.2700704678947403   0.8368727563589244   8.5746302324894768e-05   
4.2830297105894131   0.89845554541052071   0.0002771001093269248   
4.2959889532840858   0.93757486885530142   0.00024362046111484381   
4.3089481959787586   0.78012117873594511   0.00012339293696070794   
4.3219074386734322   0.55379768948713915   0.00018778800491254008   
4.3348666813681049   0.46412158448531147   9.0589346622861465e-05   
4.3478259240627777   0.432943278854644   0.0002244581847820419   
4.3607851667574504   0.34872237323945149   0.00014819546200798793   
4.3737444094521241   0.23855179482562098   0.00018062485918563271   
4.3867036521467968   0.18285691957108408   0.00031593833052909127   
4.3996628948414696   0.2196794078334017   0.00024758593259617147   
4.4126221375361423   0.31970077101533867   0.00015457393368472934   
4.4255813802308159   0.40916138589767986   0.00020299975418559761   
4.4385406229254887   0.42703360786475821   0.00017947907548218525   
4.4514998656201614   0.38261184376479656   4.3586585992069383e-05   
4.4644591083148342   0.35446051558022677   0.00014675472030900067   
4.4774183510095078   0.41531260274014801   0.00019533561585738049   
4.4903775937041805   0.60235162526285828   0.00015567473919488261   
4.5033368363988533   0.98017149676902293   0.00029276673946645218   
4.516296079093526   1.1334304069118447   0.00059254349263618141   
4.5292553217881988   0.72180141696755509   0.00027797891769112525   
4.5422145644828724   0.39421003735175627   0.00019062336305793281   
4.5551738071775452   0.34323141318850798   6.1700741796024991e-05   
4.5681330498722179   0.36536732175016834   0.00010252851537852387   
4.5810922925668907   0.35417829105322992   9.99679745268529e-05   
4.5940515352615643   0.31810227627068824   0.00013101112012442685   
4.607010777956237   0.30408352426410141   0.00021058284604648096   
4.6199700206509098   0.34231336555013714   0.00013815588738084337   
4.6329292633455825   0.42617083247649414   7.1344807122023478e-05   
4.6458885060402562   0.51743701240616781   0.00017422743410165896   
4.6588477487349289   0.57743332355157996   0.00023321189121912399   
4.6718069914296017   0.60617974199744654   0.00016982251411926773   
4.6847662341242744   0.64099223026384614   0.00015011525506836287   
4.697725476818948   0.71709777805768302   0.00012207179323617531   
4.7106847195136208   0.83348805919938109   9.0985855601971159e-05   
4.7236439622082935   0.94583339227410885   0.00018101934764279463   
4.7366032049029663   0.991788973241472   0.00015023240163706769   
4.7495624475976399   0.95276597693323746   0.00021524467995410789   
4.7625216902923126   0.89275588361587403   0.00031287484631224934   
4.7754809329869854   0.90628102041630559   0.00036412914001243299   
4.7884401756816581   1.0353215953016906   0.00026278336548056745   
4.8013994183763318   1.2838108048838531   0.00013999964215026114   
4.8143586610710045   1.5441289105698662   0.00028339037309830295   
4.8273179037656773   1.5960837286667393   0.00023540920261127194   
4.84027714646035   1.6003121033877817   0.00019031055674854196   
4.8532363891550228   1.7033808030555247   0.00019053226616996925   
4.8661956318496964   1.8585626067561584   0.00012867042948306548   
4.8791548745443691   1.9674544195601207   0.0002674204650458423   
4.8921141172390419   1.911900877339972   0.00025237803656155431   
4.9050733599337146   1.7288021744801264   0.00037397348703285928   
4.9180326026283883   1.6119900527079174   0.0002941355860912405   
4.930991845323061   1.6516298629661123   0.00022050389637975536   
4.9439510880177338   1.7761520663445177   0.00022849597224533784   
4.9569103307124065   1.8934508152816056   0.00034998261126197968   
4.9698695734070801   1.9758077850154475   0.00031864961369744463   
4.9828288161017529   2.0422938251934919   0.00032452314769186974   
4.9957880587964256   2.0871648747106295   0.00021301818358935167   
5.0087473014910984   2.0567697520301832   0.00026350399285887483   
5.021706544185772   1.900533613235018   0.00021966999680631043   
5.0346657868804447   1.6236761380718691   0.00014237015911092963   
5.0476250295751175   1.3007305079315075   0.0001454080038735736   
5.0605842722697902   1.0282862097579642   0.0002721601974077112   
5.0735435149644639   0.84762242297949124   0.00028427308057241742   
5.0865027576591366   0.73909292700957851   0.00019832988124217311   
5.0994620003538094   0.68755437231065069   8.7014278960511542e-05   
5.1124212430484821   0.68798606886332446   0.00012763924705982638   
5.1253804857431557   0.73991499348439273   9.0765237317601348e-05   
5.1383397284378285   0.84636371516418431   0.00014382013167450204   
5.1512989711325012   0.95216575630018988   0.00020856565190465364   
5.164258213827174   1.1201496595174947   0.00020463619861137101   
5.1772174565218467   1.3503755471947649   0.00062794142442812573   
5.1901766992165204   1.3471149938594209   0.00052675073946134682   
5.2031359419111931   1.0440211202679334   0.00020330619733060699   
5.2160951846058659   0.74570718119375358   0.00036070843955971644   
5.2290544273005386   0.67092980447834026   0.00031005017066624637   
5.2420136699952122   0.78655431667315543   0.00018136154990485634   
5.254972912689885   0.95866104012481921   0.00029551401876732173   
5.2679321553845577   1.0629958656131318   0.00030109550251610394   
5.2808913980792305   1.0499025544238737   0.00016407333664854876   
5.2938506407739041   0.96308789373625486   0.00015286860085250031   
5.3068098834685768   0.88283222740573633   0.00021060188237861596   
5.3197691261632496   0.85755435870920335   0.00017211208933684219   
5.3327283688579223   0.86908703140153074   0.00015652587498495461   
5.345687611552596   0.87669727310583149   0.00017855163495801937   
5.3586468542472687   0.8845952293635476   0.0001695351774506878   
5.3716060969419415   0.9267861979592446   0.00021808961381502503   
5.3845653396366142   1.0007128243325613   0.00016879103956764606   
5.3975245823312878   1.0767789335019367   0.00022656486587272897   
5.4104838250259606   1.1676970026614232   0.00026473890781957733   
5.4234430677206333   1.3317108819562149   0.00021955475222584621   
5.4364023104153061   1.615944098598989   0.0001854830989647274   
5.4493615531099797   1.8535245398456324   0.00047636990359840984   
5.4623207958046525   1.7664517354124215   0.00039397123001897517   
5.4752800384993252   1.4893393104388066   0.00025034287697173497   
5.488239281193998   1.2206660585069674   0.00018046127620879088   
5.5011985238886707   0.97549070476848779   0.00022230003929809056   
5.5141577665833443   0.81285621889305502   0.00013100642616036741   
5.5271170092780171   0.74195652067835432   0.00019998409629383677   
5.5400762519726898   0.66478244033349883   0.00031715730779976569   
5.5530354946673626   0.5208002634446603   0.00013704379937728552   
5.5659947373620362   0.36362675391094794   0.00013504051615959784   
5.578953980056709   0.27562784867767381   0.00019367150575057862   
5.5919132227513817   0.26944796160452427   0.00016041617917358041   
5.6048724654460544   0.29242658067439174   0.00011907610918245606   
5.6178317081407281   0.2977114928548045   0.00010260128379284761   
5.6307909508354008   0.28128537725440273   5.9349710896468879e-05   
5.6437501935300736   0.27481104776051249   0.00013479549460329592   
5.6567094362247463   0.32469176719814728   0.00013806612699020246   
5.6696686789194199   0.44357704697519945   8.9121822123229786e-05   
5.6826279216140927   0.57027439063178868   0.0002033579271746202   
5.6955871643087654   0.62802497823018774   0.00020348102631820031   
5.7085464070034382   0.66616739202444676   0.00015426220979672748   
5.7215056496981118   0.64070885771288798   0.00027496340088049577   
5.7344648923927846   0.62041988127571684   0.000239422962791586   
5.7474241350874573   0.76530715161745653   0.00020289839999254885   
5.7603833777821301   0.88627566631819645   0.00045935300314682916   
5.7733426204768037   0.79290694625566394   0.00033902850869358684   
5.7863018631714764   0.61126543597046207   0.00010213049274654527   
5.7992611058661492   0.4731963705561794   0.00016082036072738267   
5.8122203485608219   0.40830625167075199   0.00028307065606101095   
5.8251795912554947   0.4261292343498261   0.00026358919261071268   
5.8381388339501683   0.50105323025990944   0.00013252697035845379   
5.8510980766448411   0.56728423960164069   0.00013686166767396221   
5.8640573193395138   0.5820035157622246   0.00015252686830738864   
5.8770165620341865   0.57113679638391914   9.9738164437278489e-05   
5.8899758047288602   0.59928065571488556   0.00012963935948130089   
5.9029350474235329   0.6994616227674461   0.00019794051093327862   
5.9158942901182057   0.85516023527446599   0.00011007033013486919   
5.9288535328128784   1.0319953221564663   0.00014115172352426789   
5.941812775507552   1.1740560233003354   0.0001967666489354795   
5.9547720182022248   1.2452125552283766   9.8371230125421322e-05   
5.9677312608968975   1.2555310877461766   0.00019181758522650374   
5.9806905035915703   1.2443638981215831   0.00031650621054347552   
5.9936497462862439   1.2461831115327138   0.00032425070588992537   
6.0066089889809167   1.2782083567831077   8.7628886905510227e-05   
6.0195682316755894   1.2612564331609903   0.00034501957494244028   
6.0325274743702622   1.1500740668063966   0.00032332547752261901   
6.0454867170649358   1.0704975975606674   0.00017869469409677629   
6.0584459597596085   1.0620711652561608   0.00019020015409183064   
6.0714052024542813   1.0544194462336015   0.0001020255374039769   
6.084364445148954   1.0099969065836626   8.8179170203006418e-05   
6.0973236878436277   0.91357477997291435   0.000158872632067292   
6.1102829305383004   0.80996533140464193   0.00019053453012036219   
6.1232421732329732   0.80178012363788506   0.00018349470367148866   
6.1362014159276459   0.8843514626324835   0.00010122582313107928   
6.1491606586223186   1.0213290413898656   0.00013851503789068087   
6.1621199013169923   1.1548365576877276   0.00017246317237776633   
6.175079144011665   1.2960530929096565   0.00011234730236593962   
6.1880383867063378   1.4268749965584185   0.00027421608051897546   
6.2009976294010105   1.5888719647833192   0.00035623140159514548   
6.2139568720956841   1.7419000411745435   0.00025018911119907487   
6.2269161147903569   1.773888864342222   0.00015868025218973421   
6.2398753574850296   1.7604029086761081   0.00034057849724630534   
6.2528346001797024   1.6241720390904388   0.00044774770903693751   
6.265793842874376   1.3872974840893938   0.00032371112928299011   
6.2787530855690488   1.0469196768800578   0.00013850172584185241   
6.2917123282637215   0.7637593800069901   0.00024250771740046579   
6.3046715709583943   0.6159818938565321   7.6491124346606065e-05   
6.3176308136530679   0.55597923970600412   0.00010342366001639436   
6.3305900563477406   0.46914700590681143   8.0471888536003535e-05   
6.3435492990424134   0.40129232770292844   9.5356617994235915e-05   
6.3565085417370861   0.39869203501975482   7.738454145403152e-05   
6.3694677844317598   0.44604105281022608   0.00012684484669121595   
6.3824270271264325   0.51105650912439039   0.00020309109727858298   
6.3953862698211053   0.57445471221529972   0.00023763877125996897   
6.408345512515778   0.63873429097858186   0.0001858913961956421   
6.4213047552104516   0.70545184898223677   0.00016084656417993601   
6.4342639979051244   0.7771106461893833   0.00019156323715142245   
6.4472232405997971   0.87398279908780868   0.00022424511829752239   
6.4601824832944699   0.98151392677594757   0.00021842809603978179   
6.4731417259891426   1.0331687623119417   0.00023222433499295697   
