-0.0116489   -0.00594151     0
-0.0182996   0.016109     0
0.0873264   -0.0151965     1
0.083132   0.00803965     1
0.186532   0.00583902     2
0.181596   -0.0178412     2
0.280774   -0.0102243     3
0.286907   0.0123874     3
0.387098   0.0203011     4
0.380406   -0.00203729     4
0.488782   -0.00685754     5
0.479248   0.0150544     5
-0.410156   -0.0135754     6
-0.421168   0.0074934     6
-0.315921   -0.0168514     7
-0.315069   0.00638556     7
-0.21949   -0.00902998     8
-0.210322   0.0122251     8
-0.112995   -0.00269654     9
-0.116066   0.0207098     9
0.0385021   0.0886422     10
0.0334828   0.111748     10
0.134727   0.107452     11
0.133902   0.0836266     11
0.236572   0.109723     12
0.232601   0.0868426     12
0.330447   0.0938468     13
0.33829   0.115646     13
0.434066   0.121799     14
0.43658   0.0980973     14
0.536805   0.0886357     15
0.531504   0.112647     15
-0.367432   0.0823769     16
-0.365301   0.106075     16
-0.262175   0.107587     17
-0.271037   0.0848985     17
-0.172763   0.0967449     18
-0.158266   0.114846     18
-0.0607778   0.0976238     19
-0.0674985   0.120355     19
0.0865269   0.185867     20
0.0851905   0.209236     20
0.183831   0.18408     21
0.18688   0.208687     21
0.287757   0.212278     22
0.281461   0.190252     22
0.38288   0.197465     23
0.386858   0.220791     23
0.479605   0.216611     24
0.490709   0.195813     24
0.58788   0.184958     25
0.58216   0.207498     25
-0.315159   0.183379     26
-0.314331   0.20664     26
-0.210451   0.21063     27
-0.218813   0.188858     27
-0.120127   0.198195     28
-0.110297   0.219951     28
-0.0170723   0.215396     29
-0.0115253   0.192458     29
0.136066   0.284353     30
0.135134   0.307925     30
0.232998   0.28566     31
0.23632   0.308904     31
0.338004   0.317546     32
0.330772   0.294974     32
0.43664   0.298264     33
0.43204   0.320615     33
0.533024   0.31362     34
0.536109   0.289697     34
0.638365   0.282547     35
0.631251   0.304928     35
-0.266089   0.284451     36
-0.263619   0.308345     36
-0.168649   0.293094     37
-0.163719   0.316483     37
-0.0695003   0.31788     38
-0.059909   0.296161     38
0.0330838   0.311225     39
0.0403947   0.289142     39
0.187275   0.406569     40
0.183725   0.384047     40
0.282243   0.389016     41
0.287901   0.412158     41
0.381658   0.397179     42
0.386377   0.421062     42
0.481571   0.41624     43
0.486998   0.393269     43
0.583981   0.409981     44
0.588203   0.386526     44
0.683589   0.380608     45
0.687881   0.404153     45
-0.22017   0.391133     46
-0.210599   0.411884     46
-0.111995   0.41847     47
-0.116855   0.395517     47
-0.0151022   0.415906     48
-0.0155088   0.391835     48
0.0910869   0.386689     49
0.0777525   0.405922     49
-0.263563   -0.48966     50
0.233534   0.486397     50
-0.161449   -0.483948     51
0.331924   0.493665     51
0.437564   0.495785     52
-0.0642545   -0.480546     52
0.0324677   -0.487458     53
0.538498   0.490227     53
0.13217   -0.495763     54
0.640662   0.482375     54
0.733726   0.485531     55
0.237432   -0.491162     55
-0.662566   -0.484863     56
-0.167442   0.492164     56
-0.0638336   0.496103     57
-0.566986   -0.480961     57
-0.467608   -0.486259     58
0.0367353   0.490536     58
-0.365293   -0.49504     59
0.135231   0.48123     59
-0.212565   -0.386309     60
-0.214384   -0.40999     60
-0.115403   -0.380855     61
-0.11312   -0.40407     61
-0.0110729   -0.405553     62
-0.0195048   -0.382666     62
0.0906034   -0.41476     63
0.0823022   -0.393107     63
0.190041   -0.395954     64
0.180377   -0.417181     64
0.288362   -0.389279     65
0.28281   -0.412032     65
-0.611953   -0.379833     66
-0.616107   -0.403602     66
-0.512443   -0.406376     67
-0.514891   -0.382727     67
-0.415431   -0.391214     68
-0.412855   -0.414857     68
-0.307848   -0.393983     69
-0.317455   -0.415613     69
-0.163246   -0.281637     70
-0.166061   -0.305446     70
-0.0627367   -0.280813     71
-0.0650969   -0.304406     71
0.0309288   -0.28946     72
0.0382247   -0.311831     72
0.138963   -0.319488     73
0.133527   -0.295245     73
0.23776   -0.291419     74
0.232758   -0.314698     74
0.331244   -0.306654     75
0.338013   -0.283717     75
-0.559873   -0.303159     76
-0.569084   -0.281379     76
-0.46028   -0.309619     77
-0.469166   -0.288245     77
-0.363224   -0.317822     78
-0.364994   -0.293478     78
-0.266378   -0.312884     79
-0.262893   -0.289079     79
-0.111619   -0.204826     80
-0.11521   -0.181392     80
-0.0109857   -0.205909     81
-0.0178501   -0.183702     81
0.0856723   -0.21557     82
0.0826596   -0.190696     82
0.181027   -0.217809     83
0.189326   -0.19564     83
0.281319   -0.210488     84
0.289265   -0.187726     84
0.389183   -0.17988     85
0.381733   -0.202755     85
-0.515658   -0.183488     86
-0.51445   -0.207517     86
-0.410643   -0.214305     87
-0.419368   -0.193253     87
-0.3119   -0.194259     88
-0.317186   -0.216824     88
-0.208237   -0.186739     89
-0.217847   -0.209091     89
-0.0653272   -0.0808721     90
-0.0632932   -0.10533     90
0.0307616   -0.0880899     91
0.0391475   -0.11021     91
0.132638   -0.0955192     92
0.138181   -0.118394     92
0.238165   -0.0910414     93
0.231574   -0.114436     93
0.338053   -0.0839307     94
0.329521   -0.105802     94
0.430589   -0.0801619     95
0.439117   -0.102277     95
-0.469076   -0.0877573     96
-0.458859   -0.109676     96
-0.365007   -0.0952374     97
-0.363958   -0.11871     97
-0.262992   -0.0906486     98
-0.266309   -0.114261     98
-0.161525   -0.0827457     99
-0.166317   -0.106168     99
