0.50882954214656695   0.00041140246023556403  1.5428403918803225e-06     
1.0176590842931339   0.00045424720676875267  1.6512274105598809e-06     
1.5264886264397008   0.00053853666186994069  1.5967887234730337e-06     
2.0353181685862678   0.00069136034245097561  2.1442974197892719e-06     
2.544147710732835   0.00097628925900936774  3.1229886078676626e-06     
3.0529772528794017   0.0015482174017738478  4.7987594560511986e-06     
3.5618067950259684   0.0029021089122983714  8.5697412806074703e-06     
4.0706363371725356   0.0071329039458511191  2.5838107641538104e-05     
4.5794658793191028   0.032025617110622877  0.00011640763081361189     
5.0882954214656699   99.613335925827194  0.00039804749095891733     
5.5971249636122362   0.051427685689228643  0.00019842518224361074     
6.1059545057588034   0.016540709775490653  6.0092604524656654e-05     
6.6147840479053706   0.010142633047980522  3.0035610919777591e-05     
7.1236135900519368   0.0084479567201851917  2.6048986859433619e-05     
7.632443132198504   0.0087234377074589749  2.7723474487003439e-05     
8.1412726743450712   0.010878723800323958  3.3479856814037389e-05     
8.6501022164916375   0.016819461908436606  4.9201831368516033e-05     
9.1589317586382055   0.035182253778403404  0.00012648580558963626     
9.6677613007847718   0.13620248524419759  0.00047844116743042497     
10.17659084293134   98.462712469737421  0.0015718714827584172     
10.685420385077906   0.19224785861965379  0.00076107575855621176     
11.194249927224472   0.055820968777533821  0.00020185234029739815     
11.70307946937104   0.03161166389714622  9.299104692106632e-05     
12.211909011517607   0.024586450622954687  7.4872830268459744e-05     
12.720738553664173   0.023885649755420339  7.4921489476470269e-05     
13.229568095810741   0.028182684247868042  8.5561495477010147e-05     
13.738397637957307   0.041392524975168569  0.00011932047191792695     
14.247227180103874   0.082349691905602995  0.00029265415294704208     
14.756056722250442   0.30067303257585519  0.0010176104695667026     
15.264886264397008   96.575849491185306  0.0034618688344657353     
15.773715806543576   0.42658511991898583  0.0017282404804547343     
16.282545348690142   0.11770986970898054  0.0004219121734281215     
16.79137489083671   0.064328016606841792  0.00018695321986317002     
17.300204432983275   0.048518166778023505  0.00014493746969872612     
17.809033975129843   0.045821346760873136  0.00014090737682529412     
18.317863517276411   0.052634616830591305  0.00015660347035550461     
18.826693059422976   0.075302551402489754  0.00021278906381983171     
19.335522601569544   0.14568169840292275  0.00050970794320975558     
19.844352143716112   0.51173600889847094  0.001663472994694688     
20.35318168586268   93.997681278005869  0.0059730911913056843     
20.862011228009244   0.75429962873438484  0.0031194906773336805     
21.370840770155812   0.20062489990407075  0.00070983982726388737     
21.87967031230238   0.10719532263068509  0.00030609348152882366     
22.388499854448945   0.079335635253667762  0.00023086127585806761     
22.897329396595513   0.07362266793093407  0.00022043437653787082     
23.406158938742081   0.08313984676021535  0.00024079619391766103     
23.914988480888645   0.11689901604176441  0.00032213241420494719     
24.423818023035214   0.22171733518488276  0.00076063426385024669     
24.932647565181782   0.75504803505790374  0.0023497589484287014     
25.441477107328346   90.788535892972854  0.0089814347915413356     
25.950306649474914   1.171212965998576  0.0049325199017759972     
26.459136191621482   0.30206695151542308  0.0010506017601737484     
26.967965733768047   0.15870617988805654  0.00044279335854312995     
27.476795275914615   0.11587178256322305  0.00032606005736812926     
27.985624818061183   0.10617557064495686  0.00030731897777246802     
28.494454360207747   0.11840671211467382  0.00033151787754231493     
29.003283902354315   0.16430627965443108  0.00043925576186948116     
29.512113444500883   0.30670223662073395  0.001027452077008403     
30.020942986647452   1.0163830972708313  0.0030181621956837615     
30.529772528794016   87.02173532613876  0.012341558748889957     
31.038602070940584   1.6691500910863756  0.0071419160906695976     
31.547431613087152   0.41875970265898396  0.0014258260224434942     
32.05626115523372   0.21703597962611203  0.00058834845519071748     
32.565090697380285   0.15677500742703201  0.00042335982405407853     
33.073920239526849   0.14223171801204819  0.00039501575430355817     
33.582749781673421   0.15702878830535313  0.00042194128787288599     
34.091579323819985   0.21553924010850697  0.00055617474583476471     
34.60040886596655   0.39680661347987477  0.0012925719321197265     
35.109238408113121   1.2823157150043977  0.0036211148890319648     
35.618067950259686   82.780751959843043  0.015895880725299397     
36.12689749240625   2.2362126281499335  0.009699557758342507     
36.635727034552822   0.5468370262419991  0.0018153910749797744     
37.144556576699387   0.28015516945189685  0.00073376869113934787     
37.653386118845951   0.20059390523783698  0.00051565734796394367     
38.162215660992523   0.18048620886733019  0.00047720448604090667     
38.671045203139087   0.19757044503496021  0.00050562569389077322     
39.179874745285652   0.26861890823989153  0.00066567766387386401     
39.688704287432223   0.48833157002799287  0.0015399856123835433     
40.197533829578788   1.5407915095145496  0.0041234378078311613     
40.706363371725359   78.156077621218206  0.019483936419947464     
41.215192913871924   2.857270281077542  0.012536635149792012     
41.724022456018488   0.68206391003351826  0.0021991734873093305     
42.23285199816506   0.34595087700800613  0.0008705861256357616     
42.741681540311625   0.24586478108056872  0.00059656266522746395     
43.250511082458189   0.21965495853612241  0.00054832979203940297     
43.759340624604761   0.23864911344439495  0.00057703642766204318     
44.268170166751325   0.32167941786213809  0.00076185489827257749     
44.77699970889789   0.57789015329030496  0.0017561992420831998     
45.285829251044461   1.7815603447275094  0.0045028735018869747     
45.794658793191026   73.241971122715273  0.022951397277906578     
46.30348833533759   3.5146409975536983  0.015567149152773649     
46.812317877484162   0.82007383585348748  0.0025587631405953864     
47.321147419630726   0.41234830858271911  0.00099158313280476141     
47.829976961777291   0.29119514199011151  0.00066096534770746359     
48.338806503923863   0.25854588808732417  0.00060404360094495658     
48.847636046070427   0.27900832028880073  0.00063194810924644588     
49.356465588216992   0.37305929204275705  0.00084045084907672106     
49.865295130363563   0.66255270047612088  0.0019308627959706435     
50.374124672510128   1.9964595126842775  0.0047496093328605517     
50.882954214656692   68.133248454961686  0.026158114301732594     
