0.0234368381301723   -0.0899214772264284   127.325234647448   0.0503438890135397
0.124130383318276   -0.0901019186207763   10.6854093449486   0.0502491513865946
0.223884222274592   -0.0891189352875529   13.4833890224368   0.0562739799805924
0.32388657268599   -0.0885739083914719   86.037202414653   0.055524327865139
0.424160644622894   -0.0899732733074156   118.898367729468   0.0535843614531732
-0.477266967560511   -0.0902267651048822   114.220618638361   0.0516963224816922
-0.377575788957076   -0.0906782804437073   97.7166934164501   0.0581425907603312
-0.277080496661863   -0.0901287880767034   169.879929808276   0.0508415344658232
-0.17647609548393   -0.0905177936281132   177.405486160484   0.0528417783216917
-0.0764384341090192   -0.0902040983156097   54.1372319954379   0.0565742658676131
0.074942328778153   0.0100037324995776   0.645852345957846   0.0515475134125961
0.174277005793443   0.0106165800090671   168.49881153623   0.0514296606633395
0.274025533726503   0.010699305928664   163.709695225183   0.0539176553945296
0.375356580102864   0.00993057562339092   81.5278374336875   0.053997573679495
0.474985780573235   0.0109907531843782   143.548505873767   0.0536148986919814
-0.425349999707534   0.0102336497053307   83.8545925525649   0.0531232918337931
-0.326316603142635   0.0107449360073019   73.8587395531001   0.0520615313171066
-0.227545386290857   0.00906069087308499   11.6123439539848   0.0516358936028041
-0.127172266382618   0.00931857472605414   166.747665413624   0.0580532760991394
-0.0262364159645764   0.0104628351296108   78.8970307529175   0.0500797946652621
0.123442739310239   0.112315289214798   8.75849272255765   0.051343125835939
0.22421505897711   0.111542459768039   13.2838452611331   0.0538866544234708
0.324794765709217   0.110540549935325   99.0363016739797   0.0535385211137791
0.423588645469785   0.110318367012528   123.97129097205   0.0513747387608659
0.524517965421766   0.111163733869413   107.052209772875   0.0540913000548136
-0.376215697998468   0.111418788983491   89.2136036370257   0.0502815039454209
-0.275238267056384   0.110528597822609   19.1770842416663   0.0625743206747748
-0.176459583097683   0.108788702267562   62.3481161943186   0.0501200896494044
-0.0771390006227719   0.109079698385666   171.895792014177   0.0575117273548659
0.0236596664704006   0.109339122266423   49.9976363144717   0.0516986048556498
0.17296041043463   0.21202769370961   108.371538412728   0.0522890889240704
0.273066154866295   0.211803138549491   13.004131928396   0.0508452356799038
0.37416589157757   0.210152142485824   72.1460282077255   0.0563563049576739
0.473266122634216   0.210168719531073   105.735762137963   0.0532294956184246
0.573659480294839   0.210243636573461   86.197799280945   0.0503503578806011
-0.326156272279312   0.209696681611257   161.526169751926   0.0577287440450794
-0.225954776748168   0.209332783234637   135.072454973664   0.0514775444327307
-0.125909270393362   0.208676675539813   10.9522416734642   0.0503585176905924
-0.0251703390782076   0.208748066270624   76.3572214734428   0.0514737289503313
0.0731757883883816   0.211237888198479   98.9555195871167   0.0516625528051684
0.2234491025742   0.311717374893543   152.998781454083   0.05257815723586
0.323189389301624   0.310641684461101   124.852490701964   0.057070720226636
0.423768250084338   0.31064234709459   7.19186154961066   0.0545053231148549
0.524126920824974   0.309870747607895   77.1466348865073   0.0557438629506911
0.623932507102906   0.309642829843328   77.0610185357127   0.0537731958022523
-0.275762961074646   0.309790874271261   76.378244341172   0.0559889648669867
-0.175125295291735   0.308880608079663   143.510959576785   0.0534527956203835
-0.0751136111592972   0.307986241664612   126.958949859946   0.0537987610241913
0.0247383184703769   0.311127963760974   90.8225872885411   0.050939016598469
0.12363570109671   0.312894822850824   104.518461585423   0.0567352494317675
0.274162309553092   0.411089631731532   73.9295831679412   0.0617949425471027
0.374467178428049   0.41011920518926   72.6151851953176   0.0536546072886756
0.474586172566981   0.410858278032112   104.526726648172   0.0562446776575567
0.574113726955116   0.411281123272754   163.861353914146   0.0532419709704214
0.674199851490892   0.408964409883101   91.1595955279994   0.0512996862859194
-0.225316075143635   0.409010181442548   164.727908171378   0.0540269189620425
-0.126256241365011   0.408358663626564   111.568555767085   0.0577210548343697
-0.0275981770925605   0.410525166155816   19.921514644275   0.0514832619913772
0.072971595630874   0.412068747918655   24.9502480312157   0.0536057970447005
0.173949081661067   0.411403682473386   179.654529558207   0.053008912183498
-0.173208460708073   -0.489061360468424   104.60073659602   0.0518671343211414
-0.0737260593381763   -0.490704250059911   140.453058962276   0.0532070965389978
0.0243544092191383   -0.489285327013681   157.438806767233   0.0509852019501774
0.125084381578764   -0.49040980832171   144.589790186037   0.0551683525082342
0.225477058349837   -0.489995023685038   48.8563105460085   0.0622869130825698
-0.674304225699567   -0.489763764985191   33.5915075343676   0.0516713082734381
-0.574048310374146   -0.488825043472049   75.5886180373146   0.0504678410437718
-0.474864538279276   -0.488504163651786   22.5299722546802   0.0515211842228827
-0.374130390647467   -0.489226667021776   117.203263981006   0.0501843922568047
-0.274082226926055   -0.490046650489816   6.7661400959336   0.0575311883246322
-0.124583385003712   -0.388842420736862   123.6706929167   0.0505869398157237
-0.024161409409424   -0.389891638953657   12.0019773067133   0.0536987308306619
0.0753341897896951   -0.39151349005647   102.292512040989   0.0534725779390631
0.175240227063792   -0.38957159194238   2.22143218065301   0.0510365247729281
0.274866251722475   -0.388637700961495   108.311553055273   0.0505216625118899
-0.626497145984305   -0.389378793262551   64.3003892695157   0.0580704365444134
-0.52588883586183   -0.389538286645994   150.674429759643   0.0505271971882957
-0.4251866813377   -0.389474267211125   133.405161732426   0.0509727532973059
-0.325396486374932   -0.389192984653087   101.915733243355   0.051392838196312
-0.22576649243781   -0.38992261460707   4.42182281752794   0.0510196530488443
-0.0747538913512186   -0.290157692046765   15.4369841472031   0.0553813307962118
0.0248170104484703   -0.29069744670468   177.685813013071   0.0537184112373385
0.124048957880265   -0.289344912068387   36.5661503088413   0.0561145652823006
0.223372964717595   -0.288206836978395   8.55854617051333   0.0504619401920389
0.324004793435097   -0.289404419915685   132.154245816285   0.0511016589259837
-0.576565263422034   -0.289528737985477   12.513505433832   0.0557106392703271
-0.476721622180741   -0.289886288027393   79.6098837488435   0.0542704944621269
-0.375500571483441   -0.288992162045845   33.7135957149539   0.05038259791722
-0.275458865968048   -0.28921771322881   48.5732455610459   0.0533152777834407
-0.175030946850333   -0.290040119418974   66.4979891178886   0.0504335891499899
-0.0260556101974212   -0.190435468333679   164.421219227623   0.0541897186640993
0.074770332744397   -0.189665751132399   129.209810872398   0.0512004863759339
0.173317228754857   -0.189568095249461   149.898030592089   0.0508522093388464
0.274407280573847   -0.188126047953229   112.352216732343   0.0511241238599256
0.372786789620665   -0.189127095569797   72.7486717627448   0.0523411226191966
-0.527152828383472   -0.190298811698865   109.309186238362   0.0535915200838249
-0.427332114175379   -0.1909505895066   113.841822682587   0.051122073237654
-0.326589849508621   -0.189836935441317   38.9368936309974   0.05021576495863
-0.226357668870978   -0.189235534663822   177.435845199416   0.0532323608167503
-0.126418675319384   -0.189783649125693   123.805007396085   0.0546477855057336
