0.44213184308663317   40.807670833841896  0.004134814658009012     
0.88426368617326634   7.149609873649589e-05  1.0546568067890098e-07     
1.3263955292598995   4.7962679819411157  0.0041656125472053007     
1.7685273723465327   0.00010508396939720332  8.0286327123227872e-08     
2.2106592154331657   1.9442359531718676  0.0042040041203464228     
2.6527910585197989   0.00021420789127103487  2.7420139769332964e-07     
3.0949229016064321   1.2041335993158852  0.0042934153666817896     
3.5370547446930654   0.0006379313825440138  6.3850580830399631e-07     
3.9791865877796986   0.97577835195341863  0.0045888781233487137     
4.4213184308663314   0.0043828520876966158  8.6923809276406486e-06     
4.8634502739529646   0.95246293682302346  0.0044845704849836568     
5.3055821170395978   0.0014397490322720778  1.3223525981953006e-06     
5.747713960126231   1.1858251764605351  0.0046494224236381062     
6.1898458032128643   0.0011707822125214106  1.3551524700674194e-06     
6.6319776462994975   1.9132018204364935  0.0050421333958780883     
7.0741094893861307   0.0016895971338332063  1.396719828431232e-06     
7.5162413324727639   4.7194534727354825  0.0058628013946048195     
7.9583731755593972   0.0058629279113735713  9.3153869973538784e-06     
8.4005050186460295   40.098814585041555  0.0098759178625447074     
8.8426368617326627   98.388998416943468  0.0023347661592454144     
9.2847687048192959   40.17293580443072  0.0034487289599176502     
9.7269005479059292   0.008774370163130892  1.2196326494994081e-05     
10.169032390992562   4.7476952134006349  0.0024157760748426399     
10.611164234079196   0.0038168974566297721  2.6634442187869551e-06     
11.053296077165829   1.928616573509676  0.0032378687625908303     
11.495427920252462   0.0040446288386662601  5.5070297201126553e-06     
11.937559763339095   1.1984350601539451  0.0038486555236078784     
12.379691606425729   0.0078244255319294932  8.3649764952058664e-06     
12.821823449512362   0.99388597648532794  0.0054951995858113779     
13.263955292598995   0.038341662602187597  7.4122819080060033e-05     
13.706087135685628   0.92482804817635473  0.0050514168851392339     
14.148218978772261   0.010302026560240613  8.7638694816260266e-06     
14.590350821858895   1.1456486297351628  0.0048536436290618522     
15.032482664945528   0.0069929770746769131  7.0857346548504474e-06     
15.474614508032161   1.8393035614654807  0.0056246164946757102     
15.916746351118794   0.0087181776295080509  7.6065007667654323e-06     
16.358878194205428   4.5278526963809459  0.0072676540395502739     
16.801010037292059   0.027320787751238677  4.6469576632952032e-05     
17.243141880378694   38.109756938536652  0.014773005104552103     
17.685273723465325   93.730349365680914  0.008819016655758107     
18.12740556655196   38.283521789688743  0.010609703575192219     
18.569537409638592   0.032892011480939157  4.4668423192547454e-05     
19.011669252725227   4.5762138245739668  0.0014517815257458203     
19.453801095811858   0.01307987441952398  8.5460222846057434e-06     
19.895932938898493   1.8673912799807732  0.0023588647449978005     
20.338064781985125   0.012835683032558338  1.7764534005895364e-05     
20.78019662507176   1.1691801240959274  0.0033888277395835482     
21.222328468158391   0.023118319613150225  2.556712902902783e-05     
21.664460311245026   1.0054478717953548  0.0067320825219717301     
22.106592154331658   0.10076454729098005  0.00018604456076156771     
22.548723997418293   0.89357087909419721  0.0057246254140902829     
22.990855840504924   0.027399026498697149  2.2616278719346892e-05     
23.432987683591559   1.0879023544630491  0.0048633643397801692     
23.875119526678191   0.01797874450099758  1.5512139924341678e-05     
24.317251369764826   1.7304198891990217  0.0058831228335112592     
24.759383212851457   0.021747030059918163  1.9670134037213236e-05     
25.201515055938092   4.2430068130394821  0.0082585439733112439     
25.643646899024723   0.068422301554045883  0.00012414374260087968     
26.085778742111358   35.047453701227474  0.018750309596556463     
26.52791058519799   86.512983272725695  0.018057363424423937     
26.970042428284625   35.358242762507835  0.017940498563867439     
27.412174271371256   0.073765667861163828  0.00010101021805340577     
27.854306114457891   4.2971719262477687  0.0024377642037504889     
28.296437957544523   0.02836441244079632  1.8334770094473117e-05     
28.738569800631154   1.7663954224899895  0.001921041901820261     
29.180701643717789   0.02693981866075396  3.6054959302127837e-05     
29.622833486804421   1.1194573852664402  0.0029891862641679525     
30.064965329891056   0.046775489312883456  5.1804929019273949e-05     
30.507097172977687   1.0088968260570714  0.0078198555472701323     
30.949229016064322   0.18236482178490635  0.00031847124101793475     
31.391360859150954   0.85969275175203467  0.0061156771682686296     
31.833492702237589   0.052812915888881548  4.4777511307095414e-05     
32.27562454532422   1.0183517281992363  0.004665197520875488     
32.717756388410855   0.034517456979171626  2.4744739865216278e-05     
33.15988823149749   1.5971893442886837  0.0058030162847032249     
33.602020074584118   0.04155421282022636  3.8689103164210263e-05     
34.044151917670753   3.8935368416695506  0.0087803959606137246     
34.486283760757388   0.13503391589198718  0.00026178300023700335     
34.928415603844023   31.22388809850241  0.021761239399949502     
35.370547446930651   77.448003604576147  0.028200805381101141     
35.812679290017286   31.700357282282612  0.024502207468698356     
36.254811133103921   0.13150363461681089  0.00018432472852580872     
36.696942976190556   3.9362010037181168  0.0038563082380206731     
37.139074819277184   0.050079756922588223  3.3431228000975505e-05     
37.581206662363819   1.6353715350001047  0.002141669797920665     
38.023338505450454   0.046741937976408895  5.7439136880602891e-05     
38.465470348537089   1.0546049842879501  0.0027117290787341566     
38.907602191623717   0.079022088183310063  8.5302962145332461e-05     
39.349734034710352   1.0030882734905416  0.0084890685069965186     
39.791865877796987   0.27273097275006927  0.00045276858241415009     
40.233997720883622   0.82487462940979219  0.0060934037664973752     
40.67612956397025   0.086324621010542103  7.7318661799086189e-05     
41.118261407056885   0.94341351534151272  0.0042790954022236371     
41.56039325014352   0.05691801631346215  3.3344909360791546e-05     
42.002525093230155   1.4514115859766264  0.0054182214874442427     
42.444656936316782   0.068837219468805433  6.5663314381545626e-05     
42.886788779403417   3.5105367686713652  0.0088365115398315791     
43.328920622490052   0.23248975515863983  0.00047617856111646206     
43.77105246557668   26.998446089049402  0.023653436973155836     
44.213184308663315   67.344070404025273  0.037449141301139471     
