0.0061741554681490418   0   0   
0.018522466404447126   0   0   
0.030870777340745208   0   0   
0.043219088277043294   0   0   
0.055567399213341376   195.88831136437826   0.0017583795585443921   
0.067915710149639458   6.142335298808249   0.0012577273187199852   
0.08026402108593754   0.082601147087085496   0.00030710935182069614   
0.092612332022235622   0.00052824561994702153   1.0583134886266239e-05   
0.10496064295853372   2.1548732150894246e-07   2.1548732150894246e-07   
0.1173089538948318   0   0   
0.12965726483112988   0   0   
0.14200557576742795   0   0   
0.15435388670372605   0   0   
0.16670219764002414   0   0   
0.17905050857632221   0   0   
0.19139881951262031   0   0   
0.20374713044891837   0   0   
0.21609544138521647   0   0   
0.22844375232151454   0   0   
0.24079206325781263   0   0   
0.25314037419411073   0   0   
0.2654886851304088   0   0   
0.27783699606670686   0   0   
0.29018530700300499   0   0   
0.30253361793930306   0   0   
0.31488192887560112   0   0   
0.32723023981189919   0   0   
0.33957855074819732   0   0   
0.35192686168449538   0   0   
0.36427517262079345   0   0   
0.37662348355709158   0   0   
0.38897179449338964   0   0   
0.40132010542968771   0   0   
0.41366841636598578   0   0   
0.4260167273022839   0   0   
0.43836503823858197   0   0   
0.45071334917488004   0   0   
0.46306166011117816   0   0   
0.47540997104747623   0   0   
0.4877582819837743   0   0   
0.50010659292007242   0   0   
0.51245490385637049   0   0   
0.52480321479266856   0   0   
0.53715152572896663   0   0   
0.5494998366652647   0   0   
0.56184814760156276   0   0   
0.57419645853786094   0   0   
0.58654476947415901   0   0   
0.59889308041045708   0   0   
0.61124139134675515   0   0   
0.62358970228305322   0   0   
0.63593801321935128   0   0   
0.64828632415564935   0   0   
0.66063463509194753   0   0   
0.6729829460282456   0   0   
0.68533125696454367   0   0   
0.69767956790084174   0   0   
0.7100278788371398   0   0   
0.72237618977343787   0   0   
0.73472450070973594   0   0   
0.74707281164603412   0   0   
0.75942112258233219   0   0   
0.77176943351863025   0   0   
0.78411774445492832   0   0   
0.79646605539122639   0   0   
0.80881436632752446   0   0   
0.82116267726382253   0   0   
0.83351098820012059   0   0   
0.84585929913641877   0   0   
0.85820761007271684   0   0   
0.87055592100901491   0   0   
0.88290423194531298   0   0   
0.89525254288161105   0   0   
0.90760085381790911   0   0   
0.91994916475420718   0   0   
0.93229747569050536   0   0   
0.94464578662680343   0   0   
0.9569940975631015   0   0   
0.96934240849939957   0   0   
0.98169071943569763   0   0   
0.9940390303719957   0   0   
1.0063873413082938   0   0   
1.0187356522445918   0   0   
1.0310839631808899   0   0   
1.043432274117188   0   0   
1.0557805850534863   0   0   
1.0681288959897843   0   0   
1.0804772069260824   0   0   
1.0928255178623805   0   0   
1.1051738287986785   0   0   
1.1175221397349766   0   0   
1.1298704506712747   0   0   
1.1422187616075727   0   0   
1.1545670725438708   0   0   
1.1669153834801689   0   0   
1.1792636944164669   0   0   
1.191612005352765   0   0   
1.2039603162890631   0   0   
1.2163086272253611   0   0   
1.2286569381616592   0   0   
1.2410052490979575   0   0   
1.2533535600342556   0   0   
1.2657018709705536   0   0   
1.2780501819068517   0   0   
1.2903984928431498   0   0   
1.3027468037794478   0   0   
1.3150951147157459   7.0513926334146904e-07   1.4147458624465668e-07   
1.327443425652044   0.00020570620164565979   2.5646057257350967e-06   
1.3397917365883421   0.015618472404540711   1.7818346024323568e-05   
1.3521400475246401   0.33126139674419011   7.5650965806434242e-05   
1.3644883584609382   2.250491453990431   0.00027883524148850806   
1.3768366693972363   6.061758958602681   0.00019652841841942353   
1.3891849803335343   9.0931399816664488   0.00035830523279748899   
1.4015332912698324   11.38658938001838   0.0002655098150613217   
1.4138816022061307   14.528288936837313   0.0005371186766247078   
1.4262299131424288   15.9572937427323   0.00048350291441356637   
1.4385782240787268   13.106705452864198   0.00046574396286112871   
1.4509265350150249   9.6615856390602028   0.00033250632355688842   
1.463274845951323   7.1932292255215337   0.00038610104795098129   
1.475623156887621   4.2284279895788463   0.00020141057380445103   
1.4879714678239191   1.3454878881924855   0.00022739668033414345   
1.5003197787602172   0.18254966585656498   0.00010554408447594644   
1.5126680896965152   0.0096931404092042038   1.5563748627125165e-05   
1.5250164006328133   0.00019759489447725459   1.586004572111151e-06   
1.5373647115691114   1.6477424102531182e-06   1.8967750977238342e-07   
1.5497130225054094   0   0   
1.5620613334417075   0   0   
1.5744096443780056   0   0   
1.5867579553143039   0   0   
1.5991062662506019   0   0   
1.6114545771869   0   0   
1.6238028881231981   0   0   
1.6361511990594961   0   0   
1.6484995099957942   0   0   
1.6608478209320923   0   0   
1.6731961318683903   0   0   
1.6855444428046884   0   0   
1.6978927537409865   0   0   
1.7102410646772845   0   0   
1.7225893756135826   0   0   
1.7349376865498807   0   0   
1.7472859974861787   0   0   
1.759634308422477   0   0   
1.7719826193587751   0   0   
1.7843309302950732   0   0   
1.7966792412313712   0   0   
1.8090275521676693   0   0   
1.8213758631039674   0   0   
1.8337241740402654   0   0   
1.8460724849765635   0   0   
1.8584207959128616   0   0   
1.8707691068491596   0   0   
1.8831174177854577   0   0   
1.8954657287217558   0   0   
1.9078140396580539   0   0   
1.9201623505943519   0   0   
1.9325106615306502   0   0   
1.9448589724669483   0   0   
1.9572072834032463   0   0   
1.9695555943395444   0   0   
1.9819039052758425   0   0   
1.9942522162121405   0   0   
2.0066005271484384   0   0   
2.0189488380847367   0   0   
2.031297149021035   0   0   
2.0436454599573328   0   0   
2.0559937708936311   0   0   
2.068342081829929   0   0   
2.0806903927662272   0   0   
2.0930387037025251   0   0   
2.1053870146388234   0   0   
2.1177353255751212   0   0   
2.1300836365114195   0   0   
2.1424319474477174   0   0   
2.1547802583840157   0   0   
2.1671285693203135   0   0   
2.1794768802566118   0   0   
2.1918251911929096   0   0   
2.2041735021292079   0   0   
2.2165218130655062   0   0   
2.2288701240018041   0   0   
2.2412184349381024   0   0   
2.2535667458744002   0   0   
2.2659150568106985   0   0   
2.2782633677469963   0   0   
2.2906116786832946   0   0   
2.3029599896195925   0   0   
2.3153083005558908   0   0   
2.3276566114921886   0   0   
2.3400049224284869   1.6431618975220151e-07   4.5678118657484859e-08   
2.3523532333647847   1.6845339590084887e-05   4.7834696028672344e-07   
2.364701544301083   0.00083147949130042186   4.8124176864410873e-06   
2.3770498552373813   0.018545391879900239   1.4970461243883184e-05   
2.3893981661736792   0.19210184224728011   7.2449658313526862e-05   
2.4017464771099775   0.97058712500266598   0.00013999614227101326   
2.4140947880462753   2.6216005775906755   7.9446315578002374e-05   
2.4264430989825736   4.449608112672182   0.00022162336875622416   
2.4387914099188714   5.9948908442105702   0.000248490009596542   
2.4511397208551697   7.628640258702251   0.0002537820063251118   
2.4634880317914676   8.7616006401783264   0.00040698988149483584   
2.4758363427277659   8.1411858854965087   0.00023640501255067779   
2.4881846536640637   6.4141607961282872   0.00028040356993678875   
2.500532964600362   4.7925728291179346   0.00015362766965442739   
2.5128812755366599   3.1558123418328301   0.0001530010724307418   
2.5252295864729581   1.4569941000151979   0.00017902592637682768   
2.537577897409256   0.38846541611121153   0.00014237716808070727   
2.5499262083455543   0.053559241233736117   3.6925750885477159e-05   
2.5622745192818526   0.003611248171856796   8.6672777304213367e-06   
2.5746228302181504   0.00011590737467581002   1.7177929491756329e-06   
2.5869711411544487   1.7310986257735091e-06   1.8376320404547991e-07   
2.5993194520907466   3.4805553117833939e-08   1.4209307559004883e-08   
2.6116677630270448   0   0   
2.6240160739633427   0   0   
2.636364384899641   0   0   
2.6487126958359388   0   0   
2.6610610067722371   0   0   
2.673409317708535   0   0   
2.6857576286448333   0   0   
2.6981059395811311   0   0   
2.7104542505174294   0   0   
2.7228025614537277   1.6613534991619146e-07   3.5024407040281925e-08   
2.7351508723900255   2.0755855550308296e-05   4.4119971789545387e-07   
2.7474991833263238   0.00098274808878547944   3.8212277187093397e-06   
2.7598474942626217   0.020965247440746134   2.2309338580519633e-05   
2.7721958051989199   0.20396440958991237   8.682376123160667e-05   
2.7845441161352178   0.96376605353814776   0.00013357534646496809   
2.7968924270715161   2.4568694192885252   0.00014939461372629953   
2.8092407380078139   4.0221984486122685   0.00021432328306622782   
2.8215890489441122   5.3509065454408249   0.00020212631954148511   
2.8339373598804101   6.7529343628593189   0.00020408940076528524   
2.8462856708167084   7.5916407226674494   0.00038513090813843131   
2.8586339817530062   6.8980999371620184   0.00031928962206759154   
2.8709822926893045   5.3860722320933074   0.00023035969686510042   
2.8833306036256023   3.994507461075575   0.00019976996194372311   
2.8956789145619006   2.5614756865560092   0.00014396483483181742   
2.9080272254981989   1.1336172532664782   0.00011094563988103078   
2.9203755364344968   0.28979751613769829   0.00011356803336802613   
2.9327238473707951   0.038887168219259892   2.8894406200045289e-05   
2.9450721583070929   0.0026164759701066038   5.4277425348750274e-06   
2.9574204692433912   8.6695183095263713e-05   1.1073410846100173e-06   
2.969768780179689   1.3784916596320499e-06   1.4155156465446876e-07   
2.9821170911159873   7.584439887478306e-09   7.584439887478306e-09   
2.9944654020522852   0   0   
3.0068137129885835   0   0   
3.0191620239248813   0   0   
3.0315103348611796   0   0   
3.0438586457974774   0   0   
3.0562069567337757   0   0   
3.0685552676700736   0   0   
3.0809035786063719   0   0   
3.0932518895426702   0   0   
3.105600200478968   0   0   
3.1179485114152663   0   0   
3.1302968223515641   0   0   
3.1426451332878624   0   0   
3.1549934442241603   0   0   
3.1673417551604586   0   0   
3.1796900660967564   0   0   
3.1920383770330547   0   0   
3.2043866879693526   0   0   
3.2167349989056508   0   0   
3.2290833098419487   0   0   
3.241431620778247   0   0   
3.2537799317145453   0   0   
3.2661282426508431   0   0   
3.2784765535871414   0   0   
3.2908248645234393   0   0   
3.3031731754597375   0   0   
3.3155214863960354   0   0   
3.3278697973323337   0   0   
3.3402181082686315   0   0   
3.3525664192049298   0   0   
3.3649147301412277   0   0   
3.377263041077526   0   0   
3.3896113520138238   0   0   
3.4019596629501221   0   0   
3.4143079738864199   0   0   
3.4266562848227182   0   0   
3.4390045957590165   0   0   
3.4513529066953144   0   0   
3.4637012176316126   0   0   
3.4760495285679105   0   0   
3.4883978395042088   0   0   
3.5007461504405066   0   0   
3.5130944613768049   0   0   
3.5254427723131028   0   0   
3.5377910832494011   0   0   
3.5501393941856989   0   0   
3.5624877051219972   0   0   
3.574836016058295   0   0   
3.5871843269945933   0   0   
3.5995326379308912   0   0   
3.6118809488671895   0   0   
3.6242292598034878   0   0   
3.6365775707397856   5.5353534370633269e-07   6.6503083470313374e-08   
3.6489258816760839   3.4072884446174558e-05   4.5324104336143343e-07   
3.6612741926123817   0.0011835744698611599   4.0284675617104333e-06   
3.67362250354868   0.020725816853954667   3.1681903424725539e-05   
3.6859708144849779   0.18933669806719778   0.00010457618436658268   
3.6983191254212762   0.93927554900451835   0.00024380536598972392   
3.710667436357574   2.6975252115906378   0.00023492078521722705   
3.7230157472938723   5.0150574107931401   0.00019825076204055839   
3.7353640582301701   7.1623361685639148   0.00023420205483515863   
3.7477123691664684   9.2474058040504129   0.00018671362053206475   
3.7600606801027663   10.964206369466819   0.00040276816609492248   
3.7724089910390646   10.955136971688418   0.00067325271727477973   
3.7847573019753629   9.1661895168245153   0.00022931372226189507   
3.7971056129116607   6.9887704955943859   0.00013192207528035719   
3.809453923847959   4.8662715912798674   0.00012486207111723459   
3.8218022347842568   2.6605739760150394   0.00017399106562879658   
3.8341505457205551   0.96211817741061981   0.00025066820286913438   
3.846498856656853   0.20564590000952091   0.0001632606705533497   
3.8588471675931513   0.024423434040279861   2.8645777390689296e-05   
3.8711954785294491   0.0015689432544701705   4.3924841096107574e-06   
3.8835437894657474   5.3039000999511864e-05   7.4568448226750187e-07   
3.8958921004020453   9.1727249694614805e-07   8.8596317228315469e-08   
3.9082404113383435   1.1574358501270211e-08   7.7162390008468075e-09   
3.9205887222746414   0   0   
3.9329370332109397   0   0   
3.9452853441472375   0   0   
3.9576336550835358   0   0   
3.9699819660198341   0   0   
3.982330276956132   0   0   
3.9946785878924302   0   0   
4.0070268988287285   0   0   
4.0193752097650259   0   0   
4.0317235207013242   0   0   
4.0440718316376225   0   0   
4.0564201425739208   0   0   
4.0687684535102182   0   0   
4.0811167644465165   0   0   
4.0934650753828148   0   0   
4.1058133863191131   0   0   
4.1181616972554105   0   0   
4.1305100081917088   0   0   
4.1428583191280071   5.459440336292134e-07   5.3984390883198349e-08   
4.1552066300643054   3.2757274761209312e-05   5.0215451351220211e-07   
4.1675549410006036   0.00096740016168938585   3.5525689022406658e-06   
4.179903251936901   0.014659528318965452   1.9833578461699716e-05   
4.1922515628731993   0.11714223390323228   7.477405786358392e-05   
4.2045998738094976   0.5169565983187039   0.00012431905573817694   
4.2169481847457959   1.3534702735078456   0.0001223372540456153   
4.2292964956820933   2.3718042283553294   0.00012930005505849298   
4.2416448066183916   3.3064117774656046   0.00013375074947642205   
4.2539931175546899   4.2216283751227231   0.00011675026293919144   
4.2663414284909882   4.8827665446632266   0.0001785672527567321   
4.2786897394272856   4.7272913485881441   0.00019790067762351639   
4.2910380503635839   3.8830006672454282   0.00014751209856646703   
4.3033863612998822   2.932741277146722   0.00012537589270811061   
4.3157346722361805   1.987201773397316   9.3511876470587693e-05   
4.3280829831724787   1.0321713632287356   0.00010321563631583123   
4.3404312941087762   0.3510008422755063   0.00012783934658205405   
4.3527796050450744   0.070855320880715904   5.8002965748872521e-05   
4.3651279159813727   0.0080809309144296619   1.1676391401878538e-05   
4.377476226917671   0.00050481506649872985   1.7145280044653189e-06   
4.3898245378539684   1.6971672334539748e-05   4.3652537399898505e-07   
4.4021728487902667   3.5451139990180858e-07   4.810590190463631e-08   
4.414521159726565   0   0   
4.4268694706628633   0   0   
4.4392177815991607   0   0   
4.451566092535459   0   0   
4.4639144034717573   0   0   
4.4762627144080556   0   0   
4.4886110253443539   0   0   
4.5009593362806513   0   0   
4.5133076472169495   0   0   
4.5256559581532478   0   0   
4.5380042690895461   0   0   
4.5503525800258435   0   0   
4.5627008909621418   0   0   
4.5750492018984401   0   0   
4.5873975128347384   0   0   
4.5997458237710358   0   0   
4.6120941347073341   0   0   
4.6244424456436324   0   0   
4.6367907565799307   0   0   
4.6491390675162281   0   0   
4.6614873784525264   0   0   
4.6738356893888247   0   0   
4.6861840003251229   0   0   
4.6985323112614212   0   0   
4.7108806221977186   0   0   
4.7232289331340169   0   0   
4.7355772440703152   0   0   
4.7479255550066135   0   0   
4.7602738659429109   0   0   
4.7726221768792092   0   0   
4.7849704878155075   4.7268186653574475e-09   4.7268186653574475e-09   
4.7973187987518058   2.5459119838508259e-07   6.0131066844194894e-08   
4.8096671096881032   1.1610589660712248e-05   1.7823557833283182e-07   
4.8220154206244015   0.00034926907959775482   1.8835108462348683e-06   
4.8343637315606998   0.0055659934814068377   1.3806362940007898e-05   
4.8467120424969981   0.049591407791175072   5.322888992589925e-05   
4.8590603534332963   0.25451214826728374   9.4706204090762416e-05   
4.8714086643695937   0.7901676084722414   0.00010261146838231159   
4.883756975305892   1.6107509774772907   5.3467534889288708e-05   
4.8961052862421903   2.4577033547506745   0.00013271785028297993   
4.9084535971784886   3.2562747013629652   7.4424959878675108e-05   
4.920801908114786   3.9703161033534901   0.00016015412813853996   
4.9331502190510843   4.2107650799456934   0.00032939029897076586   
4.9454985299873826   3.7488303305708644   0.00014573430004131083   
4.9578468409236809   2.9510963181763878   0.00011863296741613396   
4.9701951518599783   2.1365959249910642   0.00010476170261634835   
4.9825434627962766   1.3043531522874184   8.5094722598749247e-05   
4.9948917737325749   0.57765332467496569   0.0001187851711804995   
5.0072400846688732   0.16508661006212711   0.0001282446538744646   
5.0195883956051714   0.028649975558475607   3.5424252030161558e-05   
5.0319367065414689   0.0076940840123464637   1.818443054534675e-05   
5.0442850174777671   0.051897858636675763   4.886366330251368e-05   
5.0566333284140654   0.31365257634765713   0.00017206316650161788   
5.0689816393503637   1.1283353829693288   0.00027989458439193781   
5.0813299502866611   2.5844608198942134   0.00010488252364385258   
5.0936782612229594   4.235912126765239   0.00014967642427624226   
5.1060265721592577   5.7878969256827906   0.00014936846653155306   
5.118374883095556   7.2615297504411692   0.00019659628774999484   
5.1307231940318534   8.0982117099961689   0.00044584647366433286   
5.1430715049681517   7.5893695154704763   0.00047245585638199404   
5.15541981590445   6.1561529401954999   0.00017559845590254059   
5.1677681268407483   4.5890511280348675   0.00012249038018781392   
5.1801164377770457   2.9973034409735333   9.8243858357213363e-05   
5.192464748713344   1.4841183140199459   0.00020926922903311266   
5.2048130596496422   0.48873751850168237   0.00022363890614213848   
5.2171613705859405   0.098551568863050008   0.00010049813181894803   
5.2295096815222388   0.011637264319817282   2.3605540494092883e-05   
5.2418579924585362   0.00078525026692526012   4.1499954285190352e-06   
5.2542063033948345   2.9366541274592355e-05   5.0101436970243433e-07   
5.2665546143311328   6.6995589289767339e-07   6.9896186895247712e-08   
5.2789029252674311   8.5690864693614541e-09   5.7127243129076361e-09   
5.2912512362037285   0   0   
5.3035995471400268   0   0   
5.3159478580763251   0   0   
5.3282961690126234   0   0   
5.3406444799489208   0   0   
5.3529927908852191   0   0   
5.3653411018215174   0   0   
5.3776894127578156   0   0   
5.3900377236941139   0   0   
5.4023860346304113   0   0   
5.4147343455667096   0   0   
5.4270826565030079   0   0   
5.4394309674393062   0   0   
5.4517792783756036   0   0   
5.4641275893119019   0   0   
5.4764759002482002   0   0   
5.4888242111844985   0   0   
5.5011725221207959   0   0   
5.5135208330570942   0   0   
5.5258691439933925   0   0   
5.5382174549296908   0   0   
5.550565765865989   4.0748436770322821e-09   4.0748436770322821e-09   
5.5629140768022864   5.5701439710802112e-07   6.358206371111516e-08   
5.5752623877385847   2.623528310007932e-05   5.7540561638265186e-07   
5.587610698674883   0.00065573601500798958   2.5125972761809191e-06   
5.5999590096111813   0.0087906468134342129   1.6110195803424964e-05   
5.6123073205474787   0.067252083446391586   5.8879794667726904e-05   
5.624655631483777   0.30079924007495219   0.00010273135158917051   
5.6370039424200753   0.83171616558971745   0.00011044166583889202   
5.6493522533563736   1.5603038374279418   8.4470329203982819e-05   
5.661700564292671   2.2802522750491517   9.8709911757553054e-05   
5.6740488752289693   2.9688594348681493   0.00013410701362875231   
5.6863971861652676   3.528378999567349   0.00018171057216502239   
5.6987454971015659   3.5960249395870857   0.0002394774028686776   
5.7110938080378642   3.1004362210214969   0.00010420235444500488   
5.7234421189741616   2.4018865674461762   0.00010454151784518531   
5.7357904299104598   1.6943571892405277   9.9800843331931457e-05   
5.7481387408467581   0.97561001500321846   0.0001000573787513541   
5.7604870517830564   0.39738133548960216   0.00012338422857394035   
5.7728353627193538   0.10331181137202282   8.3564266117444345e-05   
5.7851836736556521   0.016179288756200818   1.7441642394788799e-05   
5.7975319845919504   0.0014774389067285898   5.1088447768985937e-06   
5.8098802955282487   7.822922565066671e-05   6.8759268875176542e-07   
5.8222286064645461   2.4124068432342581e-06   9.4528019085400343e-08   
5.8345769174008444   5.4270880972622547e-08   1.3177537195203512e-08   
5.8469252283371427   0   0   
5.859273539273441   0   0   
5.8716218502097384   0   0   
5.8839701611460367   0   0   
5.8963184720823349   0   0   
5.9086667830186332   0   0   
5.9210150939549315   0   0   
5.9333634048912289   0   0   
5.9457117158275272   0   0   
5.9580600267638255   0   0   
5.9704083377001238   0   0   
5.9827566486364212   0   0   
5.9951049595727195   0   0   
6.0074532705090178   0   0   
6.0198015814453161   0   0   
6.0321498923816135   0   0   
6.0444982033179118   0   0   
6.0568465142542101   3.7342349293088908e-09   3.7342349293088908e-09   
6.0691948251905083   5.7390214416115091e-07   4.8811203939961869e-08   
6.0815431361268066   2.6784745910280061e-05   2.6302474617735805e-07   
6.093891447063104   0.00065138913562289005   2.8621586124663182e-06   
6.1062397579994023   0.009047605160663083   2.0739684075176742e-05   
6.1185880689357006   0.073909791571802364   9.3556989023065361e-05   
6.1309363798719989   0.36425318669263973   0.0002251744933283075   
6.1432846908082963   1.1284245797610007   0.00023330347186057611   
6.1556330017445946   2.3556178960659635   0.00012774901639838404   
6.1679813126808929   3.699988034800523   0.00011706238513895605   
