0.50882954214656695   9.2890742142251071e-07  1.8403673163838339e-09     
1.0176590842931339   9.9529049232207419e-07  1.0683796182810923e-09     
1.5264886264397008   1.142871075097224e-06  8.1929265976776386e-10     
2.0353181685862678   1.4362791242960982e-06  6.5993735301022664e-10     
2.544147710732835   2.0125394390651518e-06  2.6946211335606327e-09     
3.0529772528794017   3.2308376143958958e-06  1.4907783602681803e-09     
3.5618067950259684   6.2202903141450536e-06  4.4829410478008701e-09     
4.0706363371725356   1.5922501350518929e-05  1.7126294525065892e-08     
4.5794658793191028   7.525979622725813e-05  1.4829315735504301e-07     
5.0882954214656699   99.99411379123782  6.8665884514206182e-06     
5.5971249636122362   0.00011236716749106386  2.2385178015462881e-07     
6.1059545057588034   3.5835977639591269e-05  3.8396068750717058e-08     
6.6147840479053706   2.1468293770345103e-05  1.5314759811311418e-08     
7.1236135900519368   1.7599513290304493e-05  8.055185761318855e-09     
7.632443132198504   1.8113719854130154e-05  2.4245953852981041e-08     
8.1412726743450712   2.2970257746740988e-05  1.0647314589463266e-08     
8.6501022164916375   3.6676530477363416e-05  2.6584336650638655e-08     
9.1589317586382055   8.0598359117439745e-05  8.6879818545905914e-08     
9.6677613007847718   0.00033548881890465627  6.5747488874971273e-07     
10.17659084293134   99.976457322901278  2.7468890343520065e-05     
10.685420385077906   0.00040941285002053702  8.2013374348454586e-07     
11.194249927224472   0.00012046955828148936  1.2885715950421069e-07     
11.70307946937104   6.7226184934717452e-05  4.774295450092788e-08     
12.211909011517607   5.1738310393613244e-05  2.3596405965813453e-08     
12.720738553664173   5.0320692862632606e-05  6.7318570796744407e-08     
13.229568095810741   6.0646451862089199e-05  2.8248457553819693e-08     
13.738397637957307   9.2493195666497888e-05  6.7452770222178729e-08     
14.247227180103874   0.00019500941590484398  2.1069250969028893e-07     
14.756056722250442   0.00078171228693930951  1.5237376684148597e-06     
15.264886264397008   99.947037067497175  6.1786276070166261e-05     
15.773715806543576   0.00089187139606973698  1.796547266086249e-06     
16.282545348690142   0.00025492669680253892  2.7226132835874651e-07     
16.79137489083671   0.00013845174973516512  9.7930922307403177e-08     
17.300204432983275   0.00010387527201059851  4.7223080080849602e-08     
17.809033975129843   9.8642679772675518e-05  1.318524327049175e-07     
18.317863517276411   0.00011625617586579707  5.4432173501069666e-08     
18.826693059422976   0.00017365752737032987  1.2746624097523016e-07     
19.335522601569544   0.00035914806907029936  3.8897709899217456e-07     
19.844352143716112   0.0014139938826895818  2.7415370639793019e-06     
20.35318168586268   99.905863808060597  0.00010979453444070883     
20.862011228009244   0.0015595153002735282  3.1589914953052733e-06     
21.370840770155812   0.00043924363442731327  4.6848398955950415e-07     
21.87967031230238   0.00023518573778746497  1.6575991423976691e-07     
22.388499854448945   0.0001740378191508995  7.8894328918935554e-08     
22.897329396595513   0.00016309350492613463  2.1775762488125651e-07     
23.406158938742081   0.0001898010255706255  8.9355167107143771e-08     
23.914988480888645   0.00028016240942933591  2.0704917292367636e-07     
24.423818023035214   0.00057301258640306585  6.2219102256031752e-07     
24.932647565181782   0.002232364679983524  4.3054479559550029e-06     
25.441477107328346   99.852952631444725  0.00017145913034460383     
25.950306649474914   0.0024120839746142608  4.9133871390927046e-06     
26.459136191621482   0.00067346208075433731  7.1746989269965027e-07     
26.967965733768047   0.00035747440170502367  2.5116572332759791e-07     
27.476795275914615   0.00026225817650344526  1.1858887759143236e-07     
27.985624818061183   0.00024369158655803119  3.2491452985864523e-07     
28.494454360207747   0.00028128742918509365  1.331925036071211e-07     
29.003283902354315   0.00041200636569942311  3.0666983448113926e-07     
29.512113444500883   0.00083660711441109277  9.1083190614541862e-07     
30.020942986647452   0.0032368231407410473  6.21018009730403e-06     
30.529772528794016   99.788322918934844  0.00024673378622242886     
31.038602070940584   0.0034492835904039514  7.0656598725588918e-06     
31.547431613087152   0.00095762908905116553  1.0192364157099441e-06     
32.05626115523372   0.00050536944841068428  3.5413857559814365e-07     
32.565090697380285   0.00036857335279080039  1.6630494785307666e-07     
33.073920239526849   0.00034045992461521379  4.5317405700565379e-07     
33.582749781673421   0.00039072663596264744  1.8613717366007185e-07     
34.091579323819985   0.00056919355043232606  4.2683749982939269e-07     
34.60040886596655   0.0011499416696870484  1.2554330407346387e-06     
35.109238408113121   0.0044273350875040339  8.4505933254588465e-06     
35.618067950259686   99.711998334194861  0.00033556330547032123     
36.12689749240625   0.0046707868990789452  9.6217237662796029e-06     
36.635727034552822   0.0012917969155068019  1.3738765112286396e-06     
37.144556576699387   0.00067892798325059843  4.7472257244417776e-07     
37.653386118845951   0.00049302511723487992  2.2206007824988964e-07     
38.162215660992523   0.00045342608553963435  6.0235792856265727e-07     
38.671045203139087   0.00051813470102946026  2.4839960565907742e-07     
39.179874745285652   0.00075173373139825832  5.6809939181020994e-07     
39.688704287432223   0.0015130321133565773  1.6565588853791891e-06     
40.197533829578788   0.0058038336518291526  1.1021712369672817e-05     
40.706363371725359   99.624006808556904  0.00043788199645557084     
41.215192913871924   0.006076233032475003  1.2587464771206026e-05     
41.724022456018488   0.0016760228626615338  1.7815612662804368e-06     
42.23285199816506   0.00087821244695712431  6.1301468902922433e-07     
42.741681540311625   0.00063565997213975371  2.8589087406751626e-07     
43.250511082458189   0.00058262218402287652  7.7225902145058696e-07     
43.759340624604761   0.0006635324664111316  3.2020713048182574e-07     
44.268170166751325   0.00095964226578429341  7.3103744636402475e-07     
44.77699970889789   0.0019259001086376295  2.1148006307687764e-06     
45.285829251044461   0.007366219198570066  1.3918741194336598e-05     
45.794658793191026   99.524380523667104  0.00055361446657815991     
46.30348833533759   0.0076652272833150919  1.5968724293100355e-05     
46.812317877484162   0.0021103691072576872  2.2425420378065902e-06     
47.321147419630726   0.0011032905455159991  7.691633409766683e-07     
47.829976961777291   0.00079652912159998592  3.5785268992285762e-07     
48.338806503923863   0.00072808486173982219  9.6264176409900615e-07     
48.847636046070427   0.00082694553828109697  4.0180340387915268e-07     
49.356465588216992   0.0011929400689098981  9.1626493794987762e-07     
49.865295130363563   0.0023885730615644577  2.630771854278469e-06     
50.374124672510128   0.0091143592261488285  1.7137076817499799e-05     
50.882954214656692   99.413155891502684  0.00068267542017918772     
