-0.00202433455252125   -0.00487964224370407   86.1467696419576   0.0500030187494342
0.0978813351589515   -0.0049469504880759   85.0719493882752   0.0500179769308309
0.197873585722499   -0.00491818670247173   109.380710054506   0.0500700057504555
0.298014101582003   -0.00501965580558342   37.0566912532338   0.0500115909837425
0.397911162689671   -0.00477852718992597   72.4565356872516   0.0500334071194306
-0.502131433680778   -0.00489554412724746   84.8572695220723   0.0500349774502407
-0.40207059895134   -0.00501298349570399   99.7723517868779   0.0500613618711928
-0.302050699469308   -0.00483547374563771   139.063312555043   0.0500220375144448
-0.201956364036713   -0.0048088491547541   85.3615571164282   0.050042486004561
-0.102005609547264   -0.00498600282841691   120.333584215263   0.0500532322991583
0.0481203868787405   0.0950531222320495   71.3335422592112   0.0500135591916691
0.147835145537276   0.0952372366481279   88.0524159990539   0.0500366979904163
0.247944577298593   0.0949790688183137   104.940327204214   0.0500029254022302
0.347922346206137   0.0952692388905011   90.3192030678929   0.0500256399240925
0.448062970897788   0.0953296088816648   76.4530530041293   0.0501326347530877
-0.451951722510086   0.0950786638965627   81.3644283313948   0.0500842963354678
-0.352045855228251   0.0951085196216436   74.2466214210275   0.0501309620848839
-0.252030604423874   0.0952470181680394   70.4248355155454   0.0500559381960672
-0.151952625775301   0.095097450359649   34.9962820079358   0.0500198722537532
-0.0518678895993456   0.095038986271685   81.3108196576562   0.0500196045116519
0.0979852152595342   0.195289737489184   87.5166841595881   0.0500359303781727
0.197890241056442   0.195136055813281   84.1361852048289   0.0500984174750538
0.297717090376814   0.195259777721941   93.9015148785779   0.050029971655721
0.397846246670448   0.195355102678144   130.014459225153   0.0500070011507718
0.497935937403614   0.195322839435052   117.805216820315   0.0500421060243321
-0.401938268132425   0.195045330532315   48.6129715516132   0.0500437265806898
-0.301925494038923   0.195173731767497   87.4495271882813   0.0500338058170938
-0.201782335640212   0.195066419482642   77.7084499725472   0.0500269601592573
-0.101749142724989   0.194956546668489   58.4160936166708   0.0500600533705258
-0.00191117475083037   0.195032768926135   115.424274392546   0.0500749562394687
0.147985750755895   0.295314046700928   99.1433365496636   0.0502179235294848
0.247724665718611   0.29513289571711   71.3428450283017   0.0500235096610149
0.347780654899509   0.295293158749067   63.7508830948553   0.0500384193942545
0.447888362177056   0.295240401286792   64.16721927999   0.0500160185294846
0.548047106453619   0.295096690488743   112.636729959992   0.0500701146537874
-0.351923956737593   0.295125538472438   143.223942073912   0.0501088098068912
-0.251800411341545   0.295056326246669   106.143773354931   0.05000561724783
-0.151867760700857   0.294967474461979   94.2222330970622   0.0500958344598842
-0.051876538206704   0.295096292052326   100.282910561132   0.0500640651786765
0.048018817443583   0.295154576464182   97.0602456108592   0.0501444165879156
0.198114793917212   0.395268791255165   85.2774665144099   0.0500290469310105
0.298109031858076   0.395190770023931   90.7801515826519   0.0500041383051053
0.397951340591332   0.395255080928821   76.2066497222296   0.0500129312353136
0.497929362134049   0.395121367458367   101.301382142725   0.0500373970004599
0.597924497365585   0.395145011414218   79.6126213044869   0.0500071444293425
-0.301914571587611   0.394883499978045   102.760137718044   0.0502215425934015
-0.202000816370692   0.39507812434615   78.7686430375216   0.0500104076532451
-0.10191058350502   0.395043018050449   75.2295003583769   0.0500349690460631
-0.00193126820045371   0.395371753816521   88.1307713216406   0.0500159732423634
0.0980563373244409   0.395184805245787   71.9454345172892   0.0500135767039459
0.248065712854402   0.495252764399169   81.8795881721622   0.0500483752667005
0.34799773125083   0.495182752087067   87.9116511655595   0.0500375349581858
0.448085507981145   0.495181891402679   96.6173282173468   0.0500047146307155
0.547991060240688   0.495176384054388   90.6280703206226   0.0500271503929041
0.648130167485193   0.494905326008615   91.4493784647305   0.0500114200734812
-0.251946346863937   0.495074535325646   66.4915451094303   0.0500355994381024
-0.151891807627082   0.495019155484349   78.4918983120883   0.0500106660235449
-0.0518504169599901   0.495370714685648   69.3191882840723   0.0500226569380566
0.0481579562613381   0.495177717769896   106.547080097537   0.0500314220762375
0.148115577299483   0.494996088404769   45.9658224770414   0.0500699580348691
-0.201814665680396   -0.404736331237817   113.2950567059   0.0500106747298421
-0.101904933017743   -0.404804299459564   112.538851148662   0.0500051977074649
-0.00192455617788358   -0.404792153698205   98.7795219843001   0.0500874188279706
0.0982164168769745   -0.405176655390372   134.317581573852   0.050022815950424
0.198267800182251   -0.405002155389066   27.7402531002569   0.0501489298935203
-0.701798703584904   -0.405097154494772   87.6341098375539   0.0500167321884426
-0.601869111265584   -0.404838665853022   112.238296676402   0.0501722848051458
-0.501774412197758   -0.404747573932964   78.8935179124021   0.0500094076354918
-0.401848274891606   -0.404955855778196   107.523311571099   0.0500112603295733
-0.301852614315209   -0.404889504587678   87.2340191097626   0.0500471211468325
-0.151996114473458   -0.304831647256889   119.224586741052   0.0500093911500918
-0.0518782352404905   -0.304865628536621   68.6735834514563   0.050023636216036
0.048245180312409   -0.305073399750664   112.99094524032   0.0500981148813134
0.148251413377772   -0.305103046391987   81.149697922863   0.0501685457651064
0.248136397364471   -0.304951848923051   91.34584215493   0.0500718164300074
-0.651959408330717   -0.304868908524715   97.9143543512031   0.0500590075167518
-0.552014407455735   -0.304835891595649   113.560079757445   0.0500068521809174
-0.451955436758084   -0.304778972143574   126.542103249674   0.0500236041608016
-0.351917950808269   -0.304878075491921   83.797093388104   0.0500703757123379
-0.2520512378222   -0.30492943645864   94.1242314385043   0.0501575720142549
-0.101901709086719   -0.20499205803014   136.216384865463   0.0500078346387592
-0.00177333601794751   -0.20513081009894   122.891695223174   0.0500158404156914
0.098171024643992   -0.204884063931407   104.481098891642   0.0500232010552405
0.198068871019316   -0.204837723443024   78.4848354900945   0.0500018975729626
0.29805454858906   -0.204948277432978   86.9800989316974   0.0500214918115428
-0.601917586346408   -0.204802886911961   61.9854929929699   0.0501365674443355
-0.502018977612275   -0.204778808816812   88.6766929900867   0.0500140738124473
-0.401954030620235   -0.204900047378679   132.616092263324   0.0500474794789148
-0.301927976108858   -0.204875100516168   107.897004578863   0.0500915830479973
-0.201874125823859   -0.204765998549823   96.834476546135   0.0501442005606743
-0.0518646654025332   -0.105089623366564   87.0655386186131   0.0500788761459406
0.047925499934878   -0.105115135309752   96.0278600663574   0.0500518650001783
0.147998104706333   -0.104913960731076   102.564441646525   0.0500509728270264
0.247916483302042   -0.104981319061855   78.233052888562   0.0500814215683206
0.347806776632043   -0.10485928721942   60.8514888872423   0.0500360803277027
-0.552110906355612   -0.104726544836835   126.841516610299   0.0500268214615018
-0.452079004603041   -0.104817257599973   118.154609128237   0.050085869200127
-0.351941147067002   -0.104887490674467   85.3853950559888   0.0500237273648279
-0.251957653175083   -0.104778689848448   94.4533955728594   0.0500922306622467
-0.151952689903381   -0.104874979797869   113.952526035733   0.0501070538226543
