0.44102683529415743   14.200338378015544  0.012604239979612738
0.88205367058831485   3.4457139327558588  0.013019992005988836
1.3230805058824724   0.18308712570537696  0.001545647440263641
1.7641073411766297   1.0946179909993901e-05  1.587051907491026e-07
2.205134176470787   0.053975102276850642  0.00082445908227346316
2.6461610117649448   0.73801509879762164  0.0076263561484609799
3.0871878470591021   0.80077638838298488  0.012784696806901567
3.5282146823532594   5.2510706040829184e-05  6.9874239132443288e-07
3.9692415176474167   0.040163887779162979  0.0003275244552886143
4.410268352941574   0.12614152612535396  0.0016523618088567957
4.8512951882357314   0.051903226219454725  0.00049023372134880578
5.2923220235298896   0.00017079552997114757  1.5514085325945283e-06
5.7333488588240469   0.71868360338740127  0.010544722999025167
6.1743756941182042   0.69230001025290863  0.0065969426865602916
6.6154025294123615   0.066603222862953396  0.0010477591576150909
7.0564293647065188   0.00021218646611870221  2.6217204104152364e-06
7.4974562000006761   0.10960543732177931  0.0013747203005581641
7.9384830352948335   2.773747765284129  0.019759359895691138
8.3795098705889917   15.378074118101616  0.036486790047712047
8.8205367058831481   192.88473009049979  0.0094589095424919807
9.2615635411773063   11.959595470809038  0.0099031580752635864
9.7025903764714627   3.9372110391191709  0.0058136021142144955
10.143617211765621   0.28128068482048834  0.001441601162876634
10.584644047059779   0.00054760614401735114  6.1658428938792831e-06
11.025670882353936   0.041907646674648783  0.00058356156142904938
11.466697717648094   0.72936441847511126  0.0079270898168521065
11.90772455294225   0.81651926334882141  0.014001701135801623
12.348751388236408   0.00072110792863523904  9.2788316116520095e-06
12.789778223530565   0.030270934403430339  0.00016778368828861976
13.230805058824723   0.12129308312872555  0.0014180575471424023
13.671831894118879   0.064758329546716589  0.0005872624403363307
14.112858729413038   0.0020205804318735116  1.1958506654567136e-05
14.553885564707196   0.58758012267993226  0.007818602179339832
14.994912400001352   0.60373664697374408  0.005090253264076327
15.43593923529551   0.079263905223520895  0.0011715674889532714
15.876966070589667   0.0017459462730054711  1.5045317235720468e-05
16.317992905883823   0.061457587952633435  0.00098765675970240931
16.759019741177983   2.0373045438006109  0.022547480113328168
17.20004657647214   15.15438715819584  0.060787059867180775
17.641073411766296   172.68789000083749  0.034961504667445059
18.082100247060456   9.16330707902263  0.021708452107289081
18.523127082354613   4.1574783317837868  0.013211134824459425
18.964153917648769   0.39805435719984021  0.0018688922179007001
19.405180752942925   0.0031291972786400511  2.5280831854644105e-05
19.846207588237085   0.032318691463514162  0.00039606045309459628
20.287234423531242   0.6668147572232517  0.0073920747817256064
20.728261258825398   0.76491414823234274  0.013832307980843562
21.169288094119558   0.0033593438340175493  3.181991843468985e-05
21.610314929413715   0.023403419269251039  0.00010266037547727163
22.051341764707871   0.11358114893494922  0.0010113748526821366
22.492368600002028   0.078511773377382424  0.00057227704882485988
22.933395435296188   0.0083069971639142185  3.8502263127407453e-05
23.374422270590344   0.43621941685716167  0.0051553912891081821
23.8154491058845   0.49211799918863683  0.003428225293045428
24.256475941178657   0.092857128081260695  0.0011466267235619
24.697502776472817   0.0067799674076068192  4.4435315757487586e-05
25.138529611766973   0.035736611554391252  0.00057684814878930598
25.57955644706113   1.3497106566271719  0.021428570478688199
26.02058328235529   13.475182415156852  0.079624214788507754
26.461610117649446   142.62109843859186  0.068697494322308727
26.902636952943602   6.3441489126502529  0.026130038633809105
27.343663788237759   4.0645514366376442  0.024933233913922395
27.784690623531919   0.52119495720092804  0.0038139357474202631
28.225717458826075   0.010712162760445526  7.0220811165223906e-05
28.666744294120232   0.028139831898820478  0.0002803080501857233
29.107771129414392   0.56348689390172824  0.0061005550963582934
29.548797964708548   0.66144095211621915  0.012212210015566779
29.989824800002705   0.010869200779294248  7.8697819523541948e-05
30.430851635296861   0.021160713703022765  0.0001262210893322407
30.871878470591021   0.10635945381227852  0.00055023898255360616
31.312905305885177   0.093577087292301148  0.00045589657610923994
31.753932141179334   0.022417231542117641  9.5560115911164423e-05
32.194958976473494   0.29654477036877214  0.0029725343199992919
32.635985811767647   0.38003894322014061  0.0019265257201196428
33.077012647061807   0.10938271052954663  0.0010086360138848621
33.518039482355967   0.018315022672742706  0.00010122775470491383
33.95906631765012   0.028341668744721116  0.0002732433588926767
34.400093152944279   0.79739315051018032  0.017415999952793279
34.841119988238439   10.619298539152025  0.088236795579465721
35.282146823532592   107.30829712580343  0.10011680955956708
35.723173658826752   3.930331390724002  0.024037649789009481
36.164200494120912   3.6772235804695134  0.034333145017167329
36.605227329415065   0.63395498132856292  0.0067931533515168362
37.046254164709225   0.027051458045628505  0.00016104477362299645
37.487281000003378   0.032676871272756541  0.00019710638520708034
37.928307835297538   0.44235652480051709  0.0043124854397296541
38.369334670591698   0.53348995971104949  0.0094240789927684737
38.810361505885851   0.026898976387184123  0.00016346966431902468
39.251388341180011   0.025467274892093163  0.00012358511581708238
39.692415176474171   0.10332344177824263  0.00028416754439455533
40.133442011768324   0.11107510274608606  0.00040630441450109411
40.574468847062484   0.047000320946957642  0.00019871846280250888
41.015495682356644   0.19478381203484593  0.0014729885161145361
41.456522517650797   0.28731549828200114  0.00086660590355669373
41.897549352944957   0.13128390384460301  0.00093601819035160079
42.338576188239117   0.039270816685166814  0.0001924950334000317
42.779603023533269   0.035719272820364738  0.0001182856672687158
43.220629858827429   0.4254767261149031  0.011947086674172114
43.661656694121582   7.1596570652984598  0.083923634175263613
44.102683529415742   71.872460540966462  0.11886543846696712
