-0.00700663030950387   0.00408841964798546   90.6629516634657   0.298329615647054
0.092582686478717   0.00385384217116554   82.7753431642315   0.315375485683346
0.191756942427112   0.00506220819569351   84.8647162511761   0.301946664398784
0.291399297922412   0.00576320762196604   83.5453553105852   0.306454279562208
0.391567927222126   0.00460387121328636   81.8240919320014   0.304191154205619
0.491649164071234   0.00449296979639179   96.4264774501687   0.307057020781982
-0.407571715587308   0.0041566109176214   91.7377229540432   0.307668190312165
-0.307545126485397   0.00556225097999378   96.0041047809052   0.309439474425648
-0.206651503302169   0.00443702608045691   95.2003560549018   0.303455321195579
-0.107194831979942   0.00467651226339871   99.978762062761   0.299942870957825
0.0422340155361366   0.103684850401818   91.7856110674973   0.30802864900368
0.140845501671101   0.105634640859262   89.0968921790059   0.307912056403136
0.24210637310873   0.10548378749271   90.7499880802932   0.311992429336315
0.341212644890117   0.104941600167288   93.2506090771273   0.305269875756579
0.442172574770804   0.105812303898911   79.1067235624184   0.313440024112738
0.542198656986515   0.103459711848383   86.4666910562971   0.319474995707094
-0.357693163920525   0.105909021732747   73.9227033335924   0.305548175156541
-0.257308492291273   0.105144698423669   82.5460720879088   0.305244420672253
-0.158099373745589   0.105652961766583   85.0419099523924   0.307456387723949
-0.0574191990409593   0.103547420578738   91.1798222723821   0.304089311907739
0.0919658356708382   0.204915686041461   83.6896252197542   0.301265301510469
0.191793020515959   0.205011168483641   84.3847324046313   0.308670569752081
0.292109270877425   0.206604153378543   87.7091063900235   0.296673008247113
0.392209546340373   0.204418457843938   90.3792576766809   0.308073593069389
0.492451090748959   0.205284957640618   88.3169801064858   0.309162378176523
0.592768736729784   0.20340924159179   88.1948899238552   0.305007526331342
-0.306986383014386   0.205825390270455   89.2710638230639   0.301732179795061
-0.206522551557781   0.205143789565887   81.2485200781119   0.302849006429087
-0.107007155592764   0.204234500819787   86.6878644168166   0.311398340704805
-0.0079674416580297   0.203636461267184   87.8176177229977   0.315688846282652
0.141696733216303   0.305954162878146   87.2604119500957   0.300315964762805
0.240719311261147   0.303877949624362   77.1988430719287   0.306589122323134
0.341672687742643   0.305313706532348   104.433176039816   0.303913241550582
0.442250659650906   0.305035622826905   83.6907588197911   0.298490987176492
0.542891823492399   0.3040600763679   85.637282682914   0.31302838209381
0.643092931614282   0.304984172928891   89.4840895087407   0.313847310324998
-0.256458874277621   0.305354997595364   90.7350056771958   0.306930248838668
-0.157763484116458   0.304746882516587   95.9056740635316   0.306782221612264
-0.0574541286683352   0.303661505387087   92.7861003900928   0.307630412581399
0.0425518164156762   0.304897860273159   84.4439078959388   0.302969427171918
0.193203315473108   0.404223481388287   86.8865107243372   0.30075750502129
0.292790212280302   0.404936807764   93.1338886459264   0.307633938784504
0.391989252214493   0.404309311125436   89.6362037762916   0.312089746290664
0.492468596765965   0.403699372764538   89.4542369891222   0.309701442734334
0.593597535847611   0.405500521379652   83.9435765798021   0.307777892750204
0.694454412557045   0.404422208419553   87.238049064893   0.305608141695082
-0.206760844249376   0.406048128419713   82.4970510103662   0.30098880649686
-0.107108323633001   0.40363436035628   89.9965516971568   0.304636593998173
-0.00690825206899157   0.404409740287206   74.2609525850147   0.304308273998062
0.0928056667805083   0.405215945417511   94.7722599929751   0.30867736763906
-0.255843067963276   -0.495414703265462   87.6318897222401   0.302921323343353
-0.156513391679348   -0.495109605955527   95.2622467216816   0.314786216240995
-0.055726361122943   -0.497162780694603   84.5779876518727   0.302723506116697
0.0431126196723827   -0.495626720886858   90.0729608062833   0.300815135940436
0.143747605010964   -0.495800712998379   95.2296093357211   0.311945313022082
0.244198674459405   -0.494526919596094   80.1016412860385   0.303528080138586
-0.655767659021258   -0.495685956357885   89.6599247576625   0.302864578870327
-0.555964621764696   -0.495901513628392   86.2497763719874   0.306117078804365
-0.456505798801048   -0.494796959654786   83.665918805545   0.308767597991952
-0.355888027822114   -0.496721891487341   90.2678300637701   0.315355739542759
-0.205250388487734   -0.395095729111606   85.8082472140131   0.310359727935268
-0.105521305489047   -0.396541607202842   96.353997219168   0.304294966470992
-0.00690819059270204   -0.395910202798618   87.6586882001317   0.316149073643292
0.0942202710583098   -0.396297284306098   94.7900204571608   0.295895453257159
0.193750090945873   -0.395873104146471   71.9597686450805   0.301741569573746
0.294618296159263   -0.395484806266447   89.2681355152563   0.308581691857831
-0.605506431025479   -0.394898399809929   92.9715009200009   0.3162408781459
-0.505005980838698   -0.396046255743904   87.2236114065913   0.30186925468608
-0.405571933530112   -0.396039639158805   81.5542530894337   0.308643321349116
-0.30518096591262   -0.396204955581097   82.2146191261328   0.317964032562056
-0.155409291278302   -0.295670455235022   98.959687173047   0.304639288522245
-0.0552004177940054   -0.294873478174446   86.5315214267738   0.307080375034715
0.0429580182351081   -0.296488264292069   91.2662112381379   0.304159382294425
0.143865589178919   -0.296667199705506   105.757898113269   0.320418424232991
0.243485659084356   -0.295385143064028   88.0875577300706   0.311881681736093
0.343754360067771   -0.294023705024414   91.3841149194016   0.308394110758725
-0.555368142959649   -0.295137983347491   90.7707938786111   0.306689404358967
-0.456141048394547   -0.296516455811686   97.2865274551306   0.300284962836783
-0.356002231985479   -0.294549905523341   91.1814348319404   0.316387333222139
-0.25592555600819   -0.295418388083753   91.9791801168148   0.303086458607297
-0.105872326888289   -0.196400285601263   103.199936707082   0.308565358989904
-0.00627634918220527   -0.195492355618724   104.61306438792   0.305144352108313
0.0932176479422982   -0.195262890460211   99.7668816838286   0.309600529116625
0.193117756720421   -0.196051313165506   84.4907108744858   0.302940707482284
0.293253128127709   -0.194166513458688   89.4974649180842   0.314429100420411
0.392932639525149   -0.194189455526957   93.3462559025339   0.317621743573367
-0.506465266980656   -0.195487110989061   83.6733473689925   0.305184037469139
-0.406687515692781   -0.196372860830175   94.3223170170706   0.302182974524786
-0.307108853089273   -0.195238317797121   108.848358947273   0.313206524602906
-0.206194736487859   -0.194898493717546   101.42851587972   0.306164805539495
-0.0575177511480042   -0.0959351787552177   92.7671589351755   0.31868682800535
0.0421140753711708   -0.0963949660549781   96.7740537585319   0.310098053440616
0.143049843614516   -0.096206714242965   93.2366385814044   0.31001896255164
0.242500372976228   -0.0943036121483657   85.7762429739185   0.313383443126533
0.341283427416987   -0.0943986541814362   95.9913725128664   0.305863033850159
0.443201085797899   -0.0950465315024176   97.722266367055   0.304798460463938
-0.45671814215073   -0.0956039729472363   98.1751765478553   0.306263026018285
-0.357059486175624   -0.0954227346032242   80.6482102216125   0.304083335732222
-0.257398015434591   -0.0939876278205112   86.7417231786261   0.299108718792985
-0.157629940080453   -0.0961903664004426   89.3208144101634   0.309439888579417
