0.46400628289657042   97.374347888181535  0.0127708458686532     
0.92801256579314084   2.1538959347020355  0.0034405354637678706     
1.3920188486897112   9.8444738745837936  0.024479422749558524     
1.8560251315862817   2.3825870635419568  0.0078008966437567267     
2.3200314144828522   2.5845564165910724  0.014696781961576327     
2.7840376973794223   2.4638316875449965  0.015970234548698632     
3.2480439802759928   0.63393712972062849  0.0062154606731240489     
3.7120502631725634   2.3829000379601674  0.025631437068163792     
4.1760565460691339   0.059993811484135041  0.00082852041552465953     
4.6400628289657044   2.2610925530296814  0.028146555280768054     
5.104069111862275   0.099183611785641641  0.001170392778481158     
5.5680753947588446   2.1969919516278061  0.028488292648140623     
6.0320816776554151   0.69755933628066401  0.0084386212483799137     
6.4960879605519857   2.0842524155358373  0.020515921433456626     
6.9600942434485562   2.480751983744644  0.023438907748927814     
7.4241005263451267   1.8486752337320806  0.010335099812592754     
7.8881068092416973   8.8272273592936589  0.042140654739437697     
8.3521130921382678   1.4148048451685059  0.005420730652013423     
8.8161193750348374   82.103006202255544  0.181960019146168     
9.2801256579314089   176.47132005721068  0.3377378928307319     
9.7441319408279785   89.955452009050272  0.21574795448773811     
10.20813822372455   2.5335580241286596  0.015267166998371244     
10.67214450662112   8.6088114693816571  0.014300689913411568     
11.136150789517689   2.4210047064822064  0.0069886937991335496     
11.600157072414261   2.158681408046386  0.0075427561387041086     
12.06416335531083   2.343396203116653  0.007759218484234351     
12.528169638207402   0.4793805981566067  0.002815086438129267     
12.992175921103971   2.1192044413079904  0.012480847680674455     
13.456182204000543   0.054625614019071676  0.00055735133890688982     
13.920188486897112   1.8868573402050746  0.018467014507363977     
14.384194769793684   0.17969875539578091  0.0012718616828183002     
14.848201052690253   1.6968790263198911  0.020001807714469903     
15.312207335586823   0.66565863156967499  0.0077300531374751026     
15.776213618483395   1.4611473024570322  0.016936798651201371     
16.240219901379966   1.9418745991242553  0.024960037594870478     
16.704226184276536   1.1742674763657577  0.0094012251593400211     
17.168232467173105   6.2331903175806726  0.058174729534408368     
17.632238750069675   0.74408923893974056  0.0059004052017359138     
18.096245032966248   53.896867666060492  0.44293007474193939     
18.560251315862818   121.1319096666194  1.0263133385445678     
19.024257598759387   64.720236553160395  0.60444065421454842     
19.488263881655957   2.3431260647002084  0.030735351275713103     
19.952270164552527   5.9611582238433239  0.049936457456462763     
20.4162764474491   1.9937644651556412  0.018169423044649935     
20.88028273034567   1.5057701595521287  0.016565324721349112     
21.344289013242239   1.847547002428786  0.020478732915933229     
21.808295296138809   0.36248268187522846  0.0011803689964034512     
22.272301579035378   1.6023844988722824  0.013603356237480085     
22.736307861931952   0.11156605546631426  0.00018402097288331612     
23.200314144828521   1.3873121131977471  0.014337573859393759     
23.664320427725091   0.31420107556575325  0.0015416615767509239     
24.128326710621661   1.2044265534391469  0.011040758454031306     
24.592332993518234   0.63451585202361883  0.0052186122374028567     
25.056339276414803   0.97249939796578501  0.011489618348135404     
25.520345559311373   1.3699815541945465  0.021911299382648767     
25.984351842207943   0.76405194797592103  0.0055009531508300833     
26.448358125104512   3.6216475579803787  0.066723746077124377     
26.912364408001086   0.4085682427039874  0.0041554210884677934     
27.376370690897655   27.938811905493771  0.59384346879734757     
27.840376973794225   65.420783991250008  1.4774785799325118     
28.304383256690794   36.742996585842285  0.87872115450494562     
28.768389539587368   1.8105463262497647  0.043154782364348519     
29.232395822483937   3.4274532124500936  0.072754170085408176     
29.696402105380507   1.4545661152394495  0.027547778464113928     
30.160408388277077   1.0117643049558013  0.017938676072178142     
30.624414671173646   1.3442775876669314  0.028194460159967296     
31.088420954070219   0.3969365686939631  0.0021254079177951186     
31.552427236966789   1.1688373998960599  0.021034208568875627     
32.016433519863362   0.25658537424360217  0.0016953748585960031     
32.480439802759932   1.0322458783479163  0.017409013325461661     
32.944446085656502   0.47263059379681764  0.0018114468169777104     
33.408452368553071   0.93116973667194127  0.010703872609512686     
33.872458651449641   0.66705960242160732  0.004009760297208582     
34.33646493434621   0.77973908094611072  0.0080076249925237009     
34.80047121724278   1.0857444584911334  0.016513594392811125     
35.26447750013935   0.73121306952663516  0.0034605826526133055     
35.728483783035919   2.1114699151748777  0.056844030909414175     
36.192490065932496   0.38257665245765689  0.0018044076535250115     
36.656496348829066   13.071850869411699  0.51658959678973868     
37.120502631725635   31.493949169522335  1.3463387165940038     
37.584508914622205   18.670302879943648  0.82330537988049761     
38.048515197518775   1.3858929574437189  0.043273562025196792     
38.512521480415344   1.9742054673270163  0.0666657900394061     
38.976527763311914   1.1360356130987777  0.026910069736610207     
39.440534046208484   0.82126735951278822  0.01067950619326942     
39.904540329105053   1.0950934073422233  0.022680399044412488     
40.36854661200163   0.55511535785118188  0.0056642215465845914     
40.8325528948982   0.99798599278268805  0.016606462880028964     
41.296559177794769   0.45988008987263607  0.0039012792330169245     
41.760565460691339   0.91294385046282568  0.013495800860088809     
42.224571743587909   0.59856368924375092  0.0014199312899972736     
42.688578026484478   0.86019443328546141  0.008738982206399065     
43.152584309381048   0.73302463902071202  0.003587976936857386     
43.616590592277618   0.77645992632311065  0.0058989771011109646     
44.080596875174187   1.0875256799803675  0.0097597955967029015     
44.544603158070757   0.88358063718953851  0.0087785678222211186     
45.008609440967334   1.7454536262158842  0.032043398196259516     
45.472615723863903   0.49779960556909942  0.00051436955590585462     
45.936622006760473   8.4349352516195473  0.27871900207602176     
46.400628289657043   20.708005777543313  0.76760185523644948     
