-0.00687917   -0.00742111     0
-0.00713409   0.015598     0
0.0911182   -0.00821753     1
0.0940472   0.0159252     1
0.192755   0.0166653     2
0.190759   -0.00654089     2
0.290127   -0.00598562     3
0.292671   0.017512     3
0.389971   -0.0070133     4
0.393165   0.016221     4
0.492918   -0.00727962     5
0.49038   0.0162656     5
-0.407916   0.0160218     6
-0.407227   -0.00770854     6
-0.30635   -0.00631121     7
-0.30874   0.0174357     7
-0.205636   -0.00722285     8
-0.207667   0.0160969     8
-0.105276   -0.00672097     9
-0.109114   0.016074     9
0.0418796   0.115564     10
0.0425884   0.0918061     10
0.141025   0.117513     11
0.140666   0.0937561     11
0.241956   0.11752     12
0.242257   0.0934474     12
0.341852   0.0931825     13
0.340573   0.116701     13
0.44436   0.117688     14
0.439985   0.0939369     14
0.541472   0.091157     15
0.542926   0.115762     15
-0.360818   0.0945813     16
-0.354569   0.117237     16
-0.255846   0.116822     17
-0.258771   0.0934671     17
-0.159081   0.0938349     18
-0.157118   0.117471     18
-0.057188   0.0918174     19
-0.0576504   0.115277     19
0.0931885   0.216469     20
0.0907431   0.193363     20
0.190678   0.193159     21
0.192908   0.216863     21
0.292547   0.218041     22
0.291671   0.195167     22
0.392285   0.192532     23
0.392134   0.216304     23
0.492786   0.217208     24
0.492116   0.193362     24
0.592414   0.191647     25
0.593123   0.215171     25
-0.307128   0.194185     26
-0.306845   0.217466     26
-0.208224   0.193595     27
-0.204821   0.216692     27
-0.107671   0.19224     28
-0.106343   0.216229     28
-0.00841133   0.191465     29
-0.00752355   0.215808     29
0.141167   0.29438     30
0.142227   0.317528     30
0.238211   0.292343     31
0.243228   0.315413     31
0.338876   0.316669     32
0.34447   0.293958     32
0.441039   0.293589     33
0.443462   0.316482     33
0.542013   0.292018     34
0.543771   0.316102     34
0.643197   0.317093     35
0.642989   0.292876     35
-0.256313   0.293514     36
-0.256604   0.317196     36
-0.156598   0.292973     37
-0.158929   0.31652     37
-0.056902   0.291806     38
-0.0580063   0.315517     38
0.0414687   0.293263     39
0.0436349   0.316532     39
0.193806   0.41581     40
0.1926   0.392637     40
0.293411   0.393085     41
0.292169   0.416788     41
0.391916   0.392268     42
0.392062   0.41635     42
0.49236   0.391751     43
0.492578   0.415648     43
0.594797   0.417309     44
0.592398   0.393692     44
0.694998   0.4162     45
0.693911   0.392645     45
-0.208212   0.394535     46
-0.20531   0.417562     46
-0.107108   0.415388     47
-0.107109   0.391881     47
-0.0099562   0.393109     48
-0.0038603   0.415711     48
0.0918574   0.417084     49
0.0937539   0.393348     49
0.243695   0.492908     50
-0.255381   -0.483737     50
-0.157579   -0.483016     51
0.344553   0.492796     51
0.443217   0.49121     52
-0.0546702   -0.485535     52
0.0430985   -0.484021     53
0.543127   0.492767     53
0.644797   0.492214     54
0.142698   -0.483815     54
0.742272   0.493937     55
0.246125   -0.48299     55
-0.655701   -0.484001     56
-0.155834   0.492629     56
-0.0567039   0.492313     57
-0.555225   -0.484116     57
0.0422364   0.493363     58
-0.455248   -0.482957     58
0.144166   0.491111     59
-0.355942   -0.484555     59
-0.204413   -0.383153     60
-0.206088   -0.407038     60
-0.104278   -0.40821     61
-0.106765   -0.384873     61
-0.00738508   -0.408098     62
-0.0064313   -0.383723     62
0.0951326   -0.407674     63
0.0933079   -0.384921     63
0.1972   -0.384803     64
0.1903   -0.406943     64
0.294473   -0.40739     65
0.294764   -0.38358     65
-0.606112   -0.382713     66
-0.604901   -0.407083     66
-0.505546   -0.407679     67
-0.504466   -0.384413     67
-0.407246   -0.407819     68
-0.403898   -0.384261     68
-0.303591   -0.38405     69
-0.306771   -0.40836     69
-0.157161   -0.28406     70
-0.153657   -0.307281     70
-0.0545144   -0.283047     71
-0.0558864   -0.3067     71
0.0432062   -0.308221     72
0.0427098   -0.284756     72
0.147079   -0.308565     73
0.140653   -0.284769     73
0.24387   -0.283359     74
0.243101   -0.307412     74
0.343479   -0.282129     75
0.344029   -0.305919     75
-0.55552   -0.283306     76
-0.555216   -0.30697     76
-0.454735   -0.308009     77
-0.457547   -0.285024     77
-0.355761   -0.306754     78
-0.356243   -0.282345     78
-0.255539   -0.307105     79
-0.256312   -0.283732     79
-0.108474   -0.18481     80
-0.103271   -0.207991     80
-0.00343373   -0.206885     81
-0.00911897   -0.1841     81
0.0912784   -0.183491     82
0.0951569   -0.207035     82
0.192044   -0.207686     83
0.194192   -0.184417     83
0.293355   -0.182036     84
0.293151   -0.206298     84
0.392248   -0.181956     85
0.393617   -0.206423     85
-0.505223   -0.183784     86
-0.507707   -0.20719     86
-0.405847   -0.207999     87
-0.407528   -0.184747     87
-0.310845   -0.183802     88
-0.303373   -0.206675     88
-0.208435   -0.18332     89
-0.203955   -0.206477     89
-0.0580858   -0.0836538     90
-0.0569497   -0.108217     90
0.0407635   -0.0845141     91
0.0434647   -0.108276     91
0.143696   -0.108149     92
0.142404   -0.0842645     92
0.243353   -0.0822453     93
0.241648   -0.106362     93
0.340105   -0.0826622     94
0.342462   -0.106135     94
0.444713   -0.1067     95
0.441689   -0.0833933     95
-0.458326   -0.0839077     96
-0.45511   -0.1073     96
-0.355235   -0.0838464     97
-0.358884   -0.106999     97
-0.258026   -0.105509     98
-0.25677   -0.0824659     98
-0.157495   -0.0842522     99
-0.157765   -0.108128     99
