0.44102683529415743   14.828878217472816  0.029793485524960447
0.88205367058831485   3.9951378734489838  0.014875871819938718
1.3230805058824724   0.24143135026297108  0.0016248734240061454
1.7641073411766297   1.1175776850220201e-05  5.6303287268497563e-08
2.205134176470787   0.075776137246464771  0.0010654696097552652
2.6461610117649448   0.66730575526116442  0.011085837331634738
3.0871878470591021   0.54334834850459373  0.0092510787207391145
3.5282146823532594   6.8897042666200903e-05  6.9034682698099008e-07
3.9692415176474167   0.034598741890159011  0.0006049173699324939
4.410268352941574   0.09631093521326823  0.0021102735932753251
4.8512951882357314   0.0404474037209818  0.0006357384464654186
5.2923220235298896   0.00018596855016235527  1.1858757128081846e-06
5.7333488588240469   0.50346699725113259  0.0073250557784158541
6.1743756941182042   0.70903741644079938  0.011550656838578795
6.6154025294123615   0.08624781900135258  0.0011290064460924702
7.0564293647065188   0.00020995197709296435  9.470804481645891e-07
7.4974562000006761   0.18668422399995926  0.0014807058090548489
7.9384830352948335   3.5425033529307711  0.015505485745609008
8.3795098705889917   14.899835900084647  0.08604409395788958
8.8205367058831481   193.96705850176862  0.071089200116752747
9.2615635411773063   13.996631324775973  0.054924148469741146
9.7025903764714627   4.2245137731780749  0.01160152502710227
10.143617211765621   0.29481025028184056  0.0020271946176945275
10.584644047059779   0.00049000794977797907  2.3401154286661859e-06
11.025670882353936   0.06362248699587798  0.0009791401016252906
11.466697717648094   0.58959978035464048  0.010014445583992341
11.90772455294225   0.55320590725242894  0.010541083135206534
12.348751388236408   0.00092855115076236983  9.2161622085427565e-06
12.789778223530565   0.028962827892127887  0.0005630419287748291
13.230805058824723   0.103945013266838  0.0017646435282725023
13.671831894118879   0.046453661244565735  0.0006435592055585518
14.112858729413038   0.0018550800078549152  5.2642611883399189e-06
14.553885564707196   0.43618164855168824  0.0051848968756685625
14.994912400001352   0.7091416644838181  0.01167652102134095
15.43593923529551   0.094016107541881558  0.0011456643470645047
15.876966070589667   0.0015502293094807018  5.0331281782395478e-06
16.317992905883823   0.13793310684608908  0.0015224572571781602
16.759019741177983   2.9403497473712163  0.013810223732983595
17.20004657647214   14.01310743496066  0.12375832542168665
17.641073411766296   176.84247372334192  0.26590346987648599
18.082100247060456   12.704948964652541  0.12525627752986835
18.523127082354613   4.1961226019555959  0.010271883042354847
18.964153917648769   0.33835068613691772  0.0024187143541422461
19.405180752942925   0.0024472295591462231  1.3189099255550388e-05
19.846207588237085   0.052082810691341342  0.00087631586138676578
20.287234423531242   0.48975295291213657  0.0082385686882803187
20.728261258825398   0.53824128819947923  0.010961904143865744
21.169288094119558   0.0036857740563434981  2.8870067555095851e-05
21.610314929413715   0.024416195982860055  0.00051722334815929544
22.051341764707871   0.11711235348868688  0.0014193199115474335
22.492368600002028   0.053332433741934141  0.00061790186043486424
22.933395435296188   0.0069939286754973569  1.9911452549083542e-05
23.374422270590344   0.35197505766722902  0.0032882756612690503
23.8154491058845   0.67110946756436465  0.011727851278776894
24.256475941178657   0.099635104741099204  0.00108818911695466
24.697502776472817   0.0055845420050945604  1.9486213342523485e-05
25.138529611766973   0.10041625688989377  0.001521236453280772
25.57955644706113   2.282834614453422  0.011771923738759362
26.02058328235529   12.161965574224865  0.13282240962018345
26.461610117649446   151.33485354320232  0.53414801262904209
26.902636952943602   11.263062753664727  0.18564123622586054
27.343663788237759   3.9240758608886035  0.017553297950057983
27.784690623531919   0.36456053985852818  0.002504826199414499
28.225717458826075   0.0077572255726960513  4.3248103369609349e-05
28.666744294120232   0.044225228535232684  0.00075924806938881719
29.107771129414392   0.38658232240224128  0.0059041806446471868
29.548797964708548   0.50919773295145555  0.010579900558717357
29.989824800002705   0.010531786609254981  7.1504993134500992e-05
30.430851635296861   0.022547454922078689  0.00047390350888831821
30.871878470591021   0.13249044553900382  0.0016703235996943756
31.312905305885177   0.062382021793032549  0.0005633967796715432
31.753932141179334   0.018334783656497334  7.2603280544678315e-05
32.194958976473494   0.26673109359334348  0.0019704313490960708
32.635985811767647   0.60613627914134405  0.011779048569001732
33.077012647061807   0.10522214563181569  0.00096090849363760104
33.518039482355967   0.01450588643891763  6.4141117702198971e-05
33.95906631765012   0.077212613852099402  0.0014012332121581564
34.400093152944279   1.6622711926227943  0.011173450765515028
34.841119988238439   9.5681589175484863  0.11448072082261805
35.282146823532592   121.30060315962229  0.80736043988246648
35.723173658826752   9.9075090701878377  0.22837412547560061
36.164200494120912   3.4678130098176847  0.028265541267758972
36.605227329415065   0.36960761615200515  0.002241077770697608
37.046254164709225   0.018841423207168432  9.8712234832815745e-05
37.487281000003378   0.043295303853384712  0.00064920621262286237
37.928307835297538   0.29933830026180665  0.003428341041608269
38.369334670591698   0.4788173219127344  0.0097762831320884286
38.810361505885851   0.024387676584742695  0.00016336369157043018
39.251388341180011   0.025393164948663983  0.00044699185185296992
39.692415176474171   0.14695346582257323  0.0024002792277922101
40.133442011768324   0.075205597196498861  0.00050951194064498964
40.574468847062484   0.038618118539671981  0.00018115056714604071
41.015495682356644   0.19741164814110947  0.0012743422075736295
41.456522517650797   0.52983790213177979  0.011687455359068843
41.897549352944957   0.11406257351816066  0.00083384205356613122
42.338576188239117   0.030588716593117011  0.0001597527833409839
42.779603023533269   0.069750125130868029  0.0012225268411678842
43.220629858827429   1.1499402894872341  0.011593035910846231
43.661656694121582   6.6558461237799262  0.078544869374380789
44.102683529415742   90.935861786534943  1.017130190974963
