0.50882954214656695   0.00056818439808971986  1.450308490920213e-05     
1.0176590842931339   0.00061601146076948829  1.5076520176406754e-05     
1.5264886264397008   0.00071356677014193079  1.7082136081850196e-05     
2.0353181685862678   0.00089765526519256997  2.1734095605692282e-05     
2.544147710732835   0.0012539407124643457  3.0896317975622252e-05     
3.0529772528794017   0.0020004587801597749  4.8698387114019523e-05     
3.5618067950259684   0.0038123371467397119  9.1098181670513424e-05     
4.0706363371725356   0.0095713729819202613  0.00023180991497969285     
4.5794658793191028   0.043708821903889138  0.0011003866258633769     
5.0882954214656699   197.96630144769909  0.01812189067243516     
5.5971249636122362   0.071430550903343835  0.0018539689999232908     
6.1059545057588034   0.022529881810304169  0.00055957610816533417     
6.6147840479053706   0.013479571124822111  0.00032465625656554858     
7.1236135900519368   0.010966217285087112  0.0002644381094801357     
7.632443132198504   0.011149947558819153  0.00027456744242747355     
8.1412726743450712   0.01391763292593437  0.00034083040952626412     
8.6501022164916375   0.021782412124867918  0.00052135655515034336     
9.1589317586382055   0.046421840758850601  0.001117115290504999     
9.6677613007847718   0.18251566432784357  0.0045458919806700239     
10.17659084293134   191.96378731070089  0.071112505538318574     
10.685420385077906   0.26694357958413161  0.0070641677931018462     
11.194249927224472   0.075900444172921072  0.001921338624470224     
11.70307946937104   0.041901457149307059  0.0010204866786617103     
12.211909011517607   0.031744807120364673  0.00076421570628740363     
12.720738553664173   0.030232980751037558  0.00074382858115586223     
13.229568095810741   0.035517841719247182  0.00087496032289068631     
13.738397637957307   0.052549203938269948  0.0012631643158262315     
14.247227180103874   0.10616152592974681  0.0025482959274391452     
14.756056722250442   0.39291632864836582  0.0097138641285165284     
15.264886264397008   182.28252477378669  0.15493286810010014     
15.773715806543576   0.58871969627126356  0.015925014469877516     
16.282545348690142   0.15879026274513199  0.0041146074127270982     
16.79137489083671   0.084557852127154209  0.0020943890038513467     
17.300204432983275   0.061985122062170448  0.0014951828124956557     
17.809033975129843   0.057149849836466007  0.0014052270104387553     
18.317863517276411   0.06500963910512283  0.0016103280273715738     
18.826693059422976   0.093175336611970008  0.0022536581760092872     
19.335522601569544   0.18228390027284519  0.0043804824463046599     
19.844352143716112   0.64746118898448735  0.015944323948485614     
20.35318168586268   169.38739221275046  0.26313362655658972     
20.862011228009244   1.0287521817312827  0.028513831887423887     
21.370840770155812   0.26683557058614711  0.0071083316356437218     
21.87967031230238   0.13891921201175054  0.003521504483534991     
22.388499854448945   0.099756407391545607  0.0024233663777124673     
22.897329396595513   0.090026414580554816  0.002214963958792171     
23.406158938742081   0.10011407371572053  0.0024923141211016789     
23.914988480888645   0.14015287033277033  0.0034151837384320754     
24.423818023035214   0.26743292344734528  0.0064555775119403287     
24.932647565181782   0.91785650415260551  0.022599117979280368     
25.441477107328346   153.89145644080896  0.38726113788506836     
25.950306649474914   1.5696831950923839  0.044680123466653292     
26.459136191621482   0.39357880228878775  0.010824573461358076     
26.967965733768047   0.20155856147193815  0.0052640571929706803     
27.476795275914615   0.14261371599960191  0.0035121165607395986     
27.985624818061183   0.12663740256952299  0.0031254552299930976     
28.494454360207747   0.13827831152140037  0.0034584291498270959     
29.003283902354315   0.18973957571268776  0.0046608674062607098     
29.512113444500883   0.35410816403351895  0.0086120213706814272     
30.020942986647452   1.1774372486905423  0.029099720429073794     
30.529772528794016   136.52107099635589  0.51739245287637397     
31.038602070940584   2.1859370359479318  0.064035408617547951     
31.547431613087152   0.53100895480598763  0.015139140913343176     
32.05626115523372   0.26844998755276197  0.007272208153362843     
32.565090697380285   0.18781420790784789  0.0047263831554983844     
33.073920239526849   0.16460639514050058  0.0040922773346788163     
33.582749781673421   0.17690921858468023  0.0044458183189606887     
34.091579323819985   0.23830585464414586  0.0059019881011867037     
34.60040886596655   0.43535486655780741  0.010694990357261578     
35.109238408113121   1.4033611475106518  0.034956209379986897     
35.618067950259686   118.0748731659036  0.64276829458922577     
36.12689749240625   2.8456508450243346  0.085960182401971161     
36.635727034552822   0.67026232820068645  0.019884750650854315     
37.144556576699387   0.33532722819955274  0.0094839616679275705     
37.653386118845951   0.23256099589120346  0.0060346642925276326     
38.162215660992523   0.20161677159489833  0.0050800436596570968     
38.671045203139087   0.2136042759681649  0.0053992312971129789     
39.179874745285652   0.28265872643069689  0.0070564222084944254     
39.688704287432223   0.50537370779572671  0.012566485172664734     
40.197533829578788   1.5783411173733497  0.039786408401797451     
40.706363371725359   99.379220236003522  0.75248808254836242     
41.215192913871924   3.513256793584683  0.10962866857268391     
41.724022456018488   0.80241911584597605  0.024856942376041827     
42.23285199816506   0.39806836259588549  0.011824548882226483     
42.741681540311625   0.27425126974369307  0.007408015809517694     
43.250511082458189   0.23561349023396772  0.0060656306382652926     
43.759340624604761   0.24635788279437452  0.0062781308399167681     
44.268170166751325   0.3203124337015716  0.0080571712545415917     
44.77699970889789   0.55999499954030911  0.014114613618421721     
45.285829251044461   1.691783941139733  0.043325098241784461     
45.794658793191026   81.242799608072048  0.83622910931914581     
46.30348833533759   4.1525022485834156  0.13405047925404487     
46.812317877484162   0.91932030125203557  0.029822800827563829     
47.321147419630726   0.45306960418056067  0.014206060045084954     
47.829976961777291   0.31070495999195728  0.0088164556538579944     
48.338806503923863   0.26497666106718843  0.0070374580494521122     
48.847636046070427   0.27372393380740137  0.0070613817801361181     
49.356465588216992   0.34968127307379607  0.0088597806098151188     
49.865295130363563   0.59697712807578382  0.015261252400920769     
50.374124672510128   1.7402631678522212  0.045423976349995876     
50.882954214656692   64.413161714892636  0.884954690669367     
