0.44213184308663317   80.45977685211365  0.013906257593540355     
0.88426368617326634   3.351705895553099e-06  1.1154443335272562e-07     
1.3263955292598995   8.4299061452033156  0.014139611812414182     
1.7685273723465327   8.3649689416169099e-06  3.3043820638024e-07     
2.2106592154331657   2.7113442324309578  0.014322157755707737     
2.6527910585197989   1.6644210114942579e-05  6.7070201045988986e-07     
3.0949229016064321   1.2070398161331042  0.014722184267646282     
3.5370547446930654   3.4306412845842632e-05  1.3483225048092768e-06     
3.9791865877796986   0.71127463432468756  0.01581737111719905     
4.4213184308663314   0.0047018523453414315  0.00014899689926236312     
4.8634502739529646   0.61774503508615954  0.014613810349952778     
5.3055821170395978   0.00011597732084294841  3.0551536139004407e-06     
5.747713960126231   0.99679427723223639  0.016331099018947713     
6.1898458032128643   0.00013206564603482929  3.6553997434504272e-06     
6.6319776462994975   2.294919030712421  0.01859869171097583     
7.0741094893861307   0.00015868806909545515  5.2619557686433733e-06     
7.5162413324727639   7.5295134425574696  0.024042631961581543     
7.9583731755593972   0.00032719826059029248  8.5904854879214078e-06     
8.4005050186460295   76.031372976155012  0.072050444021186327     
8.8426368617326627   194.58143363682594  0.095139360808984202     
9.2847687048192959   80.527654289572783  0.025377815020313346     
9.7269005479059292   0.00062448199370439707  1.6834763032934285e-05     
10.169032390992562   8.9565567303679179  0.0066990751326681169     
10.611164234079196   0.00039468810650007102  1.152497591763981e-05     
11.053296077165829   3.0502918921374245  0.0098689044294744824     
11.495427920252462   0.0003838070056280541  1.2180943707142951e-05     
11.937559763339095   1.4200007763873095  0.012057919197641717     
12.379691606425729   0.00045383850894985873  1.6156501985618643e-05     
12.821823449512362   0.85074525320929845  0.01575326706168035     
13.263955292598995   0.0392770082321275  0.0012292524642429647     
13.706087135685628   0.5838365577023264  0.012427142351267984     
14.148218978772261   0.0013976283252514185  2.2684843270281173e-05     
14.590350821858895   0.82157524267842894  0.016559286120505196     
15.032482664945528   0.0013662749277035358  2.2104750792577557e-05     
15.474614508032161   1.8638799050537239  0.022060846981088407     
15.916746351118794   0.0012519390021331297  2.5911123420039968e-05     
16.358878194205428   6.3948143278116456  0.036313851127114908     
16.801010037292059   0.0026248609127845032  5.6719574304659419e-05     
17.243141880378694   67.97340207483267  0.187577970596802     
17.685273723465325   179.31109946366227  0.3541795956595209     
18.12740556655196   76.318406237562967  0.11875771779932139     
18.569537409638592   0.0038517060543594561  8.7564390539391413e-05     
19.011669252725227   9.0289214516336209  0.0057776173361656033     
19.453801095811858   0.0021009241572693409  3.8155477009574068e-05     
19.895932938898493   3.2591103017791951  0.0056815906236989693     
20.338064781985125   0.0020595973541901267  3.7055108485595935e-05     
20.78019662507176   1.6002858762429072  0.0088600739611357342     
21.222328468158391   0.0021045762981491642  4.7147073136786442e-05     
21.664460311245026   1.0074553100193886  0.014637194989737139     
22.106592154331658   0.094092805881267477  0.0028712697692552189     
22.548723997418293   0.60610637541374278  0.0099727601425641268     
22.990855840504924   0.0058235665129205974  6.8211599149393829e-05     
23.432987683591559   0.70299889671320239  0.015396994776952683     
23.875119526678191   0.0056317450350855283  6.3081583215689455e-05     
24.317251369764826   1.476563341261365  0.023995145780025015     
24.759383212851457   0.0047688477935972675  6.4241560986311784e-05     
25.201515055938092   5.1897919409340878  0.04827350093344989     
25.643646899024723   0.010295513593876075  0.00023714193828566201     
26.085778742111358   57.640121342653326  0.32897135281035155     
26.52791058519799   156.85849667343281  0.70717033066080885     
26.970042428284625   68.673875275752094  0.2584121542789092     
27.412174271371256   0.012581515937344167  0.00024587128574448627     
27.854306114457891   8.6457152292059991  0.019136757889704151     
28.296437957544523   0.0068624933163322916  8.6300860350907348e-05     
28.738569800631154   3.3081825636252651  0.0046373420107355211     
29.180701643717789   0.0071067564500244799  8.2618427791152119e-05     
29.622833486804421   1.7184259430912475  0.0058860419702341309     
30.064965329891056   0.0068700785729474315  0.00010306352023448464     
30.507097172977687   1.1461407705265033  0.013065317610982382     
30.949229016064322   0.14827240389663718  0.0043526808755166552     
31.391360859150954   0.66796899411406241  0.0080986555213705082     
31.833492702237589   0.016004073537927503  0.00015566987409331781     
32.27562454532422   0.64803765341321862  0.013182320030601486     
32.717756388410855   0.015561541286360582  0.00014335546205961918     
33.15988823149749   1.1745888372356023  0.024003657032782757     
33.602020074584118   0.012848621742614957  0.00013385729018896597     
34.044151917670753   4.0660119350299018  0.057059094649615549     
34.486283760757388   0.026761627382427022  0.00062758759760543951     
34.928415603844023   46.633825476942483  0.4582231432887998     
35.370547446930651   130.82610812768123  1.0642477573423741     
35.812679290017286   58.926888783916555  0.41047000527632562     
36.254811133103921   0.029315836828260718  0.0004689670843067266     
36.696942976190556   7.884101530221114  0.037101947014678083     
37.139074819277184   0.016898322329330032  0.0001707235320542404     
37.581206662363819   3.1977159834505742  0.009843121528955219     
38.023338505450454   0.018301221958483972  0.00017176349610783516     
38.465470348537089   1.758291466630411  0.0049019331350926974     
38.907602191623717   0.017231652987548865  0.00020718536722828427     
39.349734034710352   1.2367783521349478  0.011802829080617001     
39.791865877796987   0.18524994659822435  0.0051566724120584622     
40.233997720883622   0.74696815103331216  0.0072118069507633762     
40.67612956397025   0.034493942952536333  0.00029665845859487134     
41.118261407056885   0.64951777270824792  0.010509832304195222     
41.56039325014352   0.033774921634225227  0.0002768145466967292     
42.002525093230155   0.97639790231524151  0.022183893632985512     
42.444656936316782   0.027775197947178728  0.00025421759209916112     
42.886788779403417   3.1338899898862414  0.060900120469320047     
43.328920622490052   0.053079907654013375  0.0011830043089997344     
43.77105246557668   36.383339281709182  0.54555814263473653     
44.213184308663315   104.81036932482412  1.3440114349722843     
