0.44213184308663317   40.492228714245638  0.010709554829462532     
0.88426368617326634   9.177349396115858e-07  1.7277001378016715e-07     
1.3263955292598995   4.4799960512894285  0.010758497586551949     
1.7685273723465327   1.4351294593453646e-06  3.0328730486275437e-07     
2.2106592154331657   1.626346191777538  0.01084701533872245     
2.6527910585197989   3.319008823575852e-06  5.0415468767746119e-07     
3.0949229016064321   0.88367368568838909  0.011018033415438332     
3.5370547446930654   1.0000731439280432e-05  1.0232082715894872e-06     
3.9791865877796986   0.65257682227475186  0.011642907692015451     
4.4213184308663314   0.0025456096903726423  6.4888375588553516e-05     
4.8634502739529646   0.61794110031089847  0.010367277706888566     
5.3055821170395978   2.2818967895059998e-05  2.3161319895158866e-06     
5.747713960126231   0.84495974811040447  0.01109468180952233     
6.1898458032128643   1.8553022401104682e-05  2.7489301715622833e-06     
6.6319776462994975   1.5599256136463254  0.011657384208480932     
7.0741094893861307   2.5092702476748187e-05  4.9651157645909856e-06     
7.5162413324727639   4.3458801256480557  0.012790658213274498     
7.9583731755593972   0.00010833221847259887  1.4270509544674701e-05     
8.4005050186460295   39.844955696953526  0.018905106129283634     
8.8426368617326627   99.284640937967519  0.014695485848359149     
9.2847687048192959   40.534529016735308  0.0063562059901550086     
9.7269005479059292   0.00017108358457987367  2.2031609494906307e-05     
10.169032390992562   4.5685176358914974  0.0087501355504330876     
10.611164234079196   6.0469748358247862e-05  1.0763602546994596e-05     
11.053296077165829   1.6804756665683822  0.0099325153290931629     
11.495427920252462   6.8856312881439137e-05  9.4599541008517081e-06     
11.937559763339095   0.9192038851313583  0.010811509210068388     
12.379691606425729   0.00013950634534048004  1.2645525713632563e-05     
12.821823449512362   0.69593395731530275  0.012967077705734726     
13.263955292598995   0.022337169826741192  0.00056418074643145775     
13.706087135685628   0.59249548954637242  0.009197593351364307     
14.148218978772261   0.00018655412820870633  1.6744996115286473e-05     
14.590350821858895   0.80503851584554466  0.01105711242007661     
15.032482664945528   0.00012623693410549948  1.6259934721667642e-05     
15.474614508032161   1.484615575111351  0.012379782546476913     
15.916746351118794   0.00017130739028430766  2.6061062550703986e-05     
16.358878194205428   4.1743968757004108  0.01498994601204631     
16.801010037292059   0.0010855746694754279  7.4815885463643283e-05     
17.243141880378694   38.614960692961702  0.035695656173945708     
17.685273723465325   97.183551974930015  0.057391215329345792     
18.12740556655196   39.991313390770475  0.022593630437841497     
18.569537409638592   0.0010845045049869323  8.8728517478843716e-05     
19.011669252725227   4.6052824533465889  0.0068172736299746696     
19.453801095811858   0.0002672952134182887  3.5851045893951611e-05     
19.895932938898493   1.7192407438526482  0.0089199885094125043     
20.338064781985125   0.00025727328073293376  2.9584224946615869e-05     
20.78019662507176   0.9494302611170603  0.010466927905118929     
21.222328468158391   0.00051092434372685335  3.8233127466143835e-05     
21.664460311245026   0.74599957981792685  0.014259659930718941     
22.106592154331658   0.058989475681796405  0.0014626223706962266     
22.548723997418293   0.57540328311140971  0.0081733973613889853     
22.990855840504924   0.00059905832684804037  4.5240465661161129e-05     
23.432987683591559   0.76556797309539567  0.010924799191664742     
23.875119526678191   0.00038963273208050312  4.119199320231309e-05     
24.317251369764826   1.4038292105303471  0.013033967063973367     
24.759383212851457   0.00059598597464961911  6.6508969550136095e-05     
25.201515055938092   3.9749572409630922  0.017468648459345615     
25.643646899024723   0.0051830469170913342  0.00024928191456431968     
26.085778742111358   36.866267542039779  0.063804103954345141     
26.52791058519799   93.826582295052502  0.12411276035368418     
26.970042428284625   38.918673181319656  0.050111264992078555     
27.412174271371256   0.0035678094290495481  0.00021570777075299205     
27.854306114457891   4.5869081347738227  0.0057396444689965486     
28.296437957544523   0.0007412277180970066  7.5225135685411832e-05     
28.738569800631154   1.7402164591378281  0.0078692834380565563     
29.180701643717789   0.00064327337991074422  6.0693074367959897e-05     
29.622833486804421   0.97231688698364728  0.0099912787932445324     
30.064965329891056   0.001304163128639129  8.0477066404305093e-05     
30.507097172977687   0.79926137845408344  0.015419378308319634     
30.949229016064322   0.10721814252017553  0.0025849798305766885     
31.391360859150954   0.56494712860603282  0.0073260817704845506     
31.833492702237589   0.0013918436675148673  8.8670288744317679e-05     
32.27562454532422   0.72778653977863385  0.010720790911606535     
32.717756388410855   0.00089782494685613719  7.7618186141123607e-05     
33.15988823149749   1.3207214767388717  0.013634510442189134     
33.602020074584118   0.0015316505843199131  0.00013111629486781131     
34.044151917670753   3.7572554970019914  0.020233170772542621     
34.486283760757388   0.016552428924709869  0.00069859842162522853     
34.928415603844023   34.699291078949233  0.10029444114137576     
35.370547446930651   89.413907257098425  0.20885899876421122     
35.812679290017286   37.400478302228717  0.084264990360827354     
36.254811133103921   0.008240026748643544  0.00040892881614151854     
36.696942976190556   4.5132159050515597  0.0070629249644937431     
37.139074819277184   0.001589037497936486  0.00012769969981771864     
37.581206662363819   1.7418983048234376  0.0069401381473263567     
38.023338505450454   0.001298654742856314  0.00010195014174066086     
38.465470348537089   0.98615651718049442  0.0094174957063547453     
38.907602191623717   0.0027124033238775002  0.00014267043071990355     
39.349734034710352   0.85107406445666556  0.01633431832722454     
39.791865877796987   0.16040323865002533  0.0037245473524559046     
40.233997720883622   0.55901507713828607  0.0066903665199618583     
40.67612956397025   0.0026610003271365129  0.00014632585978228926     
41.118261407056885   0.69248818830372417  0.010473040427941795     
41.56039325014352   0.0017255361076734605  0.00012483170651357308     
42.002525093230155   1.2379955114863655  0.014189216654339172     
42.444656936316782   0.0032053731577390528  0.00022475415178187429     
42.886788779403417   3.5304784862688368  0.023197010929248976     
43.328920622490052   0.04091872173149952  0.001654483128131923     
43.77105246557668   32.240514827298468  0.14113092739916041     
44.213184308663315   84.194350538133571  0.30441732573137878     
