0.0064796213473364795   0   0   
0.019438864042009438   0   0   
0.032398106736682399   0   0   
0.045357349431355359   0   0   
0.058316592126028313   0   0   
0.071275834820701281   0   0   
0.084235077515374235   0   0   
0.097194320210047189   0   0   
0.11015356290472016   0   0   
0.12311280559939311   0   0   
0.13607204829406608   0   0   
0.14903129098873902   0   0   
0.16199053368341199   0   0   
0.17494977637808495   0   0   
0.18790901907275789   0   0   
0.20086826176743086   0   0   
0.21382750446210383   0   0   
0.2267867471567768   0   0   
0.23974598985144974   0   0   
0.2527052325461227   0   0   
0.26566447524079567   0   0   
0.27862371793546864   0.0081638632225451628   3.2532073334906964e-05   
0.29158296063014155   3.1020278471927458   0.0035927803010967965   
0.30454220332481452   22.033655937114698   0.0037655539017012397   
0.31750144601948749   9.5660515815497301   0.0063177488964107793   
0.33046068871416046   0.36598678777336819   0.00056902272760930353   
0.34341993140883342   0.0017040583250522005   6.0780231449041466e-06   
0.35637917410350639   7.2567985612914855e-07   2.350780184526291e-07   
0.36933841679817936   0   0   
0.38229765949285227   0   0   
0.39525690218752524   0   0   
0.40821614488219821   0   0   
0.42117538757687117   0   0   
0.43413463027154414   0   0   
0.44709387296621711   0   0   
0.46005311566089002   0   0   
0.47301235835556299   0   0   
0.48597160105023596   0   0   
0.49893084374490893   0   0   
0.51189008643958189   0   0   
0.52484932913425486   0   0   
0.53780857182892783   0   0   
0.5507678145236008   0   0   
0.56372705721827376   0   0   
0.57668629991294673   0   0   
0.58964554260761959   0   0   
0.60260478530229256   0   0   
0.61556402799696552   0   0   
0.62852327069163849   0   0   
0.64148251338631146   0   0   
0.65444175608098443   0   0   
0.66740099877565739   0   0   
0.68036024147033036   0   0   
0.69331948416500333   0   0   
0.7062787268596763   0   0   
0.71923796955434927   0   0   
0.73219721224902223   0   0   
0.7451564549436952   0   0   
0.75811569763836806   0   0   
0.77107494033304103   0   0   
0.78403418302771399   0   0   
0.79699342572238696   0   0   
0.80995266841705993   0   0   
0.8229119111117329   0   0   
0.83587115380640586   0   0   
0.84883039650107883   0   0   
0.8617896391957518   0   0   
0.87474888189042477   0   0   
0.88770812458509774   0   0   
0.9006673672797707   0   0   
0.91362660997444356   0   0   
0.92658585266911653   0   0   
0.9395450953637895   0   0   
0.95250433805846246   0   0   
0.96546358075313543   0   0   
0.9784228234478084   0   0   
0.99138206614248137   0   0   
1.0043413088371542   0   0   
1.0173005515318272   0   0   
1.0302597942265002   0   0   
1.0432190369211731   0   0   
1.0561782796158461   0   0   
1.0691375223105191   0   0   
1.082096765005192   2.3899635980301299e-07   5.7875610014190002e-08   
1.095056007699865   7.7935440170083112e-06   2.2763120395610914e-07   
1.108015250394538   0.00022185221449585709   2.8484906730209669e-06   
1.1209744930892109   0.0035044656753512778   1.5297347968958525e-05   
1.1339337357838839   0.032469263128086256   8.4490757510620389e-05   
1.1468929784785569   0.18164618208611963   0.00064857532002147136   
1.1598522211732298   0.6278127298420122   0.0022986687983872514   
1.1728114638679028   1.3985346289411657   0.0030663679244025885   
1.1857707065625758   2.1612428546112348   0.00081431114742228857   
1.1987299492572487   2.5923493469641184   0.0036386065477133265   
1.2116891919519217   2.7375524837639983   0.002177799012253733   
1.2246484346465947   2.7722111194156005   0.0031574646661359647   
1.2376076773412676   2.7417691668442021   0.0046157405847689824   
1.2505669200359406   2.6495980042995972   0.001376255487836745   
1.2635261627306136   2.5322645206107995   0.005319960751965147   
1.2764854054252865   2.4209175283109629   0.0088531137087126914   
1.2894446481199595   2.3240882287181593   0.0095711514720083413   
1.3024038908146325   2.2462953895739346   0.0079719327301751603   
1.3153631335093054   2.1968671096740738   0.0049833762468929865   
1.3283223762039782   2.1838236661702582   0.0012258704414038692   
1.3412816188986512   2.2041747072428289   0.0023055380131453808   
1.3542408615933241   2.2483253286194825   0.0055365199102794141   
1.3672001042879971   2.3030570524031685   0.0083069540022213861   
1.3801593469826701   2.3549584592913086   0.010316961501728129   
1.393118589677343   2.3952977196192632   0.011548711376945291   
1.406077832372016   2.4222721627005594   0.010735711621405143   
1.419037075066689   2.4509558466442812   0.0078066024930352456   
1.4319963177613619   2.5171085381984895   0.003293373896618497   
1.4449555604560349   2.6815278885257876   0.0023195797140191289   
1.4579148031507079   2.9853524244402753   0.0037348923135283894   
1.4708740458453808   3.3124060059729502   0.0020318309875535384   
1.4838332885400538   3.3553413397922101   0.0010821188901691253   
1.4967925312347268   2.9853335694346165   0.0044098102613893675   
1.5097517739293997   2.468524051542774   0.0068315922069149629   
1.5227110166240727   2.0930084735671685   0.0056989092727870742   
1.5356702593187457   1.8779174829379247   0.0037661937657462933   
1.5486295020134186   1.7196391903629958   0.0034675300069051243   
1.5615887447080916   1.5724384477507291   0.0043493356812653238   
1.5745479874027646   1.4421999464379305   0.0043127573618671035   
1.5875072300974375   1.3374290164681273   0.002747003600253479   
1.6004664727921105   1.2585557630019891   0.00094882032730479946   
1.6134257154867835   1.1970684925495257   0.0030463418217171078   
1.6263849581814565   1.1402739054622083   0.004899195459899632   
1.6393442008761294   1.0758248433323183   0.0053407114965351243   
1.6523034435708024   0.99746282523172925   0.0042428745647943654   
1.6652626862654751   0.90595209181894157   0.0021335372382054019   
1.6782219289601481   0.80803810238962492   0.00067641722072800309   
1.6911811716548211   0.7137694790939082   0.0030001664404317973   
1.704140414349494   0.63328248909696994   0.0046022425316725738   
1.717099657044167   0.57773832670909914   0.0056605730781285158   
1.73005889973884   0.55462393334686547   0.0057343468587101445   
1.7430181424335129   0.56502858205789326   0.0046024223127762867   
1.7559773851281859   0.59548153724502808   0.0018688025252676018   
1.7689366278228589   0.60482805244388848   0.0024332491911383521   
1.7818958705175318   0.53214184884201064   0.0054312113793077238   
1.7948551132122048   0.3664064819125956   0.0051415367795123688   
1.8078143559068778   0.1859628619030731   0.0030114149812876079   
1.8207735986015507   0.067419510849529782   0.0012470780476811326   
1.8337328412962237   0.016976799439183749   0.00035580555817872352   
1.8466920839908967   0.0028887469044797218   6.9072079738542543e-05   
1.8596513266855697   0.00033348402865809551   8.7578837004361993e-06   
1.8726105693802426   2.4939490672650685e-05   6.8303647296739461e-07   
1.8855698120749156   1.4972861865436757e-06   1.7076632646315135e-07   
1.8985290547695886   4.5406589405123064e-08   2.5099436677753334e-08   
1.9114882974642615   1.1274687030255134e-08   1.1274687030255134e-08   
1.9244475401589345   0   0   
1.9374067828536075   0   0   
1.9503660255482804   0   0   
1.9633252682429534   0   0   
1.9762845109376264   0   0   
1.9892437536322993   0   0   
2.0022029963269721   0   0   
2.0151622390216453   4.2778555291643275e-08   4.2778555291643275e-08   
2.028121481716318   9.5636722253442104e-08   3.3416112343359657e-08   
2.0410807244109912   1.2142658968298585e-06   1.1699730062807871e-07   
2.0540399671056639   7.8796546943781496e-06   5.9854701096767029e-07   
2.0669992098003371   4.831609846698958e-05   1.7473880622127015e-06   
2.0799584524950099   0.00022987962898350751   4.93239951070321e-06   
2.0929176951896831   0.00089833774140322007   2.0739478215887539e-05   
2.1058769378843558   0.0029525345555634905   6.0889104995430849e-05   
2.118836180579029   0.0082438923799666692   0.00016931186506312238   
2.1317954232737018   0.020370848189915472   0.00041350719174662185   
2.1447546659683749   0.045158590651339776   0.00084243815285049063   
2.1577139086630477   0.091225934764202858   0.0015578067736857876   
2.1706731513577204   0.1693960851399816   0.0025012886481591295   
2.1836323940523936   0.28920358432924497   0.0034897487202328461   
2.1965916367470664   0.45620457739561206   0.0041623695050071498   
2.2095508794417396   0.66699928590382155   0.0037076315153606351   
2.2225101221364123   0.90713332731805804   0.0018857317806430727   
2.2354693648310855   1.1478601510088111   0.0013398319873528721   
2.2484286075257582   1.3489188661550031   0.0044512965125529458   
2.2613878502204314   1.4747998170643402   0.0060662012781226025   
2.2743470929151042   1.5155717355320156   0.0056132767271617419   
2.2873063356097774   1.4918224107130689   0.0039738330227022013   
2.3002655783044501   1.4392063241357683   0.0025328753209357146   
2.3132248209991233   1.3862171805568967   0.0021915727925919194   
2.326184063693796   1.344660153690652   0.002713722912360596   
2.3391433063884692   1.3149806741387297   0.0034020597597217924   
2.352102549083142   1.2909240915212801   0.0037314148731452531   
2.3650617917778152   1.2681278134358318   0.0033505415865457615   
2.3780210344724879   1.2464744089279423   0.002143640102801604   
2.3909802771671611   1.2285118561932041   0.00062976688268208873   
2.4039395198618339   1.2192537584699923   0.0014704855730896897   
2.416898762556507   1.2250475556551399   0.0028525742907027707   
2.4298580052511798   1.2496619010367168   0.0036427096138532225   
2.442817247945853   1.2971744635004638   0.0037417653240710105   
2.4557764906405257   1.3670413247088385   0.0034114332325992062   
2.4687357333351989   1.4546423890527166   0.0028838635679300079   
2.4816949760298717   1.5502259055967561   0.0022801677931650412   
2.4946542187245444   1.6426941563783062   0.0019029661839685389   
2.5076134614192176   1.7249190819857812   0.0014186660484781943   
2.5205727041138903   1.7960713499103274   0.00088639622486343105   
2.5335319468085635   1.8520126059416303   0.00038659907971521313   
2.5464911895032363   1.8810839538892448   0.00034972120513715489   
2.5594504321979095   1.8736035904920572   0.00063395347180783174   
2.5724096748925822   1.8368975969828004   0.0014127852214442562   
2.5853689175872554   1.7903803562228968   0.0012753641065974075   
2.5983281602819281   1.7505909514483466   0.00059288373838855135   
2.6112874029766013   1.723325463485517   0.00086595207613483658   
2.6242466456712741   1.70695898549606   0.0016146052063236072   
2.6372058883659473   1.6948657802545746   0.0017080415570001996   
2.65016513106062   1.6789848556613149   0.0014189697260683155   
2.6631243737552932   1.6503379616842336   0.0008586700043807903   
2.676083616449966   1.6081580425745694   0.00057449110256573822   
2.6890428591446391   1.6284186725942185   0.00041149990389791074   
2.7020021018393119   1.7980199154601857   0.0013848049369875127   
2.7149613445339851   1.8651420335477065   0.0014173587050166867   
2.7279205872286578   1.8226105320022288   0.00055406936299441002   
2.740879829923331   1.7438089651931052   0.0020942903684312592   
2.7538390726180038   1.6581884948859799   0.0035109676292311951   
2.7667983153126769   1.5837561682554098   0.0038194061933590252   
2.7797575580073497   1.5295213327887324   0.0028173286153736375   
2.7927168007020229   1.4966483832552328   0.0009821507634261963   
2.8056760433966956   1.4785905981675993   0.0016825529027537921   
2.8186352860913688   1.4634881185551394   0.0036447684928316351   
2.8315945287860416   1.4380133699388519   0.0044069591176577885   
2.8445537714807143   1.392157290108175   0.0037239698296545748   
2.8575130141753875   1.3255622809469239   0.0021091085269067173   
2.8704722568700602   1.248130474885434   0.00062510582117661373   
2.8834314995647334   1.1715367178647272   0.0016355781229055589   
2.8963907422594062   1.1017653626445073   0.002661818853009502   
2.9093499849540794   1.0396553896433289   0.0033296871901705701   
2.9223092276487521   0.98426035629148922   0.0034752712872794742   
2.9352684703434253   0.93190823131055304   0.0030190632779576631   
2.9482277130380981   0.87722820835503648   0.0021133946530735203   
2.9611869557327712   0.81527684519169797   0.0011027159486061545   
2.974146198427444   0.74583505221872275   0.00036162559249188678   
2.9871054411221172   0.67533931857804109   0.00059428527400824562   
3.0000646838167899   1.1005892259936764   0.0021705693579853217   
3.0130239265114631   1.4125747171482536   0.0033958296100028348   
3.0259831692061359   1.2284472776024891   0.0029691490389947611   
3.038942411900809   1.0667931098185934   0.0021519784672342044   
3.0519016545954818   0.92539838468988702   0.0013724524037617084   
3.064860897290155   0.80246362683106228   0.00082177906004264807   
3.0778201399848277   0.69549047540941136   0.00054388323590514625   
3.0907793826795009   0.60015038857811406   0.00050810243436986535   
3.1037386253741737   0.51367408321219735   0.00048480515352066287   
3.1166978680688469   0.43339032754775929   0.00065922606410987061   
3.1296571107635196   0.35847810759144596   0.00087395467979661972   
3.1426163534581928   0.2899396565133449   0.0010898073240142763   
3.1555755961528655   0.22978274406676893   0.0012270657996420246   
3.1685348388475383   0.17998613601818907   0.0012489511578702113   
3.1814940815422115   0.14114083327376471   0.0011172143138738972   
3.1944533242368842   0.11218201545754761   0.00085659121763051235   
3.2074125669315574   0.091234924041699955   0.00051152602157720128   
3.2203718096262302   0.075856218202315462   0.00029554085055193863   
3.2333310523209033   0.063563897081535544   0.00066431810456445612   
3.2462902950155761   0.051850904221677585   0.0010346191811690959   
3.2592495377102493   0.039424827436582535   0.0011754189245231994   
3.272208780404922   0.026921099462647216   0.0010227663581482337   
3.2851680230995952   0.016654062259234032   0.00075258622002351358   
3.298127265794268   0.011315287311155055   0.00060949984538332594   
3.3110865084889411   0.0089048243784602688   0.00057711046181753613   
3.3240457511836139   0.0036786051043503245   0.00025105973506279919   
3.3370049938782871   0.0013214747604036736   5.1083485172069722e-05   
3.3499642365729598   0.0017815504801291176   2.9335256238243155e-05   
3.362923479267633   0.0044031545770132467   9.417895231717218e-05   
3.3758827219623058   0.010343584963455054   0.00021400687274160653   
3.388841964656979   0.022089181433292569   0.00042563208457465119   
3.4018012073516517   0.04293089661234714   0.00078952281234559963   
3.4147604500463249   0.076811101942530106   0.0013119546792303115   
3.4277196927409976   0.12791376546652239   0.0019507871843304112   
3.4406789354356708   0.20011328636758033   0.0025941505081421443   
3.4536381781303436   0.29681832584847961   0.0031092478272071163   
3.4665974208250168   0.42004577299528512   0.0031292990032678074   
3.4795566635196895   0.56958908474600631   0.0023996525259520109   
3.4925159062143623   0.74194229233902621   0.00069636535554912794   
3.5054751489090354   0.92921752832592941   0.0019191850588153941   
3.5184343916037082   1.1192576005326503   0.0048189759343589887   
3.5313936342983814   1.2967053822819917   0.0073481046023369811   
3.5443528769930541   1.4470680593884268   0.0089186820020353326   
3.5573121196877273   1.5605777172964197   0.0089903538765809921   
3.5702713623824001   1.6347553934773487   0.0077534424068290363   
3.5832306050770732   1.673875166030653   0.0055806717417387254   
3.596189847771746   1.6874819740983433   0.0033032846251864961   
3.6091490904664192   1.6855069042190479   0.0013584203070862352   
3.6221083331610919   1.6757169028024424   0.00091857323819986282   
3.6350675758557651   1.6635154849427576   0.0014410348259245526   
3.6480268185504379   1.653072255452644   0.0015394068369258434   
3.6609860612451111   1.6471585666816438   0.0013474628640066696   
3.6739453039397838   1.6467815725919228   0.0012388147728828814   
3.686904546634457   1.6515349189354433   0.0015153141522021363   
3.6998637893291297   1.6609593168146415   0.0024681195242344337   
3.7128230320238029   1.6776127329325578   0.0037005338335505817   
3.7257822747184757   1.7041028417212495   0.0048385226732423682   
3.7387415174131489   1.7409334713498782   0.0055715676634256053   
3.7517007601078216   1.7859754163740668   0.0055799567107693124   
3.7646600028024948   1.8331658298084816   0.0048539068537186358   
3.7776192454971675   1.8772826307992684   0.0038663328491169322   
3.7905784881918407   1.9134905845431385   0.0022549505576570051   
3.8035377308865135   1.9378513463634656   0.00057443863676820889   
3.8164969735811862   1.9433188191183642   0.0019374457202684111   
3.8294562162758594   1.9221264270643041   0.0032448917317499037   
3.8424154589705322   1.8687730697106903   0.003179058367795189   
3.8553747016652054   1.7843986248841738   0.0017587182726413019   
3.8683339443598781   1.6800419973732791   0.00081874960308724441   
3.8812931870545513   1.5723859667111168   0.0032685298259051059   
3.894252429749224   1.4770532346705421   0.0049889258227616202   
3.9072116724438972   1.404534364089771   0.0054238793947717097   
3.92017091513857   1.3571818271563551   0.0048079576117637123   
3.9331301578332432   1.3315657946865455   0.0034827909906472924   
3.9460894005279159   1.3189608072373635   0.0019179765026614918   
3.9590486432225891   1.3127980358085569   0.00051913380271592409   
3.9720078859172618   1.3087928154305811   0.0014235817435390365   
3.984967128611935   1.3049278823203827   0.0024851745768335347   
3.9979263713066078   1.2969802419466301   0.0031044043495009865   
4.010885614001281   1.2817036703207672   0.0032109495851221785   
4.0238448566959537   1.2556000114153887   0.0027476444285582286   
4.0368040993906265   1.2179153531108178   0.0020339045384392206   
4.0497633420853001   1.1688847291364121   0.0013575681139551312   
4.0627225847799728   1.1113623400369643   0.0010356372813927561   
4.0756818274746456   1.0469771525021097   0.00094198318767960178   
4.0886410701693183   0.97757547917041486   0.00087019949649064539   
4.101600312863992   0.90502980022027745   0.00093057430604433291   
4.1145595555586647   0.83172462249745777   0.00080781985252864712   
4.1275187982533375   0.76197941867982434   0.00075413243134988663   
4.1404780409480102   0.70236569532134097   0.00074858385892172115   
4.1534372836426829   0.66668260836823048   0.00074316380606944216   
4.1663965263373566   0.67367360012775915   0.00058984923150396888   
4.1793557690320293   0.72982200580809499   0.0012711775482072524   
4.1923150117267021   0.81739220821539605   0.0022933284732545784   
4.2052742544213748   0.9086222360262733   0.0031905429824173185   
4.2182334971160484   0.98653347339009371   0.0037269475570849622   
4.2311927398107212   1.0401482676933962   0.0038649429542774404   
4.2441519825053939   1.0609738742606839   0.0032170743728452727   
4.2571112252000667   1.0473160266698459   0.0016522766805450216   
4.2700704678947403   1.0098819279752978   0.0015107744202735611   
4.2830297105894131   0.96002943728901808   0.0032533518545841885   
4.2959889532840858   0.90672886558927849   0.0047185811540632519   
4.3089481959787586   0.85402689514499933   0.0054003892053185324   
4.3219074386734322   0.80460400487271648   0.0053899515468698059   
4.3348666813681049   0.76056428927834958   0.0047345164135135786   
4.3478259240627777   0.72192629194380948   0.0037047367954477131   
4.3607851667574504   0.68788026261247066   0.0024480358321071446   
4.3737444094521241   0.6569068464722002   0.0013120803579767569   
4.3867036521467968   0.62761134593707167   0.00047843552366022803   
4.3996628948414696   0.60039734309733224   0.00077155708121391719   
4.4126221375361423   0.57663205755522287   0.001483979390416725   
4.4255813802308159   0.55773076093207752   0.0020495849733532272   
4.4385406229254887   0.54512125157412041   0.0025769299854410334   
4.4514998656201614   0.54021354426341451   0.0029874462763933436   
4.4644591083148342   0.5432939255796624   0.0032560639105424347   
4.4774183510095078   0.54781786490010451   0.0033770521150799259   
4.4903775937041805   0.54131560926259565   0.0029629424564240672   
4.5033368363988533   0.51528348717548711   0.0020732773207216675   
4.516296079093526   0.47276350588488555   0.00098188518569814257   
4.5292553217881988   0.42204442569169625   0.00028936725688951745   
4.5422145644828724   0.36854901203603906   0.00076082132317615954   
4.5551738071775452   0.31725726489414833   0.0013408827630869926   
4.5681330498722179   0.27382284392613578   0.001611015276428567   
4.5810922925668907   0.2431464478408535   0.0015922907015913234   
4.5940515352615643   0.22683109842071849   0.0013204579724236304   
4.607010777956237   0.22521496746670201   0.00082846316391334098   
4.6199700206509098   0.23763176307516163   0.00028885129509700472   
4.6329292633455825   0.26244114774417112   0.00056706414350250445   
4.6458885060402562   0.29736640978595238   0.0011804172936946936   
4.6588477487349289   0.33948532859366611   0.0017461566028657456   
4.6718069914296017   0.38593570771906217   0.0022364700243275635   
4.6847662341242744   0.43473033353164869   0.0026795983045039256   
4.697725476818948   0.4839575680356   0.0029704794313399351   
4.7106847195136208   0.53239093597380311   0.0031305772664353653   
4.7236439622082935   0.57937421017074281   0.0030339918830864849   
4.7366032049029663   0.62497657710222241   0.0026831144352126832   
4.7495624475976399   0.66939119209575326   0.0019837383294844668   
4.7625216902923126   0.71357085556933952   0.0011148229064793941   
4.7754809329869854   0.75885649952529056   0.00033582177542381644   
4.7884401756816581   0.80735598193753195   0.00099988977199384648   
4.8013994183763318   0.86156989762578703   0.0017843537943203656   
4.8143586610710045   0.92321276245738205   0.0023724622890088616   
4.8273179037656773   0.99345258329842918   0.0027298671033936571   
4.84027714646035   1.071657011043573   0.0027483417917081072   
4.8532363891550228   1.1563330843856007   0.0025655763365256413   
4.8661956318496964   1.2452377263063504   0.0020864618610705433   
4.8791548745443691   1.3343438438900069   0.0015995744442064836   
4.8921141172390419   1.4199298821187412   0.00093515118462549026   
4.9050733599337146   1.4997634230231905   0.00047026867120703847   
4.9180326026283883   1.5728581126540072   0.0011008039280767493   
4.930991845323061   1.6382159120036599   0.0023565276048227932   
4.9439510880177338   1.6934089958191301   0.0037318679527186091   
4.9569103307124065   1.734956454166562   0.0045738335777655127   
4.9698695734070801   1.7602796622208618   0.0047061235991971428   
4.9828288161017529   1.7703300718638679   0.0038493954718226693   
4.9957880587964256   1.7683768254262693   0.002162678928801403   
5.0087473014910984   1.760650644920083   0.001039920430474938   
5.021706544185772   1.7549234348026869   0.0030313178153018112   
5.0346657868804447   1.7573842696336142   0.0049476245528779946   
5.0476250295751175   1.7707666110164282   0.0062409185324407431   
5.0605842722697902   1.7931574882232563   0.006777666105578368   
5.0735435149644639   1.8204235263656156   0.0069021200637217632   
5.0865027576591366   1.84843231181831   0.006689562762428988   
5.0994620003538094   1.8759393383301733   0.0060704738870315746   
5.1124212430484821   1.901327842700584   0.004848111603262182   
5.1253804857431557   1.922235575230452   0.0029748429310318401   
5.1383397284378285   1.9342364592223789   0.0012885441189755523   
5.1512989711325012   1.9301733640225537   0.0024538067839177889   
5.164258213827174   1.9035506172251343   0.003986937092419122   
5.1772174565218467   1.8500429506402265   0.0046518577362630727   
5.1901766992165204   1.7702010036272917   0.0041905140712868723   
5.2031359419111931   1.6692072021110512   0.0029576449247211854   
5.2160951846058659   1.5564473496243062   0.0013385914782054083   
5.2290544273005386   1.4408796036144869   0.00061107672169785216   
5.2420136699952122   1.3309190212202713   0.0015507563860692787   
5.254972912689885   1.2326761271339513   0.0019940646982465842   
5.2679321553845577   1.1484297727469609   0.0019175907517525714   
5.2808913980792305   1.0782098961408759   0.0014794024583712328   
5.2938506407739041   1.0196445349617136   0.0010109297577848321   
5.3068098834685768   0.96930967796910669   0.00085843203543752527   
5.3197691261632496   0.92485702283218263   0.00083935941319437849   
5.3327283688579223   0.88535848437001781   0.00081211661822789411   
5.345687611552596   0.85189351949711817   0.00071413929605588731   
5.3586468542472687   0.82463927958628703   0.00064691669553536655   
5.3716060969419415   0.80398916792837519   0.00059038242319768638   
5.3845653396366142   0.79022878096767564   0.0006621433594882371   
5.3975245823312878   0.78227190460727822   0.0013137765784184459   
5.4104838250259606   0.77554291271496345   0.0022957905629058127   
5.4234430677206333   0.76264584891895337   0.003107541921539857   
5.4364023104153061   0.73738101566676528   0.0035792006085078119   
5.4493615531099797   0.69760216817132132   0.0034005708101720124   
5.4623207958046525   0.64637469954962923   0.0026190060172937898   
5.4752800384993252   0.58915421165614609   0.0013883700249154769   
5.488239281193998   0.53299765880369993   0.00025443785261718557   
5.5011985238886707   0.48376859650038105   0.0010473769022717269   
5.5141577665833443   0.44616957433040494   0.0018431003106817553   
5.5271170092780171   0.42285926987569675   0.0023764457542754312   
5.5400762519726898   0.41459950354168606   0.0026298615455333215   
5.5530354946673626   0.42088080073230377   0.0026913089236886453   
5.5659947373620362   0.43990985536492603   0.0025500538287694523   
5.578953980056709   0.46976625507427572   0.0021772071864539314   
5.5919132227513817   0.50811974591155711   0.001555780328335676   
5.6048724654460544   0.551835704206968   0.00079711156100444268   
5.6178317081407281   0.59805348625672226   0.00052326806194978822   
5.6307909508354008   0.64412833663989504   0.0011973563359703958   
5.6437501935300736   0.68768594093387214   0.0018975511296477322   
5.6567094362247463   0.72588337552469103   0.0024104192683564718   
5.6696686789194199   0.75627048892141911   0.00269224088404453   
5.6826279216140927   0.77854202352188688   0.0029789105938243162   
5.6955871643087654   0.79450868478220061   0.0032183020504053338   
5.7085464070034382   0.79789253009041017   0.0030850541003377733   
5.7215056496981118   0.77932007910843463   0.0023888894662255409   
5.7344648923927846   0.73880705281962668   0.0014292620622826987   
5.7474241350874573   0.685838609166084   0.0013175741859908047   
5.7603833777821301   0.63252540539594984   0.0018978041474944645   
5.7733426204768037   0.58786186977387892   0.0021043088408836286   
5.7863018631714764   0.55631495514370724   0.001724519491673584   
5.7992611058661492   0.53924135305122426   0.00098937322955521021   
5.8122203485608219   0.53562110555456006   0.00053028569368958185   
5.8251795912554947   0.54321899219436504   0.0011436323850602153   
5.8381388339501683   0.5590208042971606   0.0018592735677382976   
5.8510980766448411   0.58057733508816005   0.0023380830181100885   
5.8640573193395138   0.60599393585222598   0.0025505571149928016   
5.8770165620341865   0.63385754004154437   0.0024832944844687236   
5.8899758047288602   0.66244458847102091   0.0021181803918634272   
5.9029350474235329   0.69153881578583516   0.0016065820467546502   
5.9158942901182057   0.72040155520773525   0.001160853723877615   
5.9288535328128784   0.75030945655214118   0.0011824010302315509   
5.941812775507552   0.78222401013910532   0.0012999935439202039   
5.9547720182022248   0.81611275221643958   0.0010115207878931929   
5.9677312608968975   0.85093972891498214   0.00051064600380569433   
5.9806905035915703   0.88502838723561874   0.0010620056807024667   
5.9936497462862439   0.91848483261934444   0.0022614570956827518   
6.0066089889809167   0.94825344021622927   0.0032658785850017097   
6.0195682316755894   0.96485445007908342   0.0035557229428833401   
6.0325274743702622   0.96849889809231266   0.0031499764121787361   
6.0454867170649358   0.96490849802849136   0.0021948691278719351   
6.0584459597596085   0.96056642858603139   0.00097616488827619245   
6.0714052024542813   0.96030331375094977   0.00066273129570523026   
6.084364445148954   0.96743577754753218   0.0016848866445380262   
6.0973236878436277   0.98251795871609009   0.0027304517763141547   
6.1102829305383004   1.0054970114271339   0.0037078698288103918   
6.1232421732329732   1.035071047056604   0.0046832498813031563   
6.1362014159276459   1.0705021744520005   0.0053620515746137735   
6.1491606586223186   1.1088433923052826   0.0055844005690656835   
6.1621199013169923   1.1411803641601779   0.0049940027520864544   
6.175079144011665   1.1556962695730901   0.0036817648298926861   
6.1880383867063378   1.1441115347161285   0.0024930673836037075   
6.2009976294010105   1.1048597764097664   0.0034554274764559946   
6.2139568720956841   1.0474443923961424   0.0051089082576264803   
6.2269161147903569   0.98649844959526019   0.0057606927369577996   
6.2398753574850296   0.93892400662161896   0.0054932940607197094   
6.2528346001797024   0.91285738199996081   0.0045800263804258144   
6.265793842874376   0.90799489535881739   0.0035113154879902056   
6.2787530855690488   0.91884735976474374   0.0023195076191993045   
6.2917123282637215   0.93618618546517607   0.0010328821490215281   
6.3046715709583943   0.95375781888586064   0.00035201687205373693   
6.3176308136530679   0.96837803583046861   0.0011509706070622868   
6.3305900563477406   0.97991561021856872   0.0017846234123714169   
6.3435492990424134   0.98899777587855468   0.0021920868400176328   
6.3565085417370861   0.99722629873695959   0.0025113537531584552   
6.3694677844317598   1.0067257216834555   0.002702943239778486   
6.3824270271264325   1.0189298597824688   0.0029067184783735595   
6.3953862698211053   1.0342998852447653   0.0029572500644608172   
6.408345512515778   1.05158766443841   0.0029549589640725033   
6.4213047552104516   1.0695516523501437   0.002855212559110366   
6.4342639979051244   1.0863750451740844   0.0027166820482651747   
6.4472232405997971   1.1003063861198319   0.0025801241104103497   
6.4601824832944699   1.1089503415829482   0.0022566185544158684   
6.4731417259891426   1.109725487993355   0.001749936867229136   
