0.46400628289657042   96.178756847174009  0.010123810721957474     
0.92801256579314084   1.8578730985641719  0.0038609686898943156     
1.3920188486897112   9.9281034111334264  0.012066233291375525     
1.8560251315862817   2.2345080976616754  0.0051307214653448942     
2.3200314144828522   2.3899895038865748  0.0050515535495965179     
2.7840376973794223   2.1204015988859736  0.0049721965273966857     
3.2480439802759928   0.4504049651504372  0.0013263893860019973     
3.7120502631725634   1.6115240905017298  0.011850561802739589     
4.1760565460691339   0.25242522919358753  0.0035404369719168474     
4.6400628289657044   1.3998380849345809  0.016089240838953022     
5.104069111862275   0.11108499146418941  0.0010001607202431927     
5.5680753947588446   0.76257361470313074  0.005032175062295168     
6.0320816776554151   0.22371734052202197  0.0020115972825184214     
6.4960879605519857   0.45520120227379175  0.0050658547572904802     
6.9600942434485562   0.40015490116903062  0.0065455355356756944     
7.4241005263451267   0.22023198240919881  0.0020369807265403627     
7.8881068092416973   0.66945414945241983  0.015236381005033517     
8.3521130921382678   0.66182118887376341  0.014195230177730239     
8.8161193750348374   1.1861478580275738  0.026946239045948439     
9.2801256579314089   1.0248071839288365  0.028193743969359059     
9.7441319408279785   0.92075878119525044  0.019360700189681687     
10.20813822372455   0.40034859013045179  0.0081823559228073403     
10.67214450662112   0.51296088606484567  0.0061720018884997368     
11.136150789517689   0.34029754319021364  0.0032540618711655121     
11.600157072414261   0.34828048924259479  0.0038866961758291195     
12.06416335531083   0.32700244108618716  0.0030125543026690214     
12.528169638207402   0.18024405361761865  0.0012986023421795038     
12.992175921103971   0.36873980149127679  0.0031589163664797336     
13.456182204000543   0.15244584371358852  0.0011069969486547714     
13.920188486897112   0.58193292735646174  0.0071160813625468984     
14.384194769793684   0.73484084679903837  0.0093278511580571504     
14.848201052690253   0.78568277942679301  0.0090624641237752216     
15.312207335586823   0.61724183523086592  0.0075357176578944553     
15.776213618483395   0.75536617877812733  0.0057736745800980807     
16.240219901379966   1.2199618343329407  0.01559039943976634     
16.704226184276536   1.2292975837962028  0.019619457800982579     
17.168232467173105   1.8219787253311514  0.037164943126918576     
17.632238750069675   2.1855076855882953  0.047505577005276463     
18.096245032966248   1.8420584579291524  0.053274260758426005     
18.560251315862818   1.7857757305966389  0.11935711128450646     
19.024257598759387   1.4930860057371665  0.070180914560733964     
19.488263881655957   0.84687708884157942  0.0083684338078606618     
19.952270164552527   0.99217610582013362  0.0089132793537107642     
20.4162764474491   1.4755676444659473  0.019664159722924797     
20.88028273034567   1.4701523397006391  0.01578261014438346     
21.344289013242239   0.87162802919172605  0.004935511351119147     
21.808295296138809   0.69203074182376482  0.0035728752841713415     
22.272301579035378   0.63945475243349714  0.0031101667035486599     
22.736307861931952   0.36464027188507622  0.0020670789650795117     
23.200314144828521   0.66979678539501891  0.0040588989982797548     
23.664320427725091   0.70541057066140017  0.0040042006532617785     
24.128326710621661   0.95385204038686711  0.0075041575910657575     
24.592332993518234   1.5671274197108709  0.014353426514191065     
25.056339276414803   1.5456791345291821  0.0096145938355968303     
25.520345559311373   1.4441940062715147  0.012016145151808056     
25.984351842207943   1.4573350788959584  0.017035055557831396     
26.448358125104512   1.1292444419627982  0.010440364663477036     
26.912364408001086   1.0161922519114829  0.012923264388406416     
27.376370690897655   0.83377613293574608  0.0075396724314005778     
27.840376973794225   0.4813146122084861  0.0010844543877991348     
28.304383256690794   0.69034854178479683  0.0039035759903741972     
28.768389539587368   0.81452048707088641  0.0070273372358043978     
29.232395822483937   0.83687358310566237  0.0050418138467213078     
29.696402105380507   0.85820191898034143  0.002734876010357935     
30.160408388277077   0.8568195184562457  0.0024531330984471647     
30.624414671173646   1.0871258693923529  0.014997964799180609     
31.088420954070219   1.1994774376015299  0.023386814153398322     
31.552427236966789   0.84392408683037941  0.0083632114303618373     
32.016433519863362   0.58316812437535084  0.0024432184892195152     
32.480439802759932   0.69881862587246923  0.0021536434005246448     
32.944446085656502   0.6666082418653512  0.0022992711898146073     
33.408452368553071   0.70538299257162065  0.0016514430671158761     
33.872458651449641   0.65522886253211625  0.0016261699182810505     
34.33646493434621   0.68195033477192003  0.0026855820359487041     
34.80047121724278   0.87827606366771948  0.0038471231360669959     
35.26447750013935   0.9048088357196165  0.0031935159659118096     
35.728483783035919   0.88037803899131021  0.0013826844835585998     
36.192490065932496   0.81968838698633489  0.0029874167643820661     
36.656496348829066   1.0179477231768732  0.0057792447015272276     
37.120502631725635   1.2538672066339022  0.013059767739901219     
37.584508914622205   1.1028311542818006  0.0088104134901545525     
38.048515197518775   0.8443131623393206  0.0038831970833188177     
38.512521480415344   0.87194902899840738  0.0031209415117007247     
38.976527763311914   0.91295443987544769  0.0025389185035153155     
39.440534046208484   0.90671984435506128  0.0029305104704541682     
39.904540329105053   0.90151062902889477  0.0018396352504753753     
40.36854661200163   0.83939189465759718  0.002246609291304548     
40.8325528948982   1.1380066946436286  0.0036169947832348281     
41.296559177794769   1.3833469401765473  0.0071000740065035369     
41.760565460691339   1.2754695556024656  0.0053371604909772546     
42.224571743587909   1.2126511783116202  0.0070999724911321019     
42.688578026484478   1.2259446354379657  0.0058221634847483031     
43.152584309381048   1.3502820287845436  0.0078452117844160191     
43.616590592277618   1.3293844223607664  0.0089862003629023985     
44.080596875174187   0.96431538393329914  0.003281219495076898     
44.544603158070757   0.85420392846138552  0.0030056730258210029     
45.008609440967334   1.0344416757175975  0.0020987201069749681     
45.472615723863903   1.0706196770273898  0.0023510227191443882     
45.936622006760473   1.1813593505592693  0.0019998286437588563     
46.400628289657043   1.3718953161398288  0.0052501276269463247     
