0.42972788892272645   7.4751729283151495  0.012069390484259317
0.85945577784545291   3.3675076175029238  0.0032899108682181633
1.2891836667681793   0.33243237987983244  0.0037725046714114114
1.7189115556909058   0.02758220539819685  0.00071675587142445734
2.1486394446136323   0.0066386483646289702  0.00027995690989879939
2.5783673335363586   0.11977004631907291  0.0023320571671162024
3.0080952224590853   0.30027470090789865  0.0093187872648057298
3.4378231113818116   0.11873755550571154  0.0016187523079122735
3.8675510003045379   0.074897056785276656  0.0013063634943843081
4.2972788892272646   0.50729379312210728  0.0040203243202485588
4.7270067781499909   0.17010090967408815  0.0019792774496539083
5.1567346670727172   0.25002176336788353  0.0024293699684024826
5.5864625559954435   1.2329976341630599  0.0066791608809088195
6.0161904449181707   0.4777247386309846  0.0041154486112197745
6.445918333840897   0.028411254418552753  0.00040095912754310503
6.8756462227636232   0.024233798109546684  0.00067681837503994156
7.3053741116863495   0.083525527004364651  0.001856858400977148
7.7351020006090758   0.1653240267273311  0.0028960484119682261
8.1648298895318021   0.51811687784014736  0.006542523029584653
8.5945577784545293   10.809489770716971  0.12411372823183999
9.0242856673772547   12.302972809392452  0.22410784670060858
9.4540135562999819   0.48786252879130343  0.0058448524190761486
9.883741445222709   0.26505856044539459  0.0056106299788134376
10.313469334145434   0.16763966702412754  0.0024831270319881762
10.743197223068162   0.13175648731027597  0.0014041819358959185
11.172925111990887   0.051068888661152572  0.00070258007146215603
11.602653000913614   0.17227713733600955  0.001672646730328528
12.032380889836341   0.19375561413329663  0.0035161259857253557
12.462108778759067   0.22005272149523781  0.0046780435330816526
12.891836667681794   0.1427069010127695  0.0024348129490179757
13.321564556604519   0.23426428012682538  0.013495163255849642
13.751292445527246   0.25444819721288694  0.0032320808976581877
14.181020334449974   0.44771801713391719  0.0056277392145306971
14.610748223372699   0.40767203932114246  0.0066723864872036106
15.040476112295426   0.13266813139100242  0.0023051084763607356
15.470204001218152   0.040118147597495443  0.00044510547169315924
15.899931890140879   0.077449499353351389  0.00067197953775579115
16.329659779063604   0.28963873213848467  0.0039832395256553335
16.759387667986331   0.63426410567680077  0.0086563648525818281
17.189115556909059   1.3909758044170558  0.02652353471620392
17.618843445831786   4.9206875792280514  0.066744689419513774
18.048571334754509   1.3591541747906453  0.027945364665333203
18.478299223677237   0.72687109645566024  0.010167907232054366
18.908027112599964   0.35529311975352703  0.0040536712359737457
19.337755001522691   0.16914413967158559  0.0019228067142735872
19.767482890445418   0.09415431138613342  0.00076064949774870725
20.197210779368142   0.13068900321476624  0.0011404948733964006
20.626938668290869   0.25610646824567523  0.0032938496706851685
21.056666557213596   0.36842524397751599  0.0034833667155092556
21.486394446136323   0.50271215188295206  0.0050651362936887294
21.91612233505905   1.6070784395487456  0.057363445898044687
22.345850223981774   1.5505680959405773  0.068958208755531606
22.775578112904501   0.8529024368987744  0.0061987371955964936
23.205306001827228   0.75179206884312909  0.010275703453076707
23.635033890749956   0.38093386957767297  0.0088045087756487024
24.064761779672683   0.16513439321628734  0.00062130456627417539
24.494489668595406   0.14675906063408411  0.0017945053277423634
24.924217557518134   0.26423161387166583  0.0098107530653547077
25.353945446440861   0.85380856293410415  0.0187367799751268
25.783673335363588   1.4695331136457506  0.015480107572813926
26.213401224286315   2.6529287627120646  0.056923095285096212
26.643129113209039   3.9191882560370818  0.10712318799692884
27.072857002131766   1.1093342251956047  0.017651481496255419
27.502584891054493   0.72460588541785587  0.0051833376035117756
27.93231277997722   0.51968504917223189  0.0065039151982334013
28.362040668899947   0.37510174351084946  0.0036480272434746972
28.791768557822671   0.27066942332375425  0.0040057293231758457
29.221496446745398   0.3235297016795584  0.0081217805419300366
29.651224335668125   0.72899566691932089  0.025167921197471519
30.080952224590852   1.0098254082424306  0.02069436524612686
30.51068011351358   1.1955609211954292  0.01320999573535058
30.940408002436303   2.8869356887027665  0.093993934596577896
31.37013589135903   1.5509967345398699  0.033157350254738209
31.799863780281758   1.2545743105696771  0.012437282458415072
32.229591669204481   0.92319511963769643  0.024508237050674001
32.659319558127208   0.48536435068481109  0.0079722370378033143
33.089047447049936   0.24224550805354292  0.0020094869240555514
33.518775335972663   0.2925346730260887  0.0035014820943753807
33.94850322489539   0.56185203675562975  0.0071293107554719475
34.378231113818117   0.93807657957213169  0.011126510582284184
34.807959002740844   1.2094249756440613  0.012718279723034997
35.237686891663571   2.4119736382926757  0.062846993667428148
35.667414780586299   1.8046014388183299  0.060325851078465036
36.097142669509019   1.0108057984570493  0.012297527978519986
36.526870558431746   0.83224641051326662  0.0074843818406690341
36.956598447354473   0.59185867553050652  0.0031360501288736377
37.3863263362772   0.39508882878039117  0.0036524373928499979
37.816054225199927   0.42245636526847723  0.0072749630344110163
38.245782114122655   0.68951544410745497  0.017346414235237751
38.675510003045382   1.0655495083855295  0.023871621097290343
39.105237891968109   1.2241956181976622  0.011698485531609232
39.534965780890836   1.9401424935616983  0.02967335483164648
39.964693669813563   2.2446264152305835  0.065906412281755054
40.394421558736283   1.4659105939132976  0.021354693646321897
40.824149447659011   1.5178136374479955  0.029979479107298412
41.253877336581738   0.86718329452709643  0.011578963627354033
41.683605225504465   0.51086514170186183  0.0023874298909668666
42.113333114427192   0.4218068720934939  0.0045493742461152
42.543061003349919   0.53080246664055131  0.0050192344160697258
42.972788892272646   0.78760433006793132  0.0077985742898146264
