0.4848420195558783   0.53059793994457819  0.0029673928451396426     
0.9696840391117566   0.54234274671308861  0.0033437231233130034     
1.454526058667635   0.56825123223729698  0.0043348320670564815     
1.9393680782235132   0.62055747337095308  0.0060465886136734653     
2.4242100977793917   0.72377129328056737  0.0085066112063658141     
2.9090521173352699   0.93204736624188833  0.011774665802593179     
3.3938941368911482   1.3823271755649758  0.016217267614572429     
3.8787361564470264   2.5331244725274098  0.022622386837238523     
4.3635781760029051   6.7702573714943917  0.033302340035600473     
4.8484201955587833   58.862376700606841  0.25378245813345431     
5.3332622151146616   63.833108437548947  0.33705441811922596     
5.8181042346705398   6.5531181463760412  0.030190245414015055     
6.3029462542264181   2.2288240004499257  0.014543396723571711     
6.7877882737822963   1.0465690926961286  0.0079783859729298467     
7.2726302933381746   0.5715777216664726  0.0055403798320114398     
7.7574723128940528   0.33984337773472022  0.0039257272319544453     
8.2423143324499311   0.2210399665048926  0.003558472345447042     
8.7271563520058102   0.16380279516361674  0.0036121924183463187     
9.2119983715616875   0.15163938951567728  0.004139994261024309     
9.6968403911175667   0.27095692642642168  0.0085405571193592765     
10.181682410673444   34.633329314652411  0.14438537484703821     
10.666524430229323   0.81490483756570912  0.031722421622478248     
11.151366449785201   0.56065030765102837  0.011828999021244907     
11.63620846934108   0.36324262943938361  0.0079763122362135912     
12.121050488896957   0.30180103942045956  0.0063449576872064737     
12.605892508452836   0.28667612105513965  0.0069108041773088427     
13.090734528008714   0.30017949895981386  0.0062765239181413112     
13.575576547564593   0.34574720882198692  0.0071633331287680325     
14.06041856712047   0.42523335482432038  0.0080638815456045437     
14.545260586676349   0.41226768549959865  0.0075995210996179886     
15.030102606232226   0.51476259711118134  0.015401030936201514     
15.514944625788106   0.69171429490892171  0.016310010365475163     
15.999786645343985   0.57928250499600649  0.007459410195573708     
16.484628664899862   0.84075335085570576  0.01123539080741144     
16.969470684455739   0.58279717335405268  0.0065792644596149059     
17.45431270401162   0.48585228182338321  0.0073207890526126223     
17.939154723567498   0.45921158747106429  0.0061887765786224805     
18.423996743123375   0.52272276604417126  0.0078599670763322497     
18.908838762679252   0.74265937753636219  0.0081703610718157784     
19.393680782235133   1.2337630850753125  0.013086139763034068     
19.878522801791011   1.2968421038652224  0.034766343288602534     
20.363364821346888   9.4091327523168187  0.35256460211244866     
20.848206840902765   0.60405347162069858  0.005315266030101585     
21.333048860458646   1.0504200019375029  0.012707907358880373     
21.817890880014524   0.89164512830773694  0.011248117882521841     
22.302732899570401   0.78132804849724071  0.0098041669609690623     
22.787574919126278   0.70901452048362671  0.0097253107101242431     
23.272416938682159   0.71653289916426804  0.0078922543770001427     
23.757258958238037   0.89139505133157864  0.0093286819039472785     
24.242100977793914   1.3569253455128828  0.016347715759573668     
24.726942997349795   1.8734830771374368  0.016130480455253192     
25.211785016905672   8.331610158121455  0.61609212574462363     
25.69662703646155   4.7268558240658932  0.085938057111021561     
26.181469056017427   1.0280740883702473  0.018710944403916944     
26.666311075573308   1.0053024616506474  0.0060149620154236396     
27.151153095129185   0.93891242846781769  0.0034108914460078356     
27.635995114685063   0.86085214799573434  0.0042072415489715945     
28.12083713424094   0.72493147031076625  0.0025871607261659742     
28.605679153796821   0.65575155952289558  0.0037354317886652776     
29.090521173352698   0.72632260171856353  0.0059081643321397745     
29.575363192908576   1.033401464364411  0.015127563453907667     
30.060205212464453   1.8090382746666788  0.11374603974462094     
30.545047232020334   5.5347219999369825  0.45077591012960801     
31.029889251576211   0.86894301381803214  0.018948422927573654     
31.514731271132089   0.69725046564152268  0.0031939709374400705     
31.99957329068797   0.75938881344119458  0.0040453258922108858     
32.484415310243847   0.80350164149571095  0.0055860956254424211     
32.969257329799724   0.75726386543692779  0.0066004390954743899     
33.454099349355602   0.72716948079350355  0.0068997238114806868     
33.938941368911479   0.75516837644235123  0.0035885165303347188     
34.423783388467356   0.73947037878551251  0.0040778984208165496     
34.908625408023241   0.76806685771752824  0.0034071398825026389     
35.393467427579118   1.7270371863453572  0.16856885997859784     
35.878309447134995   0.99243355374099499  0.020152170918380829     
36.363151466690873   0.83549077806007747  0.0053142145275542366     
36.84799348624675   0.82751551427131697  0.0030707151349282705     
37.332835505802628   0.86317793497011823  0.0047484854090950091     
37.817677525358505   0.90345842079534402  0.0049594544404740617     
38.302519544914382   0.95436980521665213  0.0052094780210254728     
38.787361564470267   1.1440604026999392  0.0065476316799757967     
39.272203584026144   1.3399174352900644  0.0067283627124879363     
39.757045603582021   1.2025976085350922  0.00957751920463224     
40.241887623137899   0.98630391438421708  0.00488946158979262     
40.726729642693776   1.1115429906256712  0.0075610691860028793     
41.211571662249654   0.99764823804451056  0.0066780181235514431     
41.696413681805531   0.99675089747691168  0.0052094802986281077     
42.181255701361415   1.0124974745567419  0.0040488058156563989     
42.666097720917293   1.0245635681251126  0.0045743748231321158     
43.15093974047317   1.0421830709712564  0.0049659235325006312     
43.635781760029047   1.1763242910472907  0.0093028895117714709     
44.120623779584925   1.402477742421148  0.0042309132489423458     
44.605465799140802   1.4402148694686174  0.0088402739420051657     
45.090307818696679   1.2618702380658834  0.0048527604086501517     
45.575149838252557   1.5006476895442764  0.058028679482597936     
46.059991857808441   1.1169172002337214  0.0039167677388494036     
46.544833877364319   1.0032770897593185  0.0063586364548119753     
47.029675896920196   0.99540550716984105  0.0027877431366920824     
47.514517916476073   0.98837506845967426  0.0035491058373694676     
47.999359936031951   0.94942865551710723  0.0022793928157996571     
48.484201955587828   0.92057447011615134  0.0023515571864351707     
