0.4848420195558783   1.374102411017902e-07  2.1626690721268358e-10     
0.9696840391117566   1.5234621935344096e-07  1.2998826566445866e-10     
1.454526058667635   1.8029775504641741e-07  9.054366313346466e-11     
1.9393680782235132   2.2680060808568885e-07  7.8144577017969657e-11     
2.4242100977793917   3.0612401729213977e-07  1.5700817161435067e-10     
2.9090521173352699   4.5007788628918168e-07  1.8422489184574328e-10     
3.3938941368911482   7.5980969527219896e-07  4.0256988386844125e-10     
3.8787361564470264   1.6478508804332104e-06  1.4702433115124491e-09     
4.3635781760029051   6.6308132677056652e-06  1.0228431700656188e-08     
4.8484201955587833   108.0459172376645  1.9205998186779301e-06     
5.3332622151146616   8.519976528185341e-06  1.3096675856781373e-08     
5.8181042346705398   2.7753295802322695e-06  1.9397296540320866e-09     
6.3029462542264181   1.7149233359653281e-06  7.3514503841990093e-10     
6.7877882737822963   1.3889395739147598e-06  4.6384875990804858e-10     
7.2726302933381746   1.2988199143970551e-06  5.448804495964633e-10     
7.7574723128940528   1.316930748879684e-06  4.4533966838019462e-10     
8.2423143324499311   1.4137919938360798e-06  5.5970961473143705e-10     
8.7271563520058102   1.6033154933449247e-06  7.8390843784990821e-10     
9.2119983715616875   2.1391666552725648e-06  1.4602305458824066e-09     
9.6968403911175667   1.2949326317207517  6.3449227367212238e-07     
10.181682410673444   1.8007181584667411e-06  7.6048312572368938e-10     
10.666524430229323   1.890731144430101e-06  4.8342584412955735e-10     
11.151366449785201   2.1315413070628496e-06  8.6445747964467221e-10     
11.63620846934108   2.4607904402709923e-06  7.5585024459027338e-10     
12.121050488896957   2.9564524950751888e-06  1.4015852406296436e-09     
12.605892508452836   3.8076227991243202e-06  1.3803489435613903e-09     
13.090734528008714   5.6209717274443963e-06  2.3964798236038268e-09     
13.575576547564593   1.0929236333200049e-05  6.784101869635334e-09     
14.06041856712047   4.1422495565904189e-05  6.2230422948658256e-08     
14.545260586676349   76.063991040181989  7.2523202947609819e-06     
15.030102606232226   5.8049757594740389e-05  8.8083280363418185e-08     
15.514944625788106   2.0733621212767214e-05  1.8355804440184713e-08     
15.999786645343985   1.4081627608319694e-05  7.3153843785028137e-09     
16.484628664899862   1.261037198584128e-05  5.2282467552167568e-09     
16.969470684455739   1.3518961124704952e-05  6.6385669440468118e-09     
17.45431270401162   1.6938790691740838e-05  5.542809329613322e-09     
17.939154723567498   2.5709440177848055e-05  1.275180472727502e-08     
18.423996743123375   5.2254888521495679e-05  4.3566638379239589e-08     
18.908838762679252   0.00020101826020711845  3.1591160152735176e-07     
19.393680782235133   194.83308848842172  1.5216795892617237e-05     
19.878522801791011   0.00022827544555560873  3.5922251358732517e-07     
20.363364821346888   6.7464735944670009e-05  5.8641713068793731e-08     
20.848206840902765   3.7872389278892149e-05  1.9193160978738662e-08     
21.333048860458646   2.8638050428911056e-05  1.0400808813391346e-08     
21.817890880014524   2.6516197390808929e-05  1.3957408261687753e-08     
22.302732899570401   2.9158553751148711e-05  1.160480553814588e-08     
22.787574919126278   3.919588529472826e-05  2.0981904995411195e-08     
23.272416938682159   7.0909317721398137e-05  6.312855144757688e-08     
23.757258958238037   0.0002453233189417712  3.8173732127880691e-07     
24.242100977793914   139.17356205369071  1.648991221329175e-05     
24.726942997349795   0.00023827003523908994  3.7072039998937939e-07     
25.211785016905672   6.70604852416047e-05  5.04574252673458e-08     
25.69662703646155   3.5945972642851868e-05  1.574448418192207e-08     
26.181469056017427   2.5605440242998968e-05  8.1663768847056021e-09     
26.666311075573308   2.153818575780316e-05  8.993906091215784e-09     
27.151153095129185   2.0247916193201273e-05  7.7773318710745248e-09     
27.635995114685063   2.11424850021606e-05  9.3254055201769268e-09     
28.12083713424094   2.5762273962122383e-05  1.8185406609823564e-08     
28.605679153796821   5.0273167910156985e-05  6.0982017168628256e-08     
29.090521173352698   11.451614242043745  5.4274070444933181e-06     
29.575363192908576   3.387730961012692e-05  3.402028010535149e-08     
30.060205212464453   1.7832032686143758e-05  4.5045956948987599e-09     
30.545047232020334   1.5906246638986175e-05  7.1122538914590055e-09     
31.029889251576211   1.6095016934968331e-05  5.3989668052827098e-09     
31.514731271132089   1.7321569146206693e-05  9.6117094217766823e-09     
31.99957329068797   1.9898384644935439e-05  7.6184578115063136e-09     
32.484415310243847   2.5746728596758783e-05  1.1275596866842999e-08     
32.969257329799724   4.3232693970986389e-05  2.17579317479322e-08     
33.454099349355602   0.00014430030709025602  2.0640402025490288e-07     
33.938941368911479   46.538524722249758  1.760953931549529e-05     
34.423783388467356   0.0002017218322610315  2.9607364587086061e-07     
34.908625408023241   7.6936826309945246e-05  6.6221625895217368e-08     
35.393467427579118   5.4786695733945826e-05  2.7467479978504275e-08     
35.878309447134995   5.017210845055287e-05  2.0585688687460025e-08     
36.363151466690873   5.394649488321935e-05  2.4875777587304002e-08     
36.84799348624675   6.6944741056354256e-05  2.1041065268240571e-08     
37.332835505802628   9.9907565004502176e-05  4.8753051894417845e-08     
37.817677525358505   0.00019920909034554714  1.6123780200993709e-07     
38.302519544914382   0.00075261953975157288  1.1788796586984549e-06     
38.787361564470267   179.86836248330547  5.6294284411036874e-05     
39.272203584026144   0.00083646088281728122  1.3138189997233694e-06     
39.757045603582021   0.00024641895867065358  2.1741491014405535e-07     
40.241887623137899   0.00013834790541120435  7.054716742730695e-08     
40.726729642693776   0.00010484545058302519  3.9970605032362019e-08     
41.211571662249654   9.7519807539460921e-05  5.1881885813552101e-08     
41.696413681805531   0.00010806763774423293  4.1378366643144425e-08     
42.181255701361415   0.00014694308522684521  7.9009203252773019e-08     
42.666097720917293   0.00026963246162441129  2.3816243850470863e-07     
43.15093974047317   0.00094461153320412705  1.4764953091947545e-06     
43.635781760029047   166.22314845569284  6.0434016806403135e-05     
44.120623779584925   0.00091631898285810423  1.4352470626159217e-06     
44.605465799140802   0.00025354124440817232  2.0053883247421632e-07     
45.090307818696679   0.00013308365188252618  5.9720078266162246e-08     
45.575149838252557   9.3162605637191015e-05  2.9852308235170955e-08     
46.059991857808441   7.7937962358830055e-05  3.4599235615220077e-08     
46.544833877364319   7.4425180884730549e-05  3.0744888307431363e-08     
47.029675896920196   8.1958637945992642e-05  4.0063155632690558e-08     
47.514517916476073   0.00011292464979197586  9.2022576329559421e-08     
47.999359936031951   0.00028183180507013712  3.9693094782892806e-07     
48.484201955587828   30.707121108466709  1.7612276554660718e-05     
