0.42972788892272645   5.8863889939317827  0.019320734498773136
0.85945577784545291   2.6603778158780701  0.016076941858798898
1.2891836667681793   0.53859057594775582  0.0053011851660547379
1.7189115556909058   0.031237346293772646  0.00061451138828125912
2.1486394446136323   0.0070180108377461001  0.00018485553921464526
2.5783673335363586   0.068840069554559484  0.00085364151241460609
3.0080952224590853   0.063330967673778434  0.00079077553389078045
3.4378231113818116   0.058360538162928406  0.0013249278921233357
3.8675510003045379   0.13228885642673122  0.0015341358984345435
4.2972788892272646   0.41005761562415896  0.0098878674634751168
4.7270067781499909   0.1379676139936143  0.0034814887048566422
5.1567346670727172   0.12051351605240212  0.0020400038947169395
5.5864625559954435   1.6401930532240774  0.0093416587492717165
6.0161904449181707   0.070209599615619805  0.0017300004513428834
6.445918333840897   0.016111445580554087  0.00026112458197515905
6.8756462227636232   0.021671449398066949  0.00057357638720011913
7.3053741116863495   0.053208640361321695  0.0011381672593724937
7.7351020006090758   0.09088968657487502  0.0012297291615568841
8.1648298895318021   0.16112118067416523  0.0017697213827202719
8.5945577784545293   0.059872137984330376  0.00045573333273759883
9.0242856673772547   0.019529908959209814  0.00012500314706423784
9.4540135562999819   0.062158145546445102  0.0016411028272910553
9.883741445222709   0.13727260989658164  0.0038322541206037777
10.313469334145434   0.17517817035235105  0.0044353847132523941
10.743197223068162   0.069578669220336489  0.0015076384263697561
11.172925111990887   0.034336756566993947  0.00063224148771899278
11.602653000913614   0.15707652468811388  0.0037533394805885631
12.032380889836341   0.16076146410708806  0.0029929968575046304
12.462108778759067   0.2077007957797984  0.008344027171045248
12.891836667681794   0.72155237559232774  0.0037250268873821155
13.321564556604519   0.32938262127796595  0.0029214852656431543
13.751292445527246   0.225551956560268  0.0016499687107681584
14.181020334449974   0.10854780653324032  0.0024194285791314686
14.610748223372699   0.065722294277175532  0.0011518550823654752
15.040476112295426   0.060943872274996814  0.00052126413590271073
15.470204001218152   0.034336964899719699  0.00059048459554430887
15.899931890140879   0.083247206420939392  0.0017586028048769882
16.329659779063604   0.58406598468234475  0.005384997088693383
16.759387667986331   0.90937854749169261  0.013819936609847055
17.189115556909059   0.84170973258369286  0.0040190818364870381
17.618843445831786   0.097118806667103247  0.0011021068394277011
18.048571334754509   0.14367544719295609  0.00044135204395108398
18.478299223677237   0.35715285876530008  0.0029201444478553617
18.908027112599964   0.25285348149143533  0.0029243534828460688
19.337755001522691   0.2751144914556132  0.0025719492285116425
19.767482890445418   0.4603177930219696  0.0032668033740484411
20.197210779368142   0.50056903880896808  0.0027442980864563155
20.626938668290869   2.4305031811192082  0.019825524374166168
21.056666557213596   5.8524712248061864  0.021650604349887442
21.486394446136323   4.7627738366939115  0.028411933472633633
21.91612233505905   2.1430041850666956  0.011865067754941636
22.345850223981774   0.40370915619341188  0.003434161232676659
22.775578112904501   0.94709920558765903  0.0052548385324729995
23.205306001827228   0.42728222015894541  0.0085434984430546218
23.635033890749956   0.31594785373702655  0.0017702036697431352
24.064761779672683   0.061281742421633757  0.0014980686645322319
24.494489668595406   0.069463472494855413  0.0007361695434417219
24.924217557518134   0.1718568574613172  0.0035291206668231279
25.353945446440861   0.1503405152540474  0.0014150829053293665
25.783673335363588   0.17023047658312954  0.0021011960311432027
26.213401224286315   0.13904745186811375  0.0017953288422477722
26.643129113209039   0.055259951866408152  0.00020895192893835876
27.072857002131766   0.084620191996620982  0.0011557080165140295
27.502584891054493   0.3864658945814791  0.003930699430509443
27.93231277997722   0.18621124873872141  0.002384841936770055
28.362040668899947   0.30399069778509527  0.0038370320740459024
28.791768557822671   0.72688940801500842  0.0095909766579444445
29.221496446745398   1.7483275765909283  0.006095045557328584
29.651224335668125   1.7378770743966294  0.0062452275084259002
30.080952224590852   0.68449327370221189  0.012435458519080471
30.51068011351358   0.92144252104568207  0.0064406858012020576
30.940408002436303   0.89193025057934411  0.0048294752571947135
31.37013589135903   0.57009439940830551  0.0047620917996579224
31.799863780281758   0.30342263648438014  0.0030776366358785657
32.229591669204481   0.182304064594265  0.002908083064163817
32.659319558127208   0.19120945702682005  0.0049968057610812707
33.089047447049936   1.1190150303175311  0.0079795720959320133
33.518775335972663   0.22797907849872846  0.0043667761465734156
33.94850322489539   0.22002186972986664  0.0041368503450478327
34.378231113818117   0.1930733885386864  0.0015331371021431942
34.807959002740844   0.23314438898527569  0.0024751612476095767
35.237686891663571   0.19529466536890024  0.0023801832869754848
35.667414780586299   0.90243223684612691  0.0049221458981484876
36.097142669509019   0.77374568930537013  0.0073317826538006674
36.526870558431746   0.24249889145651991  0.00083593545208304794
36.956598447354473   0.56319837312208918  0.0027774079474608498
37.3863263362772   1.0048359545298291  0.0079638235331176976
37.816054225199927   0.66632368430269056  0.004501756829623146
38.245782114122655   0.43541448245405094  0.0038075140226741844
38.675510003045382   0.60376676225401686  0.0044580327263013143
39.105237891968109   1.1431916626249162  0.011832254266182488
39.534965780890836   3.3608370495360237  0.013339061736356811
39.964693669813563   4.6276303845667338  0.022477317350306417
40.394421558736283   3.0722676643534847  0.017313811563048991
40.824149447659011   1.7091548375803858  0.012970589756900467
41.253877336581738   0.37225127039534033  0.0039520128086566706
41.683605225504465   0.30026761959593089  0.0038059249494063366
42.113333114427192   0.31040519150989042  0.0011883081463868045
42.543061003349919   0.15658391284020975  0.00067526474287259377
42.972788892272646   0.31545879825903571  0.0023417799387743342
