0.4848420195558783   0.033149686961243635  7.8049407476849999e-05     
0.9696840391117566   0.038998218485114964  9.7084609500595555e-05     
1.454526058667635   0.038554532093589684  0.00010717183099405196     
1.9393680782235132   0.048549610298726666  0.00014948982075708779     
2.4242100977793917   0.065215291239558872  0.00023313604817866935     
2.9090521173352699   0.095330279056657802  0.00036558792423687124     
3.3938941368911482   0.16029265265769395  0.000627983074458244     
3.8787361564470264   0.413282374181423  0.0013944079666787124     
4.3635781760029051   1.350517056314307  0.0035521084257310814     
4.8484201955587833   113.0140003216601  0.016690072055064539     
5.3332622151146616   2.6508431559169968  0.0065717638942539155     
5.8181042346705398   0.68480575992732275  0.0015287645266150532     
6.3029462542264181   0.29759973177762463  0.00096190569100696866     
6.7877882737822963   0.20403424726035581  0.00082391636786486967     
7.2726302933381746   0.16517648793322419  0.00063179254669740217     
7.7574723128940528   0.15215168227419682  0.00048045487061154607     
8.2423143324499311   0.1648288007533303  0.00046419200525273261     
8.7271563520058102   0.28225444770013779  0.00067434863868024108     
9.2119983715616875   0.45897948640784243  0.001525764059913223     
9.6968403911175667   6.6625611367369337  0.01066584892145357     
10.181682410673444   0.4390275451447317  0.0049841735031991197     
10.666524430229323   0.038739627389286775  0.0031288320734222341     
11.151366449785201   0.01637537945359045  0.0027721911230258729     
11.63620846934108   0.019873930715208901  0.0026372237690391003     
12.121050488896957   0.036932910292053012  0.0029680663105249906     
12.605892508452836   0.072731077115751863  0.0031966562303617616     
13.090734528008714   0.15501991119959506  0.0039357929015319414     
13.575576547564593   0.38032570481884518  0.0052777579383055986     
14.06041856712047   1.3699899176712272  0.0090482147043753346     
14.545260586676349   22.674229115252388  0.055307282484079894     
15.030102606232226   11.886370112408761  0.035123275638692693     
15.514944625788106   2.4760864711627095  0.0078690426387291086     
15.999786645343985   1.0300808736746103  0.0031405421414351095     
16.484628664899862   0.9366137042013111  0.0021877989123459392     
16.969470684455739   0.92562618869982644  0.0012993066643795109     
17.45431270401162   1.0721650195612455  0.00086366445253169497     
17.939154723567498   1.5106459881587842  0.00091947274387174157     
18.423996743123375   2.9496216995392842  0.002330535515506293     
18.908838762679252   6.4492428095164425  0.010483702334805367     
19.393680782235133   57.043879904530863  0.15990286987027614     
19.878522801791011   69.46695596546103  0.16286478091925056     
20.363364821346888   8.4709626234460424  0.014011953939286715     
20.848206840902765   2.6798475788906738  0.0043683255952106223     
21.333048860458646   2.0738544031879623  0.0041647412047120058     
21.817890880014524   1.7012800203127287  0.0043139648516932954     
22.302732899570401   1.6501095292996981  0.0041497657979254891     
22.787574919126278   2.0010897586115538  0.0046164973926387972     
23.272416938682159   3.4774334546413294  0.0056957823729246942     
23.757258958238037   5.360469808534207  0.014134924211179455     
24.242100977793914   33.045521806460376  0.14520256994849949     
24.726942997349795   102.14588659672463  0.2002763571349213     
25.211785016905672   6.973965076343553  0.015107036800899946     
25.69662703646155   1.7153807357664762  0.0061380450847475662     
26.181469056017427   1.230004450239807  0.0031478028602585699     
26.666311075573308   0.85842312365660508  0.0023815133266319532     
27.151153095129185   0.70015165308139268  0.0022317120079829153     
27.635995114685063   0.74308994289215163  0.0022300411473904289     
28.12083713424094   1.1667089177335741  0.0039236805447299625     
28.605679153796821   0.99208928768545017  0.0067751722594651339     
29.090521173352698   4.7567363935428379  0.0334764970348232     
29.575363192908576   40.953467020598178  0.073541660789977669     
30.060205212464453   1.1758877308466872  0.0091850814333840273     
30.545047232020334   0.24744267484513308  0.0039616375541046136     
31.029889251576211   0.16405555690694933  0.002583292324967402     
31.514731271132089   0.10689711990693076  0.001795387581029884     
31.99957329068797   0.078842140481892553  0.0013499387195604089     
32.484415310243847   0.084646047850705131  0.0014904452861771827     
32.969257329799724   0.11583150123319492  0.000941252026837913     
33.454099349355602   0.089297721843886822  0.0013698819595604747     
33.938941368911479   0.098853620706738958  0.001574745898438422     
34.423783388467356   1.9614683178452297  0.0059750837020807195     
34.908625408023241   0.11248842855136081  0.00078139281878424086     
35.393467427579118   0.085730266386838119  0.00046436845802767455     
35.878309447134995   0.11905568687885842  0.00053315149555730509     
36.363151466690873   0.097421166333159043  0.00056778032437687282     
36.84799348624675   0.09093615486573592  0.00052326028024823885     
37.332835505802628   0.10965885268431163  0.00057671977805304812     
37.817677525358505   0.15199836311388711  0.00077579597916868119     
38.302519544914382   0.26550774235846359  0.0013433701484688958     
38.787361564470267   0.70917033334901565  0.008273011092580449     
39.272203584026144   75.373359597751799  0.066194472244474445     
39.757045603582021   1.0207855532072957  0.018283547919572099     
40.241887623137899   0.64603462624333312  0.0067767587271834444     
40.726729642693776   0.22319456257233749  0.001528172046904269     
41.211571662249654   0.20899519650842342  0.0022659173258614543     
41.696413681805531   0.22608657975917697  0.0022938828360037925     
42.181255701361415   0.28401215895187445  0.0028498361868877128     
42.666097720917293   0.41299071364808653  0.0043152535248512529     
43.15093974047317   1.5428999967918974  0.014145248522693199     
43.635781760029047   3.1062506416367851  0.036671845034222916     
44.120623779584925   128.00478664046123  0.21283606102342788     
44.605465799140802   8.3308129814618837  0.11690139517472346     
45.090307818696679   2.8845506405735634  0.025385891657833265     
45.575149838252557   0.67590963554286426  0.006100399816386939     
46.059991857808441   0.65941715939926843  0.0064244028328537482     
46.544833877364319   0.6550716682224366  0.0055978040817264054     
47.029675896920196   0.68472326832694955  0.0057729608368891215     
47.514517916476073   0.89420573604238283  0.0077180803565696284     
47.999359936031951   2.8605862970222525  0.017462463812898478     
48.484201955587828   4.0441180542792913  0.025173608795030533     
