0.42972788892272645   11.724375939886064  0.035386218016450162
0.85945577784545291   5.2601907067929727  0.031965585064770241
1.2891836667681793   1.0304024487970145  0.008608651679682991
1.7189115556909058   0.04621985100553024  0.001176957704795927
2.1486394446136323   0.012622558172438403  0.00038575388257202128
2.5783673335363586   0.11457321634187298  0.0010786703431040006
3.0080952224590853   0.11417930219461719  0.001995360975960135
3.4378231113818116   0.082820278790271017  0.0024309047737916361
3.8675510003045379   0.14978739713728352  0.002301307927936756
4.2972788892272646   0.43541399886816168  0.014497895041729421
4.7270067781499909   0.14046834463713115  0.0039238414290818954
5.1567346670727172   0.18496723315303746  0.0017865791444396662
5.5864625559954435   1.8914145482059757  0.014078420432873445
6.0161904449181707   0.089232987148148582  0.0015808491339160265
6.445918333840897   0.02344907152772088  0.00027533120470876896
6.8756462227636232   0.027889433509995375  0.00044495301190685169
7.3053741116863495   0.045543019116230864  0.00073585128249800531
7.7351020006090758   0.047891562792726353  0.00039248967539996745
8.1648298895318021   0.082013626223706523  0.0012495769318183965
8.5945577784545293   0.042175202166691836  0.00023871756650676539
9.0242856673772547   0.026368498627881464  0.00014251016751468297
9.4540135562999819   0.06235555275688401  0.00062293988718371349
9.883741445222709   0.083957709859319714  0.00086480615497051889
10.313469334145434   0.097394767885052028  0.0019269464943008596
10.743197223068162   0.043401074416848434  0.00094273070534205581
11.172925111990887   0.038561968112740553  0.00040032593811905232
11.602653000913614   0.07357879277909735  0.0013225823865590926
12.032380889836341   0.13783475846056766  0.0031988043506590781
12.462108778759067   0.15832493539722762  0.0024704215245028949
12.891836667681794   0.22290352652281668  0.0019416152839418589
13.321564556604519   0.12441002507528133  0.0015997042479393489
13.751292445527246   0.1373606699041213  0.0015256577279769717
14.181020334449974   0.10711842746610058  0.0012679859415258633
14.610748223372699   0.10334195941011644  0.0017030568736260107
15.040476112295426   0.10505451573634244  0.001708826049812192
15.470204001218152   0.069642103037838024  0.00032286190522273818
15.899931890140879   0.12751876372276696  0.0014316552783636934
16.329659779063604   0.26418949473386905  0.0035210819558264388
16.759387667986331   0.53193381921548073  0.0039293554610160524
17.189115556909059   0.15456817616932418  0.0028553973273457142
17.618843445831786   0.050014439203282246  0.00024747848393577359
18.048571334754509   0.088250743595922478  0.00039270771523612712
18.478299223677237   0.15060545580025684  0.00036860848115368012
18.908027112599964   0.24287945417242398  0.0018362431499566616
19.337755001522691   0.53029594041701277  0.0036114186446454509
19.767482890445418   0.52693537891198525  0.0028437091170771882
20.197210779368142   0.8284707186969854  0.007561841772899931
20.626938668290869   6.7309245120618154  0.036645167872273126
21.056666557213596   14.035528360146402  0.015265562532122665
21.486394446136323   8.3073534786446167  0.045355412435884851
21.91612233505905   2.5538905885365776  0.015994300628552245
22.345850223981774   0.4923144066003624  0.0032659780875357217
22.775578112904501   0.98298334849206824  0.0070278598699093932
23.205306001827228   0.47345008541313322  0.0070038425431591499
23.635033890749956   0.39947164914876534  0.0042670939816674021
24.064761779672683   0.11027157107799428  0.0010856820580242746
24.494489668595406   0.13261219786386572  0.00092645640404867148
24.924217557518134   0.2733478142432386  0.0041106292292052717
25.353945446440861   0.22056201116248062  0.00062700027775656072
25.783673335363588   0.19317805426547245  0.0013862125035684495
26.213401224286315   0.14736549745205835  0.0014944610485189851
26.643129113209039   0.077398318497498959  0.00024704672011606205
27.072857002131766   0.1025829460538174  0.00081079340795542885
27.502584891054493   0.50025954949047756  0.0045046621618778337
27.93231277997722   0.25883799008473982  0.0053008330649684119
28.362040668899947   0.19955348548397444  0.0032632088264116726
28.791768557822671   0.12597574604018563  0.00141452426376477
29.221496446745398   0.21769643634322235  0.0012196270796483911
29.651224335668125   0.46134354466913159  0.0033524010732114175
30.080952224590852   0.47329414064174438  0.0026242055939514562
30.51068011351358   1.1456483237733449  0.0032122507649751906
30.940408002436303   1.2943551765137414  0.003828800840313984
31.37013589135903   1.096703558418096  0.0035990862680653853
31.799863780281758   0.55864463011927872  0.0032017504529615649
32.229591669204481   0.23849719888572055  0.001868702834628406
32.659319558127208   0.19181413503117191  0.0016825791368454794
33.089047447049936   0.46861920118104304  0.0084863919641960823
33.518775335972663   0.20643401308221824  0.0015467266615070814
33.94850322489539   0.16529998894647327  0.0022079510740119353
34.378231113818117   0.22516314727404141  0.0014634037432753344
34.807959002740844   0.21880798017115564  0.001590571254294077
35.237686891663571   0.20890601316775413  0.0015263893323059321
35.667414780586299   1.3507208974405577  0.0051401568212358803
36.097142669509019   1.2586972241381052  0.012451313473379748
36.526870558431746   0.58521866646551544  0.0060183034584051919
36.956598447354473   1.6116942729001908  0.015241559548181917
37.3863263362772   1.6536806402567674  0.00778496159416063
37.816054225199927   0.85908752241419216  0.0063139219150257912
38.245782114122655   0.35177704872754215  0.0017318925852860957
38.675510003045382   0.63940036249152908  0.0065179624947553712
39.105237891968109   0.70373082454291325  0.0046935172425318935
39.534965780890836   1.2991077994436572  0.012896900591420409
39.964693669813563   3.7395605236171874  0.017474447046318558
40.394421558736283   2.6518856144555204  0.014116428125011
40.824149447659011   2.8871694091863142  0.010885891512701566
41.253877336581738   1.08121484808379  0.008905465092681772
41.683605225504465   1.3469988743868877  0.0093231684668356011
42.113333114427192   0.89457411218820999  0.0027817620072351829
42.543061003349919   0.28399254650111967  0.0011177869093217282
42.972788892272646   0.49179521373837128  0.0037565844837029148
