0.46400628289657042   49.301920982858615  0.025284662051852264     
0.92801256579314084   1.4013244837685466  0.011104040935116707     
1.3920188486897112   4.2476721200559314  0.022704961044200016     
1.8560251315862817   1.1564312274906605  0.0065672950711497249     
2.3200314144828522   1.0448842695790922  0.0076269890279803091     
2.7840376973794223   0.97533143376174382  0.0055176602718186454     
3.2480439802759928   0.23597354551403285  0.0026327248945359132     
3.7120502631725634   0.80918378399673152  0.0083248167369557891     
4.1760565460691339   0.017537438619899929  0.0001741402589174295     
4.6400628289657044   0.70699569857486221  0.0078442583604270782     
5.104069111862275   0.080652302235344253  0.0013067588423065159     
5.5680753947588446   0.42048299936727866  0.010633389505546078     
6.0320816776554151   0.15610860503762126  0.0032009574699544406     
6.4960879605519857   0.37052322246168378  0.0061487430134132856     
6.9600942434485562   0.45535467940574139  0.0079982852292421408     
7.4241005263451267   0.21126739999217543  0.0042631899713878972     
7.8881068092416973   0.99580478577020521  0.013738368142831449     
8.3521130921382678   0.1751568059564476  0.0022241541421020628     
8.8161193750348374   9.2811470650705862  0.053263408553567866     
9.2801256579314089   19.681981549404095  0.046696613042480065     
9.7441319408279785   9.4264333597310499  0.040683611279904689     
10.20813822372455   0.27606779091014399  0.006555799842691881     
10.67214450662112   1.8873434651667202  0.017539196662913532     
11.136150789517689   0.49633323565004288  0.0068440317278048386     
11.600157072414261   0.35519223712197538  0.0024759266188344275     
12.06416335531083   0.38669893588982137  0.0037670280795432871     
12.528169638207402   0.075995350349132386  0.00063923376176185452     
12.992175921103971   0.36144784094900562  0.0030759472945650696     
13.456182204000543   0.22249441168740123  0.0027856416774359705     
13.920188486897112   0.54584125830845466  0.0095084552283957041     
14.384194769793684   0.11514096696972687  0.0023142377037129456     
14.848201052690253   0.22664485437922245  0.0069884219737598165     
15.312207335586823   0.099914443348322704  0.0020250105471420018     
15.776213618483395   0.15796127783797809  0.0028044480131946724     
16.240219901379966   0.16873807704515178  0.0033687601705117363     
16.704226184276536   0.1066615393616214  0.0022024201551265896     
17.168232467173105   0.49528265801383403  0.011130575177012357     
17.632238750069675   0.11866679915778997  0.0015895921812111106     
18.096245032966248   2.5506065771080293  0.024805140990145146     
18.560251315862818   5.6412976185599637  0.026419935542770437     
19.024257598759387   3.153998207050109  0.022365410427538556     
19.488263881655957   0.18700093116108257  0.0024107250400107017     
19.952270164552527   0.43240248477785341  0.0072846575957594263     
20.4162764474491   0.17782210651942419  0.0035812924442413903     
20.88028273034567   0.16820804650880266  0.0026500259090242775     
21.344289013242239   0.50136973322613791  0.0061368899814532381     
21.808295296138809   0.27139510419592626  0.0042881418377525208     
22.272301579035378   0.90170627463297652  0.0098082325988282702     
22.736307861931952   1.6227706820566732  0.0093345982044229655     
23.200314144828521   0.99205442587661605  0.0056792840527060348     
23.664320427725091   0.17097218009473806  0.0024332678620135456     
24.128326710621661   0.21760928185926031  0.0023558170333697648     
24.592332993518234   0.072576997253434092  0.00066753585997024365     
25.056339276414803   0.12425631217452425  0.0026848718809958112     
25.520345559311373   0.17051870111766745  0.0039182641237480426     
25.984351842207943   0.12324844017680755  0.0016626153588021228     
26.448358125104512   0.39534945506497558  0.0063537965710318543     
26.912364408001086   0.27204739649228513  0.0015889321147140691     
27.376370690897655   0.81740566659451602  0.018675276261525679     
27.840376973794225   1.7619832436052148  0.025547173870713032     
28.304383256690794   1.1600016551155985  0.02333649439318699     
28.768389539587368   0.11372564566821492  0.002565249916193607     
29.232395822483937   0.20625882918117324  0.0040387709691742203     
29.696402105380507   0.16476378005246699  0.0030153978909369457     
30.160408388277077   0.30957784733823557  0.0045280622566385277     
30.624414671173646   0.86405557957279996  0.0046347407419815159     
31.088420954070219   0.53076572965946123  0.0063494209731501989     
31.552427236966789   1.646101212175495  0.019994764145890678     
32.016433519863362   3.3479103444255597  0.016592339192252696     
32.480439802759932   1.7554336564766401  0.0089832585886967545     
32.944446085656502   0.19716599978883656  0.00092286647279825475     
33.408452368553071   0.57170958148893177  0.0058419301899850669     
33.872458651449641   0.29050733588658811  0.0045236951072519348     
34.33646493434621   0.14210581377211476  0.0019709542966750517     
34.80047121724278   0.19124866110105325  0.0023234593212217112     
35.26447750013935   0.14291898925280587  0.0019232656516195028     
35.728483783035919   0.31524970672038914  0.0049992287840555977     
36.192490065932496   0.27388218495137396  0.0032711542909738602     
36.656496348829066   0.3335645380544269  0.0062074244608944035     
37.120502631725635   0.52328590124228007  0.013645596624383363     
37.584508914622205   0.49788507676433355  0.013788966051146351     
38.048515197518775   0.16551117141926182  0.0022356254628557927     
38.512521480415344   0.19886640640354745  0.0028238709287252085     
38.976527763311914   0.19879215023253728  0.0023845504208609877     
39.440534046208484   0.17920007767943258  0.0023338418919496864     
39.904540329105053   0.32235098682311807  0.0043652124670623057     
40.36854661200163   0.18520966199981693  0.0015892871498982855     
40.8325528948982   1.0492181196500639  0.0075059580446582006     
41.296559177794769   1.8533816695934459  0.010410975411874195     
41.760565460691339   0.87298757884044654  0.0063273091459031179     
42.224571743587909   0.2958402690359311  0.0023832940302235149     
42.688578026484478   0.5654314019931251  0.0051748735125911444     
43.152584309381048   0.22847101561459978  0.0017192392021469155     
43.616590592277618   0.22485849608746759  0.0022962962406973369     
44.080596875174187   0.23565488830293494  0.0023987947814468956     
44.544603158070757   0.13837955155766051  0.00098000021889523072     
45.008609440967334   0.55393149654534548  0.0058461767825855484     
45.472615723863903   0.76557374667204945  0.0086144041345528764     
45.936622006760473   0.59029168442653743  0.0077410013156427427     
46.400628289657043   0.35549879493068535  0.0032539325202212349     
