0.44213184308663317   40.832615464152514  0.0041387898809679061     
0.88426368617326634   1.5737819169268702e-06  3.4865758738832075e-09     
1.3263955292598995   4.8216510904372636  0.0041525202189789648     
1.7685273723465327   2.1133859732690076e-06  1.6719726738453703e-09     
2.2106592154331657   1.9709175533375843  0.0041815819072403985     
2.6527910585197989   5.7847385420529017e-06  3.4278992927943859e-09     
3.0949229016064321   1.2338450224096465  0.0042396942978424473     
3.5370547446930654   2.0637630455378546e-05  2.4700454853615686e-08     
3.9791865877796986   1.019646741426541  0.0044794562046469801     
4.4213184308663314   0.00085294532445491638  1.3877680267933831e-06     
4.8634502739529646   0.95523585692736107  0.0039874297898387889     
5.3055821170395978   4.6482245318716187e-05  5.5526801104939075e-08     
5.747713960126231   1.2065953932104525  0.0042617737290725603     
6.1898458032128643   3.1635187483869313e-05  1.9249744581204129e-08     
6.6319776462994975   1.9444798677475203  0.0044464690008381985     
7.0741094893861307   3.4428352097844278e-05  2.9742109819642164e-08     
7.5162413324727639   4.7787758780615686  0.0047923637767518785     
7.9583731755593972   0.00013718291861504252  3.3092113199883637e-07     
8.4005050186460295   40.544675613343536  0.0062203565533652098     
8.8426368617326627   99.49254782039234  0.00097393947861817316     
9.2847687048192959   40.671485988354146  0.0017178587153474937     
9.7269005479059292   0.00021105585962086988  3.7850818772846756e-07     
10.169032390992562   4.8310677622924582  0.0034460538838326872     
10.611164234079196   7.9636423995838104e-05  6.6233350946024214e-08     
11.053296077165829   1.9846293543513992  0.0038630238828183911     
11.495427920252462   0.00011102868472964858  7.0095947160566212e-08     
11.937559763339095   1.2539050056325295  0.0041676386696905349     
12.379691606425729   0.00025772840051525112  3.380096990977612e-07     
12.821823449512362   1.0843568816647519  0.0050003993162155896     
13.263955292598995   0.0075919807309470187  1.2149245489990715e-05     
13.706087135685628   0.89224856118235495  0.0035499869931417802     
14.148218978772261   0.00033705398370638218  4.355573682533406e-07     
14.590350821858895   1.1730307539691239  0.0042391164302599027     
15.032482664945528   0.00019224727513953818  1.3136984426055976e-07     
15.474614508032161   1.9063050533732314  0.0046577436012477963     
15.916746351118794   0.00018909293665250905  2.2049904202685267e-07     
16.358878194205428   4.7046713142678319  0.0053642493434132647     
16.801010037292059   0.00077990603810319587  2.1305399720859172e-06     
17.243141880378694   39.809847132483834  0.0079542834818421505     
17.685273723465325   97.984897494475058  0.0038425411079131658     
18.12740556655196   40.073234968682045  0.0020943838697650201     
18.569537409638592   0.00094360979217641327  1.8223541384713248e-06     
19.011669252725227   4.8055191040921664  0.0026844622834998264     
19.453801095811858   0.00029437258988992461  2.8650633543661726e-07     
19.895932938898493   1.9848453930313355  0.0034923955224400692     
20.338064781985125   0.00036374720135827186  2.5441572975018605e-07     
20.78019662507176   1.2659864554096665  0.0040415088725021469     
21.222328468158391   0.00078744618928597379  1.1870323458950266e-06     
21.664460311245026   1.1479882349711239  0.0055225572568709762     
22.106592154331658   0.02062699346710441  3.1925259704669106e-05     
22.548723997418293   0.83155112570912851  0.0031879401001575137     
22.990855840504924   0.00092102804796945591  1.3331620075143961e-06     
23.432987683591559   1.1340704168671887  0.0041775798992805849     
23.875119526678191   0.00051041644868625223  4.0712443075746951e-07     
24.317251369764826   1.8575486621179659  0.004816654888508995     
24.759383212851457   0.00052135255572427968  8.5874103951783035e-07     
25.201515055938092   4.6021607673229625  0.0058721194099580439     
25.643646899024723   0.0025374244588732938  8.8152412386200448e-06     
26.085778742111358   38.644750285198346  0.0095478053300720923     
26.52791058519799   95.52048761060032  0.0084497815449348609     
26.970042428284625   39.062937709077138  0.0056137574960759915     
27.412174271371256   0.0025860391043884442  6.6060361370409819e-06     
27.854306114457891   4.7443226331833665  0.0019050476753748486     
28.296437957544523   0.0007049609056446727  8.6079384309081286e-07     
28.738569800631154   1.9710619041499674  0.0030735616255110526     
29.180701643717789   0.0007982415621962946  6.1427411648524047e-07     
29.622833486804421   1.2694286952818278  0.0038588847188224145     
30.064965329891056   0.001670702276604754  2.8999010463138137e-06     
30.507097172977687   1.2089331585908496  0.0060180043893618553     
30.949229016064322   0.039108293492709609  5.7556658932608295e-05     
31.391360859150954   0.77376381895341192  0.0029133135275774916     
31.833492702237589   0.001845362359747149  2.9879462947710991e-06     
32.27562454532422   1.0906409309883565  0.0040831602675243319     
32.717756388410855   0.0010241862208570553  9.4756719212596023e-07     
33.15988823149749   1.7994794089139251  0.0049252464272759493     
33.602020074584118   0.0011255083392218789  2.4165384040738981e-06     
34.044151917670753   4.4745161268048037  0.0063228235115394508     
34.486283760757388   0.0065231784750666208  2.7400702712459015e-05     
34.928415603844023   37.080016022646438  0.011256212695965822     
35.370547446930651   92.169491722522446  0.014547409507007843     
35.812679290017286   37.677199818640016  0.0096747019925266286     
36.254811133103921   0.0055975099710775338  1.7583650197592859e-05     
36.696942976190556   4.6476880834868028  0.0012428914671324079     
37.139074819277184   0.0013883949664372837  2.0870022002996959e-06     
37.581206662363819   1.9430803234218797  0.0026136158516635951     
38.023338505450454   0.0014618986098723358  1.202476449993089e-06     
38.465470348537089   1.2637404455966874  0.0036195536712945071     
38.907602191623717   0.0029943072647163053  5.851561247622844e-06     
39.349734034710352   1.2654001663420377  0.0064598873849881313     
39.791865877796987   0.061848884934276452  8.5141400510855686e-05     
40.233997720883622   0.71928514057780336  0.002725626129057198     
40.67612956397025   0.0031640844168314239  5.6303557082855367e-06     
41.118261407056885   1.0436439715205896  0.0039615903351963445     
41.56039325014352   0.0017805049314407607  1.8605050794203744e-06     
42.002525093230155   1.7334270408918645  0.0049860211229142096     
42.444656936316782   0.0021248475907173737  5.4583231504363428e-06     
42.886788779403417   4.3253039674654892  0.0067244961440338054     
43.328920622490052   0.014353867929899858  6.7835735019797196e-05     
43.77105246557668   35.159116887968892  0.013280873722055913     
44.213184308663315   88.025628433993445  0.021811595852815638     
