0.0000001 0.60194794134306326   0
0.000001  0.60194906063638903   1.3442483478915546e-10
0.000004  0.60195279541353047   3.7220551347613952e-10
0.000007  0.60195656687079868   7.4035426090855279e-10
0.000008  0.60195783669219416   6.7436086623086466e-10
0.000009  0.60195911176991252   1.0920725203639431e-09
0.00001   0.6019603895360176   1.5444237693936563e-09
0.000011  0.60196166874556288   1.5453984768238444e-09
0.000012  0.60196294819943639   1.1112091646278551e-09
0.000013  0.60196422540357541   1.4888220539045581e-09
0.000015  0.60196677058380037   2.023082598692594e-09
0.00002   0.60197304384783202   2.7069170069252587e-09
0.00003   0.60198513945405854   2.9399831041811361e-09
0.0001    0.60206100333255862   1.0440232679744709e-08
0.001     0.60295285965124268   8.4013675621874783e-08
0.01      0.61152858748314102   4.1271543956973596e-07