0.01   0.95255529722853891   0.00058224141777038624
0.001   0.98695681792371212   0.0011601735210358236
0.0001  1.034578433811717   0.0009365456004507389
0.00003   1.1812003602389925   0.0013308709801028658
0.00002   1.2416995376351989   0.0008403815040542853
0.000015  1.2685640587367036   0.0020846780071814074
0.000013 1.2774297490940244   0.0012967529746662653
0.000012  1.2796635726372881   0.001521315396882563
0.000011  1.280283766972927   0.0018387493488371265
0.00001   1.2802233495534663   0.0012886932570724782 
0.000009   1.2776198919119525   0.0011544840300869586
0.000008   1.2733675988640946   0.0012952528358293458
0.000007  1.2683211578495948   0.0017174618927306225
0.000004 1.2488647338493308   0.00093731782217986857
0.000001   1.2433414298129719   0.0012883638162863425
0.0000001   1.2446044195257858   0.0015987211554602266
