0.23200314144828521   386.00311814821242  0.020227736402669393     
0.46400628289657042   8.1053337842374665  0.0059873359367745003     
0.69600942434485558   36.838301238750746  0.017806064710401563     
0.92801256579314084   8.0470045532874497  0.0055851318482829431     
1.1600157072414261   8.8492592352733052  0.0096203712906879512     
1.3920188486897112   7.3354381611478051  0.011678275633349946     
1.6240219901379964   1.8382650317755317  0.0030955381420819601     
1.8560251315862817   5.7719518303203444  0.014295673045964938     
2.088028273034567   0.098093252287710034  0.00029476894314011783     
2.3200314144828522   3.7816639362071355  0.015668947046676513     
2.5520345559311375   0.11491270476285799  0.00056829813945506763     
2.7840376973794223   2.0334445851990726  0.014455708486137437     
3.0160408388277076   0.46402036799975944  0.0039030952724461937     
3.2480439802759928   0.88786521368445714  0.01068645201153353     
3.4800471217242781   0.65127576180482151  0.0090308925560575996     
3.7120502631725634   0.29508620468758753  0.0056788001041652881     
3.9440534046208486   0.655567740482135  0.014491611110662497     
4.1760565460691339   0.050053324270952104  0.001330482749255553     
4.4080596875174187   0.54928780374978481  0.017852993667507685     
4.6400628289657044   0.0043474748505269791  7.3446841930768458e-05     
4.8720659704139893   0.39666586714596895  0.018028113198525715     
5.104069111862275   0.054515177993955797  0.0025537531044965951     
5.3360722533105598   0.27144067002997227  0.015278737742771867     
5.5680753947588446   0.14815167184888049  0.00835803712118486     
5.8000785362071303   0.19484526732111059  0.0097150156008142777     
6.0320816776554151   0.3424577082926815  0.01571731600405054     
6.2640848191037009   0.11061088860404485  0.0037433111032436786     
6.4960879605519857   0.76635868739173187  0.022572995927356925     
6.7280911020002714   0.0095891931029874318  0.00023096535069540949     
6.9600942434485562   1.4295743274621564  0.026510347081002895     
7.1920973848968419   0.13863676528682037  0.0015600280434359761     
7.4241005263451267   2.1746563619726725  0.026326721879918483     
7.6561036677934116   1.1334878054610677  0.0085542508892107635     
7.8881068092416973   2.8786525737281585  0.023753345617891675     
8.120109950689983   4.8737019073319137  0.026484585593490942     
8.3521130921382678   3.503008528400819  0.012865862121758319     
8.5841162335865526   21.925708658507951  0.051307351504669028     
8.8161193750348374   3.1761067791147477  0.0043343729240250656     
9.048122516483124   240.89373482300226  0.12857437383396374     
9.2801256579314089   566.63015612722379  0.41811986719648148     
9.5121287993796937   308.55866711449951  0.43690325743304462     
9.7441319408279785   9.0900737231946046  0.039874603272800005     
9.9761350822762633   32.248152800660103  0.035084768453795945     
10.20813822372455   9.8438917760915331  0.014552524741923573     
10.440141365172835   7.2086928075789597  0.014981028537847053     
10.67214450662112   8.7666172694145416  0.017832950545543383     
10.904147648069404   1.1581750520235832  0.0025775472151523333     
11.136150789517689   6.6009364745700998  0.014129680176299629     
11.368153930965976   0.013496450108343877  9.0067865787923038e-05     
11.600157072414261   4.2815525790397057  0.0081806020511672859     
11.832160213862545   0.30402090052254037  0.0005089961848013221     
12.06416335531083   2.4231357178783103  0.003868082881536882     
12.296166496759117   0.81119915389609928  0.0015818438184308556     
12.528169638207402   1.1544451543385839  0.0012560181276610844     
12.760172779655687   1.1719734793273347  0.0011949527836887308     
12.992175921103971   0.39249464742647619  0.00085813681438555426     
13.224179062552256   1.2866493577984189  0.0033269221014944504     
13.456182204000543   0.05935499271778441  0.00017834208693055814     
13.688185345448828   1.1312868472230317  0.0047441776038076431     
13.920188486897112   0.051398370206130993  0.00024524652613543272     
14.152191628345397   0.77954373560135348  0.0068135996731678756     
14.384194769793684   0.17641057592822308  0.0015068484411725008     
14.616197911241969   0.42542043353008357  0.0069355690944314565     
14.848201052690253   0.2822471207916206  0.0052957744699632092     
15.080204194138538   0.1798145731934972  0.0042913983222743523     
15.312207335586823   0.32869484009653081  0.010351143093312994     
15.54421047703511   0.055435918816005228  0.0013314687620222563     
15.776213618483395   0.3447545531095724  0.015475043846740081     
16.008216759931681   0.02477849499311361  0.00018048646170933053     
16.240219901379966   0.35981983885123171  0.018511129815150129     
16.472223042828251   0.074482682755191063  0.0024024241592114186     
16.704226184276536   0.41340992205047701  0.018462113563099753     
16.93622932572482   0.29288716081157908  0.0093086197504143027     
17.168232467173105   0.57917779265661343  0.016950952191648071     
17.40023560862139   1.3596424205991088  0.02668839307473178     
17.632238750069675   0.77702377088227893  0.011624634279228292     
17.86424189151796   8.1963301374109285  0.090015988999750663     
18.096245032966248   0.65955576493440983  0.0096893461006930995     
18.328248174414533   60.595226131888997  0.17410864826480015     
18.560251315862818   186.52896592336079  0.61677279089581308     
18.792254457311103   124.67234474120334  0.57010612063150194     
19.024257598759387   6.2263162634971439  0.051932996375843467     
19.256260740207672   13.465544161998189  0.064059616661190043     
19.488263881655957   6.3033746567415093  0.036067000191850705     
19.720267023104242   2.6201522228223011  0.017403284540660851     
19.952270164552527   5.1433400869378773  0.035207519116274287     
20.184273306000815   0.32281733126220868  0.00248729563613889     
20.4162764474491   3.7568688545751126  0.028727616724154517     
20.648279588897385   0.048895949458242775  0.00015396194293111803     
20.88028273034567   2.5357549997055977  0.02109356869803113     
21.112285871793954   0.3276956243968804  0.0024768787509123945     
21.344289013242239   1.5497624434470522  0.012950456160442468     
21.576292154690524   0.74177308970973759  0.0061344603583076435     
21.808295296138809   0.77260706882237983  0.006371883368461927     
22.040298437587094   1.1015868566326675  0.0089965238637394985     
22.272301579035378   0.25816128701058579  0.0019119179318405684     
22.504304720483667   1.2406938748687613  0.0096816573059468249     
22.736307861931952   0.072541115810140026  0.00033726290458312768     
22.968311003380236   1.122149599911135  0.0088264278791046043     
23.200314144828521   0.14020059967525738  0.00068383910992024865     
23.432317286276806   0.82042733952883162  0.0049463196776717728     
23.664320427725091   0.29320513808944288  0.0014524876842956969     
23.896323569173376   0.49794357050751501  0.0028129719669766978     
24.128326710621661   0.44646082965221539  0.0019883137821233362     
24.360329852069945   0.24574597999534684  0.0017043064405788443     
24.592332993518234   0.54511618071223515  0.0033542115596824502     
24.824336134966519   0.10233684741179769  0.00042864550441936882     
25.056339276414803   0.55483378939014298  0.0039890546399424624     
25.288342417863088   0.06769713429107761  0.00031764907887200603     
25.520345559311373   0.46009422590509331  0.0046510409303476985     
25.752348700759658   0.11188243079054332  0.0011918413945921236     
25.984351842207943   0.3130068644162587  0.0053926393699131481     
26.216354983656228   0.21343457171654399  0.0046919101954469539     
26.448358125104512   0.21014881683207711  0.0058505778561811744     
26.680361266552801   0.55361847154400766  0.015604785333309956     
26.912364408001086   0.20467029309735449  0.0044175377472256899     
27.14436754944937   3.1073093652917505  0.083131212665298856     
27.376370690897655   4.8976726331833087  0.07104892449327234     
27.60837383234594   3.9416155430775977  0.031444255600186895     
27.840376973794225   18.980532890802983  0.18983113420346376     
28.07238011524251   21.523261652564885  0.24556157353326564     
28.304383256690794   2.5882521557538712  0.028546367508237999     
28.536386398139079   2.473498731417458  0.03694703067984121     
28.768389539587368   2.1553101341843768  0.032493496412763609     
29.000392681035652   0.52965887466979937  0.0058752676827625749     
29.232395822483937   1.7057721221229408  0.024343509830478631     
29.464398963932222   0.12954684227413082  0.00075355697641844762     
29.696402105380507   1.3750420271562246  0.019019321234901429     
29.928405246828792   0.10126471777619577  0.00032606805944645003     
30.160408388277077   1.0608687638982731  0.015884701103013421     
30.392411529725361   0.25502536513374845  0.0030624298376123336     
30.624414671173646   0.71626634733064334  0.010156595157006164     
30.856417812621935   0.5149110501435838  0.0065960862477463489     
31.088420954070219   0.38483947076604331  0.005346763977529868     
31.320424095518504   0.74102520423990814  0.01060329912344903     
31.552427236966789   0.17585829583614659  0.0013618535808127009     
31.784430378415074   0.8273649858680871  0.011651296878353799     
32.016433519863362   0.14185447838355742  0.00052378105005680321     
32.248436661311644   0.78138501104667513  0.010449835493736575     
32.480439802759932   0.2327613657590932  0.001411479520496208     
32.712442944208213   0.63628661291685477  0.0072864473459720901     
32.944446085656502   0.35839892407542282  0.0026346944593012464     
33.176449227104783   0.44731574630722231  0.0052274948643291801     
33.408452368553071   0.50421004841375063  0.0060021843896687267     
33.640455510001352   0.27318577152178176  0.0023781342139412529     
33.872458651449641   0.61634521145396636  0.0082834927614832314     
34.104461792897929   0.15633870451842952  0.00060107664022671194     
34.33646493434621   0.6448904695451176  0.0090082261296435182     
34.568468075794499   0.14363535400243821  0.00059571087375231467     
34.80047121724278   0.55707061014477441  0.0079784372743819942     
35.032474358691069   0.23422322382774727  0.0019612306790179911     
35.26447750013935   0.41372079268226483  0.0043398771007994066     
35.496480641587638   0.39525694668460442  0.0037118419427802068     
35.728483783035919   0.31854778469259057  0.0023101171760746301     
35.960486924484208   0.62672275756863043  0.0054477382483238687     
36.192490065932496   0.43370744633358621  0.0052406590671943583     
36.424493207380777   1.4843137404346316  0.028608208351579258     
36.656496348829066   3.9552410809032024  0.05641383737299325     
36.888499490277347   5.4592965431914438  0.047252793636129269     
37.120502631725635   3.1084605958712188  0.035268930255318375     
37.352505773173917   2.0682808201635887  0.022234201959168116     
37.584508914622205   0.90733752667984504  0.0089865062786071978     
37.816512056070486   0.60308576574745054  0.0063337266030761613     
38.048515197518775   0.65275057382490212  0.011058859965886413     
38.280518338967063   0.3041251508363745  0.0018056554751502439     
38.512521480415344   0.6258067534044488  0.0083921263487560409     
38.744524621863633   0.17455721285098513  0.00063816843285694154     
38.976527763311914   0.61786815503350893  0.0066867601649615649     
39.208530904760202   0.17229865633589251  0.0005358494835157326     
39.440534046208484   0.53596834819371468  0.0070844366039033711     
39.672537187656772   0.27357403754346557  0.0022002926962182499     
39.904540329105053   0.40718133263790439  0.0048047595524656925     
40.136543470553342   0.42334968781116047  0.0043667888261802908     
40.36854661200163   0.28407594627857272  0.0027179146577478766     
40.600549753449911   0.53865665123964728  0.0076658781177836129     
40.8325528948982   0.21334105326771541  0.00056054503532391189     
41.064556036346481   0.60575013274714888  0.0081712352283525416     
41.296559177794769   0.24305005231573915  0.00043315363245999032     
41.528562319243051   0.61782753384885888  0.0073673619570723027     
41.760565460691339   0.35077800485460549  0.0015242284182429775     
41.99256860213962   0.56990916879051126  0.005959083294900027     
42.224571743587909   0.45612513425706221  0.0031635513840156388     
42.456574885036197   0.45832891220914795  0.0044854443761866106     
42.688578026484478   0.56826226062285852  0.0075602779822474895     
42.920581167932767   0.3292135658168637  0.001425928154165209     
43.152584309381048   0.65599957166675755  0.0086875445056969962     
43.384587450829336   0.24313637944119023  0.00053338700639340912     
43.616590592277618   0.68426805086862525  0.01039646552197086     
43.848593733725906   0.27562834823826614  0.0011625733302396683     
44.080596875174187   0.64050702126988354  0.009512293503581836     
44.312600016622476   0.40651880375411386  0.0033735434970472711     
44.544603158070757   0.57780019203241405  0.0069155206835986065     
44.776606299519045   0.64545422643491334  0.0084060550221879499     
45.008609440967334   0.54109611696683998  0.0042596242538249924     
45.240612582415615   1.1459222807455082  0.014490100786752122     
45.472615723863903   0.51320862719749686  0.0033836405585423205     
45.704618865312185   3.5538921191548291  0.052621802220432812     
45.936622006760473   3.8835491009346316  0.040874514787665732     
46.168625148208754   3.2441218458983775  0.030389297391819086     
46.400628289657043   5.7375846548399664  0.055883351853396895     
