1.086001   0.00109   0.0001052087871277342   
1.0860030000000001   0.000702   8.4666666666666667e-05   
1.0860050000000001   0.00059   9.2339951628028627e-05   
1.0860070000000002   0.000522   6.9566914230513025e-05   
1.086009   0.000412   4.8e-05   
1.0860110000000001   0.000514   5.4654470184158872e-05   
1.0860130000000001   0.000492   6.5740229523312267e-05   
1.0860150000000002   0.000434   5.4491589565118518e-05   
1.086017   0.000502   5.2700411130591129e-05   
1.0860190000000001   0.000532   3.5677568427359072e-05   
1.0860210000000001   0.000526   6.2896740774065551e-05   
1.0860230000000002   0.000398   5.2616009393001713e-05   
1.086025   0.000674   0.00011282434725418682   
1.0860270000000001   0.000372   4.9549077802832124e-05   
1.0860290000000001   0.000618   0.000120718221030998   
1.086031   0.000792   0.00012202731934557387   
1.086033   0.000496   4.8424052792893005e-05   
1.0860350000000001   0.000528   5.4503822495919189e-05   
1.0860370000000001   0.000486   7.3396942110084607e-05   
1.086039   0.000444   6.2666666666666667e-05   
1.086041   0.000748   0.00012213653562031851   
1.0860430000000001   0.000626   8.4698156873557631e-05   
1.0860450000000001   0.000644   9.6138788564588573e-05   
1.086047   0.000546   6.3529520697074364e-05   
1.086049   0.000504   8.997777503361594e-05   
1.0860510000000001   0.000442   0.0001172063707028476   
1.0860530000000002   0.00043   5.9572551472040283e-05   
1.086055   0.000562   0.00013284744801630344   
1.0860570000000001   0.00055   8.4340579398847702e-05   
1.0860590000000001   0.00051   0.0001044030650891055   
1.0860610000000002   0.000332   3.6172426576668097e-05   
1.086063   0.00037   7.395193634306602e-05   
1.0860650000000001   0.000434   7.9277291129861954e-05   
1.0860670000000001   0.000662   0.00010316976301223145   
1.0860690000000002   0.000424   6.475938370443142e-05   
1.086071   0.00034   6.5251649617291499e-05   
1.0860730000000001   0.000454   9.7070421172809726e-05   
1.0860750000000001   0.00061   8.6371291526756736e-05   
1.0860770000000002   0.000704   0.00011872657663724664   
1.086079   0.000506   7.3032717173728226e-05   
1.0860810000000001   0.00058   0.00010528268824666496   
1.0860830000000001   0.000612   8.5904339561837943e-05   
1.086085   0.000816   0.00010896686550405026   
1.086087   0.000478   8.8916940018323967e-05   
1.0860890000000001   0.00047   7.5380516197637054e-05   
1.0860910000000001   0.000574   8.7282427912050099e-05   
1.086093   0.000518   0.0001095627673984187   
1.086095   0.000474   7.8996483747344378e-05   
1.0860970000000001   0.00049   8.703766745240566e-05   
1.0860990000000001   0.000526   7.63063999063425e-05   
1.086101   0.000412   7.9509608084669728e-05   
1.086103   0.000538   8.5137796802856277e-05   
1.0861050000000001   0.000492   5.0701742244884117e-05   
1.0861070000000002   0.000632   0.00013630684339223602   
1.086109   0.000562   8.4981043637847716e-05   
1.086111   0.000564   5.6474182892126322e-05   
1.0861130000000001   0.000704   8.0210833294373509e-05   
1.0861150000000002   0.000486   6.8834745748220951e-05   
1.086117   0.000498   8.3130419622823189e-05   
1.0861190000000001   0.000452   9.5181697587065317e-05   
1.0861210000000001   0.000544   7.2160315347918977e-05   
1.0861230000000002   0.000592   9.0046901359482906e-05   
1.086125   0.000426   7.7863127773463266e-05   
1.0861270000000001   0.000438   7.7428102851039241e-05   
1.0861290000000001   0.000596   9.783432708183542e-05   
1.0861310000000002   0.000548   5.0084373255981196e-05   
1.086133   0.00029   4.2609336483399452e-05   
1.0861350000000001   0.000524   5.2051256789181693e-05   
1.0861370000000001   0.000534   0.00010093121970486194   
1.086139   0.00049   7.1755758576499551e-05   
1.086141   0.000442   7.7485482511242066e-05   
1.0861430000000001   0.00061   8.3652721281365245e-05   
1.0861450000000001   0.000448   8.8e-05   
1.086147   0.000494   8.2410894641155034e-05   
1.086149   0.000584   7.1789816671849621e-05   
1.0861510000000001   0.00038   7.7688838037105147e-05   
1.0861530000000001   0.00064   0.00014793391918165504   
1.086155   0.00039   5.2174919474995093e-05   
1.086157   0.000438   7.3360600991116327e-05   
1.0861590000000001   0.00059   7.5733450704134402e-05   
1.0861610000000002   0.00052   4.9710271686152663e-05   
1.086163   0.000448   6.5875303077523336e-05   
1.086165   0.000384   5.5200644118625202e-05   
1.0861670000000001   0.000498   7.5274313163404037e-05   
1.0861690000000002   0.000572   6.6879659754583747e-05   
1.086171   0.000564   9.936688471406245e-05   
1.0861730000000001   0.0005   7.6825921551402312e-05   
1.0861750000000001   0.000438   6.9949187907286593e-05   
1.0861770000000002   0.000534   7.0304101350253149e-05   
1.086179   0.000626   0.00010371113729971338   
1.0861810000000001   0.000616   0.00011367790755756664   
1.0861830000000001   0.00047   5.8518752929675838e-05   
1.0861850000000002   0.000548   9.8486321667303402e-05   
1.086187   0.000368   4.7253453724451601e-05   
1.0861890000000001   0.000508   5.4012344268077583e-05   
1.0861910000000001   0.00045   6.6749947981669286e-05   
1.0861930000000002   0.00052   7.1802197428460054e-05   
1.086195   0.000408   6.9487009177575375e-05   
1.0861970000000001   0.00047   4.9103066208854118e-05   
1.0861990000000001   0.00036   7.5953201966005942e-05   
1.086201   0.000474   7.1743369805934758e-05   
1.086203   0.00058   8.9690826980491402e-05   
1.0862050000000001   0.00058   0.00010088497300281037   
1.0862070000000001   0.000376   8.7929264500253586e-05   
1.086209   0.000438   7.6967525619575429e-05   
1.086211   0.000516   9.2077262243304249e-05   
1.0862130000000001   0.000488   5.6741127549208568e-05   
1.0862150000000002   0.000526   7.9668758689407927e-05   
1.086217   0.00052   7.7974354758471711e-05   
1.086219   0.000446   7.3154326977667941e-05   
1.0862210000000001   0.000386   4.2900401448523118e-05   
1.0862230000000002   0.000388   5.4012344268077583e-05   
1.086225   0.000546   0.00011135728285318587   
1.0862270000000001   0.000534   0.00011442804629013718   
1.0862290000000001   0.000612   0.0001155931562756973   
1.0862310000000002   0.000556   0.00011954729422097162   
1.086233   0.000476   8.3255964083995541e-05   
1.0862350000000001   0.000506   0.00012183960312184577   
1.0862370000000001   0.000562   4.8575256618524987e-05   
1.0862390000000002   0.000432   5.5473717500572587e-05   
1.086241   0.000502   8.5710105718183677e-05   
1.0862430000000001   0.00055   6.9554135590759647e-05   
1.0862450000000001   0.000442   7.9802534072825309e-05   
1.0862470000000002   0.000442   5.7383698808014188e-05   
1.086249   0.000442   8.1128156504248128e-05   
1.0862510000000001   0.00033   6.8588952787197768e-05   
1.0862530000000001   0.000504   4.7962948662946531e-05   
1.086255   0.000342   7.0518713040503574e-05   
1.086257   0.000546   8.9742842487731454e-05   
1.0862590000000001   0.000464   7.0729531785999168e-05   
1.0862610000000001   0.000496   0.00010374327287427685   
1.086263   0.000408   7.0942856503589485e-05   
1.086265   0.000332   6.2339571880325118e-05   
1.0862670000000001   0.000474   8.0113807937347618e-05   
1.0862690000000002   0.000642   0.00013618451535406741   
1.086271   0.000508   9.1126285999156138e-05   
1.086273   0.000412   6.6077395697940625e-05   
1.0862750000000001   0.000498   0.00011571804814576967   
1.0862770000000002   0.000366   6.2400142449979854e-05   
1.086279   0.000432   7.4368452092716483e-05   
1.0862810000000001   0.000612   8.8100952195636216e-05   
1.0862830000000001   0.000364   6.4896498792735772e-05   
1.0862850000000002   0.00041   5.8214163988576602e-05   
1.086287   0.000578   8.0798789869925926e-05   
1.0862890000000001   0.000524   0.00010892607074933388   
1.0862910000000001   0.000358   4.5455717156615429e-05   
1.0862930000000002   0.000568   4.8552377216088332e-05   
1.086295   0.000458   0.00010299730309306377   
1.0862970000000001   0.00041   5.2429847309418029e-05   
1.0862990000000001   0.000436   5.8863306812384308e-05   
1.0863010000000002   0.000414   9.0972523324353271e-05   
1.086303   0.000458   6.6829800405374713e-05   
1.0863050000000001   0.000286   7.6189821425757974e-05   
1.0863070000000001   0.000356   4.9423341314268369e-05   
1.086309   0.000452   0.00010423051376636306   
1.086311   0.000682   0.00013321494744292857   
1.0863130000000001   0.000496   5.998518335574396e-05   
1.0863150000000001   0.000498   5.6682350770666603e-05   
1.086317   0.000494   7.671302945972665e-05   
1.086319   0.000456   8.0707978402248298e-05   
1.0863210000000001   0.000576   0.00011943571027497969   
1.0863230000000001   0.000504   8.3575647702479033e-05   
1.086325   0.000512   7.9061157761992498e-05   
1.086327   0.000452   7.8042723342196783e-05   
1.0863290000000001   0.000436   4.4998765415163213e-05   
1.0863310000000002   0.000404   6.7711807603171316e-05   
1.086333   0.000368   5.2425608670233333e-05   
1.0863350000000001   0.000508   9.5972218202283241e-05   
1.0863370000000001   0.000516   8.1801928800949159e-05   
1.0863390000000002   0.00042   7.4892515573245962e-05   
1.086341   0.000292   3.8895872388839524e-05   
1.0863430000000001   0.00038   8.8090862182180962e-05   
1.0863450000000001   0.000434   6.2328876846040543e-05   
1.0863470000000002   0.00052   7.441624673267107e-05   
1.086349   0.000398   6.3487531584293515e-05   
1.0863510000000001   0.000506   6.620171196175116e-05   
1.0863530000000001   0.00047   0.00010910749032236258   
1.0863550000000002   0.000394   8.0002777729554144e-05   
1.086357   0.000418   8.4771588531902729e-05   
1.0863590000000001   0.000398   6.1278961406922614e-05   
1.0863610000000001   0.00033   5.8137767414994532e-05   
1.086363   0.000328   4.0573664145874504e-05   
1.086365   0.000274   3.9220176213553939e-05   
1.0863670000000001   0.000418   5.8153054758780968e-05   
1.0863690000000001   0.0003   6.317524128257138e-05   
1.086371   0.000292   6.6613311982916248e-05   
1.086373   0.000536   7.085509469646092e-05   
1.0863750000000001   0.000428   7.7298842883390636e-05   
1.0863770000000001   0.000456   0.00010266666666666667   
1.086379   0.000382   6.0622694686982623e-05   
1.086381   0.000444   9.2414525072871767e-05   
1.0863830000000001   0.000562   8.8566359301938115e-05   
1.0863850000000002   0.000438   4.3456235967286035e-05   
1.086387   0.000442   5.7306195127577612e-05   
1.086389   0.00042   4.4020197384584474e-05   
1.0863910000000001   0.00036   7.8542274533456751e-05   
1.0863930000000002   0.000384   4.9333333333333333e-05   
1.086395   0.000348   6.4235677175711491e-05   
1.0863970000000001   0.000308   3.957552554574888e-05   
1.0863990000000001   0.00045   6.6147982248558085e-05   
1.0864010000000002   0.000462   0.00013434449912238478   
1.086403   0.000362   6.9182528301748428e-05   
1.0864050000000001   0.000384   8.2397410962562005e-05   
1.0864070000000001   0.000432   7.3163439564367727e-05   
1.0864090000000002   0.000336   6.9269201108589539e-05   
1.086411   0.000358   9.0502301996505407e-05   
1.0864130000000001   0.000286   4.2900401448523118e-05   
1.0864150000000001   0.00046   9.2279767855990814e-05   
1.086417   0.000556   0.00010765376599698374   
1.086419   0.000566   6.5255055146879021e-05   
1.0864210000000001   0.000534   0.00010215674231297707   
1.0864230000000001   0.00039   5.8137767414994532e-05   
1.086425   0.000378   6.1568390158153938e-05   
1.086427   0.000364   5.3897021150420631e-05   
1.0864290000000001   0.000448   4.6207262536435883e-05   
1.0864310000000001   0.000364   7.7848856410639999e-05   
1.086433   0.000284   6.3721616775192109e-05   
1.086435   0.000466   4.9355850717012264e-05   
1.0864370000000001   0.000356   5.1794465598813419e-05   
1.0864390000000002   0.00039   7.6550636836018549e-05   
1.086441   0.0003   5.4974741674902141e-05   
1.086443   0.000354   8.0941679964994275e-05   
1.0864450000000001   0.000354   5.4654470184158872e-05   
1.0864470000000002   0.000344   6.1521450640316414e-05   
1.086449   0.000288   4.3122564343456612e-05   
1.0864510000000001   0.00028   3.6878177829171549e-05   
1.0864530000000001   0.000372   5.8362849675304771e-05   
1.0864550000000002   0.00034   5.3416601664027012e-05   
1.086457   0.000332   8.6728183295730217e-05   
1.0864590000000001   0.00045   7.2372493240027166e-05   
1.0864610000000001   0.000424   8.3628809496355846e-05   
1.0864630000000002   0.00039   6.9426219830839127e-05   
1.086465   0.000342   6.9053924178459579e-05   
1.0864670000000001   0.000412   6.0969937947592938e-05   
1.0864690000000001   0.000368   6.627887211539503e-05   
1.0864710000000002   0.00034   8.0718991294214991e-05   
1.086473   0.000394   0.00010106323652930267   
1.0864750000000001   0.000418   6.5282292988051345e-05   
1.0864770000000001   0.000426   7.4776704631559925e-05   
1.086479   0.000406   8.4118963379252362e-05   
1.086481   0.000336   4.5782092569038388e-05   
1.0864830000000001   0.000388   8.6007751588640738e-05   
1.0864850000000001   0.000342   5.6995126497310667e-05   
1.086487   0.000324   6.22396800905803e-05   
1.086489   0.000492   4.8735111686658841e-05   
1.0864910000000001   0.00033   4.9103066208854118e-05   
1.0864930000000002   0.000454   6.5050407804682943e-05   
1.086495   0.000336   3.6123245824384177e-05   
1.086497   0.000434   5.6415127994773411e-05   
1.0864990000000001   0.00044   8.2408198081933032e-05   
1.0865010000000002   0.000524   8.293504821378126e-05   
1.086503   0.000298   6.5554048946905891e-05   
1.0865050000000001   0.000356   0.00010514751542475932   
1.0865070000000001   0.000352   5.8817986666967406e-05   
1.0865090000000002   0.000374   5.2412890696002554e-05   
1.086511   0.000476   0.00011410716210845156   
1.0865130000000001   0.000456   0.00012353317143360501   
1.0865150000000001   0.000606   8.6925255248402924e-05   
1.0865170000000002   0.000224   5.2645565393065688e-05   
1.086519   0.000222   3.8810078874207692e-05   
1.0865210000000001   0.000338   6.4940998863070572e-05   
1.0865230000000001   0.000352   4.7534782586602366e-05   
1.0865250000000002   0.000242   5.8e-05   
1.086527   0.00035   6.7280507330627841e-05   
1.0865290000000001   0.000236   4.4800793643763847e-05   
1.0865310000000001   0.000206   5.8579480669903139e-05   
1.086533   0.000324   5.3233239407139012e-05   
1.086535   0.000564   8.3149129747567279e-05   
1.0865370000000001   0.00047   9.5603347221736959e-05   
1.0865390000000001   0.000408   7.7643057928216895e-05   
1.086541   0.000372   8.6317244318077409e-05   
1.086543   0.00028   4.751607914988123e-05   
1.0865450000000001   0.000454   7.0870774418420649e-05   
1.0865470000000002   0.00037   5.45078995294362e-05   
1.086549   0.000362   0.00010316976301223145   
1.086551   0.000528   0.00010120166884877827   
1.0865530000000001   0.000296   5.3149683807985997e-05   
1.0865550000000002   0.000366   8.0445979113660837e-05   
1.086557   0.000334   4.5806355696805026e-05   
1.0865590000000001   0.000296   8.2612885731518233e-05   
1.0865610000000001   0.000348   7.0628920736794814e-05   
1.0865630000000002   0.00041   8.8956918411854473e-05   
1.086565   0.000412   7.4726166769077617e-05   
1.0865670000000001   0.00034   5.7426281246288078e-05   
1.0865690000000001   0.000384   6.1737796814881203e-05   
1.0865710000000002   0.000358   6.7425679249246145e-05   
1.086573   0.000244   3.3967304540951991e-05   
1.0865750000000001   0.000456   8.2451332446614968e-05   
1.0865770000000001   0.000326   6.8575991911649857e-05   
1.0865790000000002   0.000302   6.4940998863070572e-05   
1.086581   0.00022   3.723797345005051e-05   
1.0865830000000001   0.000336   5.6552826827862657e-05   
1.0865850000000001   0.000278   4.3964632250126793e-05   
1.086587   0.00042   7.8824700020573078e-05   
1.086589   0.000368   5.7596296177213803e-05   
1.0865910000000001   0.000252   5.3516352641038608e-05   
1.0865930000000001   0.000336   4.906231864793093e-05   
1.086595   0.000232   4.474123129483338e-05   
1.086597   0.000346   4.8812566687961274e-05   
1.0865990000000001   0.000244   6.651983831075425e-05   
1.0866010000000002   0.000316   8.91839547103501e-05   
1.086603   0.00028   4.8258562855610287e-05   
1.086605   0.000378   7.632969423639939e-05   
1.0866070000000001   0.000252   5.7827329179203841e-05   
1.0866090000000002   0.000388   9.0637250129905812e-05   
1.086611   0.000376   6.1593650466405852e-05   
1.0866130000000001   0.000394   6.4225297888673813e-05   
1.0866150000000001   0.000308   9.151563315145184e-05   
1.0866170000000002   0.000356   7.6987733510677603e-05   
1.086619   0.000312   2.8627880738111851e-05   
1.0866210000000001   0.000328   7.8779579982519723e-05   
1.0866230000000001   0.000384   7.6524505878835964e-05   
1.0866250000000002   0.000342   5.1246680109273637e-05   
1.086627   0.00026   7.6419892698171201e-05   
1.0866290000000001   0.00024   4.6761807778000485e-05   
1.0866310000000001   0.00033   5.7831171909658241e-05   
1.0866330000000002   0.0003   7.2602418080330569e-05   
1.086635   0.00025   2.4449494427856331e-05   
1.0866370000000001   0.000364   5.4552726787943424e-05   
1.0866390000000001   0.000372   7.2614660289013877e-05   
1.086641   0.000308   5.9568821076503138e-05   
1.086643   0.00027   5.3769053470477896e-05   
1.0866450000000001   0.000336   5.119027685453991e-05   
1.0866470000000001   0.000292   4.4840457922133965e-05   
1.086649   0.000296   5.7873425104561881e-05   
1.086651   0.000266   5.2157879984183065e-05   
1.0866530000000001   0.00024   4.491968140779471e-05   
1.0866550000000001   0.000284   4.3797513881751578e-05   
1.086657   0.000266   4.8721430374915901e-05   
1.086659   0.00042   7.447594690010102e-05   
1.0866610000000001   0.000438   8.3610206713454947e-05   
1.0866630000000002   0.00034   6.1824123303304692e-05   
1.086665   0.000288   4.3532873912838687e-05   
1.086667   0.000376   9.7104754432176663e-05   
1.0866690000000001   0.000342   5.4115103662881811e-05   
1.0866710000000002   0.000354   5.9929588314584271e-05   
1.086673   0.000242   6.2995590674621382e-05   
1.0866750000000001   0.000304   5.6395429286817601e-05   
1.0866770000000001   0.000304   7.4523672599904641e-05   
1.0866790000000002   0.000206   3.9106691669499906e-05   
1.086681   0.000328   5.3015720938856115e-05   
1.0866830000000001   0.00038   9.4233751915117972e-05   
1.0866850000000001   0.000456   6.2382333681544453e-05   
1.0866870000000002   0.00021   4.7258156262526084e-05   
1.086689   0.000328   5.8590860113919551e-05   
1.0866910000000001   0.000316   4.0639335077675121e-05   
1.0866930000000001   0.000232   4.5917800953926838e-05   
1.086695   0.000378   5.1072932600786147e-05   
1.086697   0.0003   5.5136195008360887e-05   
1.0866990000000001   0.00038   7.4892515573245962e-05   
1.0867010000000001   0.000296   7.4224883518489494e-05   
1.086703   0.000278   3.3393279430315183e-05   
1.086705   0.000354   8.4907793124855938e-05   
1.0867070000000001   0.000262   4.9661073510569848e-05   
1.0867090000000001   0.000254   3.4775470281986602e-05   
1.086711   0.000276   5.8712103616810658e-05   
1.086713   0.000272   6.0604363612605395e-05   
1.0867150000000001   0.000274   4.9804060521652694e-05   
1.0867170000000002   0.00027   8.9950603728441485e-05   
1.086719   0.000202   3.2991581417756325e-05   
1.086721   0.000332   6.4235677175711491e-05   
1.0867230000000001   0.000382   7.8284381867933558e-05   
1.0867250000000002   0.000274   5.5059563706549252e-05   
1.086727   0.000362   8.2809017222361318e-05   
1.0867290000000001   0.000314   6.4501507303662637e-05   
1.0867310000000001   0.00028   5.215361924162119e-05   
1.0867330000000002   0.00037   6.6549897737629086e-05   
1.086735   0.000248   6.29779502859709e-05   
1.0867370000000001   0.000292   4.6685710400030924e-05   
1.0867390000000001   0.000154   3.7004504230341113e-05   
1.0867410000000002   0.000288   6.6613311982916248e-05   
1.086743   0.00034   9.0086378301913967e-05   
1.0867450000000001   0.00033   7.9847076061403498e-05   
1.0867470000000001   0.000262   3.6690901082178702e-05   
1.0867490000000002   0.00023   5.6194108034364046e-05   
1.086751   0.000332   7.2307983269099993e-05   
1.0867530000000001   0.000354   5.0512924638705642e-05   
1.0867550000000001   0.000244   3.2359096265364259e-05   
1.086757   0.000424   5.7873425104561881e-05   
1.086759   0.000274   6.0739882559429874e-05   
1.0867610000000001   0.000202   2.0099751242241781e-05   
1.0867630000000001   0.000224   5.1880203888916585e-05   
1.086765   0.000286   7.7806026616051907e-05   
1.086767   0.0002   4.2895221179054433e-05   
1.0867690000000001   0.000292   6.0896998648902595e-05   
1.0867710000000002   0.000314   3.3737549143679987e-05   
1.086773   0.00035   6.0166435825965294e-05   
1.086775   0.000228   4.7814456205442954e-05   
1.0867770000000001   0.000258   5.1850211614268697e-05   
1.0867790000000002   0.000244   3.3572475498704457e-05   
1.086781   0.000232   4.6207262536435883e-05   
1.0867830000000001   0.000182   3.352610922848042e-05   
1.0867850000000001   0.000242   5.378558253741321e-05   
1.0867870000000002   0.00017   3.6787679096857053e-05   
1.086789   0.000222   4.6038631121652125e-05   
1.0867910000000001   0.000252   6.1042790092051184e-05   
1.0867930000000001   0.000198   3.7647487742654666e-05   
1.0867950000000002   0.00026   5.2068331172711029e-05   
1.086797   0.000236   8.2018967995891725e-05   
1.0867990000000001   0.000312   4.5723808531952658e-05   
1.0868010000000001   0.00027   5.6194108034364046e-05   
1.0868030000000002   0.000274   6.1249943310631362e-05   
1.086805   0.000288   4.7347415745505876e-05   
1.0868070000000001   0.000164   6.0354508254700134e-05   
1.0868090000000001   0.000436   7.1665891468675669e-05   
1.086811   0.000372   6.8973424834013668e-05   
1.086813   0.000272   4.0353989201124149e-05   
1.0868150000000001   0.000192   4.1333333333333333e-05   
1.0868170000000001   0.0002   5.0596442562694069e-05   
1.086819   0.000298   8.796211305632291e-05   
1.086821   0.000228   4.5038255344145431e-05   
1.0868230000000001   0.000162   2.259793500890439e-05   
1.0868250000000002   0.000336   7.3684010024789865e-05   
1.086827   0.00034   4.5411696975803736e-05   
1.086829   0.0003   9.6563162978666168e-05   
1.0868310000000001   0.0003   6.5455667779379078e-05   
1.0868330000000002   0.000238   3.6447831820897721e-05   
1.086835   0.000172   2.9393876913398137e-05   
1.0868370000000001   0.000238   7.1953688809770784e-05   
1.0868390000000001   0.000316   6.4484278876499985e-05   
1.0868410000000002   0.00037   6.8394281762277304e-05   
1.086843   0.000312   9.4054357805591455e-05   
1.0868450000000001   0.000224   6.9716887799473984e-05   
1.0868470000000001   0.000272   7.2430809896219041e-05   
1.0868490000000002   0.000218   4.8299988497813215e-05   
1.086851   0.000228   5.7827329179203841e-05   
1.0868530000000001   0.000218   3.74106342575952e-05   
1.0868550000000001   0.000272   5.2679323373702429e-05   
1.0868570000000002   0.00022   6.3245553203367587e-05   
1.086859   0.000294   4.9893219312180421e-05   
1.0868610000000001   0.000268   6.0088823142633328e-05   
1.0868630000000001   0.000384   9.8061205377050103e-05   
1.086865   0.000304   4.2247945380679625e-05   
1.086867   0.00032   6.8247914091038546e-05   
1.0868690000000001   0.00022   4.4522154285504e-05   
1.0868710000000001   0.000138   4.2630192743328446e-05   
1.086873   0.0002   5.5537774932422747e-05   
1.086875   0.000258   5.1072932600786147e-05   
1.0868770000000001   0.000178   3.9938842135333757e-05   
1.0868790000000002   0.000198   4.7744691386117007e-05   
1.086881   0.000272   5.5473717500572587e-05   
1.086883   0.00028   4.7609522856952333e-05   
1.0868850000000001   0.000228   6.9166465863162331e-05   
1.0868870000000002   0.000286   5.068859174738763e-05   
1.086889   0.00021   4.0469467228736503e-05   
1.0868910000000001   0.000284   6.605048574133779e-05   
1.0868930000000001   0.000338   5.0811197366109941e-05   
1.0868950000000002   0.00015   3.6423435679060627e-05   
1.086897   0.000224   5.5281099844341013e-05   
1.0868990000000001   0.000144   4.2978030563429859e-05   
1.0869010000000001   0.000224   4.7403703559016474e-05   
1.0869030000000002   0.000198   3.5584016386886714e-05   
1.086905   0.000268   9.2241229634282545e-05   
1.0869070000000001   0.000176   4.5782092569038388e-05   
1.0869090000000001   0.00024   5.6174331821175724e-05   
1.0869110000000002   0.00022   4.3614472623456336e-05   
1.086913   0.000194   3.2937651538761668e-05   
1.0869150000000001   0.000184   4.1182520563948001e-05   
1.0869170000000001   0.000222   3.5956764160431468e-05   
1.086919   0.000184   5.3399958385335429e-05   
1.086921   0.000296   7.1789816671849621e-05   
1.0869230000000001   0.000126   2.7170245163086442e-05   
1.0869250000000001   0.00013   4.2400209643087589e-05   
1.086927   0.000186   4.8078639285607445e-05   
1.086929   0.000326   0.0001196309138791289   
1.0869310000000001   0.000284   5.1363627424688594e-05   
1.0869330000000001   0.000248   6.2053740150507178e-05   
1.086935   0.00021   8.3226598312478606e-05   
1.086937   0.000254   3.7481847458321593e-05   
1.0869390000000001   0.00024   4.4121045620731459e-05   
1.0869410000000002   0.000278   4.2630192743328446e-05   
1.086943   0.000264   8.6707682602075246e-05   
1.0869450000000001   0.000286   4.9893219312180421e-05   
1.0869470000000001   0.000252   6.6211781428987394e-05   
1.0869490000000002   0.000242   6.5077731299662799e-05   
1.086951   0.000256   5.51200709562517e-05   
1.0869530000000001   0.000244   6.0794736614282655e-05   
1.0869550000000001   0.000254   3.5282982993064644e-05   
1.0869570000000002   0.00025   3.9015666369065417e-05   
1.086959   0.000228   3.4409301068170507e-05   
1.0869610000000001   0.000184   4.0199502484483561e-05   
1.0869630000000001   0.00015   2.9097537123726927e-05   
1.0869650000000002   0.000262   5.1935857876166187e-05   
1.086967   0.000188   3.785351884420904e-05   
1.0869690000000001   0.000252   5.6190153348547941e-05   
1.0869710000000001   0.000204   5.4471195242174658e-05   
1.086973   0.000224   6.6252043993625837e-05   
1.086975   0.000188   5.0964039609643713e-05   
1.0869770000000001   0.000194   3.1699982474583308e-05   
1.0869790000000001   0.000202   4.8391918517225351e-05   
1.086981   0.000168   3.2957885584822067e-05   
1.086983   0.000112   3.7617962612442358e-05   
1.0869850000000001   0.000144   4.8515747729760672e-05   
1.0869870000000001   0.00013   3.6423435679060627e-05   
1.086989   0.000254   8.2518684752808157e-05   
1.086991   0.000238   6.6629989911117018e-05   
1.0869930000000001   9.6e-05   3.7806525010020867e-05   
1.0869950000000002   0.000178   2.756003547812585e-05   
1.086997   0.000252   5.8666666666666667e-05   
1.086999   0.000176   3.0666666666666667e-05   
