0.50882954214656695   0.00014896222074429241  6.9120170272647629e-06     
1.0176590842931339   0.00016442990211141882  7.6075261223552678e-06     
1.5264886264397008   0.00019497119374640798  8.9907920085423126e-06     
2.0353181685862678   0.00025028637643892812  1.1509442736110044e-05     
2.544147710732835   0.00035292184469943763  1.6214281341908567e-05     
3.0529772528794017   0.00056023435171155507  2.5754601370449348e-05     
3.5618067950259684   0.0010493993143457525  4.8359910663162013e-05     
4.0706363371725356   0.0025752874669592561  0.00011902639655153989     
4.5794658793191028   0.011519137360697778  0.00053334707511501384     
5.0882954214656699   99.95063094029432  0.0021897129572777421     
5.5971249636122362   0.018831632961232363  0.00087552449251006414     
6.1059545057588034   0.0060259673588564574  0.00027902785990710139     
6.6147840479053706   0.0036897024303109035  0.00017022145122048393     
7.1236135900519368   0.0030703911398721109  0.00014120653822152874     
7.632443132198504   0.003164362319104507  0.00014535073705051156     
8.1412726743450712   0.0039484706389054501  0.00018142345889488877     
8.6501022164916375   0.0060961468208033668  0.00028069105627747534     
9.1589317586382055   0.01271708686524971  0.00058704401892654292     
9.6677613007847718   0.048884798454279328  0.0022580391145003997     
10.17659084293134   99.802962893875463  0.0087373293129512716     
10.685420385077906   0.071526174435455803  0.0033313148641299297     
11.194249927224472   0.020545461833523405  0.00095194056144777063     
11.70307946937104   0.011596466900977984  0.00053512797172764126     
12.211909011517607   0.0090021772229128353  0.00041396611331440125     
12.720738553664173   0.0087239255274934487  0.00040055872604993065     
13.229568095810741   0.010295046459269722  0.00047269667200690026     
13.738397637957307   0.015090191317808112  0.00069407367630294885     
14.247227180103874   0.02991087418931673  0.0013787481990311862     
14.756056722250442   0.10815697782759275  0.0049828596387372833     
15.264886264397008   99.558307187654123  0.019578587081704952     
15.773715806543576   0.16202521140740209  0.0075583569012382649     
16.282545348690142   0.043937136194218634  0.0020366444056744061     
16.79137489083671   0.023880590263748065  0.001102046725522124     
17.300204432983275   0.017956922765338605  0.00082549977971485348     
17.809033975129843   0.016906559336372876  0.0007757878317945559     
18.317863517276411   0.019415449853999401  0.00089063536543039231     
18.826693059422976   0.027706121315233114  0.0012727139902440975     
19.335522601569544   0.053360991782571938  0.0024555907705265701     
19.844352143716112   0.18527936741599247  0.0085115321918741118     
20.35318168586268   99.218829232947083  0.034607396268867421     
20.862011228009244   0.29388674674346228  0.013729258752568554     
21.370840770155812   0.07623185430091672  0.0035344906121565217     
21.87967031230238   0.040408608731964572  0.001864514401606807     
22.388499854448945   0.029777100095335896  0.0013681886106310711     
22.897329396595513   0.027528602349953447  0.0012621587453771172     
23.406158938742081   0.03106578663842702  0.0014234402492489014     
23.914988480888645   0.043547700799213526  0.0019974126500281047     
24.423818023035214   0.082177709250368924  0.0037745134636834248     
24.932647565181782   0.27628908320393766  0.012652636588515976     
25.441477107328346   98.78751868623746  0.053677339551356598     
25.950306649474914   0.4703669999341463  0.022001804974944452     
26.459136191621482   0.11726895091949938  0.0054374855721932319     
26.967965733768047   0.060949450837667072  0.002811330218022492     
27.476795275914615   0.044239655997017299  0.00203124818011424     
27.985624818061183   0.040352368831020442  0.0018481926026555732     
28.494454360207747   0.044949371916499613  0.0020567806366265214     
29.003283902354315   0.062158927194778843  0.0028461157827206584     
29.512113444500883   0.11540109419666505  0.0052891327103792904     
30.020942986647452   0.37737298176292771  0.017222379548097485     
30.529772528794016   98.268148389054987  0.076603735295049827     
31.038602070940584   0.6943555356978555  0.032515714082273577     
31.547431613087152   0.16669225729842959  0.0077281071903234984     
32.05626115523372   0.085178063708246182  0.0039267411043367228     
32.565090697380285   0.061060958337676677  0.0028009766970495371     
33.073920239526849   0.055092073226216672  0.0025201065759529895     
33.582749781673421   0.060724547982472108  0.0027741835593242075     
34.091579323819985   0.083036273416547165  0.0037945231051508687     
34.60040886596655   0.15202552118119015  0.0069509520456006444     
35.109238408113121   0.48491869803106746  0.022047090430603653     
35.618067950259686   97.665222784887634  0.10316622589517039     
36.12689749240625   0.96831390074328872  0.045389575458244812     
36.635727034552822   0.22395058183024669  0.010379347701878213     
37.144556576699387   0.11268144305233867  0.0051907472309184974     
37.653386118845951   0.079903295550949193  0.0036610799917491303     
38.162215660992523   0.071420939194045315  0.0032621674019079954     
38.671045203139087   0.07801351475728303  0.0035574716568037147     
39.179874745285652   0.1056417818867023  0.0048167357079766992     
39.688704287432223   0.19102422460691995  0.0087105714253225243     
40.197533829578788   0.59555970101294221  0.026965408019715473     
40.706363371725359   96.983916686724091  0.13311184535228492     
41.215192913871924   1.2942189506041092  0.060718027442521242     
41.724022456018488   0.28830281000053229  0.013354990466168248     
42.23285199816506   0.14296696357417172  0.0065795218678549898     
42.741681540311625   0.1003827739256085  0.0045930649176672461     
43.250511082458189   0.088979307341545649  0.0040570929520423969     
43.759340624604761   0.096411935240520806  0.0043872373564347202     
44.268170166751325   0.12941666463090551  0.0058859255490109554     
44.77699970889789   0.23137332226500529  0.010518864229737716     
45.285829251044461   0.70621380202114078  0.031830132070279281     
45.794658793191026   96.230005427419528  0.16615851185337263     
46.30348833533759   1.6735119881600692  0.078569234981541797     
46.812317877484162   0.35882768589593258  0.016610122502595916     
47.321147419630726   0.17547284555949801  0.0080659362849973407     
47.829976961777291   0.12207841993162233  0.0055766907833064157     
48.338806503923863   0.10738353023413372  0.0048864906890679217     
48.847636046070427   0.11549906137565361  0.0052433400984395219     
49.356465588216992   0.15379505900822031  0.0069750086755639808     
49.865295130363563   0.27207477015521812  0.012328094891508953     
50.374124672510128   0.81411469527220565  0.036509721435305609     
50.882954214656692   95.409787563591678  0.20199888420070359     
