0.46400628289657042   97.480683273903168  3.4710041576245116e-05     
0.92801256579314084   2.1161667102537306  1.215469751419869e-05     
1.3920188486897112   10.046694605440554  2.1374679606139169e-05     
1.8560251315862817   2.3486781254722104  5.9785959681388223e-06     
2.3200314144828522   2.8503645028293974  8.8982016863724802e-06     
2.7840376973794223   2.6330457168830756  8.120751608220136e-06     
3.2480439802759928   0.77558987405755623  4.3856310596369976e-06     
3.7120502631725634   2.8359697083866193  7.7307771619726863e-06     
4.1760565460691339   0.061065793625446457  1.1932086186243325e-06     
4.6400628289657044   2.84716127061723  4.6482724157422862e-06     
5.104069111862275   0.11426906277946048  2.4192582199661052e-06     
5.5680753947588446   2.6490582071876453  1.1578316414978545e-05     
6.0320816776554151   0.88476357369820278  9.5021075412010072e-06     
6.4960879605519857   2.325749461714516  1.919003828939526e-05     
6.9600942434485562   2.8759546611059847  2.9544520885127978e-05     
7.4241005263451267   1.9941778905225654  2.0867091015172273e-05     
7.8881068092416973   9.6691731458770462  0.00010753402885303865     
8.3521130921382678   1.6629760922720546  6.0719060749579161e-05     
8.8161193750348374   90.888880971441017  0.00026487968621489381     
9.2801256579314089   192.14329383197326  0.0011869368908222168     
9.7441319408279785   96.403827768096473  0.001316667673699012     
10.20813822372455   2.4138221410105285  0.00017774882493869569     
10.67214450662112   9.7174637996727007  0.00016618265236685664     
11.136150789517689   2.5759858568667937  3.7961434520414533e-05     
11.600157072414261   2.5832687756388415  4.1347419451537763e-05     
12.06416335531083   2.7504872817912817  3.5837297664369096e-05     
12.528169638207402   0.60397432295753026  1.5678456320877369e-05     
12.992175921103971   2.7765196210476867  3.9832058032089787e-05     
13.456182204000543   0.021286501664217676  1.98310542232751e-06     
13.920188486897112   2.5972104125642087  3.7502053852264674e-05     
14.384194769793684   0.16532340292676018  9.8508704304921853e-06     
14.848201052690253   2.2678905583523565  3.7698823751651075e-05     
15.312207335586823   0.90507847576806684  2.8678024251533526e-05     
15.776213618483395   1.9029578555768142  4.3386307066471501e-05     
16.240219901379966   2.6720674497604496  7.0124853407484982e-05     
16.704226184276536   1.5773424646650719  3.6821718136759485e-05     
17.168232467173105   8.7228766134832265  0.00017908555628747265     
17.632238750069675   1.1159286564704725  2.6698242672615763e-05     
18.096245032966248   77.743001748407963  0.0013779860738962845     
18.560251315862818   170.12419468287499  0.0042361955219967089     
19.024257598759387   88.043957301838016  0.0033350802039149967     
19.488263881655957   2.5294308868715188  0.00037755719784655423     
19.952270164552527   8.6872442781695961  0.00029491481050874805     
20.4162764474491   2.6241513739747945  7.018241622843154e-05     
20.88028273034567   2.1241775107476993  7.2947765786457045e-05     
21.344289013242239   2.6396313635945901  7.0456101976646144e-05     
21.808295296138809   0.41205756559344214  2.424223591606505e-05     
22.272301579035378   2.4789078079969323  9.0679417468652473e-05     
22.736307861931952   0.0023804927903999155  1.1384694430012133e-06     
23.200314144828521   2.1596326475504578  8.3355020170789334e-05     
23.664320427725091   0.19760085221669098  2.0358544656375233e-05     
24.128326710621661   1.7831228319718078  6.2475985283541149e-05     
24.592332993518234   0.83621879791027122  4.9230786816945626e-05     
25.056339276414803   1.4478988686416947  5.6002619297601086e-05     
25.520345559311373   2.3029978145002838  9.5833963543649233e-05     
25.984351842207943   1.1586356759424731  3.9810908515037527e-05     
26.448358125104512   7.4304374764029873  0.00019613179758307484     
26.912364408001086   0.57374907674785216  8.1607775148314721e-05     
27.376370690897655   60.403664103358066  0.0032890576992181457     
27.840376973794225   138.16147749963783  0.0078450519313015434     
28.304383256690794   74.136306548267376  0.0052947375805513575     
28.768389539587368   2.4650958963484796  0.00054080903164874621     
29.232395822483937   7.1189850200431193  0.000389080216575115     
29.696402105380507   2.4720551879867326  0.00010028800055861247     
30.160408388277077   1.5687659226624667  9.7914925183141552e-05     
30.624414671173646   2.3151906171040996  0.00011010741721454142     
31.088420954070219   0.24092798530693952  2.6365406527203239e-05     
31.552427236966789   2.0104000166737169  0.00013981908933542332     
32.016433519863362   0.0016551585355862146  1.561604784553703e-06     
32.480439802759932   1.6347449745002661  0.00011559992651110829     
32.944446085656502   0.20141394479997105  3.0572240395731924e-05     
33.408452368553071   1.2907688274213896  7.1694673293032728e-05     
33.872458651449641   0.70249976298801877  6.1412499176410889e-05     
34.33646493434621   1.0283449461705487  5.4071661612684394e-05     
34.80047121724278   1.8575699850060955  9.3945069561525894e-05     
35.26447750013935   0.78312607684563041  3.5430744867230292e-05     
35.728483783035919   6.0236383248938914  0.00030138615100213111     
36.192490065932496   0.16201778973753822  0.00013678832440282557     
36.656496348829066   41.889547990076026  0.0050569780803805134     
37.120502631725635   101.98739137231897  0.010503543041599816     
37.584508914622205   57.267685711837075  0.0064291775970590173     
38.048515197518775   2.2446747490915314  0.00061153448351036868     
38.512521480415344   5.2900294412388539  0.00042963397882777412     
38.976527763311914   2.1400376981459764  0.00012547929535537733     
39.440534046208484   1.0254510385117038  0.00010307952637459914     
39.904540329105053   1.8430089022504437  0.00013817859760728678     
40.36854661200163   0.11628564486837696  2.1438084970243999e-05     
40.8325528948982   1.472927499508735  0.00016416249375229399     
41.296559177794769   0.0099058903473561817  6.6690551480673591e-06     
41.760565460691339   1.1245716099277542  0.00011772195615061303     
42.224571743587909   0.17810445606766594  3.5602707323306166e-05     
42.688578026484478   0.86330724162175052  6.3779498840729305e-05     
43.152584309381048   0.54096363058901391  5.8500386968711677e-05     
43.616590592277618   0.68378360380592139  4.4682630191352526e-05     
44.080596875174187   1.4175539991046504  8.0810812451207231e-05     
44.544603158070757   0.47725805562249995  3.6592723949383052e-05     
45.008609440967334   4.6826913458194975  0.00056484123394117389     
45.472615723863903   0.0037000032957945869  1.2006080235729106e-05     
45.936622006760473   25.128849485736919  0.0058800338211614377     
46.400628289657043   67.360416917651602  0.011152093445238153     
