0.42972788892272645   10.059402067338555  7.0393465359134891e-05
0.85945577784545291   4.5256390871983738  2.2136519458913379e-05
1.2891836667681793   0.5943050058790543  6.3066849041552059e-06
1.7189115556909058   0.0010369070276332983  8.8191173479178311e-08
2.1486394446136323   0.001094065306368229  7.5934678312978931e-08
2.5783673335363586   0.0036340614394899248  2.7708275456854138e-07
3.0080952224590853   0.013230874760138952  8.5576247850490813e-07
3.4378231113818116   0.049350588391489893  1.319110503671239e-06
3.8675510003045379   5.6305872714650954e-05  1.1455039007398837e-07
4.2972788892272646   0.34094853403661683  3.0617717291137166e-06
4.7270067781499909   0.032469960682605049  2.0336397160409088e-06
5.1567346670727172   0.28215125590451529  1.319125170796706e-05
5.5864625559954435   2.4289316672719309  4.6403429581158493e-05
6.0161904449181707   0.026169582488123221  4.8489081963459552e-06
6.445918333840897   0.0036127070473404155  5.922988260343979e-07
6.8756462227636232   0.014409835217217937  1.0069054310600422e-06
7.3053741116863495   0.10185477151526712  3.1766531916294969e-06
7.7351020006090758   0.0086696427836975603  1.8302395104633752e-06
8.1648298895318021   0.012428936515881579  5.8549482942566505e-06
8.5945577784545293   0.31457639113383495  3.050017310701296e-05
9.0242856673772547   0.00010568579408206031  2.5358461747902927e-07
9.4540135562999819   0.0020076936113048139  1.4900036085479846e-06
9.883741445222709   0.02916112995073024  5.2294166809504539e-06
10.313469334145434   0.00093341713450623064  9.3811965053141993e-07
10.743197223068162   0.013079415291629307  4.0746807045747994e-06
11.172925111990887   0.001371081858849058  1.0420680123654384e-06
11.602653000913614   0.00242623958715276  1.1633729714233442e-06
12.032380889836341   0.016025328756415959  4.7283341747168527e-06
12.462108778759067   0.010833912640826677  8.0770608360927492e-06
12.891836667681794   2.0621295895367021  1.6562332747115097e-05
13.321564556604519   0.0035452983923928877  3.890065949670136e-06
13.751292445527246   0.049207843430556938  4.4309183157662274e-06
14.181020334449974   0.00013765299873401578  2.3098445307431149e-07
14.610748223372699   0.13570430412910495  7.0167071015629119e-06
15.040476112295426   0.13005340302533117  5.915220680811663e-06
15.470204001218152   0.0018841920473913191  9.7831065103511581e-07
15.899931890140879   0.0078620034568415483  4.0152552497882371e-06
16.329659779063604   2.3710456807493209  0.00017658164971670237
16.759387667986331   0.66734484515449227  0.00013513291671137728
17.189115556909059   0.067585090221050489  1.4252464827236032e-05
17.618843445831786   0.013389475223057402  2.3575258833211931e-06
18.048571334754509   0.0002428400427381852  3.1253680785643441e-07
18.478299223677237   0.0076988394308413661  1.8218339935704109e-06
18.908027112599964   0.0034883953011678524  2.0677315596085075e-06
19.337755001522691   0.23806629901638033  2.9094123794939003e-05
19.767482890445418   0.052823607360834052  2.0335740690427668e-05
20.197210779368142   0.40240607809801246  7.4332037434708175e-05
20.626938668290869   2.0506118347283225  0.00021182641505581191
21.056666557213596   2.2121237044254313  0.00040331376564393313
21.486394446136323   7.2426552533426652  0.0014126054441187546
21.91612233505905   6.9215988936249838  0.00097053712738930571
22.345850223981774   0.035494138113322494  1.4605585069538689e-05
22.775578112904501   0.38837504359236688  3.4325027668248323e-05
23.205306001827228   0.16060564900597816  2.0249853643843636e-05
23.635033890749956   0.0053685584952109882  2.3051153433204981e-06
24.064761779672683   0.019715083110734788  2.5594603577653521e-06
24.494489668595406   0.0027632128687454894  2.6205536385704288e-06
24.924217557518134   0.015553508172961691  1.3898715477823182e-05
25.353945446440861   0.015311556011443507  1.5223978018802172e-05
25.783673335363588   0.33923857897555411  2.8396448733778371e-05
26.213401224286315   0.0031080600549091088  1.8500741720239991e-06
26.643129113209039   0.0026014939822522735  2.5170515668705453e-06
27.072857002131766   0.063392959331789353  2.3041176320262983e-05
27.502584891054493   1.4328722913703741  0.00010038704354525741
27.93231277997722   0.011490072443860615  1.6833939479257296e-05
28.362040668899947   0.0076740364963539734  4.7638233905428706e-06
28.791768557822671   0.0090748535068569152  3.3600189157012316e-06
29.221496446745398   0.0075696720164584172  3.6918502590703115e-06
29.651224335668125   0.015104389561482589  1.568546019002579e-05
30.080952224590852   0.090810121486997206  5.9120073887770592e-05
30.51068011351358   0.073783026254695572  6.9626840947302505e-05
30.940408002436303   0.016536911334359739  1.0620303402731698e-05
31.37013589135903   0.021157475566032013  1.3417159064346387e-05
31.799863780281758   0.079302506604688679  2.0372220717346001e-05
32.229591669204481   0.036370210788441414  1.4635488792566118e-05
32.659319558127208   0.036883857857659706  1.0153586039974118e-05
33.089047447049936   0.01549669987875977  6.9721049219915288e-06
33.518775335972663   0.016088216520333122  9.4011775575885808e-06
33.94850322489539   0.026372691639431361  2.0507486504854069e-05
34.378231113818117   1.3289980544483815  9.7672293488448495e-05
34.807959002740844   0.068787675242140241  4.2062431851965732e-05
35.237686891663571   0.0005313740484015496  8.8065097996036346e-07
35.667414780586299   0.0029758380043920009  4.1081841176394964e-06
36.097142669509019   0.0031706265405225907  4.0880229187030138e-06
36.526870558431746   0.095088253062592762  2.0601398660710879e-05
36.956598447354473   0.29193871284110716  4.5973147761527452e-05
37.3863263362772   0.051760792622108748  2.6110957739636209e-05
37.816054225199927   0.0040366915657419955  6.6815485732886705e-06
38.245782114122655   1.4557077219694673  0.00056738327377817939
38.675510003045382   1.9208453914555682  0.00069587956283114295
39.105237891968109   0.28949611560285673  3.6818620087817874e-05
39.534965780890836   0.041516647115113025  8.3748365136901298e-06
39.964693669813563   0.009360890090502757  5.1132887371757462e-06
40.394421558736283   0.15616263869879504  3.4119102434661588e-05
40.824149447659011   0.68502533907100941  0.00011658294418392659
41.253877336581738   0.043511724993530234  4.2882083541001022e-05
41.683605225504465   0.00097924647684888076  1.0181637280435144e-06
42.113333114427192   0.0060644392838338301  5.420233696165648e-06
42.543061003349919   0.14493232164844788  9.3172415324927138e-05
42.972788892272646   2.7733335299928856  0.00032811475716685617
