1.086001   1.6e-06   9.7979589711327124e-07   
1.0860030000000001   1.4e-06   6e-07   
1.0860050000000001   4e-07   2.6666666666666667e-07   
1.0860070000000002   1.2e-06   4.4221663871405331e-07   
1.086009   1.2e-06   6.7986926847903798e-07   
1.0860110000000001   1.4e-06   7.3333333333333333e-07   
1.0860130000000001   6e-07   4.2687494916218991e-07   
1.0860150000000002   2.4e-06   1.1075498483890766e-06   
1.086017   4e-07   4e-07   
1.0860190000000001   2e-07   2e-07   
1.0860210000000001   6e-06   2.748737083745107e-06   
1.0860230000000002   2.2e-06   1.0934146311237817e-06   
1.086025   2.2e-06   8.6666666666666667e-07   
1.0860270000000001   2.8e-06   1.3063945294843617e-06   
1.0860290000000001   2e-06   7.8881063774661547e-07   
1.086031   2.6e-06   1.4313940369055926e-06   
1.086033   2.8e-06   1.3063945294843617e-06   
1.0860350000000001   4.2e-06   1.2454361128179603e-06   
1.0860370000000001   4e-07   2.6666666666666667e-07   
1.086039   2e-07   2e-07   
1.086041   3.6e-06   1.4847371634213392e-06   
1.0860430000000001   2.2e-06   7.5718777944003648e-07   
1.0860450000000001   4.4e-06   2.1868292622475634e-06   
1.086047   3.4e-06   1.3349989596333857e-06   
1.086049   2.6e-06   8.4590516936330136e-07   
1.0860510000000001   5e-06   1.2018504251546631e-06   
1.0860530000000002   6e-06   2e-06   
1.086055   1.6e-06   6.5319726474218083e-07   
1.0860570000000001   4.6e-06   2.9219476001081501e-06   
1.0860590000000001   6.6e-06   1.9333333333333333e-06   
1.0860610000000002   8.2e-06   2.4303634844744246e-06   
1.086063   2.8e-06   8e-07   
1.0860650000000001   8.2e-06   1.8726095873584186e-06   
1.0860670000000001   9.4e-06   2.6674998698323409e-06   
1.0860690000000002   6.4e-06   1.9504985117770391e-06   
1.086071   1.08e-05   3.5801924218926806e-06   
1.0860730000000001   9.4e-06   2.5482019804821857e-06   
1.0860750000000001   1.18e-05   3.6569568405073273e-06   
1.0860770000000002   1.04e-05   2.0827332469084412e-06   
1.086079   1.12e-05   2.7030846576951057e-06   
1.0860810000000001   7.4e-06   2.8448784391135825e-06   
1.0860830000000001   1.02e-05   1.775136927425913e-06   
1.086085   1.74e-05   2.7170245163086442e-06   
1.086087   6.8e-06   1.5549205052920801e-06   
1.0860890000000001   9.8e-06   3.6080157673959489e-06   
1.0860910000000001   1.64e-05   2.6297443897754693e-06   
1.086093   1.38e-05   3.352610922848042e-06   
1.086095   1.16e-05   3.2632635334721112e-06   
1.0860970000000001   1.02e-05   2.2e-06   
1.0860990000000001   1.56e-05   2.5957229778575713e-06   
1.086101   1.76e-05   2.9784410538251569e-06   
1.086103   1.86e-05   2.6507860469428057e-06   
1.0861050000000001   2.22e-05   3.3259919155377125e-06   
1.0861070000000002   2.04e-05   3.3967304540951991e-06   
1.086109   1.54e-05   2.1092389359408499e-06   
1.086111   2.04e-05   3.2359096265364259e-06   
1.0861130000000001   2.54e-05   2.565584187319181e-06   
1.0861150000000002   2.36e-05   3.896437118987322e-06   
1.086117   3.14e-05   5.6885850613311567e-06   
1.0861190000000001   2.3e-05   4.5436157897036634e-06   
1.0861210000000001   2.02e-05   3.189566323708183e-06   
1.0861230000000002   3.18e-05   4.4065607652428643e-06   
1.086125   2.2e-05   4.1952353926806062e-06   
1.0861270000000001   2.36e-05   3.3836206774532054e-06   
1.0861290000000001   3.42e-05   3.1895663237081829e-06   
1.0861310000000002   3.28e-05   5.0261538199922038e-06   
1.086133   2.78e-05   4.5161438811839859e-06   
1.0861350000000001   3.86e-05   9.1265181385528037e-06   
1.0861370000000001   3.36e-05   3.6123245824384177e-06   
1.086139   4.26e-05   5.5701585854144823e-06   
1.086141   4.16e-05   6.862458257310811e-06   
1.0861430000000001   4.48e-05   4.1225666223307484e-06   
1.0861450000000001   4.72e-05   4.7347415745505876e-06   
1.086147   3.82e-05   5.419717089787375e-06   
1.086149   4.32e-05   4.8e-06   
1.0861510000000001   4.64e-05   5.8787753826796274e-06   
1.0861530000000001   4.76e-05   5.3149683807985997e-06   
1.086155   6.12e-05   6.5128931956372337e-06   
1.086157   6.3e-05   5.7368206448442426e-06   
1.0861590000000001   6.52e-05   6.1478090044792019e-06   
1.0861610000000002   5.7e-05   5.7831171909658241e-06   
1.086163   6.5e-05   4.7819103574478126e-06   
1.086165   6.84e-05   4.8607269689488492e-06   
1.0861670000000001   7.98e-05   5.6051563562293049e-06   
1.0861690000000002   7.2e-05   4.8534065928536788e-06   
1.086171   7.78e-05   6.0549337091517544e-06   
1.0861730000000001   6.88e-05   4.249967320135794e-06   
1.0861750000000001   0.000103   1.3290765382190916e-05   
1.0861770000000002   9.58e-05   1.1109355416844749e-05   
1.086179   8.02e-05   5.0723652164339358e-06   
1.0861810000000001   9.94e-05   7.1928977316362408e-06   
1.0861830000000001   0.0001042   6.0328729106086393e-06   
1.0861850000000002   0.0001182   6.3766936747990508e-06   
1.086187   9.12e-05   7.0691819422995001e-06   
1.0861890000000001   0.000111   9.7990929285430405e-06   
1.0861910000000001   0.0001144   1.0170982690423226e-05   
1.0861930000000002   0.0001252   9.0490024005104808e-06   
1.086195   0.0001166   1.1612445431040306e-05   
1.0861970000000001   0.0001286   9.8704947528817757e-06   
1.0861990000000001   0.0001104   9.3466571564383381e-06   
1.086201   0.0001398   1.033419351258508e-05   
1.086203   0.000127   9.3249962764365518e-06   
1.0862050000000001   0.0001318   7.1582120672693122e-06   
1.0862070000000001   0.000143   5.9795949323976415e-06   
1.086209   0.0001536   8.3894113155943321e-06   
1.086211   0.0001572   1.3892284029473179e-05   
1.0862130000000001   0.0001738   1.1942268535658448e-05   
1.0862150000000002   0.0001698   1.061005812111005e-05   
1.086217   0.0001852   1.0461357464497617e-05   
1.086219   0.0001894   9.8479552305147195e-06   
1.0862210000000001   0.0002006   1.1411689912833536e-05   
1.0862230000000002   0.0002154   1.0280726303784832e-05   
1.086225   0.0002158   6.3906181234681829e-06   
1.0862270000000001   0.0002378   1.6320266882349416e-05   
1.0862290000000001   0.0002308   1.1015948035058586e-05   
1.0862310000000002   0.0002518   1.3058671023074626e-05   
1.086233   0.0002338   1.3324830622229729e-05   
1.0862350000000001   0.0002532   1.2008145383678345e-05   
1.0862370000000001   0.0002444   1.1557777564143646e-05   
1.0862390000000002   0.000277   1.1746394245800614e-05   
1.086241   0.0002884   1.3794684966802733e-05   
1.0862430000000001   0.0002902   1.2773061931702637e-05   
1.0862450000000001   0.0003058   1.5769027307422047e-05   
1.0862470000000002   0.000324   1.9532309415711986e-05   
1.086249   0.0003372   1.5720333612518816e-05   
1.0862510000000001   0.0003428   1.9512275338588498e-05   
1.0862530000000001   0.000357   1.5589882759162894e-05   
1.086255   0.0003544   1.6769814151226205e-05   
1.086257   0.00037   2.1243561115992038e-05   
1.0862590000000001   0.0003984   1.6711406616772602e-05   
1.0862610000000001   0.0004094   2.3671924298628534e-05   
1.086263   0.0004166   1.7643506832070923e-05   
1.086265   0.0004254   1.2603526843264503e-05   
1.0862670000000001   0.0004336   1.3382575736132911e-05   
1.0862690000000002   0.000434   1.3891644171147553e-05   
1.086271   0.0004776   1.288858237183421e-05   
1.086273   0.0004744   1.9062004091910168e-05   
1.0862750000000001   0.0004972   1.1112355485874471e-05   
1.0862770000000002   0.0004998   1.3761298388354688e-05   
1.086279   0.0005556   1.1154670172921594e-05   
1.0862810000000001   0.0005416   2.5241588257829137e-05   
1.0862830000000001   0.0005368   2.4223404660231669e-05   
1.0862850000000002   0.0005606   1.5714253968221902e-05   
1.086287   0.0005746   1.6272813046441738e-05   
1.0862890000000001   0.0006026   1.5908208922160631e-05   
1.0862910000000001   0.0006222   2.0559831387116643e-05   
1.0862930000000002   0.0006264   2.0306101983831801e-05   
1.086295   0.0006496   1.8048822676285564e-05   
1.0862970000000001   0.0006858   2.0516551583755222e-05   
1.0862990000000001   0.0007032   2.1414844280441442e-05   
1.0863010000000002   0.0007256   2.0432653604789891e-05   
1.086303   0.0007296   1.8156847499252482e-05   
1.0863050000000001   0.000736   2.7968235951204041e-05   
1.0863070000000001   0.0008342   2.0691275670893008e-05   
1.086309   0.0008138   1.8382237803560987e-05   
1.086311   0.0008496   1.5702229141112417e-05   
1.0863130000000001   0.0008404   1.1277509575354934e-05   
1.0863150000000001   0.0009048   2.5721931843813322e-05   
1.086317   0.0008884   1.9497692171126305e-05   
1.086319   0.000858   2.786634768557468e-05   
1.0863210000000001   0.0008886   2.3761874224620134e-05   
1.0863230000000001   0.0010044   2.7140457705139101e-05   
1.086325   0.0010012   2.5991793576691343e-05   
1.086327   0.001046   2.75519710930291e-05   
1.0863290000000001   0.0009988   2.0999894179627563e-05   
1.0863310000000002   0.001072   2.4958632441168192e-05   
1.086333   0.0011   2.4709872071254796e-05   
1.0863350000000001   0.0011298   2.8855887132823039e-05   
1.0863370000000001   0.0011828   2.8906285360338733e-05   
1.0863390000000002   0.0011908   2.32e-05   
1.086341   0.00118   3.0837206963882661e-05   
1.0863430000000001   0.0012524   4.289708614812899e-05   
1.0863450000000001   0.0012798   3.1897683649792225e-05   
1.0863470000000002   0.0013236   2.8239924456933898e-05   
1.086349   0.0013754   3.5446422793970182e-05   
1.0863510000000001   0.001376   2.3964788985324096e-05   
1.0863530000000001   0.0013826   3.2031997890997822e-05   
1.0863550000000002   0.001433   2.3602730538835733e-05   
1.086357   0.0014766   3.5890017182126471e-05   
1.0863590000000001   0.0015118   1.9061188024068409e-05   
1.0863610000000001   0.0015544   3.6379237057542712e-05   
1.086363   0.0016024   3.3987971728572186e-05   
1.086365   0.0016116   5.0795275370845269e-05   
1.0863670000000001   0.0016756   2.6156452358834904e-05   
1.0863690000000001   0.0017164   2.7391482861162031e-05   
1.086371   0.0017246   5.0715809500917299e-05   
1.086373   0.0017098   3.2489930063876031e-05   
1.0863750000000001   0.0017974   3.304818031635361e-05   
1.0863770000000001   0.0018532   4.1382980935538115e-05   
1.086379   0.0019136   2.9115555216336775e-05   
1.086381   0.0019354   5.3425794851883632e-05   
1.0863830000000001   0.0020134   4.2301615414386561e-05   
1.0863850000000002   0.0020134   3.4790867256285011e-05   
1.086387   0.0020476   2.9155216800200041e-05   
1.086389   0.001999   5.3848553060102429e-05   
1.0863910000000001   0.0021128   3.2696856797625737e-05   
1.0863930000000002   0.0020986   3.6678846461929223e-05   
1.086395   0.0022106   2.4031553332141383e-05   
1.0863970000000001   0.0022584   3.9439179617341038e-05   
1.0863990000000001   0.0023094   2.4830178770556156e-05   
1.0864010000000002   0.002292   5.0265959323051487e-05   
1.086403   0.0023986   2.4147785727796151e-05   
1.0864050000000001   0.0024834   3.0246469031754583e-05   
1.0864070000000001   0.002462   4.5874224183570064e-05   
1.0864090000000002   0.002503   3.3112938055489227e-05   
1.086411   0.002492   3.1404175235503671e-05   
1.0864130000000001   0.002642   4.2376093889519046e-05   
1.0864150000000001   0.002636   3.4469954710991103e-05   
1.086417   0.0027004   5.4617701648214139e-05   
1.086419   0.002763   3.8003800979492682e-05   
1.0864210000000001   0.0027486   4.1666453332787199e-05   
1.0864230000000001   0.0028504   5.4075502771587801e-05   
1.086425   0.0028514   5.6482091557118054e-05   
1.086427   0.0029402   2.7208577079051132e-05   
1.0864290000000001   0.002977   3.9711459303329563e-05   
1.0864310000000001   0.0030256   4.5636048129618858e-05   
1.086433   0.0030766   4.0475012868023484e-05   
1.086435   0.0032138   3.9365467099984984e-05   
1.0864370000000001   0.0031144   5.025340231710132e-05   
1.0864390000000002   0.0032172   4.9490919481366591e-05   
1.086441   0.0032412   4.9309183278123311e-05   
1.086443   0.0032658   5.2512390072354458e-05   
1.0864450000000001   0.0033278   5.0990587366689551e-05   
1.0864470000000002   0.0034018   7.724963861835644e-05   
1.086449   0.003366   3.9351408276367104e-05   
1.0864510000000001   0.0035656   4.5508289843109293e-05   
1.0864530000000001   0.003542   4.9140162347671947e-05   
1.0864550000000002   0.0035804   5.652672917400326e-05   
1.086457   0.0036606   3.7125672459304432e-05   
1.0864590000000001   0.0036614   4.4427268903481138e-05   
1.0864610000000001   0.0037642   2.5947725226779412e-05   
1.0864630000000002   0.0038578   2.7910093753574766e-05   
1.086465   0.0037794   5.9099200972225974e-05   
1.0864670000000001   0.0038404   5.9264229421202205e-05   
1.0864690000000001   0.003882   3.2924155266308658e-05   
1.0864710000000002   0.004052   5.3833488131872379e-05   
1.086473   0.003901   5.8005555289510369e-05   
1.0864750000000001   0.0040444   7.3197328427264942e-05   
1.0864770000000001   0.004043   5.0165282372927553e-05   
1.086479   0.0041436   4.976549451622524e-05   
1.086481   0.0041706   6.7924173409275532e-05   
1.0864830000000001   0.0043874   4.5996183416549773e-05   
1.0864850000000001   0.0042874   3.9014584167690135e-05   
1.086487   0.004283   6.9799235907947684e-05   
1.086489   0.0043836   3.5694755294798636e-05   
1.0864910000000001   0.0043386   2.0933864112166838e-05   
1.0864930000000002   0.004456   5.0702618823444963e-05   
1.086495   0.0045646   4.4364199781154879e-05   
1.086497   0.004511   4.2011903075200007e-05   
1.0864990000000001   0.0046874   5.8214965620725251e-05   
1.0865010000000002   0.0045568   4.9064311537681507e-05   
1.086503   0.0046812   6.5915906021738541e-05   
1.0865050000000001   0.0046474   5.0231508482668973e-05   
1.0865070000000001   0.0047998   4.8417122774673193e-05   
1.0865090000000002   0.004865   6.614075899171403e-05   
1.086511   0.0048304   5.0023816549941713e-05   
1.0865130000000001   0.0048594   3.3050869882652093e-05   
1.0865150000000001   0.0049844   5.2543992150493392e-05   
1.0865170000000002   0.0049214   6.5374850754025518e-05   
1.086519   0.0049324   5.7860214694074931e-05   
1.0865210000000001   0.0051224   2.5502592460811162e-05   
1.0865230000000001   0.0049756   5.6615506317223337e-05   
1.0865250000000002   0.0050478   5.1331991324449253e-05   
1.086527   0.0051456   5.7371150318682726e-05   
1.0865290000000001   0.0052028   4.5482304251214011e-05   
1.0865310000000001   0.0051586   5.9176609493203569e-05   
1.086533   0.005145   5.6292292742632377e-05   
1.086535   0.0051908   4.622476488732949e-05   
1.0865370000000001   0.0052244   4.548973022073835e-05   
1.0865390000000001   0.005255   7.652465107546863e-05   
1.086541   0.0052146   6.188379791548386e-05   
1.086543   0.0053208   6.5446296898890911e-05   
1.0865450000000001   0.0053518   4.394688713536931e-05   
1.0865470000000002   0.0053432   5.564187072500149e-05   
1.086549   0.0053974   7.5864821301517022e-05   
1.086551   0.005437   5.3423465505961574e-05   
1.0865530000000001   0.0055018   6.2091294791531676e-05   
1.0865550000000002   0.0053788   4.0658141182848543e-05   
1.086557   0.00546   3.5704963862808268e-05   
1.0865590000000001   0.0055266   5.2043614188272679e-05   
1.0865610000000001   0.0055648   5.0506941217134806e-05   
1.0865630000000002   0.0055002   6.2781773717466053e-05   
1.086565   0.0056636   4.2940579098718883e-05   
1.0865670000000001   0.0056772   5.2131628275612756e-05   
1.0865690000000001   0.0055414   3.3435908840646157e-05   
1.0865710000000002   0.0056704   5.0222438544273548e-05   
1.086573   0.0055834   6.4925290398529093e-05   
1.0865750000000001   0.005601   8.3173313027677329e-05   
1.0865770000000001   0.0055094   5.6291345298860602e-05   
1.0865790000000002   0.0055168   5.8356147919478026e-05   
1.086581   0.0056596   4.9177953506740304e-05   
1.0865830000000001   0.0055888   5.0531574287765858e-05   
1.0865850000000001   0.0055768   4.4995012069240649e-05   
1.086587   0.0057012   9.0094863585247993e-05   
1.086589   0.0055842   4.1800000000000002e-05   
1.0865910000000001   0.0056184   5.9756394357982027e-05   
1.0865930000000001   0.0055382   5.550611577915436e-05   
1.086595   0.0056132   6.1551929295514364e-05   
1.086597   0.0056414   4.6617164220917596e-05   
1.0865990000000001   0.0055844   5.3360659666087342e-05   
1.0866010000000002   0.0056678   5.1598837196200462e-05   
1.086603   0.0056286   7.3592300321886031e-05   
1.086605   0.0056432   7.1713132223696194e-05   
1.0866070000000001   0.0055064   5.6302200470121746e-05   
1.0866090000000002   0.0056194   7.6435622876015371e-05   
1.086611   0.005509   6.733085804031049e-05   
1.0866130000000001   0.005614   6.447876480757918e-05   
1.0866150000000001   0.0055748   4.4683777817010945e-05   
1.0866170000000002   0.0055008   5.8530296048760557e-05   
1.086619   0.0055762   6.1149325425551506e-05   
1.0866210000000001   0.0056088   5.1597760502650585e-05   
1.0866230000000001   0.0054368   6.0531864886740991e-05   
1.0866250000000002   0.0054278   8.8078979709500874e-05   
1.086627   0.005315   6.0184346432901929e-05   
1.0866290000000001   0.005414   5.8179034024294355e-05   
1.0866310000000001   0.0053412   6.4077175690291192e-05   
1.0866330000000002   0.0053328   4.6612540039016205e-05   
1.086635   0.0053666   4.4662736145471427e-05   
1.0866370000000001   0.0053268   7.2814040160153486e-05   
1.0866390000000001   0.0052462   5.0787093723591715e-05   
1.086641   0.0053148   5.270310975433782e-05   
1.086643   0.005216   5.7604783751968995e-05   
1.0866450000000001   0.0052192   4.8870077188852942e-05   
1.0866470000000001   0.005138   3.9016805495979695e-05   
1.086649   0.0052366   8.2778982839848912e-05   
1.086651   0.0051054   5.145703709568465e-05   
1.0866530000000001   0.0050292   4.6623027214743005e-05   
1.0866550000000001   0.005039   6.092417874338197e-05   
1.086657   0.0050128   4.6928030003399886e-05   
1.086659   0.004942   5.8934238303760614e-05   
1.0866610000000001   0.0049104   3.7078655135625763e-05   
1.0866630000000002   0.0049666   5.1411239583923241e-05   
1.086665   0.0049062   3.310783727290094e-05   
1.086667   0.0048402   5.7045362066809018e-05   
1.0866690000000001   0.0047504   7.1876931858095708e-05   
1.0866710000000002   0.0047174   6.7456685691222957e-05   
1.086673   0.0046702   4.6554579676857665e-05   
1.0866750000000001   0.0046934   6.5991952371314019e-05   
1.0866770000000001   0.0046126   5.3266666666666667e-05   
1.0866790000000002   0.0046622   4.0182306775218584e-05   
1.086681   0.0045472   5.9051916894279466e-05   
1.0866830000000001   0.0044598   7.4177235202063323e-05   
1.0866850000000001   0.004504   5.0034654657214e-05   
1.0866870000000002   0.0044764   6.4238306328856462e-05   
1.086689   0.004486   4.6207262536435885e-05   
1.0866910000000001   0.0044046   3.8819296461653937e-05   
1.0866930000000001   0.0043136   3.3329066393565041e-05   
1.086695   0.0042888   5.7860521947179151e-05   
1.086697   0.0042078   3.6820827439552915e-05   
1.0866990000000001   0.0041526   6.0263901116487454e-05   
1.0867010000000001   0.0041554   6.1126499072733497e-05   
1.086703   0.0040638   4.3006407791294437e-05   
1.086705   0.0040306   5.5077359736606432e-05   
1.0867070000000001   0.0040656   5.6094998786780346e-05   
1.0867090000000001   0.0039676   6.0336684989776791e-05   
1.086711   0.00387   5.2132310305392929e-05   
1.086713   0.0039062   6.53009783830057e-05   
1.0867150000000001   0.0038508   3.605822452028879e-05   
1.0867170000000002   0.0036736   4.5753736945133174e-05   
1.086719   0.0036706   3.869774613017605e-05   
1.086721   0.0036048   4.161217770476971e-05   
1.0867230000000001   0.0035764   5.7900911526119824e-05   
1.0867250000000002   0.0035252   2.2891434594139742e-05   
1.086727   0.003581   3.32776201072132e-05   
1.0867290000000001   0.0034774   4.7516125917652652e-05   
1.0867310000000001   0.003392   5.7522169639192156e-05   
1.0867330000000002   0.0033908   2.8970789886826813e-05   
1.086735   0.0033368   6.2529068795596536e-05   
1.0867370000000001   0.003188   5.3605969816803054e-05   
1.0867390000000001   0.0032668   4.3323280885300766e-05   
1.0867410000000002   0.003161   3.8247440001478091e-05   
1.086743   0.0031048   3.0892214049641844e-05   
1.0867450000000001   0.003076   3.1873360524285969e-05   
1.0867470000000001   0.0030772   2.6275802133860307e-05   
1.0867490000000002   0.0029916   3.156200247132618e-05   
1.086751   0.0029744   2.8518687830185237e-05   
1.0867530000000001   0.0028252   5.5512320954701379e-05   
1.0867550000000001   0.002901   2.7889065957826554e-05   
1.086757   0.002789   2.125035947408367e-05   
1.086759   0.00276   4.7063078239032913e-05   
1.0867610000000001   0.002671   3.5447927380251098e-05   
1.0867630000000001   0.0026784   2.4838679514016037e-05   
1.086765   0.0027062   1.5616088569876333e-05   
1.086767   0.002606   7.2078969039365275e-05   
1.0867690000000001   0.002538   3.41044148331431e-05   
1.0867710000000002   0.002443   5.7811379118263176e-05   
1.086773   0.0024296   5.094293103289427e-05   
1.086775   0.002335   4.6873114776904776e-05   
1.0867770000000001   0.0022818   4.3484301126319652e-05   
1.0867790000000002   0.0022478   2.895582842883277e-05   
1.086781   0.0022622   2.9159256201457236e-05   
1.0867830000000001   0.0021378   2.9043186234755075e-05   
1.0867850000000001   0.0021982   3.0223537553076447e-05   
1.0867870000000002   0.0021084   4.0087459940041654e-05   
1.086789   0.0020884   3.274928328308202e-05   
1.0867910000000001   0.0020062   4.2914333269899465e-05   
1.0867930000000001   0.0019612   4.336737124715872e-05   
1.0867950000000002   0.0018764   3.5617473863883785e-05   
1.086797   0.001913   3.8168340574646709e-05   
1.0867990000000001   0.0018818   3.8980849999283836e-05   
1.0868010000000001   0.0018506   3.7969636992382917e-05   
1.0868030000000002   0.0017922   4.6628984786527599e-05   
1.086805   0.0017534   3.5066983522015881e-05   
1.0868070000000001   0.001717   3.7830322934563132e-05   
1.0868090000000001   0.0016728   2.8762939117320168e-05   
1.086811   0.0015686   2.5157371351819199e-05   
1.086813   0.0015908   2.2229509916125257e-05   
1.0868150000000001   0.0015516   3.4937149918739e-05   
1.0868170000000001   0.0015484   3.8376844870601625e-05   
1.086819   0.0015078   3.1329716103263865e-05   
1.086821   0.0014498   2.2944280333015459e-05   
1.0868230000000001   0.0014114   3.3077753517700953e-05   
1.0868250000000002   0.0014078   2.3606872822219474e-05   
1.086827   0.0014064   3.7101422554338204e-05   
1.086829   0.0013104   3.4891323340401471e-05   
1.0868310000000001   0.0012996   3.9999777777160491e-05   
1.0868330000000002   0.0012602   2.5705079480739038e-05   
1.086835   0.001257   2.6012390210137254e-05   
1.0868370000000001   0.0012302   2.1859043386611816e-05   
1.0868390000000001   0.001193   1.3539243372918265e-05   
1.0868410000000002   0.0011708   2.6422549292434126e-05   
1.086843   0.0011468   3.1904301347066738e-05   
1.0868450000000001   0.0010806   2.2544868842180278e-05   
1.0868470000000001   0.0010572   2.2241502746991815e-05   
1.0868490000000002   0.001024   3.8350430969619566e-05   
1.086851   0.0010044   3.0609802351534385e-05   
1.0868530000000001   0.0009752   3.4511447376196786e-05   
1.0868550000000001   0.0009244   1.936273626209776e-05   
1.0868570000000002   0.0009304   2.4228174599924866e-05   
1.086859   0.0009244   2.4215330314125848e-05   
1.0868610000000001   0.0009064   2.337672156464869e-05   
1.0868630000000001   0.000883   1.6495790708878163e-05   
1.086865   0.0008512   1.2604055784636238e-05   
1.086867   0.0008204   3.2405486503917135e-05   
1.0868690000000001   0.000779   2.5102899345604594e-05   
1.0868710000000001   0.0007682   1.5279470613284422e-05   
1.086873   0.0007552   1.5838630692778408e-05   
1.086875   0.0007604   3.2182534946078371e-05   
1.0868770000000001   0.0007408   2.466522518310614e-05   
1.0868790000000002   0.000733   1.5305046371848876e-05   
1.086881   0.0006558   2.244291523943457e-05   
1.086883   0.0006758   9.3449927174337e-06   
1.0868850000000001   0.0006242   2.0107378413574124e-05   
1.0868870000000002   0.0006002   2.7573658927800399e-05   
1.086889   0.0006136   1.651342887874391e-05   
1.0868910000000001   0.0005684   1.6783060242730201e-05   
1.0868930000000001   0.0005634   1.6610706052289155e-05   
1.0868950000000002   0.0005328   1.9833081230890754e-05   
1.086897   0.0005232   1.1753770080749032e-05   
1.0868990000000001   0.0005266   2.3937047065630761e-05   
1.0869010000000001   0.0004952   1.6471389336260213e-05   
1.0869030000000002   0.0004502   9.7042945819535661e-06   
1.086905   0.000463   1.0874026137748817e-05   
1.0869070000000001   0.0004594   1.2806422000092159e-05   
1.0869090000000001   0.0004492   2.143351477372658e-05   
1.0869110000000002   0.0004288   2.472102119429715e-05   
1.086913   0.000445   2.0164324932910598e-05   
1.0869150000000001   0.0004222   8.0523288556789582e-06   
1.0869170000000001   0.0004172   1.8743176536186887e-05   
1.086919   0.0003634   9.494091730006498e-06   
1.086921   0.000356   1.5152557539900649e-05   
1.0869230000000001   0.0003818   1.089117889751967e-05   
1.0869250000000001   0.000309   9.6344290034346209e-06   
1.086927   0.0003176   1.8117640268227231e-05   
1.086929   0.000321   1.5858401208472716e-05   
1.0869310000000001   0.0003104   1.6137740444890873e-05   
1.0869330000000001   0.0002916   1.401840060618741e-05   
1.086935   0.0002664   1.3319325975605689e-05   
1.086937   0.0003028   1.0363182694305623e-05   
1.0869390000000001   0.000267   9.2820016998250736e-06   
1.0869410000000002   0.0002654   1.1435033887138245e-05   
1.086943   0.000237   7.4191943258311036e-06   
1.0869450000000001   0.0002526   1.8174585430087685e-05   
1.0869470000000001   0.0002408   8.1114459596027363e-06   
1.0869490000000002   0.000228   8.4852813742385703e-06   
1.086951   0.0002194   1.1677328461596e-05   
1.0869530000000001   0.0002288   8.2472891169024611e-06   
1.0869550000000001   0.0001986   9.9378065990438756e-06   
1.0869570000000002   0.0002022   1.1931098487193504e-05   
1.086959   0.000179   9.9744117064059918e-06   
1.0869610000000001   0.0001758   8.445643189768846e-06   
1.0869630000000001   0.0001728   5.9494164046194948e-06   
1.0869650000000002   0.000183   1.8458963495639004e-05   
1.086967   0.0001742   1.0398504165931218e-05   
1.0869690000000001   0.0001478   8.0743764809151398e-06   
1.0869710000000001   0.0001392   6.4649482252803507e-06   
1.086973   0.0001328   1.1783981594614879e-05   
1.086975   0.0001312   5.8362849675304771e-06   
1.0869770000000001   0.0001326   1.1407794606223316e-05   
1.0869790000000001   0.0001166   9.9556795627197421e-06   
1.086981   0.000134   1.1623730516108463e-05   
1.086983   0.0001206   8.7891347064935174e-06   
1.0869850000000001   0.0001094   8.4960121364215472e-06   
1.0869870000000001   0.000125   7.6376261582597334e-06   
1.086989   0.0001198   8.5450440477377165e-06   
1.086991   9.7e-05   9.5835507221720512e-06   
1.0869930000000001   9.66e-05   6.6402811185471156e-06   
1.0869950000000002   0.0001076   8.1584312217484557e-06   
1.086997   9e-05   6.139127697718047e-06   
1.086999   9.38e-05   8.7047879545301581e-06   
