0.44102683529415743   7.4066410983301701  0.033039982788175181
0.88205367058831485   2.0514000743663639  0.0084170312914551023
1.3230805058824724   0.13087414669532355  0.00098188243077128815
1.7641073411766297   7.9447487287000511e-06  3.192040825792999e-07
2.205134176470787   0.046760382469315558  0.0010475878925687882
2.6461610117649448   0.51057820460266919  0.0064831733422846214
3.0871878470591021   0.39222232437007976  0.0084070279116737094
3.5282146823532594   8.1947333778068147e-05  3.0349070520838123e-06
3.9692415176474167   0.023601858107367255  0.00044541756859819929
4.410268352941574   0.054003909177282855  0.0013901015401698318
4.8512951882357314   0.027916553015828091  0.00052095669340936181
5.2923220235298896   0.00017278775560596552  6.6393568487496221e-06
5.7333488588240469   0.34779421907289131  0.0070239120925627199
6.1743756941182042   0.50051828923444953  0.0067741631087781589
6.6154025294123615   0.055275157301175561  0.0012140565749583873
7.0564293647065188   0.00013400024475642932  5.3324416023650411e-06
7.4974562000006761   0.10423719606157132  0.00077538418659449724
7.9384830352948335   1.8909263480296054  0.0087341628332433862
8.3795098705889917   7.7808978895979594  0.053720482134858741
8.8205367058831481   99.516319266614167  0.0033873698523494522
9.2615635411773063   7.0883917061766278  0.01803021262933895
9.7025903764714627   2.1922474616319022  0.0082093776983380511
10.143617211765621   0.16144411836292206  0.0012321403945645535
10.584644047059779   0.00027733189032981218  1.096556100950814e-05
11.025670882353936   0.038868603509117234  0.00089086084353299461
11.466697717648094   0.51420405814687044  0.0061475663171024004
11.90772455294225   0.43044231880064708  0.009792677707167926
12.348751388236408   0.0010736039215168599  3.7892151113181635e-05
12.789778223530565   0.019324026705916241  0.00036349983711918762
13.230805058824723   0.060752052807044517  0.0012792409684736606
13.671831894118879   0.032045013515337165  0.00058700646939837338
14.112858729413038   0.0011594466032398213  4.5476803307179295e-05
14.553885564707196   0.29878023848177839  0.0056952195167720001
14.994912400001352   0.48467395467443756  0.0070021535788573757
15.43593923529551   0.06417787175908089  0.001390073229356276
15.876966070589667   0.00072505856465023983  2.8060475621747668e-05
16.317992905883823   0.081620302003034081  0.0006068459997532903
16.759019741177983   1.7164427510492509  0.0090210285800044352
17.20004657647214   8.1910969122291731  0.074668226682072635
17.641073411766296   98.078717857689965  0.013373771773240559
18.082100247060456   6.8416466664927649  0.02581894556062754
18.523127082354613   2.3084427903294664  0.0083197215040663916
18.964153917648769   0.19563233497034485  0.0015266826244534404
19.405180752942925   0.00093028006534753865  3.5092398554795443e-05
19.846207588237085   0.031761542076787927  0.0007429217196028713
20.287234423531242   0.51092760736487726  0.0057840590453103628
20.728261258825398   0.46126352199943608  0.011121885163491362
21.169288094119558   0.0033680085955818334  0.00011256045150109851
21.610314929413715   0.01535846293106708  0.00028125154800281766
22.051341764707871   0.073790909205537469  0.0011268546747953954
22.492368600002028   0.035863487981665437  0.0006448960969160265
22.933395435296188   0.002923173290131064  0.00011461074612433127
23.374422270590344   0.24717141129662947  0.0044632084084418775
23.8154491058845   0.46381607129382558  0.0071490054694304627
24.256475941178657   0.073167973929314135  0.0015730622259775707
24.697502776472817   0.0018868493437264396  7.0228426353501065e-05
25.138529611766973   0.062906852541036203  0.00046855872289027188
25.57955644706113   1.5338255569437647  0.0092030157573765987
26.02058328235529   8.6137824343326944  0.094713381469861889
26.461610117649446   95.726930634623601  0.029442814776521221
26.902636952943602   6.6764660314813721  0.046385313691363591
27.343663788237759   2.3958606763573265  0.0089660085217392354
27.784690623531919   0.23288972396187444  0.0018587390899069417
28.225717458826075   0.0020290123924288281  7.0735810852906647e-05
28.666744294120232   0.025528492477446195  0.00060309183143938038
29.107771129414392   0.50051535872463346  0.0054062902844850397
29.548797964708548   0.48395472912186319  0.012332196788421546
29.989824800002705   0.0071783103491801862  0.00022674513209445422
30.430851635296861   0.011983681151484299  0.00020638502531590869
30.871878470591021   0.092246851863142564  0.0011069951024389725
31.312905305885177   0.039385237495016753  0.0007013250883576868
31.753932141179334   0.005436746430335802  0.00020794366518356643
32.194958976473494   0.19523315864238269  0.0033592165322066423
32.635985811767647   0.4387764341377011  0.0071988637728244305
33.077012647061807   0.081895745961774813  0.0017574950242302316
33.518039482355967   0.0037375655741088559  0.00013305256977455573
33.95906631765012   0.047815278924966401  0.0003542953258108028
34.400093152944279   1.3488823184874491  0.0092476424514262216
34.841119988238439   9.0235119667840166  0.11325551504877765
35.282146823532592   92.525258119548529  0.050768831765368294
35.723173658826752   6.5969736429225975  0.069109520241394011
36.164200494120912   2.4515408945929864  0.010261329441975677
36.605227329415065   0.27244518159825954  0.0022139057185899022
37.046254164709225   0.003718596131957353  0.00011673029933583532
37.487281000003378   0.020195238559266986  0.00047204333394894813
37.928307835297538   0.48300887304291693  0.0050241485378939502
38.369334670591698   0.4982374617423737  0.013362046666286587
38.810361505885851   0.012668897305257839  0.00037915024254264215
39.251388341180011   0.0094369121323623384  0.00014776309684948982
39.692415176474171   0.11490811643190882  0.001402564407251242
40.133442011768324   0.042782366292003302  0.00076761932723042186
40.574468847062484   0.0087743636386892508  0.00031909854508214218
41.015495682356644   0.14538559743714989  0.0024036721032189327
41.456522517650797   0.41039367218703978  0.0071399770514477713
41.897549352944957   0.089985838686201884  0.0019351523503071021
42.338576188239117   0.0063847725817333815  0.00021703296901393606
42.779603023533269   0.0359480373716503  0.00026122246626556831
43.220629858827429   1.1670480517201441  0.0091450325549804166
43.661656694121582   9.3943879052506601  0.1298216007123153
44.102683529415742   88.55979713230077  0.076266664004472447
