0.50882954214656695   0.00030534896490386527  8.5517154040141794e-06     
1.0176590842931339   0.00033732242609087071  9.457097030942534e-06     
1.5264886264397008   0.00040025889388447476  1.1231723648877893e-05     
2.0353181685862678   0.0005140466675569826  1.4417973278077301e-05     
2.544147710732835   0.00072509378321023405  2.0287368667261016e-05     
3.0529772528794017   0.0011506262641509844  3.2212561675704747e-05     
3.5618067950259684   0.0021542916463293243  6.0196229597079419e-05     
4.0706363371725356   0.0052827249476691735  0.00014694882727592452     
4.5794658793191028   0.023608818184893324  0.00065026214756405397     
5.0882954214656699   99.899448228280596  0.0026821921561441303     
5.5971249636122362   0.038605579502081187  0.0010972733590951368     
6.1059545057588034   0.012362117948128785  0.00034851710679260523     
6.6147840479053706   0.0075742038368888036  0.00021294566982294536     
7.1236135900519368   0.0063056230642478911  0.00017677359814277906     
7.632443132198504   0.0065008518852386256  0.00018145650822181975     
8.1412726743450712   0.0081088852333399406  0.000226054106240026     
8.6501022164916375   0.012513571256180825  0.00034735798486164372     
9.1589317586382055   0.026083051973104066  0.00071820772574641207     
9.6677613007847718   0.10017029750776038  0.0027077849550970071     
10.17659084293134   99.598723617731875  0.010687546418433895     
10.685420385077906   0.14663703840296049  0.0042221666009908697     
11.194249927224472   0.042145619876051339  0.0011921521186645327     
11.70307946937104   0.023802049142848233  0.00066890002761614131     
12.211909011517607   0.018484980285219729  0.00051673523771260166     
12.720738553664173   0.017919800639615897  0.00049781234938138908     
13.229568095810741   0.021139627674898872  0.0005854130912037833     
13.738397637957307   0.030970814729735649  0.00085197415960050613     
14.247227180103874   0.061335270395863463  0.0016677704744001516     
14.756056722250442   0.22156883485698962  0.0058651211600582955     
15.264886264397008   99.10060485953194  0.02389317725267863     
15.773715806543576   0.3321634712690787  0.0096724319812888345     
16.282545348690142   0.090117027994867488  0.0025519280026063419     
16.79137489083671   0.049005464941170353  0.0013733677220173081     
17.300204432983275   0.036864550181188088  0.0010251166261250199     
17.809033975129843   0.034720259765544276  0.0009575960103733637     
18.317863517276411   0.039858713215834953  0.0010937718078637898     
18.826693059422976   0.056850828658520434  0.0015459579582645485     
19.335522601569544   0.10939286239963065  0.0029298867224753646     
19.844352143716112   0.37944585428486627  0.0098120771719905908     
20.35318168586268   98.409678604953048  0.042096862399010015     
20.862011228009244   0.60243916381772182  0.017713083150740118     
21.370840770155812   0.15632122706720657  0.0044217132528015153     
21.87967031230238   0.082899540920385158  0.002311270235226729     
22.388499854448945   0.061113067598746967  0.0016863240810597491     
22.897329396595513   0.056518249951090373  0.0015436776516519022     
23.406158938742081   0.063758227081466616  0.0017292629281326155     
23.914988480888645   0.089331003667778386  0.002395021396099333     
24.423818023035214   0.16841409147978144  0.0044311374481668779     
24.932647565181782   0.56563517884960651  0.014250989499822105     
25.441477107328346   97.532273554491617  0.06502086543118202     
25.950306649474914   0.96406595669465166  0.028577484839842326     
26.459136191621482   0.24040224284329957  0.0067769546915203702     
26.967965733768047   0.1249957476958461  0.0034584331229032694     
27.476795275914615   0.090762843930598286  0.0024788159144135617     
27.985624818061183   0.082817477697639513  0.0022341486889536943     
28.494454360207747   0.092220708282924214  0.0024654862169784046     
29.003283902354315   0.12746503811724625  0.0033600024286382655     
29.512113444500883   0.23641293072041097  0.00609319500294511     
30.020942986647452   0.77228330780007108  0.018902864426193835     
30.529772528794016   96.476369845116866  0.092317172985801308     
31.038602070940584   1.4228557205168358  0.04246025346987972     
31.547431613087152   0.34159590870261754  0.0095745163981093256     
32.05626115523372   0.17461022079763003  0.0047821604971587059     
32.565090697380285   0.12522065393650186  0.0033757750454153904     
33.073920239526849   0.11302221576620148  0.0030030821823685227     
33.582749781673421   0.12453601902581671  0.0032724758698891902     
34.091579323819985   0.17020919596281178  0.0043983313715650711     
34.60040886596655   0.31131130816247996  0.0078356402389056079     
35.109238408113121   0.99195808210991318  0.023512830165895729     
35.618067950259686   95.251485356800183  0.12357403549219917     
36.12689749240625   1.9837010237550494  0.059510694521621687     
36.635727034552822   0.45873228944144294  0.012753115697992777     
37.144556576699387   0.23087725746548254  0.0062421198787928932     
37.653386118845951   0.16378197054842869  0.0043459766041317411     
38.162215660992523   0.14645272436907256  0.0038214377749113071     
38.671045203139087   0.15992037121839706  0.0041177868927477304     
39.179874745285652   0.21645035243076643  0.0054655889697203565     
39.688704287432223   0.39099134180253052  0.0095787554181213967     
40.197533829578788   1.217744168225168  0.027854825767132156     
40.706363371725359   93.868540964763353  0.15832367297112579     
41.215192913871924   2.6504566320271433  0.079826943735046265     
41.724022456018488   0.5902481871823954  0.016234375144790117     
42.23285199816506   0.29276777347347779  0.0077915194168252199     
42.741681540311625   0.20564818803163822  0.0053548263437788434     
43.250511082458189   0.18236278899440927  0.0046580834221879531     
43.759340624604761   0.1975369730209296  0.0049676661542769116     
44.268170166751325   0.26503505125835045  0.0065171077974290009     
44.77699970889789   0.47334628695985367  0.011246217962615751     
45.285829251044461   1.443324110166065  0.031735482432260277     
45.794658793191026   92.339707127502778  0.19605098341341836     
46.30348833533759   3.4258343262936145  0.10345096791425734     
46.812317877484162   0.73420981804682827  0.019924493874283188     
47.321147419630726   0.3591123284165244  0.0093785507184983959     
47.829976961777291   0.24994638891895438  0.0063655406971481647     
48.338806503923863   0.21995889361853184  0.0054809032071860645     
48.847636046070427   0.23651772107440262  0.0057882724470832101     
49.356465588216992   0.31479878908263292  0.0075095700960558343     
49.865295130363563   0.55632899917599596  0.01276762975076206     
50.374124672510128   1.6630440371500937  0.034997190290807351     
50.882954214656692   90.678234515397685  0.23620307093445986     
