0.50882954214656695   0.0006105095189649736  1.7129097795339375e-05     
1.0176590842931339   0.00067385435946718026  1.9028666654331492e-05     
1.5264886264397008   0.00079864848884478451  2.2734804125670377e-05     
2.0353181685862678   0.0010245124594043583  2.9341457790771249e-05     
2.544147710732835   0.0014439709873944186  4.1371371856713941e-05     
3.0529772528794017   0.0022905851269206265  6.5566768321860138e-05     
3.5618067950259684   0.0042885675270483455  0.00012194587739497543     
4.0706363371725356   0.010517919415945579  0.00029611595295343154     
4.5794658793191028   0.047004103601008527  0.0013047133694613432     
5.0882954214656699   197.95446017114017  0.01660520820721497     
5.5971249636122362   0.076789834952239397  0.0021909467453612153     
6.1059545057588034   0.024553785348597222  0.00069914557399346524     
6.6147840479053706   0.015014771965553153  0.00042993606952147115     
7.1236135900519368   0.012473024723054521  0.0003589738685498654     
7.632443132198504   0.012834703705222791  0.00036927138658582478     
8.1412726743450712   0.015984302949391656  0.00045930343339384674     
8.6501022164916375   0.024633787867598391  0.00070303336078530618     
9.1589317586382055   0.05128719217318308  0.0014472778330621477     
9.6677613007847718   0.19670410672897545  0.0054355808859703427     
10.17659084293134   191.9187394729369  0.065235110988430327     
10.685420385077906   0.28750031285350283  0.0083904753932202105     
11.194249927224472   0.082480977981937291  0.0023805924221084208     
11.70307946937104   0.046464960505896245  0.0013447171683895087     
12.211909011517607   0.035976261303836156  0.0010450608034243502     
12.720738553664173   0.034773346001445682  0.0010089010731629904     
13.229568095810741   0.040903832719876319  0.0011850463097754729     
13.738397637957307   0.059755044847421471  0.0017198270608309385     
14.247227180103874   0.11801213718952817  0.0033560645240179347     
14.756056722250442   0.42496292287235082  0.011766542153612221     
15.264886264397008   182.18976864907093  0.14240900420550921     
15.773715806543576   0.63608720525556327  0.019095546428946448     
16.282545348690142   0.17220980940077227  0.0050643948838988616     
16.79137489083671   0.093377368322778757  0.002744359065971369     
17.300204432983275   0.069980337670678493  0.0020608890504140463     
17.809033975129843   0.065649604168555621  0.0019288982710003806     
18.317863517276411   0.075045501264253346  0.002201716698388567     
18.826693059422976   0.10654546111185228  0.0031073685676901702     
19.335522601569544   0.20403611538842554  0.0058796358641319839     
19.844352143716112   0.70372963885167883  0.019655292998923407     
20.35318168586268   169.24356679914525  0.24257588102263767     
20.862011228009244   1.1166340874778834  0.034669967886805003     
21.370840770155812   0.28905742703522748  0.0087062132866232629     
21.87967031230238   0.15281958469166582  0.0045829642096568308     
22.388499854448945   0.11217032708890752  0.0033638503350563433     
22.897329396595513   0.10322927988990631  0.0030845755242450841     
23.406158938742081   0.11578683912711542  0.0034551166927307449     
23.914988480888645   0.16115806188722475  0.0047856749117418495     
24.423818023035214   0.30162991741453595  0.0088565160934035585     
24.932647565181782   1.0039841633804149  0.028482915820139228     
25.441477107328346   153.70815681772804  0.35847354538813844     
25.950306649474914   1.7140517861355829  0.055330377871997793     
26.459136191621482   0.42625336180283738  0.013216049653337406     
26.967965733768047   0.22094278615785417  0.0067933143157778458     
27.476795275914615   0.15967134366857913  0.00489769633379111     
27.985624818061183   0.14485247186533863  0.004420505465866299     
28.494454360207747   0.16012197478128587  0.0048810513329856847     
29.003283902354315   0.21935206822903134  0.0066641517574946416     
29.512113444500883   0.40267862135416022  0.012114703971122424     
30.020942986647452   1.2980286814927851  0.037672435842362373     
30.529772528794016   136.32799384285441  0.48160027730392995     
31.038602070940584   2.4049256116159071  0.081117018722320667     
31.547431613087152   0.57547953582796832  0.01845997335279154     
32.05626115523372   0.29330910809857558  0.0092897327797223351     
32.565090697380285   0.20929913742900897  0.0065954385241898377     
33.073920239526849   0.18766772720938484  0.0058735995516913035     
33.582749781673421   0.20492701327328417  0.0064088649667846189     
34.091579323819985   0.27686519826267919  0.008646341193086912     
34.60040886596655   0.49937732738527634  0.015479661987723171     
35.109238408113121   1.5615496529206464  0.046703145292964355     
35.618067950259686   117.92207133203781  0.60277068431111636     
36.12689749240625   3.1590763831608048  0.11186819494754719     
36.635727034552822   0.72755478940701886  0.024263830940145707     
37.144556576699387   0.36527255911209081  0.011971761477368385     
37.653386118845951   0.25783690729480767  0.0083826651489255712     
38.162215660992523   0.22888017418617502  0.0073764277255168165     
38.671045203139087   0.24723050467102621  0.007965116908370933     
39.179874745285652   0.32977745799754121  0.010634676598361794     
39.688704287432223   0.58487343642979936  0.018781748914610231     
40.197533829578788   1.7752912151917643  0.05512064469730052     
40.706363371725359   99.338241369274712  0.71272313958265741     
41.215192913871924   3.9417271839965905  0.14720037653422975     
41.724022456018488   0.87320372381802817  0.030418841619608644     
42.23285199816506   0.43237853883524695  0.014728442147598342     
42.741681540311625   0.3023125783869039  0.010181044981815924     
43.250511082458189   0.26599052225625263  0.0088605321584427336     
43.759340624604761   0.28446399537604531  0.0094771340368957781     
44.268170166751325   0.37483345302783149  0.012534941515007447     
44.77699970889789   0.65379996417528005  0.021862745704086004     
45.285829251044461   1.9262207860743247  0.062542817901323683     
45.794658793191026   81.406496077394792  0.80274495126323307     
46.30348833533759   4.7161115529228668  0.18649601604697572     
46.812317877484162   1.0038407772632767  0.036688929484474247     
47.321147419630726   0.49074507855263198  0.017442995721439173     
47.829976961777291   0.34025081707391692  0.011911812629643689     
48.338806503923863   0.29700290376773351  0.010259524325006513     
48.847636046070427   0.31466993635081991  0.010876222221362776     
49.356465588216992   0.40969488039660226  0.014260188180060181     
49.865295130363563   0.70265609806057265  0.024581246327656942     
50.374124672510128   2.008115912083846  0.068662235877928752     
50.882954214656692   64.893993305229386  0.86528422803707826     
