0.24242100977793915   1.0443322662195413  0.0024497128016614895     
0.4848420195558783   1.0198522569292826  0.0023977227377844281     
0.72726302933381748   0.98013405722073321  0.0028892716736131049     
0.9696840391117566   0.93027916012419064  0.0031562379755945757     
1.2121050488896958   0.87152719148634014  0.0038109653807383178     
1.454526058667635   0.80901006571595646  0.0043977240532815783     
1.6969470684455741   0.74701018660421604  0.0049581246064543699     
1.9393680782235132   0.68961810119227358  0.0054925212161501118     
2.1817890880014525   0.64037183577493644  0.0058027697343765954     
2.4242100977793917   0.60201444853375654  0.0058721848137779912     
2.6666311075573308   0.57681305588222512  0.0057928738899675617     
2.9090521173352699   0.56451969325522566  0.005511651976970074     
3.151473127113209   0.56509493037602191  0.0050504434839508491     
3.3938941368911482   0.57638297893107079  0.0049229098965249438     
3.6363151466690873   0.5956650637724363  0.0050578635961641832     
3.8787361564470264   0.61935366366152115  0.0058481454150475763     
4.1211571662249655   0.64502245862477704  0.0072345476387883803     
4.3635781760029051   0.68237977401558604  0.010298765190000554     
4.6059991857808438   0.76938589721628029  0.012320719804648991     
4.8484201955587833   1.4542952909656679  0.030463905576156181     
5.090841205336722   355.76151946297496  0.20655921494040552     
5.3332622151146616   3.9241432585913886  0.097117236769999919     
5.5756832248926003   1.8928901161452733  0.033078594939789475     
5.8181042346705398   1.4123528624892305  0.018760353599354092     
6.0605252444484785   1.1933968220383981  0.012062788464907932     
6.3029462542264181   1.0438578917973442  0.0090102790320806822     
6.5453672640043568   0.92257893510351195  0.0062853158165408759     
6.7877882737822963   0.81790170140195338  0.004933819284474984     
7.030209283560235   0.72377357808063096  0.0043937851088988243     
7.2726302933381746   0.63897861576777609  0.0038525017391626871     
7.5150513031161132   0.56620667055568286  0.003645091492626356     
7.7574723128940528   0.50704654576808882  0.0038323834229997958     
7.9998933226719924   0.46095758516846386  0.0046064349395895181     
8.2423143324499311   0.42988193047120503  0.0047682992149154666     
8.4847353422278697   0.41451386288377926  0.0065182606312294533     
8.7271563520058102   0.41637607755385203  0.0078397954846658977     
8.9695773617837489   0.43710509924994412  0.0095762289560157735     
9.2119983715616875   0.49377066970824382  0.010903571423897084     
9.4544193813396262   0.63887689025226433  0.013342023058576038     
9.6968403911175667   1.0818286290510527  0.020102996894459005     
9.9392614008955054   3.5961887092560647  0.064335563207826486     
10.181682410673444   250.93935129859559  0.57436016596857566     
10.424103420451383   8.4119995826257637  0.23267340953020391     
10.666524430229323   2.8114194372710833  0.05860348869505941     
10.908945440007262   1.7032544943885734  0.025046064502138911     
11.151366449785201   1.2752096085391523  0.014517464861476422     
11.393787459563139   1.0391349358829918  0.0098279587389077032     
11.63620846934108   0.87557036519721996  0.0049391104076935675     
11.878629479119018   0.75437236876750891  0.004133876011346631     
12.121050488896957   0.6526271043735506  0.0032256054190909456     
12.363471498674897   0.56287761635165935  0.0022435356179815646     
12.605892508452836   0.48886361401199023  0.0025895497258308752     
12.848313518230775   0.42839291085064637  0.0030566795093839163     
13.090734528008714   0.38089660032657192  0.0041670128131430008     
13.333155537786654   0.34890557490302869  0.0040305482297422747     
13.575576547564593   0.3367493063240983  0.0059920241352687309     
13.817997557342531   0.35003245073341817  0.0073077216118984191     
14.06041856712047   0.39406204785929992  0.0090228725678590034     
14.30283957689841   0.50823647259233502  0.0099657055095688184     
14.545260586676349   0.77636769033870437  0.011080591416378019     
14.787681596454288   1.5374167452301429  0.026764813252458852     
15.030102606232226   5.1301518047115921  0.083430671039102323     
15.272523616010167   141.59037801878361  0.70968731707572745     
15.514944625788106   10.955515176656407  0.29262355059087684     
15.757365635566044   3.1973232999601003  0.059097845408386808     
15.999786645343985   1.746754878522627  0.020890598593237182     
16.242207655121923   1.2019157826284315  0.012324811220318272     
16.484628664899862   0.92779166418825819  0.0084953042474508043     
16.727049674677801   0.75349237618726322  0.0051127503491114303     
16.969470684455739   0.63971015324233149  0.0055880346844058187     
17.211891694233678   0.55157702545097954  0.0045389148552429945     
17.45431270401162   0.4780532366816226  0.0037209932863964649     
17.696733713789559   0.42364734718848944  0.0033539366239955158     
17.939154723567498   0.38294985657947684  0.0032676469208435555     
18.181575733345436   0.35504551769195739  0.0032412679271030458     
18.423996743123375   0.34364698870311133  0.0028185591619634762     
18.666417752901314   0.35346912760900714  0.0038123509017684737     
18.908838762679252   0.39445993693016038  0.0051905207190340096     
19.151259772457191   0.47213343201896404  0.0067911750820404625     
19.393680782235133   0.63713022342463002  0.0072756783059656601     
19.636101792013072   0.9823184991835521  0.0098465795425744133     
19.878522801791011   1.8424001049130118  0.026680867690258473     
20.120943811568949   5.1587541662519977  0.077489555521029425     
20.363364821346888   65.105299159739577  0.55169824752645024     
20.605785831124827   10.038356293028492  0.23847361014949881     
20.848206840902765   3.0483972129712003  0.043071020279259152     
21.090627850680708   1.6752642729044179  0.015058702364293524     
21.333048860458646   1.126350645225053  0.011024062683775529     
21.575469870236585   0.85296806039456436  0.0073691758477745994     
21.817890880014524   0.68449772351870058  0.0056474738919907159     
22.060311889792462   0.58157630670848882  0.0058921261173112955     
22.302732899570401   0.50844374569633916  0.0045949547250711207     
22.54515390934834   0.45357445647223639  0.00430779296816168     
22.787574919126278   0.41899141154366495  0.003404107950358204     
23.029995928904221   0.39966067634558738  0.0028784537215245054     
23.272416938682159   0.39362724248851731  0.0022986911828574734     
23.514837948460098   0.40674890363124383  0.0021647014513261371     
23.757258958238037   0.43991740028563836  0.0023140304356074732     
23.999679968015975   0.50709107727611837  0.0037800378286598523     
24.242100977793914   0.61242779472315392  0.0053374801640481707     
24.484521987571853   0.80136366109011133  0.0043023086101370479     
24.726942997349795   1.1574096850611987  0.010052860260700069     
24.969364007127734   1.9013130193801314  0.022272444570117892     
25.211785016905672   4.1706980730645285  0.053049812252671761     
25.454206026683611   25.377818790677323  0.30246855511404635     
25.69662703646155   7.1488026655841274  0.1408895847441629     
25.939048046239488   2.6471345596349801  0.026008002913227518     
26.181469056017427   1.5971298088374233  0.01090936540910882     
26.423890065795366   1.1231457905250874  0.0099078646323763704     
26.666311075573308   0.87030085266602019  0.006114280206124858     
26.908732085351247   0.71263054912531557  0.0041347373905010103     
27.151153095129185   0.6154288998903568  0.004431134216314252     
27.393574104907124   0.55013177955932305  0.0032974855987075751     
27.635995114685063   0.50762956090520064  0.0035806284341497226     
27.878416124463001   0.48487789940919958  0.0027508647821400368     
28.12083713424094   0.47854373858031032  0.0023179689225004338     
28.363258144018882   0.48645942403552836  0.001836677992989047     
28.605679153796821   0.51558979726111082  0.0022118966655573824     
28.84810016357476   0.56244061390009116  0.0020515029164633446     
29.090521173352698   0.64064970473000968  0.0030446929662431459     
29.332942183130637   0.75503033928913528  0.0046912967273749919     
29.575363192908576   0.93342415573079008  0.0022362368475903481     
29.817784202686514   1.2380596313609675  0.0089282595252833548     
30.060205212464453   1.7550148660298214  0.015661614043794246     
30.302626222242395   2.9885554265140826  0.029239558854538132     
30.545047232020334   9.1424665098668942  0.12326848766731367     
30.787468241798273   4.3763108023749065  0.06789565572297581     
31.029889251576211   2.1824668998726934  0.012915972379959565     
31.27231026135415   1.5048226715639634  0.0074297901482031383     
31.514731271132089   1.152130282836011  0.0079735468133107686     
31.757152280910027   0.93750017397530344  0.0049687873320877219     
31.99957329068797   0.79841654762312181  0.0024734447729095043     
32.241994300465905   0.70837168999660585  0.0026944659020893131     
32.484415310243847   0.64858605735960574  0.0024921894178256549     
32.726836320021782   0.61373879836447131  0.0025090935536302441     
32.969257329799724   0.59763000742925554  0.0017678955347858929     
33.211678339577666   0.59557880904792105  0.0023563894518238747     
33.454099349355602   0.6083011947470036  0.0018427381446370193     
33.696520359133544   0.64159442712620768  0.0024554096081040614     
33.938941368911479   0.68998597972494867  0.002314393506475878     
34.181362378689421   0.76186420723161972  0.0023600289238015358     
34.423783388467356   0.86445784572765259  0.0037640193204357393     
34.666204398245299   1.006533049851171  0.002261390745521271     
34.908625408023241   1.2252245315487105  0.0065013433410912826     
35.151046417801176   1.5228410860479965  0.0090569315464530265     
35.393467427579118   2.0873112810101258  0.016220297489886032     
35.635888437357053   3.5970912231090507  0.038387308329542919     
35.878309447134995   2.6068034184919718  0.029657595021442416     
36.120730456912931   1.7553891056991553  0.0060018549881428668     
36.363151466690873   1.383429068429324  0.0051457993633716258     
36.605572476468815   1.1588130039483755  0.0053434971435303809     
36.84799348624675   0.99817059481212069  0.0039814165811728334     
37.090414496024692   0.88749279181150119  0.0018142255604145655     
37.332835505802628   0.81206416053468761  0.0016954038472453213     
37.57525651558057   0.7618925737604359  0.0023979711832753275     
37.817677525358505   0.73357522024828675  0.0019418829200606062     
38.060098535136447   0.7223977413304525  0.0010807915563528328     
38.302519544914382   0.71973959462714319  0.0024854705325323994     
38.544940554692324   0.73161923165596332  0.0020415437920950262     
38.787361564470267   0.75998427075394883  0.002245502554441227     
39.029782574248202   0.80070954473523688  0.0024134712319737996     
39.272203584026144   0.8561043757840334  0.0019843572408948004     
39.514624593804079   0.93348045981571408  0.0025665298079983386     
39.757045603582021   1.0306812457268075  0.0023100150674573408     
39.999466613359957   1.1637886751550015  0.0042604088529432282     
40.241887623137899   1.3125999018433099  0.0049367867714538138     
40.484308632915841   1.5432700851649624  0.0092796297158044127     
40.726729642693776   1.8713657665115272  0.0095809296533596637     
40.969150652471718   1.710857651254734  0.012084916709153033     
41.211571662249654   1.4314032248897686  0.004416589025970379     
41.453992672027596   1.256229509412207  0.0038869966264638998     
41.696413681805531   1.1325472421910336  0.0034092666221411789     
41.938834691583473   1.029064178353817  0.0034083808037892413     
42.181255701361415   0.95136722332370283  0.0014101744950384145     
42.42367671113935   0.89602149079732748  0.0013601740731185824     
42.666097720917293   0.85971179234084324  0.0021373340878943707     
42.908518730695228   0.83821413326795526  0.0016703001102405807     
43.15093974047317   0.8308817646900016  0.0014574269836862717     
43.393360750251105   0.82704980002357217  0.0022711138097288635     
43.635781760029047   0.83630238802381096  0.0022941237976961785     
43.87820276980699   0.85537911107280834  0.001854430196278274     
44.120623779584925   0.8847707837087325  0.0018511371018635501     
44.363044789362867   0.92177831516001844  0.0019658262874795247     
44.605465799140802   0.97107352187281636  0.0016535908714918084     
44.847886808918744   1.0295682629626045  0.0021364091421043277     
45.090307818696679   1.0984204462079388  0.0030301354256441483     
45.332728828474622   1.1685141869800606  0.0027440668268653252     
45.575149838252557   1.2568285897640039  0.004593174681577471     
45.817570848030499   1.3239542453864897  0.0036346102705695697     
46.059991857808441   1.3094113980695086  0.0050727421934341752     
46.302412867586376   1.224967486327465  0.0033640103472904293     
46.544833877364319   1.1521027928703169  0.0024821856176734089     
46.787254887142254   1.092567472400399  0.002621132932355178     
47.029675896920196   1.0346107549699257  0.0029052718790523315     
47.272096906698131   0.98714713365714498  0.0018182609034285018     
47.514517916476073   0.95134170481685248  0.00092119492368284929     
47.756938926254016   0.92893088573280195  0.0016788178488453918     
47.999359936031951   0.91421838890573984  0.0014156829457197673     
48.241780945809893   0.90931573161548231  0.0018392327904201631     
48.484201955587828   0.90617806256078935  0.0018559641195473221     
