0.012959242694672959   0   0   
0.038877728084018875   0   0   
0.064796213473364797   0   0   
0.090714698862710719   0   0   
0.11663318425205663   0   0   
0.14255166964140256   0   0   
0.16847015503074847   0   0   
0.19438864042009438   0   0   
0.22030712580944031   0   0   
0.24622561119878622   0.008106423150053282   2.6159808332222801e-05   
0.27214409658813216   1.5430294658285716   0.00035147339974709489   
0.29806258197747804   8.4493661960859568   0.00078420197638338034   
0.32398106736682397   6.1307254230506181   0.00067255107932745765   
0.34989955275616991   1.2028268458695831   0.00036356354494213805   
0.37581803814551579   0.10201832819959347   7.7310626637274428e-05   
0.40173652353486172   0.0049211023674298694   2.2703711473416997e-05   
0.42765500892420766   0.00016056798120487999   3.490301851107813e-06   
0.45357349431355359   4.8484441310863909e-06   7.2838808003560125e-07   
0.47949197970289947   1.7198872762299699e-07   1.2236279893422761e-07   
0.50541046509224541   0   0   
0.53132895048159134   0   0   
0.55724743587093728   0   0   
0.5831659212602831   0   0   
0.60908440664962904   0   0   
0.63500289203897498   0   0   
0.66092137742832091   0   0   
0.68683986281766685   0   0   
0.71275834820701278   0   0   
0.73867683359635872   0   0   
0.76459531898570454   0   0   
0.79051380437505048   0   0   
0.81643228976439641   0   0   
0.84235077515374235   0   0   
0.86826926054308828   0   0   
0.89418774593243422   0   0   
0.92010623132178004   0   0   
0.94602471671112598   5.2303421277130591e-07   1.3560146257033857e-07   
0.97194320210047191   1.0068602312222739e-05   4.6986568670191859e-07   
0.99786168748981785   0.00014878662927271363   2.550548719233318e-06   
1.0237801728791638   0.0015587287586113847   7.3770175155232112e-06   
1.0496986582685097   0.011278913883862351   2.2880418199762075e-05   
1.0756171436578557   0.057619943268958002   5.4279161647341669e-05   
1.1015356290472016   0.2082594310658764   5.8753118614320851e-05   
1.1274541144365475   0.54435451243519627   0.00014555888921943027   
1.1533725998258935   1.0613167152182178   0.0001131409038781897   
1.1792910852152392   1.6148249934234236   0.00015804803462151387   
1.2052095706045851   2.0273616349497083   0.00012455606191951141   
1.231128055993931   2.2313688940620982   0.00021788245555469735   
1.257046541383277   2.2839495228444952   0.00029762409979903281   
1.2829650267726229   2.268144006839936   0.00031824773462951028   
1.3088835121619689   2.245167655656851   0.0002101385999031679   
1.3348019975513148   2.2470755744081445   0.00020972624822860833   
1.3607204829406607   2.299829271814263   0.00023463111470929646   
1.3866389683300067   2.4264686227173137   0.00024388754836961709   
1.4125574537193526   2.6172526240601163   0.00021525371806298979   
1.4384759391086985   2.7921170021570509   0.00020753604911718274   
1.4643944244980445   2.8216949249245744   0.00030049896542266076   
1.4903129098873904   2.6363464501233154   0.00029617431474307131   
1.5162313952767361   2.2977936142141102   0.00025495738047239731   
1.5421498806660821   1.9304989925949913   7.5527208412198579e-05   
1.568068366055428   1.6192384276262782   0.00020533884465019401   
1.5939868514447739   1.3835588168940696   0.00022288276706386502   
1.6199053368341199   1.2068261292756089   0.00030255272095992292   
1.6458238222234658   1.0681421917194409   0.00022292759196253625   
1.6717423076128117   0.9505491819256466   0.00018760328663009752   
1.6976607930021577   0.83622031257731849   0.00021733907116492008   
1.7235792783915036   0.70585116952658509   0.00012474973658272529   
1.7494977637808495   0.54681124175512355   0.00017320154781373525   
1.7754162491701955   0.37093087960131689   0.000175415477237378   
1.8013347345595414   0.21254072434109449   0.00016605099865325831   
1.8272532199488871   0.10069100266347372   0.00010219635666038076   
1.8531717053382331   0.038975180207893339   6.7545441440706369e-05   
1.879090190727579   0.01237534016760678   3.7559361013736685e-05   
1.9050086761169249   0.0032321806482449493   9.8563389082427543e-06   
1.9309271615062709   0.00074536490167744602   4.2777126302399828e-06   
1.9568456468956168   0.0003406413295293863   2.3765442633136942e-06   
1.9827641322849627   0.00091406837828700898   1.9465053035272578e-06   
2.0086826176743084   0.0032363951080340099   7.8628818428371143e-06   
2.0346011030636544   0.010227480216203002   1.8152985495452805e-05   
2.0605195884530003   0.028069097226931452   3.3163907962431539e-05   
2.0864380738423463   0.066995366224394344   5.0950189022554943e-05   
2.1123565592316922   0.13948343913574346   6.4687539513720899e-05   
2.1382750446210381   0.25395663310379166   7.0175024334239129e-05   
2.1641935300103841   0.40828088806414118   7.1753422053525044e-05   
2.19011201539973   0.58444106996848746   8.2968923123944154e-05   
2.2160305007890759   0.75788377171859039   0.00010364781307090565   
2.2419489861784219   0.9046271708206169   0.00020853232128292945   
2.2678674715677678   1.0158559294134687   9.6113143846852128e-05   
2.2937859569571137   1.0965134913226216   0.00014677591332319609   
2.3197044423464597   1.160916763193755   0.0002038461831105878   
2.3456229277358056   1.224499587697437   0.00012785722364634812   
2.3715414131251515   1.2984734470897575   0.00015716299179623585   
2.3974598985144975   1.3875931413764731   0.00017976725363693315   
2.4233783839038434   1.4849515011304648   0.00014501633343571484   
2.4492968692931893   1.5766944917505162   0.00022773955547074917   
2.4752153546825353   1.6485292572929205   8.7381449501390527e-05   
2.5011338400718812   1.6928536935471781   0.0001924520752666715   
2.5270523254612272   1.7139554367578699   0.00020759141153024687   
2.5529708108505731   1.7219744589661468   0.00022463756059237476   
2.578889296239919   1.7263577891822059   0.00010409861848753483   
2.604807781629265   1.7292627231831587   0.00018673918565738443   
2.6307262670186109   1.7265717070887243   0.00016096708773475174   
2.6566447524079564   1.7127633412107305   0.00019584458428353228   
2.6825632377973023   1.6849244519088813   0.00020786352174510174   
2.7084817231866483   1.6453469406212301   0.00021889067129076024   
2.7344002085759942   1.6004319566170321   0.00011815293433177297   
2.7603186939653401   1.5567282297160339   0.00012365818839331373   
2.7862371793546861   1.52012226003634   0.00011668477197828593   
2.812155664744032   1.4892438178155252   0.00018083746915720497   
2.8380741501333779   1.4565484749271528   0.0002353243660409366   
2.8639926355227239   1.4080422928600687   0.00019099879406761859   
2.8899111209120698   1.3342981273087976   0.00013638943005599122   
2.9158296063014157   1.2338576811189374   0.00012024522467743921   
2.9417480916907617   1.1149407781926204   0.00015955983543492836   
2.9676665770801076   0.99087330227254177   0.00012701871404044769   
2.9935850624694536   0.87389851037375591   0.00015762388470016672   
3.0195035478587995   0.76989342776299178   0.00010880250795285717   
3.0454220332481454   0.67945898375787962   0.00014516186635099036   
3.0713405186374914   0.59798183275043328   0.00013609077562390975   
3.0972590040268373   0.51838427217768689   0.00012018180020811842   
3.1231774894161832   0.43623041297131697   9.1735082814748301e-05   
3.1490959748055292   0.35009474040127315   5.7994078637358339e-05   
3.1750144601948751   0.26327896646347665   6.1988739097559017e-05   
3.200932945584221   0.18298474104526126   8.8247844991750051e-05   
3.226851430973567   0.11611435528026065   0.00010368489193693045   
3.2527699163629129   0.06719114525201471   9.2873146198081267e-05   
3.2786884017522588   0.037202947839071803   7.003810462186461e-05   
3.3046068871416048   0.025434533874668284   5.4972991489806548e-05   
3.3305253725309503   0.032304155073424172   5.4740666444011314e-05   
3.3564438579202962   0.061760226626264816   6.4597621855622324e-05   
3.3823623433096421   0.12128420959459323   6.9064067587040007e-05   
3.4082808286989881   0.21875521208551687   7.3260399149303247e-05   
3.434199314088334   0.35704931938363159   5.418873262694992e-05   
3.4601177994776799   0.52982508972325278   9.5760050848660039e-05   
3.4860362848670259   0.721605330043205   9.0102200709652446e-05   
3.5119547702563718   0.91240564296493501   4.1319556207823629e-05   
3.5378732556457178   1.0842702415810386   0.00013176571736408943   
3.5637917410350637   1.2293368958217135   0.00016300338390642007   
3.5897102264244096   1.3495617032018513   0.00014947431710455701   
3.6156287118137556   1.4550377056009596   0.00021653280026322913   
3.6415471972031015   1.5585647812807222   0.00019167729248051401   
3.6674656825924474   1.6679987675474658   0.0001155241425347458   
3.6933841679817934   1.7835718625449305   0.00011982619309447883   
3.7193026533711393   1.8926761377618485   0.00024806778468561154   
3.7452211387604852   1.9743686283704914   0.00035897429955093831   
3.7711396241498312   2.0070113799768619   0.00035904110936380328   
3.7970581095391771   1.9776286405405845   0.00026308811796268146   
3.822976594928523   1.8885855992755657   0.00012949055545608166   
3.848895080317869   1.7584737375324035   0.00015245727176272984   
3.8748135657072149   1.6151384416880035   0.00014901597971646258   
3.9007320510965608   1.4847214072281959   0.00012468737733114441   
3.9266505364859068   1.3821017583990329   0.00019279737717685758   
3.9525690218752527   1.3106053362638624   0.00015134599466741068   
3.9784875072645987   1.2609922114475188   0.00022599270025789768   
4.0044059926539441   1.2183564221192128   0.00024866088783620777   
4.0303244780432905   1.1684773039153608   0.00018546061006210178   
4.056242963432636   1.1046729554681408   9.742677904195981e-05   
4.0821614488219824   1.0289659917052929   0.00018015790578491761   
4.1080799342113279   0.9528511289820779   0.00022363246733235176   
4.1339984196006743   0.89018201885402561   0.00021808165613853641   
4.1599169049900198   0.85145912431587783   0.00023419799169844515   
4.1858353903793661   0.84047946099824498   0.0001909347167632893   
4.2117538757687116   0.85043925984701824   9.6003794133261803e-05   
4.237672361158058   0.86845836785628294   8.8185519532895622e-05   
4.2635908465474035   0.87994346126876071   0.00011818811081277576   
4.2895093319367499   0.87323959042626544   0.00015560160986037152   
4.3154278173260954   0.84315141677426756   0.00015721603607126044   
4.3413463027154409   0.79150980153957055   0.00011023558451336184   
4.3672647881047872   0.72599161103773055   8.4110714248694729e-05   
4.3931832734941327   0.65515797431756892   9.6233702250101089e-05   
4.4191017588834791   0.58669677289169152   6.8471925737319577e-05   
4.4450202442728246   0.52418964854872453   6.6990472059106672e-05   
4.470938729662171   0.46959656838936666   0.00013438961943463649   
4.4968572150515165   0.42231757902851089   8.935779876341432e-05   
4.5227757004408629   0.38220918925650525   9.9978047313203134e-05   
4.5486941858302083   0.35093391548858995   8.0998459532268802e-05   
4.5746126712195547   0.3311994453763945   3.6551708065622317e-05   
4.6005311566089002   0.3260715544270383   8.5481187354494317e-05   
4.6264496419982466   0.33749266780473482   8.2533484152314818e-05   
4.6523681273875921   0.36563963973670526   0.00010239787919160399   
4.6782866127769385   0.40933408695144688   0.00012081170303903963   
4.704205098166284   0.46840761400544115   0.00015781154816354564   
4.7301235835556303   0.54472668481055565   0.00017572135439998706   
4.7560420689449758   0.64190740009114821   0.00019037271953674982   
4.7819605543343222   0.76327944196942271   0.0001757383389672819   
4.8078790397236677   0.9087770107127481   0.00014598799378449793   
4.8337975251130141   1.0728375878850091   8.8309592596573147e-05   
4.8597160105023596   1.2434245653550433   0.00011280520163091842   
4.885634495891706   1.4051525463986493   0.00015707781778580809   
4.9115529812810514   1.5442453339258175   0.00014499013204132915   
4.9374714666703978   1.6517517596469246   0.00016928919480118368   
4.9633899520597433   1.7272363530644446   0.00011476704619762057   
4.9893084374490888   1.7772180390498848   0.00017234966519786181   
5.0152269228384352   1.8119373923243464   0.00011467565693902436   
5.0411454082277807   1.8400461644301069   0.00012960389655962263   
5.0670638936171271   1.8627982614502856   0.00014908047236995851   
5.0929823790064725   1.874429102339178   0.00029013717841818342   
5.1189008643958189   1.863939261035856   0.00031336545385539626   
5.1448193497851644   1.8194021513294281   0.00033983055178993047   
5.1707378351745108   1.7348561589550559   0.00025064766408975425   
5.1966563205638563   1.6133796707630896   0.00022493626130783336   
5.2225748059532027   1.4666932139035338   0.00014776978857523175   
5.2484932913425482   1.3111243898062516   9.184363597317662e-05   
5.2744117767318945   1.1630277765953269   0.00014119188956103918   
5.30033026212124   1.0350037981859596   0.00015960776673083522   
5.3262487475105864   0.9320501155444584   0.00015511865622698499   
5.3521672328999319   0.85256843332168424   0.00011851119542644369   
5.3780857182892783   0.79029777415139685   0.00015636711178110599   
5.4040042036786238   0.73817913393456102   0.00010169206182736381   
5.4299226890679702   0.69024848908735233   6.6889425595096073e-05   
5.4558411744573156   0.64473074186705992   0.00010779833528277683   
5.481759659846662   0.60386321013177067   0.00018421974862384111   
5.5076781452360075   0.57209357129633672   0.00022327079359172   
5.5335966306253539   0.55386520952528536   0.00024213521231907337   
5.5595151160146994   0.55139298399061072   0.00020912045392161183   
5.5854336014040458   0.56405272351745527   0.00016788025378716872   
5.6113520867933913   0.58735730263931105   0.00010472143947661738   
5.6372705721827376   0.61437478542659943   8.9132252181427688e-05   
5.6631890575720831   0.63765952113586369   0.00012744254894136415   
5.6891075429614286   0.65049382959983967   0.00017413223734321511   
5.715026028350775   0.64929803923650952   0.00014873832156767844   
5.7409445137401205   0.63556074708677015   9.2026253232945545e-05   
5.7668629991294669   0.61464436969043358   5.0295737634093895e-05   
5.7927814845188124   0.59564792769932549   7.6176815026937321e-05   
5.8186999699081587   0.58759296103474968   0.00010798152655454706   
5.8446184552975042   0.59745128507659655   0.00010608646311753666   
5.8705369406868506   0.62690453655891669   9.2924281409665183e-05   
5.8964554260761961   0.67270002896399139   8.500476994765864e-05   
5.9223739114655425   0.7271977096919686   7.7572045238612518e-05   
5.948292396854888   0.78236012872937824   5.441254053913608e-05   
5.9742108822442344   0.83223978266191755   8.1060377545637351e-05   
6.0001293676335798   0.87599929821393718   0.00012163974972938917   
6.0260478530229262   0.91651038652944402   0.00020814503171209416   
6.0519663384122717   0.95990989659620368   0.00024816369346936008   
6.0778848238016181   1.0146986472282481   0.00020982878073787043   
6.1038033091909636   1.0864672574619813   0.00015784792533144095   
6.12972179458031   1.1755127969766411   9.21836230466303e-05   
6.1556402799696555   1.2764890548022084   0.00014615578466390755   
6.1815587653590018   1.3791324024983299   0.00021326180546248118   
6.2074772507483473   1.4712680946739316   0.00021119375595976812   
6.2333957361376937   1.5422907106139017   0.00020979137193055746   
6.2593142215270392   1.586395847354277   0.00017707027918087068   
6.2852327069163856   1.6043936508961848   0.0001257943902502308   
6.3111511923057311   1.6020851306636028   0.0001253885239976375   
6.3370696776950766   1.5883603220474688   0.00017932806902421756   
6.3629881630844229   1.5716005997068821   9.5312806434898734e-05   
6.3889066484737684   1.5571765890145271   0.00011782626904262934   
6.4148251338631148   1.5463237687414163   0.00014711964561143998   
6.4407436192524603   1.5345150772387995   0.00020468546655649502   
6.4666621046418067   1.514216052615428   0.00029137100376176289   
6.4925805900311522   1.4777429276739419   0.00022993796266577774   
6.5184990754204986   1.4186494434444804   0.00024096359092994502   
6.544417560809844   1.3361373539306146   0.00018272121171327541   
6.5703360461991904   1.2341919638255361   0.00012947700939938852   
6.5962545315885359   1.1206760275911641   0.00011309893300810321   
6.6221730169778823   1.0054945238593734   0.00013935943075484262   
6.6480915023672278   0.89773853259072287   0.00013172073605491071   
6.6740099877565742   0.80276518656488345   8.6883708591122496e-05   
6.6999284731459197   0.72274565768876406   8.5543172541131422e-05   
6.725846958535266   0.65697885121019808   0.00010428792430833991   
6.7517654439246115   0.60262592441173158   0.00011980517371079747   
6.7776839293139579   0.55658951891689496   8.9883205489255954e-05   
6.8036024147033034   0.51617361263122025   7.2379514566684053e-05   
6.8295209000926498   0.48032001490205537   9.4548303347807268e-05   
6.8554393854819953   0.44957815946773485   0.0001259319903807401   
6.8813578708713417   0.42579621356855912   0.00017130169254553104   
6.9072763562606871   0.41128813448108801   0.00022847526736546649   
6.9331948416500335   0.40884763416989239   0.0002203720418832499   
6.959113327039379   0.42039954717474528   0.00019474301442604479   
6.9850318124287245   0.44662678443545108   0.00018115862721161994   
7.0109502978180709   0.48701254479137025   0.00014715999336918337   
7.0368687832074164   0.53983829860893263   0.0001258340616241444   
7.0627872685967628   0.6015295076897856   8.4815832666148132e-05   
7.0887057539861082   0.66843101770518183   5.5594669443195555e-05   
7.1146242393754546   0.73668711625168736   8.3569705770385729e-05   
7.1405427247648001   0.80424005397219571   7.7838109716843568e-05   
7.1664612101541465   0.87036608534261844   6.8853565773803643e-05   
7.192379695543492   0.93657383486683067   8.3236183878694754e-05   
7.2182981809328384   1.0044313520317407   7.3426743666154725e-05   
7.2442166663221839   1.0745432473213582   7.2071762549855348e-05   
7.2701351517115302   1.1455309080699605   8.5773349358505983e-05   
7.2960536371008757   1.2147825933057616   6.0494238729123346e-05   
7.3219721224902221   1.2791141852819966   5.9866469292415382e-05   
7.3478906078795676   1.3347746079511111   0.00010935655154276508   
7.373809093268914   1.3796541946259038   0.00010539166828462771   
7.3997275786582595   1.4127473306264409   0.00014669258633880586   
7.4256460640476059   1.4343807431698347   0.00014712996618453146   
7.4515645494369513   1.446333649161321   0.00012903523300946202   
7.4774830348262977   1.44956552409942   0.00014551670957649302   
7.5034015202156432   1.4455899858086463   0.00016326772449347128   
7.5293200056049896   1.4345704241338646   0.00017266461266172429   
7.5552384909943351   1.417253567475416   0.00019232588996231601   
7.5811569763836815   1.3941004710070821   0.00012995857140216546   
7.607075461773027   1.3664312741346167   0.00010587015183639752   
7.6329939471623725   1.335595276911511   8.6567485526619921e-05   
7.6589124325517188   1.3026473287950144   6.5247837916983496e-05   
7.6848309179410643   1.2680238265387032   7.9283683326937099e-05   
7.7107494033304107   1.232840741035745   5.8228180352361556e-05   
7.7366678887197562   1.198416356652599   7.9022286268083862e-05   
7.7625863741091026   1.1660032472742502   8.2435288586134806e-05   
7.7885048594984481   1.1368009779895543   6.9184020341378598e-05   
7.8144233448877944   1.1117165329059574   6.6649437261823419e-05   
7.8403418302771399   1.0898966707022086   0.0001120657691008112   
7.8662603156664863   1.0689432635053565   6.3405638321754914e-05   
7.8921788010558318   1.0449831468710729   6.2577008771738713e-05   
7.9180972864451782   1.0141440155453746   0.00011581187820339115   
7.9440157718345237   0.97296216666477397   0.00014399060183904837   
7.9699342572238701   0.92041937647060966   0.00011776991404639114   
7.9958527426132155   0.85822393351289784   9.732813703981447e-05   
8.0217712280025619   0.79000113516228192   6.6605723445760695e-05   
8.0476897133919074   0.7204795913144375   6.6722107847723776e-05   
8.0736081987812529   0.65386128447211136   4.6354466334759376e-05   
8.0995266841706002   0.59305555283266153   7.1753252361436756e-05   
8.1254451695599457   0.53947129763956067   8.7365547173262247e-05   
8.1513636549492912   0.49370674076373617   6.976494675634154e-05   
8.1772821403386367   0.4561587648506634   9.559347974074906e-05   
8.2032006257279839   0.42784149721145938   9.1384681718742493e-05   
8.2291191111173294   0.41123628777420344   0.00013204852799105084   
8.2550375965066749   0.40868487953881514   0.00019459295665359815   
8.2809560818960204   0.42301534397927849   0.00026524543475542662   
8.3068745672853659   0.4557796177214715   0.0002766989722044919   
8.3327930526747132   0.50669547047174984   0.00027444429150359382   
8.3587115380640586   0.57344227794025428   0.00024205067198783585   
8.3846300234534041   0.65257933391100577   0.00021092604170113056   
8.4105485088427496   0.74040141200395614   0.00015614384138833928   
8.4364669942320969   0.83409479713343572   0.00014861039147730461   
8.4623854796214424   0.93176012205135553   0.00013174747762074688   
8.4883039650107879   1.0326673882302666   0.0001367071629538877   
8.5142224504001334   1.1359733155531155   7.5277570062593266e-05   
8.5401409357894806   1.2396258212443953   6.1579348877481728e-05   
8.5660594211788261   1.3399892157114472   0.00013765558076403152   
8.5919779065681716   1.4314856843540827   0.00023055726369723126   
8.6178963919575171   1.5079004051817339   0.00031243647315301385   
8.6438148773468644   1.5637134968392008   0.00030630261527259986   
8.6697333627362099   1.5959205132453497   0.00025217826996014868   
8.6956518481255554   1.6045393186837103   0.00022253321259134011   
8.7215703335149009   1.593244586017716   0.00013400358555623581   
8.7474888189042481   1.5674625198982131   0.00013196539696479418   
8.7734073042935936   1.5328937714399505   9.6473971715054436e-05   
8.7993257896829391   1.4929250287504162   0.00011496676128698429   
8.8252442750722846   1.448753350607576   0.00016313271724639267   
8.8511627604616319   1.3987452602555093   0.00028420168258999189   
8.8770812458509774   1.3404415312476695   0.00034400601549629989   
8.9029997312403228   1.2730013184664154   0.00026942754571368048   
8.9289182166296683   1.1985438748614013   0.00013008085745965208   
8.9548367020190156   1.1211859041567498   6.8958552426073416e-05   
8.9807551874083611   1.0474846926278337   0.00014607897248142214   
9.0066736727977066   0.98320909375056904   0.00022219109839196025   
9.0325921581870521   0.93230655809318579   0.00020812301242520294   
9.0585106435763976   0.89498387636044104   0.00018929164542749765   
9.0844291289657448   0.86935240822257188   0.00012827079040593324   
9.1103476143550903   0.85153960808452972   9.007333344742305e-05   
9.1362660997444358   0.83835507680924511   0.00010301631770337165   
9.1621845851337813   0.82772449488619833   8.4189317741705504e-05   
9.1881030705231286   0.81954559595114244   0.00011642271534774193   
9.2140215559124741   0.81434832708114749   0.00015717263658012539   
9.2399400413018196   0.81282307655749775   9.4533847841914841e-05   
9.2658585266911651   0.81331182796994461   8.7329933195830435e-05   
9.2917770120805123   0.81320054276105516   9.9467994144922483e-05   
9.3176954974698578   0.80835266268494903   0.00014198182421976518   
9.3436139828592033   0.79458461566571337   0.00015713339092627661   
9.3695324682485488   0.77024143458363998   0.00016256326889720969   
9.3954509536378961   0.73598990230840103   0.00016411930064144111   
9.4213694390272416   0.69540804097837993   8.1096511670190621e-05   
9.447287924416587   0.65380399513639441   6.5019013236668846e-05   
9.4732064098059325   0.61676751032943873   0.00010905090211968125   
9.4991248951952798   0.58911388347513887   0.00017937750774604793   
9.5250433805846253   0.57424792780715222   0.0001209839304522204   
9.5509618659739708   0.57359954661012629   0.00011852591645826553   
9.5768803513633163   0.58744650507561839   0.00016478735712717665   
9.6027988367526635   0.61531705231503513   0.00014968443964232926   
9.628717322142009   0.65565342931962889   0.00016770995792041898   
9.6546358075313545   0.70698262242679746   0.00020258544537190677   
9.6805542929207   0.76749268523443709   0.00021950225220968467   
9.7064727783100455   0.83583729949980815   0.00023754375195250223   
9.7323912636993928   0.91020820843937827   0.00019148247848883474   
9.7583097490887383   0.989749258175666   0.00023431952281114356   
9.7842282344780838   1.0739190124981065   0.00017917652895592107   
9.8101467198674293   1.1616987973145593   0.00020982327241583688   
9.8360652052567765   1.2516726907897647   0.00010248546364050169   
9.861983690646122   1.3412284289076039   0.00015982303059200106   
9.8879021760354675   1.4263421305100571   0.00018639760639096734   
9.913820661424813   1.5014497607481749   0.00029485691775547417   
9.9397391468141603   1.5605485696211161   0.00037445621133467275   
9.9656576322035058   1.5986406026188342   0.00043051451029932994   
9.9915761175928512   1.6125367848667851   0.00040002820894948215   
10.017494602982197   1.6027140976852884   0.00034202188036908503   
10.043413088371544   1.572057532509315   0.00024913746581087851   
10.069331573760889   1.5268995958277623   0.00015324484674092432   
10.095250059150235   1.4731223799033012   0.00010438872374067243   
10.12116854453958   1.4161001340823874   0.00010833224615116718   
10.147087029928928   1.3584975928004298   9.5548340506994523e-05   
10.173005515318273   1.3003658523071935   0.0001527473815681115   
10.198924000707619   1.2394735183168518   0.00016271837073964243   
10.224842486096964   1.1736836141951245   0.00020377298145820316   
10.250760971486311   1.1010810587958646   0.00018787329303042189   
10.276679456875657   1.022200720044257   0.00012153747541855285   
10.302597942265002   0.94038185221245503   9.1360411523440186e-05   
10.328516427654348   0.86115968631983367   0.000216438851575291   
10.354434913043693   0.79042931332640231   0.00027488193138951493   
10.380353398433041   0.73356630609895335   0.0002911857354839525   
10.406271883822386   0.69281244695509922   0.00025477325923038901   
10.432190369211732   0.66740736215223221   0.00019869283385068331   
10.458108854601077   0.65427611251655155   0.00011426749051410788   
10.484027339990424   0.64874577067453036   8.7066280647975288e-05   
10.50994582537977   0.64650727583730945   7.3236047865490204e-05   
10.535864310769115   0.64512493258604883   7.5350345297487699e-05   
10.561782796158461   0.64405436774793872   6.5606394678988246e-05   
10.587701281547808   0.64511941405932654   0.00012123124063707281   
10.613619766937154   0.65037121000716479   0.00014151807719838997   
10.639538252326499   0.66218808303670796   0.00019289481955814601   
10.665456737715845   0.68101154841433421   0.00016601233693327633   
10.691375223105192   0.7055655475474994   0.00011523169947830313   
10.717293708494537   0.7331328860330456   8.4276657048631231e-05   
10.743212193883883   0.76084404210527979   0.00011039780365795275   
10.769130679273228   0.78609170855272542   0.00013401537542439272   
10.795049164662576   0.80747514138355894   0.00012290418886754614   
10.820967650051921   0.82553295210359264   6.6567886854924459e-05   
10.846886135441267   0.84223499740794005   9.438729864740222e-05   
10.872804620830612   0.86051321510435058   0.00011966224435326825   
10.898723106219959   0.88326202563894133   0.00017847912872558315   
10.924641591609305   0.91285356463823812   0.00022464540859202526   
10.95056007699865   0.95060756813706713   0.00021069256308743722   
10.976478562387996   0.99637686655301907   0.00018703705740997762   
11.002397047777341   1.048575888316833   0.00010880758886861324   
11.028315533166689   1.1038634181767391   4.9521628169787646e-05   
11.054234018556034   1.1587396965530523   7.6583153125024638e-05   
11.08015250394538   1.2097559052879437   0.00015933121654197612   
11.106070989334725   1.2543153921033804   0.00018986549895986133   
11.131989474724072   1.291079427693722   0.00015595807502636119   
11.157907960113418   1.3205745515537623   0.00014341373409647061   
11.183826445502763   1.3446882894103318   0.00010953542700556834   
11.209744930892109   1.3651452721951228   9.3762792026087055e-05   
11.235663416281456   1.3834103460028931   8.7107785417181951e-05   
11.261581901670802   1.3995441004012535   0.00013722433971017694   
11.287500387060147   1.4115832413254286   0.00026257317282919743   
11.313418872449493   1.4164561287818698   0.00033552951748461532   
11.33933735783884   1.4109043984496773   0.00032332411301480001   
11.365255843228185   1.3922233027057028   0.00027887177620176751   
11.391174328617531   1.3601001322852762   0.00026738173321569792   
11.417092814006876   1.3160047380556828   0.00013909655340851206   
11.443011299396224   1.2637216467374367   8.7141449080934186e-05   
11.468929784785569   1.2074846008147376   7.4444870056417988e-05   
11.494848270174915   1.1517930459347381   0.00012677769252811937   
11.52076675556426   1.0993628553206145   0.00011484676073174173   
11.546685240953607   1.0507879489056128   7.8996352224843046e-05   
11.572603726342953   1.0048275609489455   7.375710949574143e-05   
11.598522211732298   0.95870826327751776   8.8678878193487139e-05   
11.624440697121644   0.909985187885451   0.00010398415388745842   
11.650359182510989   0.85666372322674225   0.00010106619844115407   
11.676277667900337   0.79908331449568745   8.8959529855979233e-05   
11.702196153289682   0.73956342501506446   7.7174238829497344e-05   
11.728114638679028   0.68162303646333169   0.00014918825915096874   
11.754033124068373   0.63002284609528902   0.00020105887199465787   
11.77995160945772   0.58842437399035188   0.00020189646503239807   
11.805870094847066   0.55888485308479235   0.00021128607143780334   
11.831788580236411   0.54175145553061523   0.00015825676682593226   
11.857707065625757   0.53530969090574864   0.00013058043881231628   
11.883625551015104   0.53763637780989214   0.000135366834733101   
11.90954403640445   0.54715550949676973   0.00010707455224992216   
11.935462521793795   0.56320683829408559   0.00015788976358067999   
11.961381007183141   0.58672015297607216   0.00021033649761067764   
11.987299492572488   0.61982349543833795   0.00025855811608701436   
12.013217977961833   0.66451495221732073   0.00026135956903955642   
12.039136463351179   0.72153911027182885   0.00023925955311418299   
12.065054948740524   0.78942875882165374   0.00018576733372860964   
12.090973434129872   0.86450349143744002   0.00010241635518940987   
12.116891919519217   0.94163711948565535   8.1214676532915502e-05   
12.142810404908563   1.0155494973179008   0.00010277633631301584   
12.168728890297908   1.082049067302512   0.00012357946809966643   
12.194647375687255   1.1391254778646899   0.00010960068654755029   
12.220565861076601   1.1877175864829857   8.5783526579375339e-05   
12.246484346465946   1.2288783420152822   0.00013264575983030173   
12.272402831855292   1.2604454014251423   0.0003157769618024602   
12.298321317244637   1.2696601959896365   0.00072577453684123308   
12.324239802633985   1.2459889718240416   0.00082522362001554647   
12.35015828802333   1.1992511452210221   0.00049341767670870971   
12.376076773412676   1.1368306292816956   0.00085594035089297768   
12.401995258802021   1.053363524229943   0.00085084225700698504   
12.427913744191368   0.96109099309149373   0.00047204636112210055   
12.453832229580714   0.89071961017409813   0.00039010738105411372   
12.479750714970059   0.85594354935101481   0.00037681104316069128   
12.505669200359405   0.84734812432478313   0.00030148537878467985   
12.531587685748752   0.84983230621816319   0.00021621888135598506   
12.557506171138098   0.85213579585648699   9.9549331886554617e-05   
12.583424656527443   0.84473907974385594   0.00018223528311262219   
12.609343141916789   0.82025318996852468   0.00029536913320359539   
12.635261627306136   0.7780968830761707   0.00031152346785068324   
12.661180112695481   0.72765877014901488   0.0001613625954399458   
12.687098598084827   0.68437268670042937   0.00019166859642984087   
12.713017083474172   0.65948889336944779   0.00030667219065318756   
12.73893556886352   0.65524339085946214   0.00037932537633336837   
12.764854054252865   0.66629975741462281   0.00037454803596904106   
12.790772539642211   0.6843107715101447   0.00037712919262237381   
12.816691025031556   0.70270848230527296   0.0003462848514482613   
12.842609510420903   0.71755383024086504   0.00030564796644738785   
12.868527995810249   0.72732030775918667   0.00028563301532747846   
12.894446481199594   0.73082042779572496   0.00021542778794543775   
12.92036496658894   0.72618457349333997   0.0001790030438369835   
12.946283451978285   0.71097998208858638   0.00014136353600730171   
