1   1.3129141290902899   0
2   1.3129119907465374   2.1383437575375789e-06
3   1.3129126603603415   1.4044763606742524e-06
4   1.3129135684823672   1.3457200990703843e-06
5   1.3129131559430669   1.1210558548587958e-06
6   1.3129137554257341   1.0941771498865557e-06
7   1.3129128961997501   1.2623109910660171e-06
8   1.3129126308464737   1.1249373786014093e-06
9   1.3129122683478274   1.0562531388395966e-06
10   1.3129127531215132   1.0618578446172213e-06
1   1.3209614709590055   0
2   1.3209614509473205   2.0007184761521253e-08
3   1.3209605288216059   9.2219806348734119e-07
4   1.3209605108236744   6.5234085703644207e-07
5   1.3209614088616587   1.030437475097164e-06
6   1.3209616819257362   8.8455162924523668e-07
7   1.3209608899886026   1.0890565189523987e-06
8   1.3209605558602549   1.000587254049793e-06
9   1.3209603022934154   9.181436277544604e-07
10   1.320960835960308   9.7938271054692606e-07
