1.086001   0.001408   0.00012358353000658659   
1.0860030000000001   0.000764   0.00014516810179160496   
1.0860050000000001   0.00062   9.4422219607227808e-05   
1.0860070000000002   0.000826   7.2666666666666667e-05   
1.086009   0.00072   0.00011043348928452617   
1.0860110000000001   0.00071   0.00013340831225144023   
1.0860130000000001   0.00055   4.5141752045947195e-05   
1.0860150000000002   0.000576   8.541662601625049e-05   
1.086017   0.000806   0.00016272813046441738   
1.0860190000000001   0.000702   7.1208613711170271e-05   
1.0860210000000001   0.001004   8.1202079885787272e-05   
1.0860230000000002   0.000618   9.2156871088860699e-05   
1.086025   0.00078   0.00014987402117185694   
1.0860270000000001   0.000642   0.00012583763789546874   
1.0860290000000001   0.000836   8.5364577613381952e-05   
1.086031   0.000586   6.9669058970089281e-05   
1.086033   0.00077   0.0001499110847580436   
1.0860350000000001   0.000776   0.00011110755549866485   
1.0860370000000001   0.00061   7.5967829448465296e-05   
1.086039   0.000706   8.0335407995340248e-05   
1.086041   0.000728   9.8350845898186808e-05   
1.0860430000000001   0.000734   7.4538580614336895e-05   
1.0860450000000001   0.000802   8.189152716992291e-05   
1.086047   0.00062   9.9955545674620331e-05   
1.086049   0.000798   6.6629989911117018e-05   
1.0860510000000001   0.000718   0.00010647691455584789   
1.0860530000000002   0.000724   0.00012014065830424677   
1.086055   0.000814   0.00014248742634585926   
1.0860570000000001   0.000784   9.9500977102963388e-05   
1.0860590000000001   0.000794   5.4735728733616035e-05   
1.0860610000000002   0.00066   8.2300263264058477e-05   
1.086063   0.00066   9.5731104895140767e-05   
1.0860650000000001   0.00098   0.00012114270739733183   
1.0860670000000001   0.000744   9.9679486355016898e-05   
1.0860690000000002   0.000802   0.0001659035864591239   
1.086071   0.000732   7.9509608084669728e-05   
1.0860730000000001   0.000738   0.00010517498646435747   
1.0860750000000001   0.000574   8.5064681272546951e-05   
1.0860770000000002   0.000904   0.00015004591889744212   
1.086079   0.000628   8.4967967820559034e-05   
1.0860810000000001   0.000784   0.00010421345615823536   
1.0860830000000001   0.000772   0.00012347559362976241   
1.086085   0.000754   9.9779757466131376e-05   
1.086087   0.000812   0.00010337418547307748   
1.0860890000000001   0.000814   0.00013266666666666667   
1.0860910000000001   0.000682   5.2361987908957179e-05   
1.086093   0.00076   0.00010708252269472674   
1.086095   0.00067   7.8951461882180075e-05   
1.0860970000000001   0.000772   0.00011855425387185021   
1.0860990000000001   0.000798   5.6760706283288775e-05   
1.086101   0.000918   0.00015401154357890046   
1.086103   0.000568   8.8603987871126132e-05   
1.0861050000000001   0.000678   9.0059239762873119e-05   
1.0861070000000002   0.000728   0.00011753770080749032   
1.086109   0.000828   0.00010393160143949374   
1.086111   0.00074   0.00012606876430477667   
1.0861130000000001   0.000766   0.00013067516979135707   
1.0861150000000002   0.00062   0.00011119552349103108   
1.086117   0.000718   4.4766058571198783e-05   
1.0861190000000001   0.000662   0.0001014319695384273   
1.0861210000000001   0.000508   6.4304829609533304e-05   
1.0861230000000002   0.000678   0.00010568086129685187   
1.086125   0.00053   6.2343136484032199e-05   
1.0861270000000001   0.000626   8.2572527042729062e-05   
1.0861290000000001   0.000834   0.00014270560216364629   
1.0861310000000002   0.000462   3.161574853701167e-05   
1.086133   0.000636   0.0001116263608850725   
1.0861350000000001   0.000588   6.0896998648902595e-05   
1.0861370000000001   0.000662   8.4456431897688461e-05   
1.086139   0.0005   7.6652172542958987e-05   
1.086141   0.000706   0.00012515057597417068   
1.0861430000000001   0.000686   6.7859331627189557e-05   
1.0861450000000001   0.000712   8.8201788845553215e-05   
1.086147   0.000704   0.00011917494143764731   
1.086149   0.000824   8.1529817313122388e-05   
1.0861510000000001   0.00061   6.0681316912392584e-05   
1.0861530000000001   0.00059   0.00011132534901509778   
1.086155   0.000758   0.00011370331764924208   
1.086157   0.00065   0.00010894443027933502   
1.0861590000000001   0.000584   8.7320609760175684e-05   
1.0861610000000002   0.000682   0.00010651864729812439   
1.086163   0.000718   0.00011709255598314808   
1.086165   0.000698   0.00010944100389403111   
1.0861670000000001   0.000584   6.3651830732160057e-05   
1.0861690000000002   0.000684   0.00012774279714419213   
1.086171   0.000568   8.1059648819043539e-05   
1.0861730000000001   0.000676   8.2612885731518233e-05   
1.0861750000000001   0.00051   6.4995726355233884e-05   
1.0861770000000002   0.000696   8.8383004902274937e-05   
1.086179   0.000762   0.00011494733093416693   
1.0861810000000001   0.000592   0.00010983624174196785   
1.0861830000000001   0.000636   5.0137588471901775e-05   
1.0861850000000002   0.000722   8.2916289781388018e-05   
1.086187   0.000564   6.698590233109584e-05   
1.0861890000000001   0.000572   0.0001009818465533946   
1.0861910000000001   0.000638   9.4772241599414424e-05   
1.0861930000000002   0.00066   0.00010958507603177035   
1.086195   0.000708   7.7356318423254865e-05   
1.0861970000000001   0.000662   7.4741034393579423e-05   
1.0861990000000001   0.000644   7.7848856410639999e-05   
1.086201   0.000652   0.00014382705664172587   
1.086203   0.000718   9.4537470525360119e-05   
1.0862050000000001   0.000514   8.4488000462919125e-05   
1.0862070000000001   0.00071   0.0001049126620893144   
1.086209   0.000654   7.910892631190378e-05   
1.086211   0.000612   9.8260424948761091e-05   
1.0862130000000001   0.00077   0.00011164427636222309   
1.0862150000000002   0.00072   0.00010687479694587598   
1.086217   0.000676   7.5882950800705044e-05   
1.086219   0.000638   7.7657367111347953e-05   
1.0862210000000001   0.000768   0.00011298770827936206   
1.0862230000000002   0.000754   7.694442438828459e-05   
1.086225   0.000602   8.576194442240166e-05   
1.0862270000000001   0.000748   6.8844430098269791e-05   
1.0862290000000001   0.000584   5.5039379841467448e-05   
1.0862310000000002   0.000548   9.5414883535012503e-05   
1.086233   0.000652   9.1126285999156138e-05   
1.0862350000000001   0.000618   0.0001000199980003999   
1.0862370000000001   0.000648   7.1380047009728924e-05   
1.0862390000000002   0.000616   9.8332768359958896e-05   
1.086241   0.000662   9.3211825668444261e-05   
1.0862430000000001   0.000552   8.2634402305846228e-05   
1.0862450000000001   0.000714   7.2910904534232738e-05   
1.0862470000000002   0.000806   9.043352377421894e-05   
1.086249   0.000572   9.3247579652831264e-05   
1.0862510000000001   0.000594   0.00010860939185908372   
1.0862530000000001   0.000562   7.4383391216647879e-05   
1.086255   0.000672   0.00017052077097331379   
1.086257   0.000586   0.00010828152607388247   
1.0862590000000001   0.00079   9.4715949613099013e-05   
1.0862610000000001   0.000628   6.8973424834013668e-05   
1.086263   0.00053   5.4344579613180681e-05   
1.086265   0.000436   4.3287154881994471e-05   
1.0862670000000001   0.000546   6.4294461486023645e-05   
1.0862690000000002   0.000454   6.986017781572306e-05   
1.086271   0.000742   9.5146670403587371e-05   
1.086273   0.000546   5.4573090642020837e-05   
1.0862750000000001   0.000552   6.1188234163113418e-05   
1.0862770000000002   0.000532   8.3383984606691043e-05   
1.086279   0.000598   0.00010850294414848331   
1.0862810000000001   0.000744   0.00012414328638937973   
1.0862830000000001   0.000538   9.4819126059390922e-05   
1.0862850000000002   0.000678   7.3542127005169251e-05   
1.086287   0.000778   8.5294261888541548e-05   
1.0862890000000001   0.000638   6.8666666666666667e-05   
1.0862910000000001   0.000444   6.3301746509169169e-05   
1.0862930000000002   0.00065   8.0787787856003748e-05   
1.086295   0.000686   7.5839010776483336e-05   
1.0862970000000001   0.000552   0.0001167789935447867   
1.0862990000000001   0.00055   5.8290460435458715e-05   
1.0863010000000002   0.000628   6.9806080601111597e-05   
1.086303   0.000492   6.5875303077523336e-05   
1.0863050000000001   0.000574   7.8545103815154088e-05   
1.0863070000000001   0.000468   7.9955543203013066e-05   
1.086309   0.000702   0.00011848863049067432   
1.086311   0.000642   0.00010147577707676514   
1.0863130000000001   0.000646   8.2948444496834565e-05   
1.0863150000000001   0.000506   0.00012910116618803686   
1.086317   0.000464   5.2306787322488083e-05   
1.086319   0.000786   0.00012954793192740155   
1.0863210000000001   0.000612   0.00012089297378719373   
1.0863230000000001   0.000606   9.8298864015138378e-05   
1.086325   0.000458   5.597221532947297e-05   
1.086327   0.000654   9.1362525748312755e-05   
1.0863290000000001   0.000538   7.7140564339824911e-05   
1.0863310000000002   0.000614   8.4066111549845763e-05   
1.086333   0.000476   6.5577774012575667e-05   
1.0863350000000001   0.000664   8.4264134983066458e-05   
1.0863370000000001   0.000598   9.6215036939832504e-05   
1.0863390000000002   0.00039   4.9732618404155369e-05   
1.086341   0.000608   9.7579597138837265e-05   
1.0863430000000001   0.000516   8.4211374264736682e-05   
1.0863450000000001   0.000534   7.4179961355251909e-05   
1.0863470000000002   0.0005   7.4833147735478828e-05   
1.086349   0.000448   8.2148916270663269e-05   
1.0863510000000001   0.000546   5.9482957409851624e-05   
1.0863530000000001   0.000476   6.2382333681544453e-05   
1.0863550000000002   0.000394   6.2328876846040543e-05   
1.086357   0.000444   3.8620662287893971e-05   
1.0863590000000001   0.000454   8.8596463435812907e-05   
1.0863610000000001   0.000736   5.4389541478323038e-05   
1.086363   0.000672   7.7471141580447734e-05   
1.086365   0.000584   7.8813422432702131e-05   
1.0863670000000001   0.000614   8.0113807937347618e-05   
1.0863690000000001   0.00056   7.630348761506398e-05   
1.086371   0.000564   9.8828695787767589e-05   
1.086373   0.00053   5.8137767414994532e-05   
1.0863750000000001   0.000478   8.248636250920512e-05   
1.0863770000000001   0.000624   9.5628912410885908e-05   
1.086379   0.000854   0.00010110720383170858   
1.086381   0.000554   9.179929798811705e-05   
1.0863830000000001   0.000456   0.00011166616915312056   
1.0863850000000002   0.000694   0.000111476953273361   
1.086387   0.000788   0.00011844173438634055   
1.086389   0.000522   8.248636250920512e-05   
1.0863910000000001   0.000504   8.212727250365063e-05   
1.0863930000000002   0.000432   5.6426943918663538e-05   
1.086395   0.000538   7.3963955185391936e-05   
1.0863970000000001   0.000606   0.0001195565881822402   
1.0863990000000001   0.000586   0.00010708459791730607   
1.0864010000000002   0.000582   6.5077731299662799e-05   
1.086403   0.000486   6.1394896639161576e-05   
1.0864050000000001   0.000472   7.12554091513994e-05   
1.0864070000000001   0.000474   7.3093547366827577e-05   
1.0864090000000002   0.00056   0.00010913803695829933   
1.086411   0.000456   8.4999346402715879e-05   
1.0864130000000001   0.000688   7.1317755308353769e-05   
1.0864150000000001   0.000476   6.651983831075425e-05   
1.086417   0.000556   0.00012241278074159123   
1.086419   0.00061   5.674504383644443e-05   
1.0864210000000001   0.000564   0.00010802468853615517   
1.0864230000000001   0.000512   9.8079332968549269e-05   
1.086425   0.000542   9.3354759445413982e-05   
1.086427   0.00049   9.6896279024990887e-05   
1.0864290000000001   0.000404   5.9389486536853567e-05   
1.0864310000000001   0.000502   8.6020669350776128e-05   
1.086433   0.000512   0.00012100321391507656   
1.086435   0.000652   0.00012740835486297156   
1.0864370000000001   0.000474   8.1161019652978185e-05   
1.0864390000000002   0.000512   6.7144950997408915e-05   
1.086441   0.000492   6.8326015868367771e-05   
1.086443   0.000568   9.0046901359482906e-05   
1.0864450000000001   0.000528   7.9509608084669728e-05   
1.0864470000000002   0.000502   8.7709115198415318e-05   
1.086449   0.000578   8.2969874050766161e-05   
1.0864510000000001   0.000656   6.1013659672786935e-05   
1.0864530000000001   0.000546   0.00010057832768544126   
1.0864550000000002   0.000608   8.0343706107641755e-05   
1.086457   0.000502   9.0747512974797888e-05   
1.0864590000000001   0.000456   8.9779977970839603e-05   
1.0864610000000001   0.000592   0.00010849270328767123   
1.0864630000000002   0.000574   7.7806026616051907e-05   
1.086465   0.00052   4.7328638264796928e-05   
1.0864670000000001   0.000364   6.5645512667152911e-05   
1.0864690000000001   0.000434   9.6427289820995292e-05   
1.0864710000000002   0.000484   9.3419008296551249e-05   
1.086473   0.000358   4.0049968789001571e-05   
1.0864750000000001   0.000544   0.00011898832809238989   
1.0864770000000001   0.000368   6.6813172353960263e-05   
1.086479   0.000496   7.9319326494591188e-05   
1.086481   0.000642   9.0845412040943977e-05   
1.0864830000000001   0.00047   0.00010983826493733613   
1.0864850000000001   0.000498   6.5418312081217409e-05   
1.086487   0.000544   6.7052218456960841e-05   
1.086489   0.000442   6.4735358705012724e-05   
1.0864910000000001   0.000408   5.1311683746383619e-05   
1.0864930000000002   0.00061   8.7139734526410702e-05   
1.086495   0.000536   7.62335592475883e-05   
1.086497   0.000452   5.9717855137489845e-05   
1.0864990000000001   0.00061   9.5043849529221686e-05   
1.0865010000000002   0.000634   0.00011524081067245425   
1.086503   0.000422   9.4490446313076776e-05   
1.0865050000000001   0.000444   6.8689316652753376e-05   
1.0865070000000001   0.000462   0.00010050760059705822   
1.0865090000000002   0.000714   0.00012934192411331035   
1.086511   0.000558   8.5658235642192242e-05   
1.0865130000000001   0.000382   8.8315092456247565e-05   
1.0865150000000001   0.000558   0.00011101351269102334   
1.0865170000000002   0.000574   8.3322665983912605e-05   
1.086519   0.000512   6.4718192530728517e-05   
1.0865210000000001   0.00045   0.00016937138680032902   
1.0865230000000001   0.00045   7.3650827859871639e-05   
1.0865250000000002   0.000374   3.9106691669499906e-05   
1.086527   0.000336   4.0088790342327755e-05   
1.0865290000000001   0.000634   8.7739513460140764e-05   
1.0865310000000001   0.000494   6.0446486893596867e-05   
1.086533   0.000434   9.0629894503843365e-05   
1.086535   0.000436   6.8169722832875821e-05   
1.0865370000000001   0.000416   5.3149683807985997e-05   
1.0865390000000001   0.000434   4.227423696663384e-05   
1.086541   0.00041   8.2583291288250313e-05   
1.086543   0.000446   7.4895482729823788e-05   
1.0865450000000001   0.000446   0.00010310943485227506   
1.0865470000000002   0.000396   8.2018967995891725e-05   
1.086549   0.00042   8.6100716218469015e-05   
1.086551   0.00041   6.4515286732852875e-05   
1.0865530000000001   0.000576   8.9779977970839603e-05   
1.0865550000000002   0.000488   7.7356318423254865e-05   
1.086557   0.00035   6.5064070986477117e-05   
1.0865590000000001   0.000492   7.894864716313313e-05   
1.0865610000000001   0.000492   6.7540934090207679e-05   
1.0865630000000002   0.000346   6.5323128454714346e-05   
1.086565   0.00042   6.3526022664381843e-05   
1.0865670000000001   0.000406   7.1557280862568027e-05   
1.0865690000000001   0.00045   0.00010089598604503551   
1.0865710000000002   0.000386   7.2298762860170098e-05   
1.086573   0.000332   6.5740229523312267e-05   
1.0865750000000001   0.00036   0.00010790942704159097   
1.0865770000000001   0.000414   5.546169849544819e-05   
1.0865790000000002   0.000406   7.2544239376167331e-05   
1.086581   0.000476   0.00010827126427019621   
1.0865830000000001   0.00035   5.9348312715882852e-05   
1.0865850000000001   0.000428   6.2907339264455728e-05   
1.086587   0.000402   0.00010462419520465724   
1.086589   0.000386   6.2542430041976747e-05   
1.0865910000000001   0.000562   8.5968986656041646e-05   
1.0865930000000001   0.00044   7.1118055216504464e-05   
1.086595   0.000516   7.8247470672646452e-05   
1.086597   0.000348   8.9799777282574593e-05   
1.0865990000000001   0.000344   7.2651374537734812e-05   
1.0866010000000002   0.000394   8.0501207720409043e-05   
1.086603   0.000354   9.5965271496168515e-05   
1.086605   0.000502   7.170619065169881e-05   
1.0866070000000001   0.00055   0.0001131861789756643   
1.0866090000000002   0.000476   9.0813606420575056e-05   
1.086611   0.000498   7.4859869088851605e-05   
1.0866130000000001   0.00038   6.275171533733383e-05   
1.0866150000000001   0.000528   9.9786438624360842e-05   
1.0866170000000002   0.000412   7.5259550888907117e-05   
1.086619   0.000438   8.851616299360875e-05   
1.0866210000000001   0.000468   5.8210346541181529e-05   
1.0866230000000001   0.000358   8.8163988617172311e-05   
1.0866250000000002   0.000336   8.6810137656842821e-05   
1.086627   0.000354   0.00010679367438612125   
1.0866290000000001   0.00034   7.1925887782726279e-05   
1.0866310000000001   0.000464   8.9283568228177101e-05   
1.0866330000000002   0.000324   4.8515747729760672e-05   
1.086635   0.000372   5.6190153348547941e-05   
1.0866370000000001   0.000512   6.7475098287359974e-05   
1.0866390000000001   0.000376   3.5377331097124265e-05   
1.086641   0.00044   8.9938250421546943e-05   
1.086643   0.000398   8.8264753252171201e-05   
1.0866450000000001   0.000382   6.8666666666666667e-05   
1.0866470000000001   0.000352   4.4342104395509041e-05   
1.086649   0.00044   0.0001081151649348457   
1.086651   0.00038   7.3029674334022148e-05   
1.0866530000000001   0.000384   7.4105030568481352e-05   
1.0866550000000001   0.000392   8.0949915928856213e-05   
1.086657   0.00036   7.2295689129205115e-05   
1.086659   0.000476   0.0001083943417957475   
1.0866610000000001   0.000348   7.2675840399528768e-05   
1.0866630000000002   0.000426   6.1827717624595093e-05   
1.086665   0.000372   4.9369356217529648e-05   
1.086667   0.000496   0.00010140348448976823   
1.0866690000000001   0.000554   0.00011485449732402974   
1.0866710000000002   0.000334   8.0831786926788757e-05   
1.086673   0.000558   9.6030087877590624e-05   
1.0866750000000001   0.00042   6.5387732454609217e-05   
1.0866770000000001   0.000382   8.8666666666666667e-05   
1.0866790000000002   0.0003   6.21825270205921e-05   
1.086681   0.000338   7.9411725974330908e-05   
1.0866830000000001   0.000334   3.7004504230341113e-05   
1.0866850000000001   0.000404   8.4211374264736682e-05   
1.0866870000000002   0.000334   7.4e-05   
1.086689   0.000382   7.6504175630411762e-05   
1.0866910000000001   0.0005   7.8258829817755673e-05   
1.0866930000000001   0.000462   7.6794096995363734e-05   
1.086695   0.000442   8.7759773118313027e-05   
1.086697   0.000268   4.2079290234825333e-05   
1.0866990000000001   0.000308   6.4511842151482372e-05   
1.0867010000000001   0.0005   9.7934218285087216e-05   
1.086703   0.00017   3.9129414908877837e-05   
1.086705   0.000386   7.3578378466624132e-05   
1.0867070000000001   0.000422   7.6504175630411762e-05   
1.0867090000000001   0.00026   5.3166405433005029e-05   
1.086711   0.000482   9.8316947787358728e-05   
1.086713   0.00027   4.5338235029118144e-05   
1.0867150000000001   0.000332   6.6412850162198781e-05   
1.0867170000000002   0.000308   7.3102667529988261e-05   
1.086719   0.000334   7.7920187086245857e-05   
1.086721   0.000418   4.5062918976323168e-05   
1.0867230000000001   0.000356   7.3139136810146545e-05   
1.0867250000000002   0.000398   4.9750488551481694e-05   
1.086727   0.000422   0.00011606320117361345   
1.0867290000000001   0.000284   4.0088790342327755e-05   
1.0867310000000001   0.000418   7.5392307299883056e-05   
1.0867330000000002   0.000528   0.0001329059818066892   
1.086735   0.000338   6.4460151342601664e-05   
1.0867370000000001   0.000354   5.910818706218097e-05   
1.0867390000000001   0.000408   7.3406024578670956e-05   
1.0867410000000002   0.000424   5.1450083684199301e-05   
1.086743   0.000448   9.7852496703513453e-05   
1.0867450000000001   0.00047   9.4715949613099013e-05   
1.0867470000000001   0.00029   2.8480012484391771e-05   
1.0867490000000002   0.000488   0.00013750797956643987   
1.086751   0.000344   7.5353979471705555e-05   
1.0867530000000001   0.000296   5.7333333333333333e-05   
1.0867550000000001   0.00036   9.9017394655911062e-05   
1.086757   0.00032   6.6733300033291725e-05   
1.086759   0.000362   7.7942999115450459e-05   
1.0867610000000001   0.000282   3.6325687268867406e-05   
1.0867630000000001   0.000486   7.5191607096655261e-05   
1.086765   0.000468   8.2741901248534422e-05   
1.086767   0.000354   6.7465217375737815e-05   
1.0867690000000001   0.000278   6.1568390158153938e-05   
1.0867710000000002   0.000296   4.5294100670568077e-05   
1.086773   0.00025   4.6404022814119611e-05   
1.086775   0.000414   6.2257529665093523e-05   
1.0867770000000001   0.000276   5.7100301614303619e-05   
1.0867790000000002   0.000312   6.3679754326717617e-05   
1.086781   0.000408   9.334285665699807e-05   
1.0867830000000001   0.000336   5.119027685453991e-05   
1.0867850000000001   0.000388   5.284778982028377e-05   
1.0867870000000002   0.000318   5.0548106899379636e-05   
1.086789   0.000386   6.1899560221018982e-05   
1.0867910000000001   0.000224   7.0792341079777518e-05   
1.0867930000000001   0.000424   8.0044432105619383e-05   
1.0867950000000002   0.000348   8.4967967820559034e-05   
1.086797   0.000252   5.1656988340828044e-05   
1.0867990000000001   0.000332   7.8610149189246267e-05   
1.0868010000000001   0.000266   3.4260440420078925e-05   
1.0868030000000002   0.000226   4.0557229798013682e-05   
1.086805   0.00036   7.9554314080940255e-05   
1.0868070000000001   0.000362   0.00010351382087002253   
1.0868090000000001   0.000384   5.6552826827862657e-05   
1.086811   0.000354   4.7800511387315606e-05   
1.086813   0.000284   3.7214095298540967e-05   
1.0868150000000001   0.00018   4.5704364002673627e-05   
1.0868170000000001   0.000272   4.9638694583963426e-05   
1.086819   0.000476   0.00010170982690423226   
1.086821   0.000328   6.3189309925721525e-05   
1.0868230000000001   0.000266   2.8913664589601921e-05   
1.0868250000000002   0.00025   3.7976600983002971e-05   
1.086827   0.000346   6.2471326756094005e-05   
1.086829   0.000218   4.5357836515130804e-05   
1.0868310000000001   0.00032   7.4714270539316799e-05   
1.0868330000000002   0.000236   5.4958570254733196e-05   
1.086835   0.000436   7.6175236571123733e-05   
1.0868370000000001   0.00035   8.12267060625862e-05   
1.0868390000000001   0.000254   7.2237263391010475e-05   
1.0868410000000002   0.000258   6.2995590674621382e-05   
1.086843   0.000384   8.6502408444312501e-05   
1.0868450000000001   0.00034   4.9710271686152663e-05   
1.0868470000000001   0.000294   5.5701585854144823e-05   
1.0868490000000002   0.00029   3.5182066138556698e-05   
1.086851   0.000354   3.8186675977652496e-05   
1.0868530000000001   0.000388   9.5134991809883847e-05   
1.0868550000000001   0.00034   8.2408198081933032e-05   
1.0868570000000002   0.00025   5.775426872150279e-05   
1.086859   0.000292   6.1838499334961226e-05   
1.0868610000000001   0.00031   7.012686915710538e-05   
1.0868630000000001   0.000398   7.4978515441276762e-05   
1.086865   0.000292   5.3764920409749205e-05   
1.086867   0.000264   5.7719628858435633e-05   
1.0868690000000001   0.000266   5.6650978220444996e-05   
1.0868710000000001   0.000318   6.7754458647875467e-05   
1.086873   0.000284   5.968807809493171e-05   
1.086875   0.000252   6.0677654682574686e-05   
1.0868770000000001   0.000252   3.9123735336323226e-05   
1.0868790000000002   0.000244   7.5648309080022844e-05   
1.086881   0.000256   3.5377331097124265e-05   
1.086883   0.000454   9.5965271496168515e-05   
1.0868850000000001   0.00031   7.7013707293644234e-05   
1.0868870000000002   0.00031   8.3917949344715414e-05   
1.086889   0.000336   6.3090763543045225e-05   
1.0868910000000001   0.000278   5.6603886792339623e-05   
1.0868930000000001   0.000374   6.3878356619785112e-05   
1.0868950000000002   0.00027   4.3127717305695649e-05   
1.086897   0.000294   6.5323128454714346e-05   
1.0868990000000001   0.000286   5.9183330986576505e-05   
1.0869010000000001   0.000244   5.4877641672684474e-05   
1.0869030000000002   0.000412   5.6269194256024515e-05   
1.086905   0.000176   3.6e-05   
1.0869070000000001   0.000296   4.7403703559016474e-05   
1.0869090000000001   0.000274   7.6364622408256269e-05   
1.0869110000000002   0.000214   5.7197513543471062e-05   
1.086913   0.000202   4.5357836515130804e-05   
1.0869150000000001   0.000298   7.5568953060543764e-05   
1.0869170000000001   0.000208   6.6746618724180412e-05   
1.086919   0.000218   5.2531472048245093e-05   
1.086921   0.000242   4.168133075290823e-05   
1.0869230000000001   0.000332   3.785351884420904e-05   
1.0869250000000001   0.00037   8.6884342023686229e-05   
1.086927   0.000364   6.22396800905803e-05   
1.086929   0.000352   6.0457514926691381e-05   
1.0869310000000001   0.000372   7.5495400890091017e-05   
1.0869330000000001   0.000266   8.6360999428111195e-05   
1.086935   0.000238   7.29961947257831e-05   
1.086937   0.000216   7.0161717956921969e-05   
1.0869390000000001   0.000358   8.1728547983893336e-05   
1.0869410000000002   0.000288   7.025034598570395e-05   
1.086943   0.00025   6.6683331250520671e-05   
1.0869450000000001   0.00028   7.859884081701064e-05   
1.0869470000000001   0.000196   4.3492017147466908e-05   
1.0869490000000002   0.000182   4.5161438811839859e-05   
1.086951   0.000298   9.11384782746685e-05   
1.0869530000000001   0.000188   4.2812251621339526e-05   
1.0869550000000001   0.000348   6.5537097213037374e-05   
1.0869570000000002   0.000278   8.5502436612453722e-05   
1.086959   0.000306   3.9894304801005814e-05   
1.0869610000000001   0.000212   5.6819402007100043e-05   
1.0869630000000001   0.00024   5.3333333333333333e-05   
1.0869650000000002   0.00021   6.1191865835619398e-05   
1.086967   0.000256   6.7250774468898621e-05   
1.0869690000000001   0.00026   4.7140452079103168e-05   
1.0869710000000001   0.000238   2.4846193538112298e-05   
1.086973   0.000226   4.6288947564906535e-05   
1.086975   0.000234   5.0863652160566598e-05   
1.0869770000000001   0.000284   7.3502834412467841e-05   
1.0869790000000001   0.00027   5.4016458397212398e-05   
1.086981   0.00038   9.2616293262998697e-05   
1.086983   0.00019   4.2400209643087589e-05   
1.0869850000000001   0.000304   5.3897021150420631e-05   
1.0869870000000001   0.000326   6.7135021494828697e-05   
1.086989   0.000238   4.0271302161437216e-05   
1.086991   0.000258   5.1159880114532455e-05   
1.0869930000000001   0.00026   4.4322053702919097e-05   
1.0869950000000002   0.00028   6.0809356005287359e-05   
1.086997   0.000324   9.4882383331505046e-05   
1.086999   0.00032   7.8031332738130834e-05   
