0.24242100977793915   0.017588105038502837  4.0522303750480417e-05     
0.4848420195558783   0.017255893508086623  4.4475413655711651e-05     
0.72726302933381748   0.016673331671681003  3.9855529613919214e-05     
0.9696840391117566   0.01591028135185878  3.6283353741806175e-05     
1.2121050488896958   0.014885061737591174  3.5454427923021859e-05     
1.454526058667635   0.013607675191886786  3.1413836282768663e-05     
1.6969470684455741   0.012062595522125961  2.9256809592447317e-05     
1.9393680782235132   0.010252831012839828  2.271141078491955e-05     
2.1817890880014525   0.0081845951573997447  2.0365977622414475e-05     
2.4242100977793917   0.0059128035119193861  1.3477704876629777e-05     
2.6666311075573308   0.0035658800970353435  8.1168119296191907e-06     
2.9090521173352699   0.001435834746216868  4.671126190804935e-06     
3.151473127113209   0.00020807653084751825  6.1214568149403637e-07     
3.3938941368911482   0.0014640278680920306  3.5935409088684699e-06     
3.6363151466690873   0.009093185952682982  2.1187632594450257e-05     
3.8787361564470264   0.033803120906633052  6.9896191571749664e-05     
4.1211571662249655   0.11034653321557689  0.00026088901201000754     
4.3635781760029051   0.39344345091896657  0.00096105063259289424     
4.6059991857808438   2.1536517717167063  0.0043091541945064949     
4.8484201955587833   410.66844726023676  0.040918136531765265     
5.090841205336722   5.9769877823062441  0.014657619597754693     
5.3332622151146616   1.7639198955749746  0.0045044517611709567     
5.5756832248926003   0.96552853995746167  0.0022033792017156076     
5.8181042346705398   0.66779230518387365  0.0015063828750841222     
6.0605252444484785   0.51953431980435096  0.0011816926310285196     
6.3029462542264181   0.43384312587477522  0.00094799646106772477     
6.5453672640043568   0.3794079670696354  0.00085792137591878045     
6.7877882737822963   0.34248251946617922  0.00077685793310739188     
7.030209283560235   0.31623877874493896  0.00071363470218882871     
7.2726302933381746   0.29682874368171602  0.00063548413794967068     
7.5150513031161132   0.28210055966497098  0.00062320361384788114     
7.7574723128940528   0.27012165497997474  0.00062900627045441063     
7.9998933226719924   0.25984412981182788  0.00053225026790400326     
8.2423143324499311   0.24984622364979898  0.00051188036177776953     
8.4847353422278697   0.23880856553997207  0.00051187081576872782     
8.7271563520058102   0.224090283049017  0.00049360074630108244     
8.9695773617837489   0.2007317309746495  0.00037059733969936122     
9.2119983715616875   0.1569954491270047  0.00037780425884052509     
9.4544193813396262   0.061769082922394439  0.00017385603623593458     
9.6968403911175667   2.5038737181110835  0.0033016034837171971     
9.9392614008955054   1.2519299496401079  0.0027257440504502899     
10.181682410673444   0.7295031115360282  0.0016093925923858787     
10.424103420451383   0.62386579319900549  0.0011227233407403792     
10.666524430229323   0.59330398636889193  0.0012227009599294685     
10.908945440007262   0.59136988651166535  0.0011611925451866276     
11.151366449785201   0.60630607546965439  0.0011440236763897259     
11.393787459563139   0.63427254013598626  0.0012190285737073327     
11.63620846934108   0.67398111357707795  0.0013927119330260015     
11.878629479119018   0.72716707028924507  0.0013482952359447808     
12.121050488896957   0.79612146492314161  0.0014291326116565586     
12.363471498674897   0.88678916829841238  0.0016869952136577703     
12.605892508452836   1.0063005697455302  0.0018407001287066683     
12.848313518230775   1.1693768806974181  0.0020545162620989503     
13.090734528008714   1.4002144235729401  0.002390897983621847     
13.333155537786654   1.7476160071445139  0.0030535436477293197     
13.575576547564593   2.3169342524058115  0.0037491602081198761     
13.817997557342531   3.3762666623279856  0.0053301951924512921     
14.06041856712047   5.8659237933136438  0.010353472797471409     
14.30283957689841   15.154965553793537  0.017955794397590274     
14.545260586676349   246.07972416350486  0.1383391494659358     
14.787681596454288   28.238927408107957  0.077054143897206647     
15.030102606232226   3.378682267301226  0.0084275907135740056     
15.272523616010167   0.80974384909514969  0.0020662919877857722     
15.514944625788106   0.20458013749839119  0.00036512652822090807     
15.757365635566044   0.03362911735821946  8.9432944524355183e-05     
15.999786645343985   0.0054047979693798178  1.2098456106203124e-05     
16.242207655121923   0.038350498096055376  5.1269116109052146e-05     
16.484628664899862   0.10586464578364341  0.0001862632498983401     
16.727049674677801   0.20119507288938834  0.00020346316265947424     
16.969470684455739   0.3256853893716488  0.00040435275551326239     
17.211891694233678   0.48922523219351772  0.00070146448445314772     
17.45431270401162   0.70822037794505557  0.00077545479024511211     
17.696733713789559   1.0144627284460002  0.0013483122379781208     
17.939154723567498   1.4646884869974448  0.0017486282616260765     
18.181575733345436   2.1744527094019926  0.002501092853070128     
18.423996743123375   3.4048292748552585  0.0033417125101898835     
18.666417752901314   5.8374994715916727  0.0060351139028757948     
18.908838762679252   11.910063900821376  0.014237932769677522     
19.151259772457191   35.342562269767567  0.024258027615227597     
19.393680782235133   466.46276730608399  0.56906946835880391     
19.636101792013072   163.94208025756535  0.4128443008392206     
19.878522801791011   23.113100635415327  0.044551292358331397     
20.120943811568949   8.3162257537068445  0.014083156535399994     
20.363364821346888   4.0325356828253248  0.0047607083916363841     
20.605785831124827   2.2317243825435205  0.0028431874587627619     
20.848206840902765   1.3156754065578787  0.0015836800142687685     
21.090627850680708   0.79187840742640417  0.0011981489146113738     
21.333048860458646   0.46880418941080346  0.00059279202232654399     
21.575469870236585   0.25974232819915056  0.00039579870847599766     
21.817890880014524   0.12465470900859935  0.00024397451635115836     
22.060311889792462   0.04324172659042182  0.00010165708915954291     
22.302732899570401   0.0099208110878175262  1.6409949478794563e-05     
22.54515390934834   0.030831057029612367  6.9550055095143361e-05     
22.787574919126278   0.12951539788138727  0.00017767165655482768     
23.029995928904221   0.36302691259354708  0.00028105919949478406     
23.272416938682159   0.87418421114050138  0.0008995344268230689     
23.514837948460098   2.0564046857241637  0.0011867477585898052     
23.757258958238037   5.359758425916869  0.0050258126662240133     
23.999679968015975   18.876712721674735  0.024094529443051224     
24.242100977793914   222.97728150469086  0.47872175902205724     
24.484521987571853   203.50598603629921  0.45442058030739022     
24.726942997349795   27.914957031169854  0.038265765440978162     
24.969364007127734   11.469643712463868  0.013452588940767922     
25.211785016905672   6.5464792822343492  0.0040489915388197815     
25.454206026683611   4.3546203758636499  0.0032052844090858631     
25.69662703646155   3.1652965920859395  0.0021382119726712611     
25.939048046239488   2.4361084890512398  0.0018067737296334104     
26.181469056017427   1.9468854491229972  0.0014024132038428215     
26.423890065795366   1.595757869354213  0.00090481851553276165     
26.666311075573308   1.3308692980648076  0.0010588524549578732     
26.908732085351247   1.1206732628315022  0.00069043995067786468     
27.151153095129185   0.94498201909906033  0.00070812911634552775     
27.393574104907124   0.79159716865015916  0.00066110338125773503     
27.635995114685063   0.65004671899128387  0.00064129831110294134     
27.878416124463001   0.51196693838562283  0.00028295379558221437     
28.12083713424094   0.36769303175569178  0.00026164882758283266     
28.363258144018882   0.21087048715451778  0.0002917347796588839     
28.605679153796821   0.053519723321521317  0.00017214295827372583     
28.84810016357476   0.12876200498936518  0.00073763955485154753     
29.090521173352698   7.282624801452971  0.030153129085496775     
29.332942183130637   31.958652949110609  0.047330203372545633     
29.575363192908576   5.6565504020160915  0.00651157057664413     
29.817784202686514   3.2017258933244682  0.0049495247806113128     
30.060205212464453   2.3871458017695915  0.0027012934751776009     
30.302626222242395   1.9959814712094899  0.002984966546043096     
30.545047232020334   1.7784520680463302  0.0027283915491335693     
30.787468241798273   1.6505099073775492  0.0023560886378000848     
31.029889251576211   1.5748501039877198  0.0024064677614919234     
31.27231026135415   1.5386555564788803  0.0028894221514122638     
31.514731271132089   1.5330370267887203  0.0029823916300487573     
31.757152280910027   1.5591494674156307  0.0027940160328643088     
31.99957329068797   1.6153935675855153  0.0032623378830275134     
32.241994300465905   1.7136950619572488  0.0036892843688799503     
32.484415310243847   1.8661066957101615  0.0041792626022938429     
32.726836320021782   2.106083404368287  0.0048138198769244596     
32.969257329799724   2.4960664715616652  0.0066781004109249236     
33.211678339577666   3.1805308501255904  0.0083419698948923413     
33.454099349355602   4.6293319796937643  0.012179501672583371     
33.696520359133544   8.7885489221276396  0.034053279047876474     
33.938941368911479   39.393719064550827  0.17740623897238566     
34.181362378689421   91.243842420514075  0.20463848887759684     
34.423783388467356   3.4128007949937534  0.010442186284823456     
34.666204398245299   0.51571065229023227  0.0020246893389459522     
34.908625408023241   0.080482479154834931  0.00031248052700184105     
35.151046417801176   0.024534347762051008  5.2921688133111627e-05     
35.393467427579118   0.062715137660829905  0.00026162693739012168     
35.635888437357053   0.12982205815749339  0.00052901694306827792     
35.878309447134995   0.20832874338500511  0.00071001077690500033     
36.120730456912931   0.29697007117152658  0.0013498308433474394     
36.363151466690873   0.3954677724060122  0.0016220590063413709     
36.605572476468815   0.51246452346145209  0.0020435718761621629     
36.84799348624675   0.65360906069915716  0.0029320393347408097     
37.090414496024692   0.8376729822016162  0.0034166558880389605     
37.332835505802628   1.087094188377353  0.0049732220494464098     
37.57525651558057   1.4542751819866499  0.00735045037975869     
37.817677525358505   2.0434393761922949  0.011440497702361332     
38.060098535136447   3.0944342330793911  0.015658441505036579     
38.302519544914382   5.4207543896789517  0.029634698602122615     
38.544940554692324   12.369301644973049  0.088660564081281129     
38.787361564470267   62.050165113450978  0.45237179760047996     
39.029782574248202   474.82401011184282  0.75031668857286547     
39.272203584026144   17.232304337296754  0.091685956246025824     
39.514624593804079   4.6586744911645853  0.026435299096849726     
39.757045603582021   1.9257975547839192  0.011969577648940862     
39.999466613359957   0.93880910958698864  0.0057195285405883881     
40.241887623137899   0.49413757096488797  0.0029134967531145668     
40.484308632915841   0.27010978811050562  0.0013217503849284526     
40.726729642693776   0.14822138786753681  0.00076456900923379029     
40.969150652471718   0.081027441391016897  0.00030220123258259762     
41.211571662249654   0.047150225020539407  0.00016231897427967331     
41.453992672027596   0.035506034538263273  0.00013370002432583446     
41.696413681805531   0.042517325460669207  0.00014739406509798011     
41.938834691583473   0.068617923148308327  0.00015382282023986354     
42.181255701361415   0.11913888788631812  0.00079131717505154195     
42.42367671113935   0.20859351214982235  0.0017664002228357345     
42.666097720917293   0.37073546322007641  0.0035331463508270323     
42.908518730695228   0.68411751385939208  0.0058246840571373028     
43.15093974047317   1.4323414035614124  0.014182860523294902     
43.393360750251105   3.7294217024457777  0.046216264494231698     
43.635781760029047   19.386044111460714  0.22590456415740958     
43.87820276980699   496.50880775827174  0.58377404209425155     
44.120623779584925   10.621060454078768  0.1080760947713703     
44.363044789362867   3.1921102317456519  0.033178087485268178     
44.605465799140802   1.5403046653584444  0.017131195323850518     
44.847886808918744   0.89816886232905138  0.010224231011037848     
45.090307818696679   0.58254085357895915  0.0067333140592092205     
45.332728828474622   0.40675220952309078  0.0042253390901235856     
45.575149838252557   0.29624545084669671  0.0035605090065461225     
45.817570848030499   0.22310881137433395  0.0026739424024196045     
46.059991857808441   0.17193455021568983  0.0021492931193007422     
46.302412867586376   0.13424288709199236  0.0015280450163956395     
46.544833877364319   0.10573956352378053  0.0011663482289041378     
46.787254887142254   0.083403131646159186  0.00096301986559375065     
47.029675896920196   0.065675744213617147  0.00068202927456182166     
47.272096906698131   0.05255608271287146  0.00032907087969792801     
47.514517916476073   0.043617249751196711  0.0001857448630822354     
47.756938926254016   0.041722791847128163  6.5351092311399182e-05     
47.999359936031951   0.057187610305663526  0.00024344959508971023     
48.241780945809893   0.13778326899876897  0.0015907129709313943     
48.484201955587828   0.77264659371858233  0.011635686464523806     
