0	1	0
1   0.97058232425931401   1.2890012847596685e-05   
2   0.96551915585481486   1.8493633891663327e-05   
3   0.96437926486354311   1.8702348466156379e-05   
4   0.96420756844284848   2.359508819382139e-05   
5   0.96358668272891587   2.9304788269632318e-05   
6   0.96335064849812248   2.4887408515007817e-05   
7   0.96327754746117518   2.1221314620487419e-05   
8   0.96329270100906423   1.889004596057913e-05   
9   0.96328132016790441   1.8822065637132886e-05   
10   0.9632741893761143   1.9661809900845745e-05   
