0.23200314144828521   193.09892516440208  0.017943611284412156     
0.46400628289657042   4.1208288793189645  0.0067345169708174378     
0.69600942434485558   18.339144849258073  0.013520767461583745     
0.92801256579314084   4.0767640254296268  0.005644809662367621     
1.1600157072414261   4.3497733444432427  0.010229877021074424     
1.3920188486897112   3.6457035832652183  0.0067411485003559874     
1.6240219901379964   0.88553449421941774  0.0028676100868523929     
1.8560251315862817   2.7671941831809827  0.0083723367377842349     
2.088028273034567   0.058830319048449385  0.00059306719015428401     
2.3200314144828522   1.758814629438825  0.0087077691233740563     
2.5520345559311375   0.063985661482228268  0.00053112567497539788     
2.7840376973794223   0.9443676155572217  0.0064995435650429525     
3.0160408388277076   0.21392691876371335  0.0015306738063381263     
3.2480439802759928   0.4229521554210584  0.0043813835442840944     
3.4800471217242781   0.28626607080317318  0.0038223879454054536     
3.7120502631725634   0.14384635570696462  0.0021804190767897612     
3.9440534046208486   0.27101998659345499  0.0062217282295708045     
4.1760565460691339   0.022646666155945866  0.00047764350686960243     
4.4080596875174187   0.21419793829411163  0.0074951436781174469     
4.6400628289657044   0.028560427331242708  0.00058072746263642754     
4.8720659704139893   0.13401327461979718  0.008948238307257261     
5.104069111862275   0.031554002848672157  0.0010045544655365721     
5.3360722533105598   0.093198041397220392  0.0060559249451733112     
5.5680753947588446   0.06169077483898984  0.0029131502990729574     
5.8000785362071303   0.081811401637628123  0.0040075276248178073     
6.0320816776554151   0.13265377769674113  0.0064887150635798181     
6.2640848191037009   0.057418120105184329  0.0012667190049370935     
6.4960879605519857   0.32043068237975363  0.0097887728858552613     
6.7280911020002714   0.018720550871906089  0.00058721298794176465     
6.9600942434485562   0.65843619113261942  0.011502895844747809     
7.1920973848968419   0.079291425936589749  0.00060609737871299552     
7.4241005263451267   1.1026041723071617  0.010982401478897117     
7.6561036677934116   0.57847300077539254  0.0042601877660029839     
7.8881068092416973   1.5360443820457274  0.0084051312597875377     
8.120109950689983   2.5614833847767807  0.012067872237655513     
8.3521130921382678   1.8583250885066666  0.0023685076642242067     
8.5841162335865526   11.589857013718482  0.014911230915202879     
8.8161193750348374   1.6893396980450502  0.001765878651560081     
9.048122516483124   128.33338697848018  0.056378447405088568     
9.2801256579314089   302.53537120145398  0.1829240773683325     
9.5121287993796937   165.17723945143564  0.16532693304094507     
9.7441319408279785   4.9618275997102306  0.013134840753396974     
9.9761350822762633   17.110868901640481  0.021244184070343825     
10.20813822372455   5.2726527264459024  0.010789184408968161     
10.440141365172835   3.8024027152918391  0.005647131400474603     
10.67214450662112   4.6116459922709238  0.0065499230373854735     
10.904147648069404   0.62107185620352885  0.0013831795213834669     
11.136150789517689   3.4322030725887173  0.0050673586684735881     
11.368153930965976   0.022765339838908525  0.0006190481912179897     
11.600157072414261   2.2394600542466357  0.0035653221658880942     
11.832160213862545   0.16086119057401267  0.00097387535832245929     
12.06416335531083   1.2934528651793617  0.0021735557396188595     
12.296166496759117   0.41936483226089355  0.00065728122564073132     
12.528169638207402   0.61624606692827782  0.0016162583555621416     
12.760172779655687   0.60083825590287125  0.0012296488759089357     
12.992175921103971   0.20043134783650721  0.00073472706038359509     
13.224179062552256   0.64024678348419541  0.0025624786851995416     
13.456182204000543   0.031953002290939404  0.00022673898795073656     
13.688185345448828   0.5884741399404709  0.0042266575434228157     
13.920188486897112   0.15368754821038212  0.0028685881110594076     
14.152191628345397   0.42627956106449685  0.0076458732224751253     
14.384194769793684   0.088895130706492374  0.0013025105982448379     
14.616197911241969   0.23158610409516907  0.0033288887951187532     
14.848201052690253   0.13290771389655442  0.0024065522499587737     
15.080204194138538   0.096939812966503709  0.0019640427449317529     
15.312207335586823   0.14794891840645961  0.0052595560093681022     
15.54421047703511   0.030745939754837695  0.00038627936035791198     
15.776213618483395   0.13577074254276568  0.0075130680342596505     
16.008216759931681   0.02554345051746682  0.00079692318884831792     
16.240219901379966   0.13716903196812594  0.0088811670009974144     
16.472223042828251   0.047304484331071717  0.00074735128222988603     
16.704226184276536   0.19825463875585127  0.0083025682905613848     
16.93622932572482   0.15490383576419336  0.0042983485436130223     
17.168232467173105   0.32821314141599643  0.0066472270289614114     
17.40023560862139   0.79317961866327484  0.010801391601893159     
17.632238750069675   0.46949897375844138  0.0040370644862323196     
17.86424189151796   4.9520468424549131  0.028073297537576785     
18.096245032966248   0.29593865935034583  0.0040939998956889427     
18.328248174414533   40.496327474379283  0.12468123783228523     
18.560251315862818   122.79100334724063  0.30624442467013088     
18.792254457311103   81.371790588629351  0.26420294333615868     
19.024257598759387   3.9548786339643878  0.019832204622296394     
19.256260740207672   8.7658460391403603  0.034228165612158856     
19.488263881655957   4.0268491884395367  0.018667242163427294     
19.720267023104242   1.716297650057051  0.008343552426323064     
19.952270164552527   3.2816873895009615  0.01674406334692721     
20.184273306000815   0.22153235778308534  0.001619946536887307     
20.4162764474491   2.4098330304263082  0.0141016116794859     
20.648279588897385   0.032364363074259936  0.00068467534134901922     
20.88028273034567   1.6451092687142584  0.0089465306781683762     
21.112285871793954   0.20242210535998296  0.0015033858203315678     
21.344289013242239   1.0015425641414407  0.0056167197176974618     
21.576292154690524   0.46475027767862724  0.0025098834428140932     
21.808295296138809   0.48246587694394304  0.0024535875712777927     
22.040298437587094   0.67938832024132173  0.0031986330953984556     
22.272301579035378   0.1557397564430062  0.00098061707782629784     
22.504304720483667   0.75680270216815784  0.0037874482912091729     
22.736307861931952   0.054494063027870251  0.00057519903689022584     
22.968311003380236   0.72962618528869709  0.0050279459257902989     
23.200314144828521   0.16761414282918155  0.0026853817283747274     
23.432317286276806   0.56741617638105876  0.0040365691824138221     
23.664320427725091   0.16852681616848091  0.0012290922053855498     
23.896323569173376   0.31769512550050628  0.0018488783794250119     
24.128326710621661   0.27417376866555902  0.001550244323306944     
24.360329852069945   0.12946204350173438  0.00075216410699567361     
24.592332993518234   0.31879402019084891  0.0018601077823404695     
24.824336134966519   0.043267042866703462  0.00062074157858965117     
25.056339276414803   0.28410903770858056  0.002511535040553151     
25.288342417863088   0.031025322755172808  0.00073738749199899647     
25.520345559311373   0.20579338697673014  0.0037711198071983447     
25.752348700759658   0.042381975826862237  0.00068913887359073717     
25.984351842207943   0.12373053935316166  0.0042416889391766329     
26.216354983656228   0.075684163545287175  0.0033404625721506738     
26.448358125104512   0.081461470661629265  0.0039271016835950845     
26.680361266552801   0.27571465147128762  0.0097127008657797872     
26.912364408001086   0.11282387008990318  0.001515175516893175     
27.14436754944937   2.0836201145011739  0.035858376470596918     
27.376370690897655   2.6183239888832637  0.029469596952092163     
27.60837383234594   3.2086152710240314  0.048500403025210665     
27.840376973794225   19.249872696396131  0.11960048628718952     
28.07238011524251   20.265895681326613  0.14675095283573431     
28.304383256690794   2.0982917514578489  0.017205638269495244     
28.536386398139079   2.2170760893760912  0.022001015883436026     
28.768389539587368   1.8024278603784887  0.018874407126709973     
29.000392681035652   0.41651895557089615  0.004312789046900243     
29.232395822483937   1.4173867368993419  0.015169086727168479     
29.464398963932222   0.06456393621762666  0.0009099242228851441     
29.696402105380507   1.12045474844332  0.012753278277297065     
29.928405246828792   0.041498638367522842  0.00069740090471065643     
30.160408388277077   0.84512525194001467  0.0089440001644313102     
30.392411529725361   0.16746810860011434  0.0018268320748250059     
30.624414671173646   0.5437018337326704  0.0055048719962949201     
30.856417812621935   0.3701242918342284  0.0036468156073258913     
31.088420954070219   0.27032015009000097  0.0027165935465842125     
31.320424095518504   0.54664723620802558  0.005302727437015664     
31.552427236966789   0.1062300250950363  0.0014822163083736255     
31.784430378415074   0.62865067703038781  0.0069883478177513985     
32.016433519863362   0.090583663246253544  0.00042818263211273639     
32.248436661311644   0.60637756138172071  0.0075051354881826264     
32.480439802759932   0.14020876033197416  0.001772968159524598     
32.712442944208213   0.47103954920476438  0.0057109708670613341     
32.944446085656502   0.21768825482912791  0.0028046544128381745     
33.176449227104783   0.27348416788677689  0.0028485445214677002     
33.408452368553071   0.33236665759897837  0.0034024266898068541     
33.640455510001352   0.12005731339957398  0.0013800783398842829     
33.872458651449641   0.39493820247355391  0.0038759859468878213     
34.104461792897929   0.041788345799831549  0.00061768095838183542     
34.33646493434621   0.39246366170564577  0.0028861243450497102     
34.568468075794499   0.031386369182722396  0.00041002082386342491     
34.80047121724278   0.32495394438674569  0.0022250606499625757     
35.032474358691069   0.089634014511523954  0.00056197766598882277     
35.26447750013935   0.21458300237782877  0.0012113352610491815     
35.496480641587638   0.19987751118730424  0.0012468647485816379     
35.728483783035919   0.13645488158475654  0.0015506523556003439     
35.960486924484208   0.35060321516219849  0.0055884934596774907     
36.192490065932496   0.23995953291180866  0.0038620371820706689     
36.424493207380777   1.0675771137370017  0.020832434340551634     
36.656496348829066   3.6125622632977473  0.039139630869591801     
36.888499490277347   3.7638869035442221  0.031127233522380275     
37.120502631725635   1.1041567327615687  0.016946738207675687     
37.352505773173917   1.7468899621399901  0.019211846836524016     
37.584508914622205   0.72937694340108372  0.0074978260628101628     
37.816512056070486   0.31080283617403285  0.0050398557026608292     
38.048515197518775   0.52189582054892013  0.0095016003505153885     
38.280518338967063   0.11181603914890892  0.0010255935933802328     
38.512521480415344   0.48775252664783884  0.0073638646701197826     
38.744524621863633   0.03569718970858204  0.00036636889564843098     
38.976527763311914   0.48009631667031801  0.0068969526859532103     
39.208530904760202   0.03961279404732139  0.00044776131806646314     
39.440534046208484   0.41073848968473529  0.005762911209681435     
39.672537187656772   0.14036774115749378  0.0017973776389886536     
39.904540329105053   0.28299522774390151  0.0039257264062007774     
40.136543470553342   0.28763053298393317  0.0038163007115119701     
40.36854661200163   0.16172547990598333  0.0019294588682423617     
40.600549753449911   0.41644167311773969  0.0051427282356776432     
40.8325528948982   0.09346126076001781  0.0012100001887258689     
41.064556036346481   0.49397155928660949  0.0070287559974585352     
41.296559177794769   0.1147851743231411  0.00089293235247281707     
41.528562319243051   0.4865217084412322  0.0070043857085410178     
41.760565460691339   0.17632943378075302  0.0016420031217314735     
41.99256860213962   0.39038531052328982  0.0067982084373779901     
42.224571743587909   0.24823947935236904  0.0041690662644427638     
42.456574885036197   0.23420098545775065  0.0027865303602111022     
42.688578026484478   0.35481394216629605  0.004796960204925805     
42.920581167932767   0.10354650843474706  0.0012732558407502339     
43.152584309381048   0.43586940711389056  0.0058948439169099946     
43.384587450829336   0.031746925632190816  0.00033337184692656121     
43.616590592277618   0.46367729176224045  0.0055431779924298506     
43.848593733725906   0.054716470944639969  0.00050855556721258247     
44.080596875174187   0.4154345669585599  0.0054457605160410484     
44.312600016622476   0.18638289979540084  0.0022406055244068758     
44.544603158070757   0.32689342539173819  0.0040328339827397669     
44.776606299519045   0.39408283274026994  0.005133876650909288     
45.008609440967334   0.27664467360172134  0.002979997634567926     
45.240612582415615   0.72547047911398789  0.0085232658337293899     
45.472615723863903   0.31679599170328981  0.0051590006977561972     
45.704618865312185   2.0610804541623566  0.035919273937638999     
45.936622006760473   1.7900042811078616  0.031376150309490995     
46.168625148208754   2.9579032990289614  0.035298914696024302     
46.400628289657043   4.5316431201982652  0.028399373235249105     
