0.4848420195558783   0.0011583743695507357  1.1191457932356789e-06     
0.9696840391117566   0.0012589466048977365  4.4695502079040221e-06     
1.454526058667635   0.0014627429641502833  1.005885675971603e-05     
1.9393680782235132   0.0018459615211053344  1.7878752125889032e-05     
2.4242100977793917   0.0025833825600948457  2.793508969995673e-05     
2.9090521173352699   0.004120311013554875  4.0217593259928612e-05     
3.3938941368911482   0.0078263462774985603  5.4745124175705168e-05     
3.8787361564470264   0.019514960623645913  7.1506306258012555e-05     
4.3635781760029051   0.087729506140992151  9.0796300167097355e-05     
4.8484201955587833   99.634719614501144  0.00012798369307584915     
5.3332622151146616   0.14915095615812169  0.0001341578793518127     
5.8181042346705398   0.046466801736065459  0.00015971888499026606     
6.3029462542264181   0.02775364719310813  0.00018755204937033665     
6.7877882737822963   0.02263298133277423  0.00021744776669230082     
7.2726302933381746   0.023084988799604342  0.00024955817132446101     
7.7574723128940528   0.028860120335175108  0.00028380933399031795     
8.2423143324499311   0.045044183086994848  0.00032037632521406652     
8.7271563520058102   0.095068014352838848  0.00035926777939714214     
9.2119983715616875   0.3636761342287637  0.00040219502069958585     
9.6968403911175667   98.545253145433514  0.00050628745753624974     
10.181682410673444   0.57561903644256827  0.00048064940586067119     
10.666524430229323   0.15904873220035293  0.00052889240294405255     
11.151366449785201   0.087163159003035282  0.00057860216605173907     
11.63620846934108   0.0660977849998213  0.00062974978197317301     
12.121050488896957   0.063213495662962142  0.00068298861376884994     
12.605892508452836   0.074528968259159015  0.00073818937809707691     
13.090734528008714   0.11009500431174733  0.00079589662116792203     
13.575576547564593   0.21985814339632427  0.00085630789221396151     
14.06041856712047   0.78380673571196762  0.00092409103994959632     
14.545260586676349   96.750576453052194  0.0011182161388265731     
15.030102606232226   1.3218857762028513  0.0010215137225796662     
15.514944625788106   0.34036524944668176  0.0010941112462121117     
15.999786645343985   0.17875638500050638  0.0011651325841298857     
16.484628664899862   0.13087901877763184  0.0012361964784417727     
16.969470684455739   0.12125620101095993  0.0013090307100615244     
17.45431270401162   0.1387274426736392  0.0013835396160465244     
17.939154723567498   0.19889798769140645  0.0014609024179431595     
18.423996743123375   0.38434908856336682  0.0015417784667979122     
18.908838762679252   1.3041264158336939  0.0016355236715547828     
19.393680782235133   94.281825946745845  0.0019367664644604118     
19.878522801791011   2.4253710475012647  0.001728743234077975     
20.363364821346888   0.58901977045693534  0.0018288117125671057     
20.848206840902765   0.30019323664878239  0.0019204356148369421     
21.333048860458646   0.21468052590427374  0.0020096200531168676     
21.817890880014524   0.19473431796212677  0.0020999608378863625     
22.302732899570401   0.2183054929355622  0.0021915605150698963     
22.787574919126278   0.30651252085373412  0.0022865332328661343     
23.272416938682159   0.57798028923054207  0.0023863349797860619     
23.757258958238037   1.8829329330289455  0.0025067324931200198     
24.242100977793914   91.181577370143602  0.0029258189966395344     
24.726942997349795   3.9183123005844234  0.0025667014244381686     
25.211785016905672   0.90074969859355064  0.0026989648568088115     
25.69662703646155   0.44778092070716051  0.0028103781450430993     
26.181469056017427   0.31435439149419817  0.0029154873621201398     
26.666311075573308   0.28050713702265705  0.0030207579354405037     
27.151153095129185   0.30950454197506785  0.0031267206310616041     
27.635995114685063   0.42736724787612089  0.0032367406950112982     
28.12083713424094   0.78963538930033335  0.0033534255329078043     
28.605679153796821   2.4817823287623276  0.0035004943733080941     
29.090521173352698   87.502863326954358  0.0040417340231466423     
29.575363192908576   5.8265592607440948  0.0034937728983335385     
30.060205212464453   1.26842577612497  0.0036646278990199485     
30.545047232020334   0.61658488606943278  0.0037949354284734669     
31.029889251576211   0.42602124263155396  0.003913439846020526     
31.514731271132089   0.37490415884224625  0.0040306576112725889     
31.99957329068797   0.40812314154775752  0.0041478281628602266     
32.484415310243847   0.55550835540000707  0.004269879559386932     
32.969257329799724   1.0081088557268251  0.0044009058244495742     
33.454099349355602   3.0663025706400853  0.0045738000715490554     
33.938941368911479   83.307955815215618  0.0052352793169040237     
34.423783388467356   8.1684798867420765  0.0044642908364178112     
34.908625408023241   1.6821659970732982  0.0046817568605759291     
35.393467427579118   0.8005956210976329  0.0048299839649794024     
35.878309447134995   0.54522340353909702  0.0049590903923045245     
36.363151466690873   0.47387976247767197  0.0050849607212676688     
36.84799348624675   0.50969907263997655  0.005209854795104792     
37.332835505802628   0.6848565830271632  0.0053405501680513946     
37.817677525358505   1.2225531997602339  0.0054829081906594816     
38.302519544914382   3.6068390071704866  0.0056797944329015996     
38.787361564470267   78.666946206182811  0.0064538046511972167     
39.272203584026144   10.954012997717687  0.0054306552411513915     
39.757045603582021   2.1295664888912026  0.0057041981487510947     
40.241887623137899   0.99294635655258341  0.0058692729264622309     
40.726729642693776   0.6671050842100872  0.0060059969056937482     
41.211571662249654   0.57318403730535863  0.0061370159363362387     
41.696413681805531   0.60970020709462061  0.0062659308078522038     
42.181255701361415   0.80946237497527203  0.0064016104883791634     
42.666097720917293   1.42289077610159  0.0065518812931600978     
43.15093974047317   4.0789211357942495  0.006769892425405925     
43.635781760029047   73.656160327524874  0.0076435670086368101     
44.120623779584925   14.183899827537372  0.0063455465597279099     
44.605465799140802   2.5960476375454089  0.0066857688288868899     
45.090307818696679   1.1861745137533845  0.0068664857298862045     
45.575149838252557   0.78661257299644625  0.0070077245633000692     
46.059991857808441   0.6685427266971073  0.0071402881049489745     
46.544833877364319   0.70371617605836735  0.0072694227734804095     
47.029675896920196   0.92374893812478088  0.0074062682080003768     
47.514517916476073   1.6001761410298458  0.0075607092759724089     
47.999359936031951   4.4635460151638365  0.0077959754448724082     
48.484201955587828   68.35645044045535  0.0087521036122285905     
