1.086001   0   0   
1.0860030000000001   0   0   
1.0860050000000001   0   0   
1.0860070000000002   0   0   
1.086009   0   0   
1.0860110000000001   0   0   
1.0860130000000001   0   0   
1.0860150000000002   0   0   
1.086017   0   0   
1.0860190000000001   0   0   
1.0860210000000001   0   0   
1.0860230000000002   0   0   
1.086025   0   0   
1.0860270000000001   0   0   
1.0860290000000001   0   0   
1.086031   0   0   
1.086033   0   0   
1.0860350000000001   0   0   
1.0860370000000001   0   0   
1.086039   0   0   
1.086041   0   0   
1.0860430000000001   0   0   
1.0860450000000001   0   0   
1.086047   0   0   
1.086049   0   0   
1.0860510000000001   0   0   
1.0860530000000002   0   0   
1.086055   0   0   
1.0860570000000001   0   0   
1.0860590000000001   0   0   
1.0860610000000002   0   0   
1.086063   0   0   
1.0860650000000001   0   0   
1.0860670000000001   0   0   
1.0860690000000002   0   0   
1.086071   0   0   
1.0860730000000001   0   0   
1.0860750000000001   0   0   
1.0860770000000002   0   0   
1.086079   0   0   
1.0860810000000001   0   0   
1.0860830000000001   0   0   
1.086085   0   0   
1.086087   0   0   
1.0860890000000001   0   0   
1.0860910000000001   0   0   
1.086093   0   0   
1.086095   0   0   
1.0860970000000001   0   0   
1.0860990000000001   0   0   
1.086101   0   0   
1.086103   0   0   
1.0861050000000001   0   0   
1.0861070000000002   0   0   
1.086109   0   0   
1.086111   0   0   
1.0861130000000001   0   0   
1.0861150000000002   0   0   
1.086117   0   0   
1.0861190000000001   0   0   
1.0861210000000001   0   0   
1.0861230000000002   0   0   
1.086125   0   0   
1.0861270000000001   0   0   
1.0861290000000001   0   0   
1.0861310000000002   0   0   
1.086133   0   0   
1.0861350000000001   0   0   
1.0861370000000001   0   0   
1.086139   0   0   
1.086141   0   0   
1.0861430000000001   0   0   
1.0861450000000001   0   0   
1.086147   0   0   
1.086149   0   0   
1.0861510000000001   0   0   
1.0861530000000001   0   0   
1.086155   0   0   
1.086157   0   0   
1.0861590000000001   0   0   
1.0861610000000002   0   0   
1.086163   0   0   
1.086165   0   0   
1.0861670000000001   0   0   
1.0861690000000002   0   0   
1.086171   0   0   
1.0861730000000001   0   0   
1.0861750000000001   0   0   
1.0861770000000002   0   0   
1.086179   0   0   
1.0861810000000001   0   0   
1.0861830000000001   0   0   
1.0861850000000002   0   0   
1.086187   0   0   
1.0861890000000001   0   0   
1.0861910000000001   0   0   
1.0861930000000002   0   0   
1.086195   0   0   
1.0861970000000001   0   0   
1.0861990000000001   0   0   
1.086201   0   0   
1.086203   0   0   
1.0862050000000001   0   0   
1.0862070000000001   0   0   
1.086209   0   0   
1.086211   0   0   
1.0862130000000001   0   0   
1.0862150000000002   0   0   
1.086217   0   0   
1.086219   0   0   
1.0862210000000001   0   0   
1.0862230000000002   0   0   
1.086225   0   0   
1.0862270000000001   0   0   
1.0862290000000001   0   0   
1.0862310000000002   0   0   
1.086233   0   0   
1.0862350000000001   0   0   
1.0862370000000001   0   0   
1.0862390000000002   0   0   
1.086241   0   0   
1.0862430000000001   0   0   
1.0862450000000001   0   0   
1.0862470000000002   0   0   
1.086249   0   0   
1.0862510000000001   0   0   
1.0862530000000001   0   0   
1.086255   0   0   
1.086257   0   0   
1.0862590000000001   0   0   
1.0862610000000001   0   0   
1.086263   0   0   
1.086265   0   0   
1.0862670000000001   0   0   
1.0862690000000002   0   0   
1.086271   0   0   
1.086273   0   0   
1.0862750000000001   0   0   
1.0862770000000002   0   0   
1.086279   0   0   
1.0862810000000001   0   0   
1.0862830000000001   0   0   
1.0862850000000002   0   0   
1.086287   0   0   
1.0862890000000001   0   0   
1.0862910000000001   0   0   
1.0862930000000002   0   0   
1.086295   0   0   
1.0862970000000001   0   0   
1.0862990000000001   0   0   
1.0863010000000002   0   0   
1.086303   0   0   
1.0863050000000001   0   0   
1.0863070000000001   0   0   
1.086309   0   0   
1.086311   0   0   
1.0863130000000001   0   0   
1.0863150000000001   0   0   
1.086317   0   0   
1.086319   0   0   
1.0863210000000001   0   0   
1.0863230000000001   0   0   
1.086325   0   0   
1.086327   0   0   
1.0863290000000001   0   0   
1.0863310000000002   0   0   
1.086333   0   0   
1.0863350000000001   0   0   
1.0863370000000001   4e-07   4e-07   
1.0863390000000002   0   0   
1.086341   0   0   
1.0863430000000001   0   0   
1.0863450000000001   2e-07   2e-07   
1.0863470000000002   0   0   
1.086349   0   0   
1.0863510000000001   0   0   
1.0863530000000001   0   0   
1.0863550000000002   0   0   
1.086357   0   0   
1.0863590000000001   0   0   
1.0863610000000001   0   0   
1.086363   0   0   
1.086365   0   0   
1.0863670000000001   0   0   
1.0863690000000001   8e-07   8e-07   
1.086371   1e-06   1e-06   
1.086373   0   0   
1.0863750000000001   4e-07   4e-07   
1.0863770000000001   6e-07   6e-07   
1.086379   2e-07   2e-07   
1.086381   2e-07   2e-07   
1.0863830000000001   2e-07   2e-07   
1.0863850000000002   0   0   
1.086387   0   0   
1.086389   2e-07   2e-07   
1.0863910000000001   2.2e-06   1.2092238098144703e-06   
1.0863930000000002   8e-07   8e-07   
1.086395   1.2e-06   6.7986926847903798e-07   
1.0863970000000001   6e-07   4.2687494916218991e-07   
1.0863990000000001   2.4e-06   9.7979589711327124e-07   
1.0864010000000002   1.8e-06   1.590248058916875e-06   
1.086403   3.8e-06   1.443760521847181e-06   
1.0864050000000001   4.8e-06   1.7688665548562133e-06   
1.0864070000000001   4.8e-06   1.2719189352225942e-06   
1.0864090000000002   4.2e-06   1.3808210118138653e-06   
1.086411   4.4e-06   1.4236104336041748e-06   
1.0864130000000001   5.6e-06   2.0176994600562075e-06   
1.0864150000000001   6.6e-06   1.661324772583615e-06   
1.086417   1.04e-05   2.5957229778575713e-06   
1.086419   1.12e-05   2.3701851779508237e-06   
1.0864210000000001   1.22e-05   2.9431653406192154e-06   
1.0864230000000001   1.7e-05   2.5516878945339516e-06   
1.086425   1.98e-05   4.3964632250126793e-06   
1.086427   2.28e-05   7.0691819422995001e-06   
1.0864290000000001   3.44e-05   4.5489925624618615e-06   
1.0864310000000001   3.52e-05   4.0463975747982715e-06   
1.086433   4.24e-05   4.2874493842169405e-06   
1.086435   5.16e-05   5.4552726787943424e-06   
1.0864370000000001   5.94e-05   5.781579945539685e-06   
1.0864390000000002   5.34e-05   7.2971836271871964e-06   
1.086441   7.06e-05   7.7863127773463266e-06   
1.086443   8.02e-05   1.0584894897919393e-05   
1.0864450000000001   9.88e-05   1.1088332206022289e-05   
1.0864470000000002   9.94e-05   5.2328025208507747e-06   
1.086449   0.0001198   1.0278132126023677e-05   
1.0864510000000001   0.0001304   9.159330397650984e-06   
1.0864530000000001   0.0001554   1.2944496900227525e-05   
1.0864550000000002   0.000173   1.0393373957585776e-05   
1.086457   0.0001884   1.3117587854141138e-05   
1.0864590000000001   0.0002476   1.2602645224978233e-05   
1.0864610000000001   0.000266   1.2795832654944083e-05   
1.0864630000000002   0.000324   1.6783589868943083e-05   
1.086465   0.0003486   1.6891944168087277e-05   
1.0864670000000001   0.0004352   3.3699587864278433e-05   
1.0864690000000001   0.0004012   1.88e-05   
1.0864710000000002   0.000507   2.1876928486421489e-05   
1.086473   0.0005682   1.9033187389983377e-05   
1.0864750000000001   0.0006404   2.8756139441092498e-05   
1.0864770000000001   0.0006842   2.5653156617547955e-05   
1.086479   0.0007714   3.2654487525538593e-05   
1.086481   0.0008986   2.3188215397769043e-05   
1.0864830000000001   0.0009708   2.7648909964449271e-05   
1.0864850000000001   0.0010772   2.2905021283552652e-05   
1.086487   0.0012388   3.8069176799902336e-05   
1.086489   0.0013774   3.5430119013818361e-05   
1.0864910000000001   0.00145   4.6379114073278957e-05   
1.0864930000000002   0.0016104   3.9457206073303151e-05   
1.086495   0.001736   3.4693579297104017e-05   
1.086497   0.0019966   3.7879399267793158e-05   
1.0864990000000001   0.0021642   4.4330526226919026e-05   
1.0865010000000002   0.0023626   4.9066893115419484e-05   
1.086503   0.0026208   5.77890416370901e-05   
1.0865050000000001   0.0028292   4.0538815418750898e-05   
1.0865070000000001   0.0031038   5.5407540601939333e-05   
1.0865090000000002   0.0033478   7.2370313127844226e-05   
1.086511   0.003573   5.9630901757766873e-05   
1.0865130000000001   0.0039142   6.6089804222907349e-05   
1.0865150000000001   0.0041816   4.7019428608466381e-05   
1.0865170000000002   0.0046188   7.8193605876695572e-05   
1.086519   0.0047624   6.0013924310205801e-05   
1.0865210000000001   0.0052186   7.5815008775014698e-05   
1.0865230000000001   0.0056844   6.6604504352183269e-05   
1.0865250000000002   0.0059644   6.3569244834974163e-05   
1.086527   0.0064456   6.8901088525508799e-05   
1.0865290000000001   0.0068248   9.4467019524158689e-05   
1.0865310000000001   0.0072122   5.9063393438274831e-05   
1.086533   0.0077616   8.7605580745622462e-05   
1.086535   0.0081326   7.1807799019326587e-05   
1.0865370000000001   0.008448   8.3726008172159065e-05   
1.0865390000000001   0.0091052   0.0001164589388773762   
1.086541   0.0096   0.00011696647192916249   
1.086543   0.0100754   7.1138081690938702e-05   
1.0865450000000001   0.0103946   3.8193716760744842e-05   
1.0865470000000002   0.0109734   7.8538907555427575e-05   
1.086549   0.0114526   0.00010466966025442987   
1.086551   0.011928   0.00011375021367501299   
1.0865530000000001   0.012313   9.0826452338756712e-05   
1.0865550000000002   0.0127768   0.00016075742941186609   
1.086557   0.0131508   0.00011362441052285668   
1.0865590000000001   0.0135454   9.370310086177037e-05   
1.0865610000000001   0.0142088   9.3427190902862954e-05   
1.0865630000000002   0.0144972   9.3682300000231294e-05   
1.086565   0.014885   9.3454801909800229e-05   
1.0865670000000001   0.0152342   0.00011491927601581902   
1.0865690000000001   0.0158016   0.00012714673937358102   
1.0865710000000002   0.0161778   0.00011796287551598595   
1.086573   0.01611   9.8419961841533367e-05   
1.0865750000000001   0.0165202   0.00012078647827192137   
1.0865770000000001   0.0168024   6.289447953163743e-05   
1.0865790000000002   0.016831   0.00011975911006868936   
1.086581   0.0173434   0.0001188018144268475   
1.0865830000000001   0.017505   0.00011665952359085149   
1.0865850000000001   0.017362   0.0001700998399633449   
1.086587   0.0175828   0.0001005589710899364   
1.086589   0.0176418   0.00012191379468023021   
1.0865910000000001   0.0174946   8.1185138213016979e-05   
1.0865930000000001   0.017606   0.00011535529655999521   
1.086595   0.0175516   0.00010397384286444356   
1.086597   0.0174492   8.202449498642326e-05   
1.0865990000000001   0.0174232   0.00016308667089073287   
1.0866010000000002   0.017246   0.00010627093257853304   
1.086603   0.0170666   9.068188597754487e-05   
1.086605   0.0171114   9.6148981620538584e-05   
1.0866070000000001   0.016593   0.00011103202741151363   
1.0866090000000002   0.0164496   0.0001198924703409036   
1.086611   0.0161324   0.00011884174350791057   
1.0866130000000001   0.0157638   0.00011930556473936067   
1.0866150000000001   0.0154032   8.3632635841385363e-05   
1.0866170000000002   0.015049   9.1535178422772994e-05   
1.086619   0.0145676   8.258049271939338e-05   
1.0866210000000001   0.0140708   5.587303066377872e-05   
1.0866230000000001   0.013731   0.00011776747334377936   
1.0866250000000002   0.0134344   7.5629388761541911e-05   
1.086627   0.0128342   6.3052323950474306e-05   
1.0866290000000001   0.0124878   6.718098275884662e-05   
1.0866310000000001   0.0120344   7.3060583688394451e-05   
1.0866330000000002   0.0116624   8.8205719139344281e-05   
1.086635   0.0111052   9.5318507005606102e-05   
1.0866370000000001   0.010705   0.00012366522910215663   
1.0866390000000001   0.0100528   8.8416288092183558e-05   
1.086641   0.009619   4.6550569873585378e-05   
1.086643   0.009222   7.8285517321035967e-05   
1.0866450000000001   0.0086036   0.00014219260802790621   
1.0866470000000001   0.0083302   0.00011929625122171926   
1.086649   0.0077736   6.4403450563183671e-05   
1.086651   0.007486   7.1465298494366404e-05   
1.0866530000000001   0.0068122   7.9486378986870726e-05   
1.0866550000000001   0.0065306   7.8994261394947759e-05   
1.086657   0.006262   9.9741443520512355e-05   
1.086659   0.005703   4.0203095513764714e-05   
1.0866610000000001   0.0054694   7.3465365989696123e-05   
1.0866630000000002   0.0050268   4.9842596686413162e-05   
1.086665   0.0047084   6.9544422254172668e-05   
1.086667   0.0044016   2.3051247254758255e-05   
1.0866690000000001   0.0040408   6.3674310186901732e-05   
1.0866710000000002   0.003712   4.8523991774974343e-05   
1.086673   0.0035172   5.543540785855593e-05   
1.0866750000000001   0.003235   4.0584890456096261e-05   
1.0866770000000001   0.0029496   4.171842119096391e-05   
1.0866790000000002   0.0026962   3.456967200050099e-05   
1.086681   0.0024046   3.5880109005160813e-05   
1.0866830000000001   0.0023014   5.3249976525816422e-05   
1.0866850000000001   0.0020788   3.6672969155314745e-05   
1.0866870000000002   0.00187   4.6861498055439927e-05   
1.086689   0.0016864   4.5903086315991143e-05   
1.0866910000000001   0.001507   2.7759682995308142e-05   
1.0866930000000001   0.0014366   4.1368855703563064e-05   
1.086695   0.0012402   2.8775684179529077e-05   
1.086697   0.001129   2.3341427167639561e-05   
1.0866990000000001   0.0010462   1.5892555909397751e-05   
1.0867010000000001   0.0009096   3.3215525151818857e-05   
1.086703   0.0008416   2.8407823648502967e-05   
1.086705   0.000744   2.194741189500231e-05   
1.0867070000000001   0.0007094   1.290667355371717e-05   
1.0867090000000001   0.0005842   1.5931659605257005e-05   
1.086711   0.0005342   1.9253744224609058e-05   
1.086713   0.000467   1.8906201216649643e-05   
1.0867150000000001   0.0004276   1.5341447128612085e-05   
1.0867170000000002   0.0003588   1.9693653800145873e-05   
1.086719   0.0003266   1.4161136175384296e-05   
1.086721   0.0002754   1.4465437735820126e-05   
1.0867230000000001   0.000253   1.5200146198127321e-05   
1.0867250000000002   0.0002278   1.6216452550830386e-05   
1.086727   0.0002056   4.5294100670568078e-06   
1.0867290000000001   0.0001724   1.0162239473221988e-05   
1.0867310000000001   0.0001448   1.1458912106594878e-05   
1.0867330000000002   0.0001304   8.7014685861385235e-06   
1.086735   0.0001106   8.0335407995340247e-06   
1.0867370000000001   0.0001044   7.9710587614053993e-06   
1.0867390000000001   9.32e-05   6.7144950997408915e-06   
1.0867410000000002   7.52e-05   9.3104481333845819e-06   
1.086743   5.46e-05   7.0493498518184876e-06   
1.0867450000000001   5.74e-05   6.1683781408802175e-06   
1.0867470000000001   5.04e-05   4.9959983987187186e-06   
1.0867490000000002   3.34e-05   5.325410782277739e-06   
1.086751   3.12e-05   3.8666666666666667e-06   
1.0867530000000001   2.88e-05   4.9817444512718412e-06   
1.0867550000000001   2.06e-05   1.5790292376436015e-06   
1.086757   2.1e-05   3.8326086271479493e-06   
1.086759   1.38e-05   2.179704363236242e-06   
1.0867610000000001   1.38e-05   3.0615900008546757e-06   
1.0867630000000001   1e-05   2.2110831935702666e-06   
1.086765   7.8e-06   2.3180451534284947e-06   
1.086767   1.14e-05   3.0991038131118558e-06   
1.0867690000000001   8.4e-06   2.1457969252574775e-06   
1.0867710000000002   6.8e-06   1.6653327995729062e-06   
1.086773   3.8e-06   1.0934146311237817e-06   
1.086775   6.4e-06   9.7979589711327124e-07   
1.0867770000000001   4.8e-06   2.2150996967781533e-06   
1.0867790000000002   4e-06   1.7888543819998318e-06   
1.086781   4e-06   1.3333333333333333e-06   
1.0867830000000001   2.4e-06   1.0666666666666667e-06   
1.0867850000000001   3.8e-06   1.7243356208503417e-06   
1.0867870000000002   1.4e-06   9.910712498212337e-07   
1.086789   4e-07   4e-07   
1.0867910000000001   3.2e-06   1.4047538337136985e-06   
1.0867930000000001   6e-07   3.0550504633038933e-07   
1.0867950000000002   8e-07   5.3333333333333333e-07   
1.086797   1e-06   4.4721359549995794e-07   
1.0867990000000001   4e-07   2.6666666666666667e-07   
1.0868010000000001   4e-07   2.6666666666666667e-07   
1.0868030000000002   4e-07   2.6666666666666667e-07   
1.086805   0   0   
1.0868070000000001   2e-07   2e-07   
1.0868090000000001   2e-07   2e-07   
1.086811   0   0   
1.086813   0   0   
1.0868150000000001   0   0   
1.0868170000000001   0   0   
1.086819   0   0   
1.086821   0   0   
1.0868230000000001   0   0   
1.0868250000000002   0   0   
1.086827   0   0   
1.086829   2e-07   2e-07   
1.0868310000000001   0   0   
1.0868330000000002   0   0   
1.086835   0   0   
1.0868370000000001   0   0   
1.0868390000000001   0   0   
1.0868410000000002   0   0   
1.086843   0   0   
1.0868450000000001   0   0   
1.0868470000000001   0   0   
1.0868490000000002   0   0   
1.086851   0   0   
1.0868530000000001   0   0   
1.0868550000000001   0   0   
1.0868570000000002   0   0   
1.086859   0   0   
1.0868610000000001   0   0   
1.0868630000000001   0   0   
1.086865   0   0   
1.086867   0   0   
1.0868690000000001   0   0   
1.0868710000000001   0   0   
1.086873   0   0   
1.086875   0   0   
1.0868770000000001   0   0   
1.0868790000000002   0   0   
1.086881   0   0   
1.086883   0   0   
1.0868850000000001   0   0   
1.0868870000000002   0   0   
1.086889   0   0   
1.0868910000000001   0   0   
1.0868930000000001   0   0   
1.0868950000000002   0   0   
1.086897   0   0   
1.0868990000000001   0   0   
1.0869010000000001   0   0   
1.0869030000000002   0   0   
1.086905   0   0   
1.0869070000000001   0   0   
1.0869090000000001   0   0   
1.0869110000000002   0   0   
1.086913   0   0   
1.0869150000000001   0   0   
1.0869170000000001   0   0   
1.086919   0   0   
1.086921   0   0   
1.0869230000000001   0   0   
1.0869250000000001   0   0   
1.086927   0   0   
1.086929   0   0   
1.0869310000000001   0   0   
1.0869330000000001   0   0   
1.086935   0   0   
1.086937   0   0   
1.0869390000000001   0   0   
1.0869410000000002   0   0   
1.086943   0   0   
1.0869450000000001   0   0   
1.0869470000000001   0   0   
1.0869490000000002   0   0   
1.086951   0   0   
1.0869530000000001   0   0   
1.0869550000000001   0   0   
1.0869570000000002   0   0   
1.086959   0   0   
1.0869610000000001   0   0   
1.0869630000000001   0   0   
1.0869650000000002   0   0   
1.086967   0   0   
1.0869690000000001   0   0   
1.0869710000000001   0   0   
1.086973   0   0   
1.086975   0   0   
1.0869770000000001   0   0   
1.0869790000000001   0   0   
1.086981   0   0   
1.086983   0   0   
1.0869850000000001   0   0   
1.0869870000000001   0   0   
1.086989   0   0   
1.086991   0   0   
1.0869930000000001   0   0   
1.0869950000000002   0   0   
1.086997   0   0   
1.086999   0   0   
