-0.000276167   -0.000652822     0
0.000696289   0.00103623     0
0.0501702   -0.000856033     1
0.0501738   0.00117215     1
0.099826   -0.00102312     2
0.100166   0.000967516     2
0.150509   0.000831798     3
0.149539   -0.000865629     3
0.199314   -0.000323509     4
0.200838   0.000684177     4
0.24972   -0.000670603     5
0.250469   0.0011659     5
0.30082   -0.000353248     6
0.29938   0.000809863     6
0.349326   0.000549309     7
0.350912   -0.000339761     7
0.399493   0.000904008     8
0.400721   -0.000555656     8
0.450772   -0.000514497     9
0.449422   0.000789914     9
0.499227   0.000693247     10
-0.499271   -0.00035986     10
-0.449965   -0.000919097     11
-0.450078   0.00110825     11
-0.400467   0.000957173     12
-0.399704   -0.00087269     12
-0.349131   0.000170364     13
-0.350877   -0.000103152     13
-0.300651   -0.000565238     14
-0.299195   0.000568173     14
-0.250767   -0.000251592     15
-0.249058   0.000259072     15
-0.199171   -0.000591706     16
-0.200615   0.000569809     16
-0.150006   0.0011437     17
-0.14973   -0.000858892     17
-0.099056   -0.000439404     18
-0.100623   0.000509749     18
-0.0490273   -0.000376729     19
-0.0507155   0.000199887     19
0.025969   0.0496748     20
0.0245125   0.0508089     20
0.0748725   0.0492148     21
0.0755476   0.0510897     21
0.125405   0.0509958     22
0.124853   0.0490615     22
0.175894   0.0506919     23
0.174442   0.0495443     23
0.225363   0.0511636     24
0.224864   0.0492174     24
0.275367   0.0493467     25
0.27474   0.0512411     25
0.324895   0.0492085     26
0.325088   0.051226     26
0.375218   0.0492849     27
0.374535   0.0511577     27
0.425018   0.0511868     28
0.424671   0.0491977     28
0.475666   0.0497176     29
0.474059   0.0505584     29
0.524091   0.0500683     30
-0.474153   0.0501133     30
-0.424504   0.05105     31
-0.425424   0.0493206     31
-0.375173   0.051073     32
-0.374815   0.0490824     32
-0.325784   0.0501363     33
-0.324044   0.0497614     33
-0.274504   0.049055     34
-0.275347   0.0508354     34
-0.225622   0.0495501     35
-0.224087   0.0505432     35
-0.175202   0.0510442     36
-0.174576   0.0491489     36
-0.124434   0.0491478     37
-0.125352   0.0508888     37
-0.0757004   0.0496684     38
-0.0740253   0.0502983     38
-0.0241218   0.0506464     39
-0.0255178   0.0494064     39
0.0502265   0.10119     40
0.0503485   0.0991569     40
0.0995466   0.100675     41
0.100988   0.0995065     41
0.15059   0.0991294     42
0.149782   0.100931     42
0.200264   0.0991067     43
0.200171   0.101136     43
0.249982   0.101266     44
0.250179   0.0992508     44
0.299731   0.101239     45
0.300301   0.0993206     45
0.349882   0.101218     46
0.350178   0.0992164     46
0.400731   0.100611     47
0.399139   0.0997465     47
0.450802   0.100508     48
0.449141   0.0998494     48
0.499606   0.100974     49
0.50035   0.099137     49
-0.449246   0.100592     50
0.549262   0.0995152     50
-0.399064   0.0999184     51
-0.400776   0.100373     51
-0.350745   0.0999716     52
-0.348988   0.10002     52
-0.300602   0.099411     53
-0.299169   0.100589     53
-0.250321   0.0989918     54
-0.249396   0.100723     54
-0.200134   0.0991357     55
-0.199611   0.101072     55
-0.150357   0.10084     56
-0.149384   0.0991518     56
-0.100312   0.0991173     57
-0.0993702   0.100832     57
-0.0506622   0.100254     58
-0.0489793   0.0996729     58
-0.000568752   0.0996252     59
0.00105245   0.100417     59
0.0745383   0.150782     60
0.0758886   0.149478     60
0.124325   0.150279     61
0.126045   0.149851     61
0.175138   0.149066     62
0.175238   0.151096     62
0.225582   0.149412     63
0.224619   0.151115     63
0.274622   0.149508     64
0.275539   0.151238     64
0.325193   0.149143     65
0.324967   0.151156     65
0.375864   0.150694     66
0.374328   0.149705     66
0.425125   0.151216     67
0.424975   0.149193     67
0.474212   0.149657     68
0.475783   0.150567     68
0.525517   0.149209     69
0.524402   0.150779     69
0.574098   0.149906     70
-0.42417   0.15025     70
-0.374065   0.150024     71
-0.375823   0.150046     71
-0.325686   0.150465     72
-0.32415   0.149471     72
-0.27542   0.150817     73
-0.274503   0.149085     73
-0.225165   0.148942     74
-0.224675   0.150893     74
-0.174079   0.149665     75
-0.175665   0.150551     75
-0.125099   0.149023     76
-0.124494   0.150929     76
-0.0742729   0.149189     77
-0.0753107   0.150826     77
-0.0248598   0.151018     78
-0.024821   0.14899     78
0.0252583   0.149123     79
0.0249616   0.151122     79
0.0993318   0.200749     80
0.100762   0.199564     80
0.15089   0.199455     81
0.149431   0.200593     81
0.199275   0.200138     82
0.20101   0.20047     82
0.249331   0.200331     83
0.251076   0.200096     83
0.300507   0.201216     84
0.299891   0.199316     84
0.350493   0.20111     85
0.349776   0.199246     85
0.400196   0.201291     86
0.39996   0.199279     86
0.450903   0.199749     87
0.449264   0.200479     87
0.499277   0.200433     88
0.500929   0.199741     88
0.54953   0.200857     89
0.550459   0.199136     89
0.599203   0.199453     90
-0.39932   0.200558     90
-0.350845   0.199493     91
-0.349296   0.200461     91
-0.299254   0.200658     92
-0.300606   0.199361     92
-0.249073   0.199711     93
-0.25081   0.200013     93
-0.199224   0.20063     94
-0.200654   0.19945     94
-0.149087   0.199475     95
-0.150598   0.200509     95
-0.10012   0.20099     96
-0.0995107   0.199088     96
-0.0502312   0.19918     97
-0.0493523   0.200944     97
-0.000194477   0.201106     98
0.000286667   0.199153     98
0.0493697   0.200706     99
0.0507411   0.199435     99
0.12529   0.250997     100
0.124835   0.249034     100
0.174655   0.249235     101
0.175491   0.251022     101
0.225987   0.250107     102
0.22424   0.250332     102
0.275745   0.249541     103
0.274461   0.250926     103
0.324393   0.249709     104
0.325876   0.250802     104
0.375827   0.251002     105
0.374645   0.249473     105
0.42524   0.251229     106
0.425164   0.249201     106
0.475234   0.249131     107
0.475029   0.251149     107
0.525562   0.250908     108
0.524572   0.249225     108
0.575653   0.250729     109
0.574455   0.249245     109
0.624295   0.249725     110
-0.373994   0.250187     110
-0.324451   0.250846     111
-0.325243   0.249033     111
-0.274672   0.251001     112
-0.27504   0.249008     112
-0.224367   0.250696     113
-0.225466   0.249111     113
-0.175185   0.250998     114
-0.174596   0.24908     114
-0.124653   0.250992     115
-0.125165   0.249051     115
-0.0748217   0.249048     116
-0.0749927   0.251069     116
-0.0258196   0.250299     117
-0.02406   0.250311     117
0.0248606   0.249121     118
0.025145   0.251123     118
0.0746   0.249199     119
0.075419   0.250995     119
0.149326   0.299488     120
0.150798   0.300597     120
0.199671   0.301104     121
0.20042   0.299269     121
0.249785   0.299229     122
0.250254   0.301184     122
0.300653   0.299448     123
0.299412   0.300891     123
0.349213   0.300373     124
0.350954   0.300103     124
0.40101   0.299757     125
0.399379   0.300525     125
0.450837   0.300928     126
0.449533   0.29957     126
0.500335   0.301022     127
0.499991   0.299029     127
0.550211   0.301018     128
0.550094   0.298982     128
0.60102   0.299747     129
0.599289   0.300098     129
0.649433   0.299434     130
-0.349007   0.300375     130
-0.299856   0.301031     131
-0.299692   0.299006     131
-0.249237   0.299287     132
-0.250532   0.300673     132
-0.199039   0.30041     133
-0.200644   0.299588     133
-0.149574   0.300978     134
-0.150325   0.299145     134
-0.0995531   0.301026     135
-0.100426   0.29926     135
-0.0491595   0.300575     136
-0.0507508   0.299714     136
-0.000595922   0.300846     137
0.000752622   0.299543     137
0.0501988   0.299172     138
0.0498555   0.301163     138
0.100406   0.299177     139
0.0996903   0.301031     139
0.175425   0.351113     140
0.174746   0.349242     140
0.225101   0.349208     141
0.224974   0.351231     141
0.274109   0.350207     142
0.275871   0.35014     142
0.3257   0.350673     143
0.324274   0.349481     143
0.37474   0.349249     144
0.375312   0.351175     144
0.424212   0.349988     145
0.425959   0.350214     145
0.474316   0.35027     146
0.476058   0.350001     146
0.525377   0.349068     147
0.524875   0.351013     147
0.575676   0.349158     148
0.574582   0.350748     148
0.624594   0.35074     149
0.625564   0.349045     149
-0.324852   0.348922     150
0.674971   0.350944     150
-0.27541   0.350907     151
-0.274404   0.349243     151
-0.224638   0.348969     152
-0.225133   0.350919     152
-0.174801   0.349067     153
-0.175015   0.351083     153
-0.125147   0.349174     154
-0.124786   0.351159     154
-0.075778   0.34987     155
-0.0741405   0.350606     155
-0.0245293   0.351126     156
-0.0252477   0.349275     156
0.0242171   0.350441     157
0.025941   0.350008     157
0.0742453   0.350284     158
0.07596   0.349841     158
0.124819   0.349105     159
0.125536   0.350959     159
0.199358   0.399929     160
0.201004   0.400655     160
0.24935   0.400437     161
0.251049   0.399917     161
0.300608   0.400936     162
0.299705   0.399195     162
0.350934   0.400482     163
0.349294   0.399756     163
0.401019   0.399769     164
0.399355   0.400425     164
0.450868   0.400605     165
0.449523   0.399298     165
0.499563   0.39937     166
0.500699   0.400918     166
0.549601   0.400854     167
0.550706   0.399273     167
0.600155   0.398915     168
0.600125   0.400948     168
0.650572   0.40077     169
0.649642   0.399037     169
0.699429   0.399244     170
-0.299364   0.400722     170
-0.250733   0.400393     171
-0.249103   0.399618     171
-0.200519   0.399317     172
-0.199239   0.400713     172
-0.150495   0.399347     173
-0.1494   0.400936     173
-0.100185   0.401264     174
-0.0997722   0.399288     174
-0.0492211   0.399573     175
-0.0506811   0.400703     175
0.000606714   0.399507     176
-0.000419863   0.401153     176
0.0494484   0.400735     177
0.0508455   0.399503     177
0.100031   0.399097     178
0.100338   0.401098     178
0.150624   0.400948     179
0.14962   0.399284     179
0.224411   0.450736     180
0.225904   0.44965     180
0.274289   0.44968     181
0.275926   0.450419     181
0.32428   0.449929     182
0.326019   0.450219     182
0.374412   0.4502     183
0.37616   0.449989     183
0.425489   0.448996     184
0.425053   0.450963     184
0.475819   0.450791     185
0.474566   0.449369     185
0.524849   0.449224     186
0.525411   0.45115     186
0.575766   0.449358     187
0.574482   0.450743     187
0.624849   0.448895     188
0.625416   0.450823     188
0.675019   0.448977     189
0.675232   0.450993     189
-0.27414   0.449655     190
0.724238   0.450453     190
-0.22486   0.448955     191
-0.225066   0.450969     191
-0.174492   0.450944     192
-0.175461   0.449247     192
-0.125928   0.450064     193
-0.12419   0.450368     193
-0.0757268   0.450887     194
-0.0743747   0.449592     194
-0.0258419   0.449805     195
-0.0242484   0.45067     195
0.0255065   0.450988     196
0.0246334   0.449229     196
0.0759885   0.450497     197
0.0743153   0.449878     197
0.124843   0.451133     198
0.125549   0.449276     198
0.175454   0.449251     199
0.174729   0.451104     199
0.249295   0.499856     200
-0.248811   -0.499896     200
0.30102   0.49994     201
-0.200585   -0.499895     201
0.350879   0.499368     202
-0.150277   -0.49927     202
-0.100181   -0.499224     203
0.400851   0.49927     203
0.449978   0.499098     204
-0.049362   -0.498962     204
-1.10073e-05   -0.498942     205
0.50056   0.499205     205
0.0495173   -0.499311     206
0.550914   0.499719     206
0.59932   0.499721     207
0.101187   -0.499868     207
0.649559   0.499206     208
0.150782   -0.499188     208
0.699321   0.49941     209
0.200823   -0.499296     209
-0.249919   0.499068     210
0.249913   -0.498936     210
-0.200687   0.499227     211
-0.699469   -0.499156     211
-0.649203   -0.499208     212
-0.150758   0.499578     212
-0.100836   0.499662     213
-0.599213   -0.499229     213
-0.550724   -0.499766     214
-0.0491347   0.499928     214
-0.49918   -0.499044     215
-0.000418895   0.499366     215
-0.450325   -0.499045     216
0.0506264   0.499372     216
-0.400059   -0.498794     217
0.100368   0.49929     217
-0.3506   -0.499762     218
-0.34884   -0.499877     218
-0.299223   -0.498938     219
0.199719   0.499326     219
-0.225083   -0.448957     220
-0.224636   -0.450922     220
-0.175571   -0.449291     221
-0.174099   -0.450402     221
-0.125429   -0.449259     222
-0.124185   -0.450692     222
-0.0753681   -0.449261     223
-0.0740862   -0.450653     223
-0.0242446   -0.450664     224
-0.0252032   -0.448964     224
0.0245481   -0.449301     225
0.0260071   -0.450439     225
0.0747609   -0.449202     226
0.0759391   -0.450708     226
0.125568   -0.450971     227
0.124926   -0.44908     227
0.175673   -0.450731     228
0.174631   -0.449095     228
0.225612   -0.449059     229
0.224485   -0.450622     229
0.274391   -0.450518     230
-0.724258   -0.449218     230
-0.675657   -0.450442     231
-0.674185   -0.44933     231
-0.624087   -0.450174     232
-0.625712   -0.449402     232
-0.574283   -0.450636     233
-0.575428   -0.449096     233
-0.524194   -0.450719     234
-0.525365   -0.449207     234
-0.475162   -0.448821     235
-0.474445   -0.450673     235
-0.423975   -0.449321     236
-0.425547   -0.450242     236
-0.37534   -0.449114     237
-0.374147   -0.450606     237
-0.323884   -0.449966     238
-0.325636   -0.449821     238
-0.274243   -0.450713     239
-0.275125   -0.448956     239
-0.198842   -0.399616     240
-0.200519   -0.400233     240
-0.14987   -0.400863     241
-0.14974   -0.39884     241
-0.100672   -0.399456     242
-0.0991444   -0.400458     242
-0.0498855   -0.400923     243
-0.0499455   -0.398893     243
0.00104146   -0.399787     244
-0.000717815   -0.399821     244
0.0507325   -0.39904     245
0.0499234   -0.400842     245
0.100072   -0.398926     246
0.100255   -0.400943     246
0.149318   -0.400416     247
0.150851   -0.399426     247
0.199233   -0.399867     248
0.200991   -0.399886     248
0.249184   -0.399493     249
0.250852   -0.400138     249
0.29915   -0.399656     250
-0.699139   -0.400137     250
-0.650911   -0.39981     251
-0.649152   -0.39979     251
-0.600589   -0.399196     252
-0.599325   -0.400608     252
-0.549479   -0.400836     253
-0.550262   -0.399021     253
-0.500816   -0.39998     254
-0.499063   -0.39985     254
-0.450539   -0.399304     255
-0.449058   -0.400402     255
-0.400682   -0.399748     256
-0.398927   -0.399856     256
-0.349321   -0.400719     257
-0.350315   -0.399046     257
-0.300631   -0.399414     258
-0.299069   -0.400347     258
-0.248957   -0.400102     259
-0.250644   -0.399526     259
-0.175469   -0.349259     260
-0.174119   -0.350559     260
-0.124904   -0.350764     261
-0.124921   -0.348736     261
-0.0748313   -0.350858     262
-0.0751235   -0.348858     262
-0.025832   -0.349765     263
-0.0240993   -0.350107     263
0.0243533   -0.349427     264
0.0259147   -0.350357     264
0.0756939   -0.350669     265
0.074679   -0.349001     265
0.124822   -0.348975     266
0.12538   -0.350903     266
0.176023   -0.349865     267
0.174266   -0.349872     267
0.22493   -0.350877     268
0.225203   -0.348872     268
0.27467   -0.34893     269
0.275362   -0.350796     269
0.324167   -0.350496     270
-0.674321   -0.349463     270
-0.624054   -0.349921     271
-0.625809   -0.349812     271
-0.575706   -0.349348     272
-0.574264   -0.350527     272
-0.525782   -0.349453     273
-0.524206   -0.350349     273
-0.475739   -0.349764     274
-0.474001   -0.350072     274
-0.425041   -0.350832     275
-0.424742   -0.348832     275
-0.374141   -0.350546     276
-0.375454   -0.349199     276
-0.324207   -0.349083     277
-0.325251   -0.350715     277
-0.275468   -0.350451     278
-0.274037   -0.349262     278
-0.224779   -0.350994     279
-0.224856   -0.348962     279
-0.149076   -0.299446     280
-0.150665   -0.300313     280
-0.099039   -0.299326     281
-0.100579   -0.300304     281
-0.0492896   -0.299089     282
-0.0502725   -0.300773     282
-0.00021871   -0.300879     283
0.00065031   -0.299117     283
0.0500407   -0.300805     284
0.0500738   -0.298777     284
0.100725   -0.30046     285
0.0993841   -0.299134     285
0.150251   -0.298876     286
0.149831   -0.300848     286
0.199732   -0.298842     287
0.20024   -0.300799     287
0.249424   -0.300464     288
0.250646   -0.299006     288
0.300136   -0.300814     289
0.299849   -0.298813     289
0.349464   -0.298945     290
-0.649674   -0.300716     290
-0.599244   -0.30026     291
-0.600868   -0.299473     291
-0.549467   -0.299215     292
-0.550657   -0.300708     292
-0.499156   -0.300252     293
-0.500902   -0.300028     293
-0.449124   -0.300265     294
-0.450824   -0.299752     294
-0.400686   -0.299492     295
-0.399057   -0.300254     295
-0.350538   -0.299386     296
-0.349139   -0.30062     296
-0.299902   -0.298871     297
-0.299722   -0.300893     297
-0.250652   -0.299579     298
-0.24894   -0.300052     298
-0.199371   -0.299018     299
-0.200187   -0.300816     299
-0.125281   -0.250692     300
-0.124103   -0.249184     300
-0.0744327   -0.250857     301
-0.0750664   -0.248964     301
-0.0244326   -0.250781     302
-0.0253126   -0.249026     302
0.0255633   -0.25067     303
0.0246513   -0.248937     303
0.0759008   -0.2502     304
0.0742535   -0.249492     304
0.124511   -0.24901     305
0.12564   -0.250569     305
0.174442   -0.250475     306
0.175626   -0.248967     306
0.225176   -0.248758     307
0.224909   -0.250765     307
0.274372   -0.249082     308
0.275782   -0.250292     308
0.32493   -0.248712     309
0.325158   -0.250725     309
-0.624301   -0.249348     310
0.374129   -0.250266     310
-0.575833   -0.249977     311
-0.574076   -0.249787     311
-0.524184   -0.250604     312
-0.525624   -0.24944     312
-0.474686   -0.249118     313
-0.475195   -0.251063     313
-0.424407   -0.249189     314
-0.425479   -0.250803     314
-0.374666   -0.250942     315
-0.375264   -0.249031     315
-0.324175   -0.249582     316
-0.325801   -0.250352     316
-0.275511   -0.249102     317
-0.274229   -0.250489     317
-0.225574   -0.249482     318
-0.224059   -0.250514     318
-0.175607   -0.250002     319
-0.173859   -0.249771     319
-0.099126   -0.200352     320
-0.100777   -0.199659     320
-0.0490166   -0.19958     321
-0.0506859   -0.200213     321
0.000709748   -0.19906     322
-0.000330585   -0.200703     322
0.0506099   -0.200652     323
0.0496332   -0.198965     323
0.100988   -0.199941     324
0.0992316   -0.199888     324
0.149823   -0.200817     325
0.150386   -0.198895     325
0.199419   -0.200258     326
0.200974   -0.19931     326
0.249821   -0.200556     327
0.250435   -0.19865     327
0.300508   -0.198885     328
0.299514   -0.20056     328
0.350978   -0.200165     329
0.349359   -0.199378     329
0.40015   -0.198796     330
-0.599902   -0.200823     330
-0.549899   -0.2009     331
-0.549879   -0.198872     331
-0.499055   -0.200216     332
-0.50079   -0.199901     332
-0.450619   -0.200637     333
-0.449191   -0.19945     333
-0.400021   -0.200996     334
-0.399914   -0.198967     334
-0.349109   -0.200035     335
-0.35087   -0.200019     335
-0.299436   -0.199036     336
-0.300376   -0.200754     336
-0.250701   -0.199741     337
-0.24898   -0.200148     337
-0.199666   -0.201021     338
-0.200088   -0.199051     338
-0.149118   -0.200416     339
-0.150595   -0.199314     339
-0.0754407   -0.150817     340
-0.074483   -0.149115     340
-0.0258383   -0.149892     341
-0.0240872   -0.150057     341
0.0259339   -0.149897     342
0.0241811   -0.14976     342
0.0759683   -0.150031     343
0.0742148   -0.149895     343
0.124269   -0.1501     344
0.125983   -0.149654     344
0.175927   -0.150403     345
0.174458   -0.149275     345
0.225944   -0.14921     346
0.224412   -0.150211     346
0.275327   -0.148638     347
0.275055   -0.150642     347
0.325106   -0.150724     348
0.32518   -0.148694     348
0.375657   -0.150658     349
0.374618   -0.149004     349
0.424294   -0.149704     350
-0.573968   -0.150012     350
-0.525128   -0.148961     351
-0.524513   -0.150863     351
-0.473941   -0.149929     352
-0.475697   -0.150037     352
-0.424574   -0.149014     353
-0.425133   -0.150943     353
-0.375019   -0.150982     354
-0.374852   -0.148957     354
-0.324859   -0.151046     355
-0.325111   -0.149036     355
-0.275821   -0.149752     356
-0.27411   -0.150217     356
-0.224604   -0.150947     357
-0.225231   -0.149053     357
-0.174929   -0.148947     358
-0.174962   -0.150975     358
-0.1254   -0.148928     359
-0.124525   -0.150695     359
-0.0496671   -0.0990148     360
-0.0502731   -0.100918     360
0.000707859   -0.099308     361
-0.000644086   -0.100609     361
0.0502479   -0.100947     362
0.0498884   -0.0989562     362
0.100896   -0.0997347     363
0.0991847   -0.100202     363
0.149406   -0.100498     364
0.150838   -0.099317     364
0.200996   -0.0995346     365
0.199305   -0.100081     365
0.250705   -0.0989595     366
0.249527   -0.100472     366
0.300219   -0.100616     367
0.299949   -0.0986084     367
0.351058   -0.0997504     368
0.349306   -0.0995553     368
0.40027   -0.0989028     369
0.400012   -0.100911     369
0.449788   -0.0988433     370
-0.549709   -0.10079     370
-0.500694   -0.0996917     371
-0.498983   -0.100169     371
-0.450048   -0.0989094     372
-0.449719   -0.10091     372
-0.400286   -0.0989767     373
-0.399701   -0.10089     373
-0.349963   -0.0989019     374
-0.350084   -0.100925     374
-0.299943   -0.10101     375
-0.300251   -0.099012     375
-0.250791   -0.100508     376
-0.249282   -0.0994676     376
-0.200687   -0.0992811     377
-0.199283   -0.100506     377
-0.150756   -0.100392     378
-0.149283   -0.0992816     378
-0.100822   -0.0995442     379
-0.0991486   -0.100169     379
-0.024925   -0.0489691     380
-0.0246698   -0.05098     380
0.0248692   -0.0508466     381
0.0253396   -0.0488915     381
0.075679   -0.050782     382
0.0744612   -0.0493183     382
0.125667   -0.0508435     383
0.124518   -0.0493086     383
0.174335   -0.0503577     384
0.175906   -0.0494466     384
0.224366   -0.0503812     385
0.225786   -0.0491821     385
0.275629   -0.0488549     386
0.274532   -0.0504413     386
0.324373   -0.0491756     387
0.325891   -0.050207     387
0.374653   -0.0490332     388
0.375703   -0.0506638     388
0.424978   -0.0508878     389
0.425105   -0.0488644     389
0.474253   -0.0494698     390
-0.524143   -0.0503045     390
-0.474671   -0.048912     391
-0.47515   -0.0508676     391
-0.425535   -0.049154     392
-0.424417   -0.0507238     392
-0.375644   -0.0492196     393
-0.374381   -0.0506304     393
-0.324293   -0.050603     394
-0.325614   -0.0492671     394
-0.275596   -0.0494078     395
-0.274273   -0.050744     395
-0.224297   -0.049326     396
-0.225709   -0.0505397     396
-0.175783   -0.0499423     397
-0.174031   -0.0497947     397
-0.125707   -0.0500896     398
-0.123986   -0.0496678     398
-0.0739914   -0.0502782     399
-0.0757022   -0.0498178     399
