0	1	0
1   0.060209354004344242   0.00023452107294182423   
2   -0.017456954176628714   0.00025694315393144706   
3   -0.0089226931030124495   0.00021993167451308379   
4   -0.0020353002168237634   0.00027800894829000806   
5   0.00045401247484602868   0.00026033886932206552   
6   0.0012250006939883311   0.00019508524364570234   
7   0.00146195164093999   0.00021937421409500231   
8   0.0014493247306075543   0.0002867642032600941   
9   0.0014789819371381661   0.00021837677273238945   
10   0.0015871701828387635   0.0002049893018603004   
