0.22051341764707871   29.356858153166285  0.015101600516201364
0.44102683529415743   7.5286322591550298  0.0071753492245158977
0.6615402529412362   0.40301385604810047  0.0015481809970975763
0.88205367058831485   6.5278239787290742e-06  7.4750063014113873e-08
1.1025670882353935   0.068551832074891411  0.00077711898444333114
1.3230805058824724   0.13201270988240073  0.0014709688585109308
1.543593923529551   0.026652164279445479  0.00033679017153368223
1.7641073411766297   1.7223900566124126e-05  2.0344390048502981e-07
1.9846207588237084   0.018817747268114682  0.0001880624724344585
2.205134176470787   0.043324439568411532  0.00052979588650473393
2.4256475941178657   0.016747292875340213  0.00017887003408078159
2.6461610117649448   4.5256287267005273e-05  9.3938507245974265e-07
2.8666744294120234   0.13528416600918557  0.0016327656257128181
3.0871878470591021   0.14984522080493519  0.00086515089366792709
3.3077012647061808   0.015420571258366592  0.00011716984514739024
3.5282146823532594   9.5722437972882995e-05  9.4974197246590552e-07
3.7487281000003381   0.0099192333288303696  0.00012554699150339543
3.9692415176474167   0.01956857833272959  0.00027650914797568763
4.1897549352944958   0.0098604761765616847  0.00012827309907148309
4.410268352941574   0.0018060762134614557  4.4357789913432818e-05
4.6307817705886531   0.0084566951207170475  0.00011014018021438953
4.8512951882357314   0.01967462117240742  0.00026900938102531781
5.0718086058828105   0.011712922833187362  0.00014316903130793597
5.2923220235298896   0.00021428276918437827  1.9699804809029878e-06
5.5128354411769678   0.013469583678025668  9.9238729108506621e-05
5.7333488588240469   0.17396612635509261  0.0010563357986520782
5.9538622764711251   0.21665509832645669  0.0022756691732272434
6.1743756941182042   0.00024387692179481394  4.9162524414350665e-06
6.3948891117652824   0.013399997421999023  0.0001376649353405526
6.6154025294123615   0.042533587309966484  0.00049079385593213381
6.8359159470594397   0.023090674975123833  0.00025137574028325274
7.0564293647065188   0.00028146811802857316  3.4345268505347117e-06
7.2769427823535979   0.01992907390758015  0.00027174723809516745
7.4974562000006761   0.1228244878759646  0.0013369870424204606
7.7179696176477552   0.08478280474094869  0.00098138949509684849
7.9384830352948335   0.00056494279776964498  5.883058747094737e-06
8.1589964529419117   0.2614456061857451  0.0014835727087055424
8.3795098705889917   6.4352872887431998  0.0076523796024461159
8.6000232882360699   30.123901895832102  0.026877925478758154
8.8205367058831481   394.3657723453434  0.0064370843468990605
9.0410501235302281   27.578486058194317  0.011934368992721573
9.2615635411773063   8.5343421163735238  0.0086815231364770903
9.4820769588243845   0.58650389893133695  0.0015278767052503472
9.7025903764714627   0.00076251088122353129  9.5470676628018801e-06
9.9231037941185427   0.052420604280360266  0.00056225325363482948
10.143617211765621   0.13714492384349865  0.001539021949590677
10.364130629412699   0.034968830663539041  0.00041478788645981314
10.584644047059779   0.00060145051073783307  6.7781089414299741e-06
10.805157464706857   0.014964465761184559  0.0001325245779579087
11.025670882353936   0.043167939204588198  0.00052840710647268851
11.246184300001014   0.02040545419359735  0.00022880376654930782
11.466697717648094   0.00085059973858612703  1.7826605595435265e-05
11.687211135295172   0.075339736393677888  0.0010214813418495373
11.90772455294225   0.12295812278663097  0.00072852603389749675
12.128237970589328   0.017418861304747716  0.00013637009130994794
12.348751388236408   0.0011658485283579556  1.2155507211668984e-05
12.569264805883487   0.0088017950500237575  0.0001202039687431219
12.789778223530565   0.020227882815227854  0.00029771229582981065
13.010291641177645   0.012746959671123664  0.00021104550500126392
13.230805058824723   0.01597486540829997  0.00038948610131519758
13.451318476471801   0.0086614230153963179  0.00015654656942481777
13.671831894118879   0.020590726157933469  0.00027533224494369051
13.892345311765959   0.014049230361120412  0.0001718155864247346
14.112858729413038   0.0015012841671292817  1.2423793796431502e-05
14.333372147060116   0.01161564649527139  9.6030467391041096e-05
14.553885564707196   0.19144752913336743  0.0012318428123276257
14.774398982354274   0.31529841029837989  0.0028718561864681833
14.994912400001352   0.0014115958402101031  2.7002050168749072e-05
15.21542581764843   0.010628387140771439  0.00012278205945232601
15.43593923529551   0.040837264408958526  0.00041534025154738165
15.656452652942589   0.027399318004554371  0.00030383014962159371
15.876966070589667   0.0014385929997313548  1.7836536294470079e-05
16.097479488236747   0.015019969459065943  0.00022870018054851203
16.317992905883823   0.11069254653766924  0.0011557300623327133
16.538506323530903   0.099556715349686707  0.0011507821208424858
16.759019741177983   0.0027238268238863803  2.6379581766075646e-05
16.97953315882506   0.15973862684837593  0.001349693399160807
17.20004657647214   5.3202424849483812  0.0087965289222801021
17.42055999411922   29.858657591535366  0.039119137335004985
17.641073411766296   377.87100414465025  0.02484263375313597
17.861586829413376   24.897373897648125  0.020788089688965658
18.082100247060456   9.3882681819653429  0.012223978928844296
18.302613664707533   0.81072088730813568  0.001509032730020871
18.523127082354613   0.0028133192956082031  3.6986068027727205e-05
18.743640500001689   0.037906856447203525  0.0003614126670264908
18.964153917648769   0.1375400085927227  0.0015320249308742416
19.184667335295849   0.044475672213673756  0.00049793397346737717
19.405180752942925   0.0019480426043262223  2.0705200046293207e-05
19.625694170590005   0.01186859486212678  0.00011228736615511157
19.846207588237085   0.042138471734562757  0.00048928664169231832
20.066721005884162   0.024140234363322874  0.00027392712120490306
20.287234423531242   0.0026388112611434773  5.4911621380216871e-05
20.507747841178322   0.036845658723721655  0.00051254230521516735
20.728261258825398   0.09683331450925345  0.00067821906753749429
20.948774676472478   0.019550737723072294  0.00014796231660783983
21.169288094119558   0.0033678199579044155  3.6001200672022623e-05
21.389801511766635   0.0085595850467665265  0.00013521634017975203
21.610314929413715   0.021607219044673059  0.00033304495025728339
21.830828347060791   0.017056856560075187  0.00035033620568746769
22.051341764707871   0.042863094704617787  0.001029646619499065
22.271855182354951   0.010710620748635558  0.00026171712832550993
22.492368600002028   0.022351625308757276  0.00029863357789789886
22.712882017649108   0.016884244180245817  0.00021266072508597966
22.933395435296188   0.0038737041105754251  2.7981685859120165e-05
23.153908852943264   0.010103926630252965  0.00011493212691836519
23.374422270590344   0.19880203086602685  0.0013338548726640316
23.594935688237424   0.42288730311120278  0.0033442057263555176
23.8154491058845   0.003468505419046355  6.1255457368254935e-05
24.03596252353158   0.0086939724950310625  0.00013622015484142107
24.256475941178657   0.038400580745100053  0.00031559501193604099
24.476989358825737   0.031372194625320469  0.00033398136013125528
24.697502776472817   0.0034682809123001681  4.2912093902092609e-05
24.918016194119893   0.011966316677441195  0.00021290536062545079
25.138529611766973   0.09698789402730256  0.00095430768120755144
25.359043029414053   0.11151555544206335  0.0012645108191183704
25.57955644706113   0.0068462718360504873  6.346369549368862e-05
25.80006986470821   0.093301561800675434  0.0011856136364591349
26.02058328235529   4.2450353358716701  0.0096883095001066953
26.241096700002366   28.624736410614275  0.049672830982983098
26.461610117649446   351.69696931235118  0.052653731515621222
26.682123535296526   21.503399363072771  0.03069919833780506
26.902636952943602   10.034311944428225  0.016882668805289197
27.123150370590682   1.0707904138019316  0.0017683082204392011
27.343663788237759   0.0065533899841735865  8.518530871722532e-05
27.564177205884839   0.026263668399142232  0.00020030002449172006
27.784690623531919   0.13305985248556179  0.0014509507085436258
28.005204041178995   0.054606801912252604  0.00057999209425226612
28.225717458826075   0.003957819639326785  3.9348453243595926e-05
28.446230876473155   0.0097731329799730498  0.00013197654794324772
28.666744294120232   0.040403924263840786  0.0004214476789602655
28.887257711767312   0.027769102479972273  0.00030658781100244914
29.107771129414392   0.005329843015992816  0.00010853623372942069
29.328284547061468   0.016544201618117998  0.00018207553771485442
29.548797964708548   0.074118780924213987  0.0006681090882417822
29.769311382355625   0.021955430220293042  0.00014916671849788911
29.989824800002705   0.006568511799892324  7.0367733749308174e-05
30.210338217649785   0.0094063420344760406  0.00016929289043871639
30.430851635296861   0.023672857509833333  0.00038127684715792999
30.651365052943941   0.022748321543451745  0.00053234075555749895
30.871878470591021   0.079770695525231414  0.0018730103026817708
31.092391888238097   0.014978940217025566  0.0004124222305301555
31.312905305885177   0.024980633007730783  0.00034483031338019131
31.533418723532257   0.020256316017256189  0.00026046554392856955
31.753932141179334   0.0072109053541686744  4.4144133665921892e-05
31.974445558826414   0.0093888313573340154  0.00014945997748878867
32.194958976473494   0.19372689764296974  0.0013328252679203429
32.41547239412057   0.52778711054802027  0.0036286937430308786
32.635985811767647   0.0063053252203673245  9.9558441158751402e-05
32.85649922941473   0.0078157773022355901  0.00015897424093808008
33.077012647061807   0.035499190351589704  0.00021942567485357851
33.297526064708883   0.034707283184340137  0.00033565262013856687
33.518039482355967   0.0062749565140779646  7.599493365559409e-05
33.738552900003043   0.010655084391547049  0.000218742249831563
33.95906631765012   0.083138552853676506  0.0007674000198464323
34.179579735297203   0.1197042453964351  0.0013089262051293576
34.400093152944279   0.01318775039857422  0.00011935555820610133
34.620606570591356   0.055911387941763508  0.0010171978959058445
34.841119988238439   3.2614643733559266  0.010035599143064475
35.061633405885516   26.558701838105871  0.057674679904189707
35.282146823532592   317.67632131838875  0.086083363065509034
35.502660241179676   17.652292580263444  0.03810747249059
35.723173658826752   10.429978734298633  0.021858429121891602
35.943687076473829   1.3581254137853554  0.0025682314656806415
36.164200494120912   0.012854919012113662  0.00015638974171474883
36.384713911767989   0.01830932669048309  0.00012172969350922898
36.605227329415065   0.12413975820149797  0.0013063142751763628
36.825740747062142   0.064679619403695525  0.00065532701389278488
37.046254164709225   0.0065441793818262418  6.0506304319312367e-05
37.266767582356302   0.0087969772806440544  0.00016052570734512268
37.487281000003378   0.038193669505815529  0.00034135723312270169
37.707794417650462   0.031166108796911115  0.00032347959018410445
37.928307835297538   0.0087903937837482961  0.00017291718403008079
38.148821252944614   0.0092867770519324952  0.00016730969259080016
38.369334670591698   0.056314119600455236  0.00063398996273112606
38.589848088238774   0.024743488717894361  0.00014494874650317991
38.810361505885851   0.01057426295969472  0.00011121748074086057
39.030874923532934   0.01150726250243741  0.00020721813214604116
39.251388341180011   0.026411018860828138  0.00043839472910455455
39.471901758827087   0.029750994864729219  0.00073985946188315239
39.692415176474171   0.12310970015269346  0.0028011494796324261
39.912928594121247   0.021983458460662868  0.00058705211776726693
40.133442011768324   0.028497709092702646  0.00041845126181558814
40.353955429415407   0.024250529514178612  0.00030594122547851199
40.574468847062484   0.011383035399627852  5.8018013090129115e-05
40.79498226470956   0.010089966978291332  0.00019098525422388719
41.015495682356644   0.17580963121581967  0.0012289784020698418
41.23600910000372   0.61673292079547065  0.0036859939355572141
41.456522517650797   0.0097991411838624703  0.00013333947651896505
41.67703593529788   0.0081350013973573146  0.00017686716560790426
41.897549352944957   0.032487127259319265  0.00018928733069738079
42.118062770592033   0.037216126040475419  0.00030868517090859313
42.338576188239117   0.0096931297923329935  0.0001125772264947388
42.559089605886193   0.010857165427707182  0.00023362734967954681
42.779603023533269   0.070433973939391807  0.00063451117456676958
43.000116441180346   0.12370231780465891  0.0012805148137544062
43.220629858827429   0.021757528505912773  0.00019418753470599658
43.441143276474506   0.040648724197931983  0.0008478131423602327
43.661656694121582   2.4077141217755841  0.0098221315727743566
43.882170111768666   23.851714233975185  0.062781045998762246
44.102683529415742   278.10710302387206  0.1207496308164748
