0.25441477107328347   0.0011237954331503637  1.856788361600649e-06     
0.50882954214656695   0.0011232262130916404  2.0898813404708309e-06     
0.76324431321985042   0.0011227500627917907  3.333250861374987e-06     
1.0176590842931339   0.0011247836671552771  5.0224898973761759e-06     
1.2720738553664175   0.0011361021647434124  7.5640217338970762e-06     
1.5264886264397008   0.0011630947571999572  1.0557313302686491e-05     
1.7809033975129842   0.0012173053728549694  1.4243140633611246e-05     
2.0353181685862678   0.0013144097809050966  1.8510375979331176e-05     
2.2897329396595514   0.0014799967196179676  2.3483807385697649e-05     
2.544147710732835   0.0017539055209213266  2.9006091995950598e-05     
2.7985624818061181   0.0021998758831968153  3.5165529408563763e-05     
3.0529772528794017   0.0029292996907205761  4.1863781307392368e-05     
3.3073920239526853   0.0041421561627493245  4.9532211069775788e-05     
3.5618067950259684   0.006226507368479599  5.8148697031993787e-05     
3.816221566099252   0.010022569713378253  6.9104482657509988e-05     
4.0706363371725356   0.017578043633036805  8.1726753739958417e-05     
4.3250511082458187   0.035029209417978646  0.00010794717487995013     
4.5794658793191028   0.087479463150897636  0.00016694687269674479     
4.8338806503923859   0.37781870799647737  0.00061309300256505706     
5.0882954214656699   398.44449234637929  0.0024175282541362558     
5.3427101925389531   0.52918186435959541  0.0008874510895466688     
5.5971249636122362   0.14032273350108935  0.0002543359984133063     
5.8515397346855202   0.067407012479431504  0.00019253132137204641     
6.1059545057588034   0.041139397310448519  0.00017610689845586141     
6.3603692768320865   0.028754687122991845  0.00018462980271278306     
6.6147840479053706   0.022043202611283145  0.00019427626790152043     
6.8691988189786537   0.018218758947937602  0.00020839578755976744     
7.1236135900519368   0.016135286296567333  0.00022371492719192154     
7.3780283611252209   0.015329387342037116  0.00024123554154964552     
7.632443132198504   0.015669367780290407  0.00025890722105821057     
7.886857903271788   0.017256995100371387  0.00027766120463633799     
8.1412726743450712   0.020479283276100517  0.00029676031877243158     
8.3956874454183552   0.026135478290372434  0.00031913440816950749     
8.6501022164916375   0.035835595071250723  0.00034399407604371939     
8.9045169875649215   0.053078913673677119  0.00037856197343666235     
9.1589317586382055   0.086254759543922181  0.00041690367626601677     
9.4133465297114878   0.1600015017449009  0.00051128075633726252     
9.6677613007847718   0.37213488514636905  0.00072830244197240546     
9.9221760718580558   1.4739953839098707  0.0023421688001590025     
10.17659084293134   393.80816720208545  0.0095711308960646308     
10.431005614004622   2.1421040442451973  0.00363428276977836     
10.685420385077906   0.52418400749875773  0.00092414197645054571     
10.93983515615119   0.23882889849057934  0.00065512215693176661     
11.194249927224472   0.1394067023456888  0.00057089779193561181     
11.448664698297756   0.093597026158489251  0.00057877370978364434     
11.70307946937104   0.069109135263261792  0.00059078415120830508     
11.957494240444323   0.055116659217657038  0.00061578221457470817     
12.211909011517607   0.047162501465462099  0.00064323633387024207     
12.466323782590891   0.043335977722990571  0.00067576262982837732     
12.720738553664173   0.042888479910057289  0.00070738019383994376     
12.975153324737457   0.045792142087707727  0.00074095522408635427     
13.229568095810741   0.052769974036647724  0.00077468065782046731     
13.483982866884023   0.065513738706340456  0.00081619069921182431     
13.738397637957307   0.087537239642504122  0.00086292124138551761     
13.992812409030591   0.12651936545275164  0.00093238678362045195     
14.247227180103874   0.20074830400540225  0.0010073133114956315     
14.501641951177158   0.36335946697397654  0.0012031254943124456     
14.756056722250442   0.82140067717441251  0.0016492522066554814     
15.010471493323726   3.1051943876105566  0.0048185245195431722     
15.264886264397008   386.18079719017167  0.021168283255995985     
15.519301035470292   5.0086337833321891  0.0085677258388047465     
15.773715806543576   1.1622042796756313  0.0019886369084761819     
16.02813057761686   0.51570408787189812  0.0013554673976110345     
16.282545348690142   0.29506127242564504  0.0011531399744184755     
16.536960119763425   0.19467141929767361  0.0011575412805850037     
16.79137489083671   0.14139929156669825  0.0011711308377563071     
17.045789661909993   0.11097136915938569  0.0012098454930202731     
17.300204432983275   0.093432838632315172  0.0012524135267376877     
17.554619204056561   0.08445535353440075  0.0013038354588668825     
17.809033975129843   0.082214671764143522  0.0013523573728004752     
18.063448746203125   0.086363409540960417  0.0014041130855576938     
18.317863517276411   0.097979991885271474  0.0014559563119930579     
18.572278288349693   0.11986558628658374  0.0015223363320068923     
18.826693059422976   0.15796877821802085  0.0015977467330631271     
19.081107830496261   0.22533485477092816  0.0017142047811436294     
19.335522601569544   0.35287542019857293  0.0018359725810267618     
19.589937372642826   0.62962256262774785  0.0021591509818061494     
19.844352143716112   1.3970428883657704  0.0028805897492756162     
20.098766914789394   5.0933147126854731  0.0077004238959495271     
20.35318168586268   375.70929430940377  0.036735963855525058     
20.607596456935962   9.2799107488383335  0.015949575579678463     
20.862011228009244   2.0531585650816477  0.0033996778668046317     
21.11642599908253   0.8934640843809576  0.0022437681889858958     
21.370840770155812   0.50451754006702139  0.0018762942820561782     
21.625255541229095   0.32926114929616164  0.0018794265770611397     
21.87967031230238   0.23675581587434682  0.0018976330360964462     
22.134085083375663   0.1839535015968039  0.0019552034919149056     
22.388499854448945   0.15327920433929511  0.0020175399550968076     
22.642914625522231   0.13705101463973283  0.0020929060664138579     
22.897329396595513   0.13191953521298829  0.002162181996015916     
23.151744167668795   0.13701594760576758  0.0022363295002620738     
23.406158938742081   0.15375433621990095  0.0023107121125402698     
23.660573709815363   0.18618006835368464  0.0024085352905378132     
23.914988480888645   0.24304081256791221  0.0025200204834205939     
24.169403251961931   0.34356861391948185  0.0026955299695529189     
24.423818023035214   0.53312798175339587  0.0028730210935827216     
24.678232794108496   0.94135520351250735  0.0033424073137134445     
24.932647565181782   2.0582451926347579  0.0043645316323394134     
25.187062336255064   7.2715698513677988  0.010691719727266673     
25.441477107328346   362.59374002890339  0.055641678618945465     
25.695891878401632   15.083423753739963  0.025954831493396041     
25.950306649474914   3.1844051839153915  0.0050837153966687911     
26.204721420548196   1.3626259744997677  0.0032579469419723851     
26.459136191621482   0.7615291830486927  0.0026860273217808381     
26.713550962694764   0.49299284229162453  0.002696237774908139     
26.967965733768047   0.35188975105338434  0.0027260229456932297     
27.222380504841333   0.27140631824226712  0.0028096225501625206     
27.476795275914615   0.22439349704945275  0.0028976983725727424     
27.731210046987897   0.19896168156428907  0.0030028378506030506     
27.985624818061183   0.18981928130190064  0.0030972523124255073     
28.240039589134465   0.19537359307683684  0.0031984910013862038     
28.494454360207747   0.21731961908176582  0.0033003464822583772     
28.748869131281033   0.26099839289766498  0.0034364820062429467     
29.003283902354315   0.33814726199453223  0.0035913732334603517     
29.257698673427601   0.47462519317669637  0.0038371164575536774     
29.512113444500883   0.73116669146190206  0.0040772226519483216     
29.766528215574166   1.280058623994585  0.0047052490040985577     
30.020942986647452   2.7635563238306273  0.006037882247126876     
30.275357757720734   9.4887173391118811  0.013554194622271849     
30.529772528794016   347.08201110692307  0.077121426678254384     
30.784187299867302   22.517372506667385  0.038651255935092348     
31.038602070940584   4.5316696477941965  0.0069440213339235198     
31.293016842013866   1.9089974369073416  0.0043263768603944685     
31.547431613087152   1.0573801994797874  0.0035232135989368337     
31.801846384160434   0.67998744935267701  0.0035558356564738957     
32.05626115523372   0.48250238560672523  0.0036079327212839667     
32.310675926306999   0.36994870960273059  0.0037263306034511356     
32.565090697380285   0.30392023103249723  0.0038469528737722374     
32.819505468453571   0.26759295347136277  0.0039880154306237667     
33.073920239526849   0.25337136912017671  0.0041120701533794104     
33.328335010600135   0.25874806942508345  0.0042451682881512101     
33.582749781673421   0.28561550068964935  0.0043794703930147857     
33.8371645527467   0.340581576245705  0.0045604965221524525     
34.091579323819985   0.4383918933374075  0.0047653967405431515     
34.345994094893271   0.61159697974570423  0.005090880045206079     
34.60040886596655   0.93633153037322971  0.0053980268152779961     
34.854823637039836   1.6270653398687597  0.0061916000281648449     
35.109238408113121   3.4727373765925596  0.0078345103852154251     
35.3636531791864   11.612459119678301  0.016114878556059264     
35.618067950259686   329.46317652175642  0.10031323353398794     
35.872482721332972   31.645651842356155  0.053983102111988972     
36.12689749240625   6.0593481002991408  0.008865805976197622     
36.381312263479536   2.5141185532056813  0.0053714432827124246     
36.635727034552822   1.3812035706787834  0.0043273410290132928     
36.890141805626101   0.88308933973120897  0.0044051083508444002     
37.144556576699387   0.62345866011262823  0.0044935798506243047     
37.398971347772672   0.47561494795454197  0.004656541502551825     
37.653386118845951   0.38857721847659308  0.0048167762590807207     
37.907800889919237   0.34002948063001083  0.0049997179783810572     
38.162215660992523   0.31978704814848867  0.005157581603613178     
38.416630432065801   0.32426073610364555  0.0053269300022097678     
38.671045203139087   0.35543608365651556  0.0054982005424841744     
38.925459974212373   0.42108583306793764  0.0057298120223440183     
39.179874745285652   0.53882018600919667  0.0059899577130292106     
39.434289516358938   0.747592125105661  0.0064022901301192551     
39.688704287432223   1.1381440937278259  0.0067780909254303515     
39.943119058505502   1.9643943961252019  0.0077394847112726085     
40.197533829578788   4.1484337616109243  0.0096871688550587808     
40.451948600652074   13.531945779436037  0.018267925021397285     
40.706363371725359   310.05987954747043  0.12429461369251398     
40.960778142798638   42.493657548862058  0.071760278188017697     
41.215192913871924   7.7213504228985766  0.010724762201099686     
41.46960768494521   3.1559303951971085  0.0063138779757070611     
41.724022456018488   1.7204168518321778  0.0050401979653795381     
41.978437227091774   1.0941649207254611  0.0051930336295824693     
42.23285199816506   0.76900578319513393  0.0053345081005327826     
42.487266769238339   0.58402551084877448  0.0055520515652810812     
42.741681540311625   0.47479825330319212  0.0057585788918501421     
42.99609631138491   0.41316282842340372  0.0059886257708739883     
43.250511082458189   0.38615484767345258  0.0061836820253099276     
43.504925853531475   0.38897137948887891  0.0063928522863649625     
43.759340624604761   0.42357473280399205  0.006604682848718512     
44.013755395678039   0.49873747917539725  0.006891131966193329     
44.268170166751325   0.63464556342806687  0.0072098226069417284     
44.522584937824611   0.87604839022870608  0.007713107916931947     
44.77699970889789   1.3267784740253638  0.0081561422995111664     
45.031414479971176   2.2755295941636849  0.0092837506753577876     
45.285829251044461   4.7576090220673252  0.011528820944829199     
45.54024402211774   15.159354287621185  0.019970798052464808     
45.794658793191026   289.21994971110603  0.14812214824798417     
46.049073564264312   55.045090316210721  0.091654020172376004     
46.30348833533759   9.4624800303165406  0.012399676200327118     
46.557903106410876   3.8096487593732754  0.0070777736917631177     
46.812317877484162   2.0612577560071776  0.0056097205499447707     
47.066732648557441   1.3044584158052738  0.0058736756172067764     
47.321147419630726   0.91302774778357303  0.006086235825379478     
47.575562190704012   0.69058160125117217  0.0063677663504260146     
47.829976961777291   0.55889158599000334  0.0066262008666044223     
48.084391732850577   0.48382942668517155  0.0069073235808282351     
48.338806503923863   0.44956955443603417  0.0071417495851149889     
48.593221274997141   0.45000829849092588  0.0073930883006132461     
48.847636046070427   0.48696579839265834  0.0076477099536463538     
49.102050817143713   0.56999941620075283  0.0079913192594831986     
49.356465588216992   0.72145971310097842  0.0083694532682497432     
49.610880359290277   0.99101874998302879  0.0089643283434611997     
49.865295130363563   1.4934799432770895  0.0094700438284201214     
50.119709901436842   2.5460885071890317  0.010758906744956615     
50.374124672510128   5.272692237444452  0.013293719103196784     
50.628539443583414   16.430544847814468  0.021234750706181732     
50.882954214656692   267.3075110639842  0.17087128061346707     
