0.000210061083837812   0.000191703456919181   56.3901688907172   0.05000976842225
0.0501719913802186   0.000158057815463785   89.8819496672034   0.0500120098342291
0.0999961918874429   -2.77999352885183e-05   78.8318105751653   0.0500334278617253
0.150023996313966   -1.69159214205462e-05   56.6109584344782   0.0501297290310746
0.200075953069864   0.000180334190988155   29.7928349316428   0.0500095015396722
0.250094474150461   0.000247650404508114   64.7997980140872   0.0500488672068356
0.300099775730999   0.000228307393385684   145.010717732383   0.0500163602745237
0.350119030936883   0.00010477391647643   154.09024297058   0.0501724986061452
0.400106875877401   0.000174176028126223   134.174705100019   0.0501842719643713
0.450096839410101   0.000137708650057381   140.072133773411   0.0501147899054332
0.499978149852308   0.000166693569475741   148.719520928543   0.0500127905118103
-0.450021898379678   9.45773027242698e-05   93.6834486804238   0.0500948331724911
-0.400085461902057   4.22416889698375e-05   115.681116334376   0.050067305520281
-0.350004119463886   3.36060260175984e-05   7.72596832924203   0.0501689680558588
-0.299923102781748   1.46713239563077e-06   33.9829090141499   0.0500016301387063
-0.249912354583705   3.73996911730887e-06   14.5083765083072   0.0502639085672706
-0.199892962231282   -1.0948588015547e-05   145.133713341473   0.050101490800639
-0.149867892361271   0.000142404980757094   99.0332018828529   0.0500010691161024
-0.099839625121275   3.5172411834248e-05   152.318591814574   0.0503808388558897
-0.0498713997693235   -8.84207407150771e-05   163.517549626602   0.0501141433893427
0.0252407517668386   0.0502418792202862   146.001036959652   0.050012812193522
0.075210067134311   0.0501522639119453   67.4287583365555   0.0500678157194127
0.125129084715283   0.0500286696537642   71.7826132613773   0.050213414293087
0.175167828093821   0.050118066348176   34.3954251842212   0.0500948165875376
0.225113500607642   0.0501905341319756   73.5358742956556   0.0500425361258026
0.275053568010662   0.050293903163768   110.919631856363   0.050008189057463
0.324991523569336   0.0502172769831214   83.7078986563063   0.0500492808312912
0.374876603658662   0.0502212961199471   112.832423918004   0.0501061622872114
0.424844763817397   0.0501922606884049   78.6210967519337   0.0500325127094828
0.474862240920941   0.0501379821291724   155.617120054574   0.0502239384466729
0.524969423921212   0.0500908236670836   1.27284681848365   0.0500020146350745
-0.424963964379767   0.0501853037884064   58.4308295061682   0.050051217361519
-0.374993981853698   0.0500777188562668   101.755505050228   0.0501374429414628
-0.324913774100126   0.0499488449220964   169.428666320342   0.0503980637337876
-0.274925468906565   0.0499451724551284   118.674077419187   0.0500377024606044
-0.224854564275555   0.0500466289241187   29.2698950971318   0.0500868697197381
-0.174888943729291   0.0500965547583941   110.846554028853   0.0500096900371546
-0.124892946476314   0.0500183194403311   121.331215727247   0.0502578162809524
-0.0748628573720664   0.0499833307492948   18.0421000143359   0.050147518639353
-0.0248198115936585   0.0500264224124887   37.5764368313546   0.0501384016828202
0.0502874866431789   0.100173641150607   93.9604129049672   0.0502605669789356
0.100267374135675   0.100090524847494   144.936550535074   0.0501337503844982
0.150186027493309   0.10003041009079   117.376937108345   0.0500419039212681
0.200217355949407   0.100121477481086   93.039072229241   0.0501142707092702
0.250080531021169   0.100258535524737   96.4277030534884   0.0500148861280522
0.300015966705433   0.100279818829759   108.954421533586   0.0500192348466425
0.350029878440448   0.100217141026515   99.6993957346567   0.0500680559490876
0.399934696419887   0.100178821659289   25.197153420293   0.0500827402519717
0.449971702532877   0.100178643389364   18.9481038329615   0.0500069478371941
0.499978400773138   0.100055645251828   115.059755145371   0.0500101692770206
0.550008093879654   0.100053502674873   32.0223051927771   0.0500691582908065
-0.399919611527898   0.100145474538188   167.059972666662   0.050004406555388
-0.349866543732111   0.0999957994896825   1.3687032827701   0.0500038539666167
-0.299885547115296   0.0999999261538573   35.4448375730572   0.05008053577034
-0.249858493790387   0.0998571758680249   58.3411061441907   0.0501413773625326
-0.199872549391747   0.100103727121241   72.6638469893751   0.0500123546944247
-0.149870321199688   0.0999961174677851   123.645443882629   0.0500153154042613
-0.0998409121931559   0.0999747208835789   57.6341180025159   0.050061309382277
-0.049820754211926   0.099963494375267   163.34494780811   0.0500012681343445
0.000241847097665385   0.100021025357834   22.9296711327166   0.0501087392583132
0.075213448677974   0.150130016509482   140.09244148253   0.0501090159717955
0.125184999362753   0.15006517751519   167.831084529653   0.0500951391289711
0.175188364516644   0.150080749846733   86.7458026238002   0.0501293227661456
0.225100578265395   0.150263730856886   123.113746324151   0.0501480658293077
0.275080823262021   0.150372814632428   58.5405644144296   0.0500177994357792
0.32508000385776   0.150149586305767   97.3826232670324   0.050032397422935
0.375096218703998   0.150199574608607   29.1564190061759   0.0500648110947418
0.425049725481093   0.150204221947508   85.1052738355064   0.0500626998675621
0.474997633428324   0.150111559353326   26.6506845660548   0.0500254632398134
0.524959545061511   0.149993659531366   129.348643927317   0.0500548339509852
0.574964442163877   0.150077855673461   9.76083909683769   0.0500258105420426
-0.374943904233159   0.150034821284633   179.382598954909   0.0500441779404193
-0.324917831894924   0.149968089764068   150.725834139446   0.0501285019529739
-0.274961668118012   0.149950766786658   121.442486579074   0.0500492654434502
-0.224920267013073   0.14991716329822   73.8368208596081   0.0500890999141168
-0.174872271984738   0.150107923277689   154.175572352403   0.0501606769029844
-0.124796376079853   0.149976058851644   69.8717853513107   0.0500373238577656
-0.0747917866475299   0.150007181432643   126.2034082972   0.0500140506683214
-0.0248404262245337   0.150004219952478   91.2664137664743   0.050028660624965
0.0251099317977999   0.150122634583991   99.7215343720943   0.0500278562634576
0.100046715198804   0.200156549994663   144.333028183573   0.050099367741534
0.150160837708168   0.200024274293515   145.959705761725   0.050125209149649
0.20014236338676   0.200303779192561   9.41974169599819   0.0500704325222112
0.250203613680409   0.200213345135938   173.337901296735   0.0500021181500175
0.300198900196608   0.200265944509793   69.4502762745896   0.0500149488453835
0.350134440030525   0.200177740784459   66.0487614633604   0.0502911149967908
0.400077681568367   0.200285454002587   82.2849850648559   0.0500665845046092
0.450083596980817   0.200113873237941   158.922875743134   0.0500252235837369
0.500102671133073   0.200086726316155   160.049997441548   0.0500353673323855
0.549994448800855   0.199996837627497   121.921817780019   0.0500050480525502
0.599941519027433   0.200005498128127   32.9198244330139   0.0501173721515521
-0.35007045643111   0.199977265685013   28.4205839764216   0.0501592912083655
-0.299929778083076   0.200009421957265   39.7219232806168   0.0500431287397147
-0.249941750787079   0.199861832673407   171.434326217527   0.0500007299776555
-0.199938826753016   0.200040139669044   35.5536243394533   0.0500276720422762
-0.149842354127422   0.199992269397785   149.343184896208   0.0500148506723852
-0.0998152389840913   0.200039168875693   110.284954758435   0.0500103619356053
-0.0497917464831813   0.200062238698006   60.089219135209   0.0501715526726952
4.60947949908055e-05   0.200129688038256   105.876776292582   0.0500652951808813
0.0500554221461989   0.200070168592289   141.246036201015   0.0500602462470371
0.125062386814011   0.250015639260905   75.0134716946959   0.050113307478226
0.175072768845456   0.250128829363729   61.6221055312357   0.0500746201826715
0.225113510111042   0.250219550595726   173.614858558174   0.0500183685776371
0.275103250664737   0.250233533531377   136.953261461067   0.0500057261611945
0.325134485395092   0.250255669454062   32.5699360996332   0.0500938855053097
0.375235985852266   0.250237136811615   48.2766769672314   0.0505152963862464
0.42520223325678   0.250214623196572   87.5242694120466   0.0500529243131314
0.475131814036628   0.250140042909058   96.6988514362734   0.0500992206080063
0.525067116187133   0.250066733670419   55.805156864032   0.0501780852000561
0.575053738833346   0.249987165825155   47.0071345445945   0.0500238946313377
-0.37484969423709   0.249956316515297   13.1639441171844   0.0500056149009559
-0.324846967659888   0.249939786572263   63.2465744822904   0.0500550068715383
-0.274856105192414   0.250004148132225   77.9762685035035   0.0502490603761406
-0.224916608483628   0.249903209398475   51.3016751653934   0.050071941172559
-0.174890585957499   0.250038883878775   109.506594321368   0.0501576924672947
-0.124908567209212   0.25002152170472   73.0581255600147   0.0500203440402728
-0.0749072092006557   0.250058471152972   95.5822064553032   0.0500590392345466
-0.0249397760712268   0.250305049145235   0.33637267022133   0.0500895879755541
0.0250027969846112   0.250122268639459   80.6898810534374   0.0500262887943617
0.0750095151765973   0.250096999136841   62.2392931593568   0.0500493273727055
0.15006208175718   0.300042650440375   33.1425509197225   0.0500332760518895
0.200045379673486   0.30018623055325   115.248713759822   0.0500226500090343
0.250019647717879   0.30020666364833   74.5066654427217   0.050016448199581
0.300032294863714   0.300169833946452   134.801825140877   0.0501516231892628
0.350083621042027   0.300238098956126   172.356934006546   0.0500137265102821
0.400194223255936   0.300141331874567   157.818710067456   0.0501484029382585
0.450185005614566   0.300249313078847   42.0402963909839   0.0500176298841673
0.500162746196081   0.300025264123119   78.7175121733362   0.0501015062669984
0.550152384807907   0.300000036264057   86.1881120190114   0.0503385921012256
0.600154554679899   0.299922426734438   170.053068158494   0.0500453989591007
-0.349786833755366   0.299904727489814   27.5841310924916   0.0500994495609545
-0.299773920480347   0.300018822134225   95.3613483220088   0.0501483904529284
-0.249884537309722   0.299980059673482   137.187439997438   0.0502611845041096
-0.199841554920827   0.299998986851748   23.9390064005071   0.0500120989362036
-0.149949601439639   0.300061463345646   64.6868448504746   0.050004634534722
-0.0999896919908504   0.300143392680477   60.2880322212904   0.0501446129324504
-0.0499551609837137   0.300144242629218   25.1136976114873   0.0500290496701102
7.83497918693347e-05   0.300194650629487   140.067316325327   0.0500625102519892
0.0500271475017834   0.300167223568419   101.253805152938   0.0500643025347054
0.100048085592563   0.300104089283075   114.025160234136   0.0500349496234578
0.175085706844939   0.350177369152529   67.2628996642364   0.0500292136450752
0.225037671112901   0.350219646380116   94.1241842101777   0.0500159270724444
0.274990178855085   0.350173386015204   178.123475920319   0.0501874150834079
0.324986815151612   0.350077117097045   35.9101354104312   0.0501024747982548
0.375025902256278   0.350212200887337   71.101247896186   0.0502069908740739
0.425085532662764   0.350100774432166   6.38682673808878   0.0500452355590713
0.475187274710825   0.350135536793692   172.373063289088   0.0500396180507723
0.525125924702058   0.350040448798322   106.60303453365   0.0500668792279824
0.575128704017798   0.349953005089912   128.440517786049   0.0500834471028107
0.625078958196935   0.349892601780681   123.444087752587   0.0501020592223042
-0.324940481113936   0.349932960637562   95.7801285764687   0.0501208307673398
-0.274906718388732   0.350074685797499   124.920901643069   0.0500353704513968
-0.224885702451297   0.349944159973978   106.332986940418   0.0500938940311113
-0.174908091520261   0.350075234052803   96.9738232477159   0.0500697439699814
-0.124966472929603   0.350166470827602   78.127447656217   0.050021751128024
-0.0749592130634526   0.350238051676748   21.2559078153281   0.0500161398778372
-0.0248884874069517   0.35020031587202   65.8611871783421   0.0500035002289076
0.0250790590054684   0.350224046328614   167.727022414895   0.0502194735098349
0.0751026538005433   0.350062411025659   167.404709128767   0.0500146263802233
0.125177281313972   0.350032011050744   65.9467372114455   0.0500658658851533
0.200180802700998   0.400291839616597   20.9235624669369   0.0501675323581585
0.25019972726117   0.400176920367977   165.143711990608   0.050032200751589
0.30015656812338   0.400065407782523   59.1068498017977   0.050019161717321
0.350114111491332   0.400119268534866   20.9750847397936   0.0500035447796692
0.400187103243771   0.400096972121267   161.133694671601   0.0500754344437745
0.45019539420656   0.399951690263462   40.0823744701079   0.050061550871095
0.500131276453171   0.400144016630781   49.7156781375273   0.0500078748394518
0.550153539595454   0.400063344555703   128.884021513271   0.050082944806589
0.600140035226032   0.399931490248935   90.9504690508794   0.0501467270030806
0.650106919505455   0.399903395222076   58.2074909333175   0.050259550446959
-0.299967442579756   0.399983312359061   46.7003723246073   0.0500824531895233
-0.249918245761458   0.400005163392983   157.604928163915   0.0501739436005707
-0.199878919381499   0.400015042511359   43.3488286505679   0.0501151287651943
-0.149947531081362   0.400141611827093   51.4935061874448   0.0500756396169467
-0.099978449697596   0.400275632358728   103.548957612159   0.0501185236333676
-0.0499510879042988   0.400137909053403   146.153916408585   0.0500391184062729
9.34256401440022e-05   0.40032957885741   125.75386435897   0.0500128264730362
0.0501469298419856   0.400118872595528   142.636480389182   0.0500365101365993
0.100184325968637   0.400097173301108   79.9603168057218   0.0501116324168723
0.150121683228438   0.400116042151297   55.147371141096   0.0500120929799096
0.225157484854135   0.450192974951502   147.763754447579   0.050243241070672
0.275107635273095   0.450049731485421   21.3687324753824   0.050020295524934
0.325149385880576   0.450074210189595   8.23653412513338   0.0500064711030621
0.375285895640808   0.450094760747357   174.023606294321   0.050026838187806
0.425270927537268   0.44997958780677   104.360869900867   0.0500497869007531
0.475192471046366   0.450080034607164   44.4868707403132   0.0500186220068513
0.525130332445957   0.450186857116626   71.3896939443357   0.0501122319312951
0.57512395260438   0.450050536273133   136.950854682479   0.0500056778952251
0.625132585332189   0.449858811962499   71.2413608462669   0.0502159568928567
0.675125570846473   0.449985191192694   83.055499737312   0.0500805829683384
-0.274950595802631   0.450054232602452   156.919598729671   0.0501858860242319
-0.224962852020468   0.449962011098783   96.7142149541616   0.0500280879155294
-0.174976007769925   0.450095049123414   56.6077054073695   0.0501180279830624
-0.125058934050908   0.45021645463766   8.6155021124521   0.050039204769957
-0.0750507637683671   0.450239549278483   140.315352385905   0.0500115040917846
-0.0250451317932424   0.450237873869292   25.1893588206876   0.0501296330312918
0.0250699901836437   0.450108703003744   60.1951561899538   0.0500020987270341
0.0751518667613877   0.450187584325055   17.7547385847384   0.0500108163469409
0.125195826463442   0.450204604280744   113.718790383312   0.05000326376665
0.175091184946293   0.450177163569129   114.313035120397   0.050132565277924
0.250168544394496   0.499980099955085   7.02724410242845   0.0501081170669821
-0.199709037122735   -0.499977510515038   175.333431617828   0.0500430330518356
-0.149625095723956   -0.499950891531179   137.857617301848   0.0500282738799533
-0.099591251970602   -0.499976958728456   132.09359461402   0.0500486549844292
-0.0496184496579119   -0.499931801061776   73.0328437856447   0.0500223790653257
0.000348227114400621   -0.499868669292983   114.11902298619   0.0500498979045873
0.0502893615894954   -0.499795990278146   151.449983243965   0.0500414910519721
0.600179934413046   0.499926598973417   11.7097584504733   0.0500114813167612
0.150244129302243   -0.499991112816706   52.265885032959   0.0500597825811739
0.200145470685307   -0.499942703878742   39.6060367879808   0.0500439474219147
0.250070626547827   -0.499934187942377   100.366924160692   0.0500242425651518
-0.70000460296062   -0.499964590093558   52.6244654202288   0.0501860108275216
-0.649906811838719   -0.499814953582016   36.7741147005812   0.0500246176492605
-0.599950466945978   -0.499783612846037   33.0476936068129   0.0501114697015113
-0.549855699735934   -0.4999189967338   171.341155671183   0.0500069297275075
-0.499725959636602   -0.499839105728273   51.6046610553891   0.0500118089457276
-0.449775460590006   -0.499836321244826   128.686328813958   0.0500201932320189
-0.399771613214519   -0.499751635082115   109.090077398036   0.050001358718065
-0.34971993918931   -0.499819406076069   176.749929868982   0.0501637841263467
-0.299678058828597   -0.499806169231479   58.8047043021201   0.0500457273506749
-0.224859763901434   -0.449939596605623   104.720043297045   0.0500792948621733
-0.174834862309412   -0.449846795465997   146.813517052346   0.0500550896501275
-0.12480698636319   -0.44997532889898   135.034802571547   0.0500176603005844
-0.0747271366745491   -0.449957248324018   136.74528537202   0.050102486974617
-0.0247238954342708   -0.44981421741153   123.06517455038   0.0500155401935318
0.0252775907679226   -0.449870170610505   145.955397260017   0.0501222615753272
0.0753499765107308   -0.449954988796654   132.094835879443   0.0500310448754382
0.125246977550123   -0.450025454271142   111.408007099295   0.0500718521216875
0.175151622901564   -0.44991297873445   126.343573527561   0.0500609978282097
0.225048471755534   -0.449840749539098   50.2300920563189   0.0501292846435095
0.275066353782191   -0.44986796310103   39.8247976977826   0.0500671933589185
-0.674921411547654   -0.449885945329077   33.2129698448615   0.0500889768555397
-0.624899550436886   -0.449787680190304   157.634279865809   0.0500258285177919
-0.574855427325793   -0.449865937759374   130.623708106385   0.0500276908625529
-0.524779531719244   -0.449963257985903   131.814255260574   0.0500233831654231
-0.474803470416288   -0.449746624131337   114.093682685351   0.0500228688196186
-0.424760638690294   -0.449781608160668   26.8940404463128   0.0501696785025174
-0.374743363337285   -0.449859683582714   132.713400334498   0.0500815327277735
-0.324760031361583   -0.449893800813065   175.910012521905   0.050015204381834
-0.274683735528956   -0.449834885791169   120.096267595578   0.0500802459795666
-0.199680242873776   -0.399924313771834   17.6728920526142   0.0500959885265559
-0.149804655022443   -0.399851521411822   85.7662272771738   0.0500089677435001
-0.0999082212351542   -0.399956866466889   150.406530828424   0.0500107012693034
-0.049915493026048   -0.399907871391287   91.9557714604074   0.0500810643152436
0.000161823158856352   -0.399804296138002   0.964526335644715   0.0500869976921253
0.0503279774033761   -0.39994128075732   62.6016564188504   0.0500503651510103
0.100163500040063   -0.399934269932485   95.9841545317143   0.0500147766046758
0.150084085864024   -0.399920769225242   29.228904211498   0.0500097063609778
0.200112050894191   -0.399876818110246   179.455821299906   0.0500360437233947
0.25001800246494   -0.399815328641601   161.48203142383   0.050061767417053
0.300005380414067   -0.399896624395361   166.328742514566   0.0501427244573535
-0.650031224226932   -0.399800032646757   0.583790749504551   0.0500752302556691
-0.599956953933856   -0.39990199535972   135.916604649666   0.0500806730418383
-0.549870404835728   -0.399928444876009   116.491623932953   0.0500037213553147
-0.49993937139604   -0.399914868568739   3.68072052953949   0.0500127270133765
-0.449798483987394   -0.399852820981431   147.292175951929   0.050079437124642
-0.399804237998272   -0.399802032429316   176.925911645335   0.050021003600484
-0.349818059304181   -0.399882608666252   124.421866631112   0.0500188053789974
-0.299849745112117   -0.399880119843046   152.633494637278   0.0500519810447671
-0.249800561965125   -0.399813573721992   163.517966823666   0.0500692795552367
-0.174794322011911   -0.349909060377285   140.170714070451   0.0500288024548419
-0.124912255800166   -0.349750247124545   90.5694609526203   0.0500037565931801
-0.0749773811510268   -0.349858173570262   99.5752543493066   0.0500054338318541
-0.0249656178120521   -0.349935993326877   170.279259979618   0.0500415476738286
0.0251339694885247   -0.349892400296393   152.708215773587   0.0500139105044415
0.0751864310584556   -0.349835367910563   125.084631516349   0.0502609668487095
0.125100771645363   -0.349939052957717   108.465804296955   0.0501328340100585
0.175144558236646   -0.349868689315295   0.194265769710596   0.050021614071608
0.22506656894802   -0.349874434086228   81.0829998110346   0.0500500400136151
0.275015866152866   -0.34986286019885   113.168751433779   0.0500620481289221
0.324922924083077   -0.349979770030839   30.618960085114   0.0500227452034257
-0.624931625491355   -0.349866537868093   176.896590799285   0.0500410594839052
-0.574985115894865   -0.349937304453261   144.711812740064   0.0503053929615412
-0.524993726150869   -0.349900893951581   153.787875919141   0.0500139590451663
-0.474869946030418   -0.349917703486493   171.275833784505   0.0500485592151553
-0.424891640782386   -0.349831844363921   80.227189339101   0.0500577219679295
-0.374797908567349   -0.349872509610166   138.380566759778   0.0500011272062939
-0.324728912133856   -0.349898876803775   53.5425363000315   0.0500277433503523
-0.274752801725106   -0.349856698757133   35.7453985829879   0.0501837059252523
-0.224817357050373   -0.349978221774312   92.5078917698846   0.0501630792134396
-0.149870259383425   -0.299879481823261   25.3161639335841   0.0500348281521796
-0.0998087534890864   -0.299815173580917   28.8318292704639   0.050024671009026
-0.0497810212349806   -0.299931005044752   56.0214452197605   0.0500622155316041
0.00021579989213588   -0.299997726603546   60.3508372238857   0.0500066428943999
0.0500572747569895   -0.299791092940661   88.9193756210404   0.0500135174131439
0.100054672910265   -0.299796854255797   139.426170462834   0.0502602391737756
0.15004089513366   -0.299862013671506   76.1968567985571   0.0500551140289292
0.19998568620827   -0.299820510996678   106.675224394914   0.0503791769836097
0.25003473491725   -0.299735079054712   45.94773844229   0.0500163512054509
0.299992133281486   -0.299813624985967   99.406491323184   0.0500211854406566
0.349894916201996   -0.299830203085626   119.330395051049   0.0500846936234432
-0.600055995623796   -0.299866319898614   157.22502314197   0.0501487806556851
-0.550062240484637   -0.29996162694111   47.3928869001248   0.0500406241606392
-0.500029380783836   -0.300139743878375   173.655029127862   0.0500092652462679
-0.449974095554594   -0.30000847950416   165.35772628245   0.0500079074366474
-0.399871509157107   -0.299873177827561   157.921559036348   0.0500144661803057
-0.349838503916431   -0.300002836256013   142.63677786731   0.0501298321035931
-0.299812295507586   -0.29988186095496   95.866437099806   0.0501294686837459
-0.249795806167011   -0.299815720122772   166.545518178319   0.0501156333247504
-0.199778856515919   -0.2999169283574   62.3658747280806   0.0500384455404804
-0.124692006383135   -0.249937790512006   47.9586296961099   0.0500712270511075
-0.0747495578348714   -0.249910219515941   111.129553584204   0.0500451185133391
-0.0248725951759696   -0.249903342545711   120.05623640727   0.0500173057052662
0.0251073322772385   -0.249803798542182   121.279390863929   0.0500018718008699
0.0750771846118081   -0.249846217695206   159.583688104246   0.0500359176832661
0.125075524482681   -0.249789777915111   129.880172212741   0.0500939478235826
0.175034050303192   -0.249720818570071   47.8369983239917   0.0501761261534212
0.225042305309328   -0.249761595037437   81.2559652159537   0.0500853296673886
0.275076676742677   -0.249686816892349   143.367560445949   0.0500141206024098
0.325043958752661   -0.249718592103996   97.4233700412983   0.0500688608226171
0.374914278659924   -0.249807006676892   26.8680973599399   0.0501070945342721
-0.574954367408576   -0.24988198105844   5.37746854775668   0.0502244199173252
-0.524903879352861   -0.250021983572109   145.010820688609   0.050031359384031
-0.474940477776646   -0.250090749265098   73.1759177361553   0.0501123448821713
-0.424942845282705   -0.249995524699182   52.5313785796021   0.050144828077824
-0.374965061557509   -0.24998654931804   109.832409148856   0.0501155376140026
-0.324988282799655   -0.249966862923075   22.2984117226741   0.0500175054846987
-0.274869768409287   -0.249795469265431   136.873087532775   0.050010979216044
-0.2248166701408   -0.249998130161745   149.470629126178   0.0500734256430365
-0.174733082971422   -0.249886263835242   6.51900455532102   0.0501047839320867
-0.0999514897147424   -0.200005491274155   160.033737424681   0.0500038028599532
-0.0498512395898915   -0.199896713466921   18.1706555313333   0.0500108141514516
0.000189581506932312   -0.199881559669596   53.8301125246617   0.0501783083607686
0.0501215436894348   -0.199808775378144   123.75787237944   0.0500365004462813
0.100109874873486   -0.199914627492175   178.488340682709   0.050019160585291
0.150104331510092   -0.199856078131905   71.3345248469295   0.0500184915428252
0.200196609595223   -0.199783959739201   27.8441476224651   0.0500469212865206
0.250128423375983   -0.199602834122699   69.6017445638678   0.0501350964184114
0.300011022527498   -0.199722076330815   55.596041900006   0.050060205889314
0.350168847834043   -0.199771228855128   157.164977798447   0.0500082812531032
0.400124315151565   -0.199809673914734   88.3118292063571   0.0500006480294308
-0.54988924324082   -0.199886108423365   89.3428566899049   0.0500005014855911
-0.499922367073891   -0.200058359254212   171.051086013985   0.0500064777481109
-0.449904809952971   -0.200043257118431   35.7658424624982   0.0500783955806827
-0.399967410462326   -0.199981749380523   86.5204132576596   0.0501243098734078
-0.349989514048223   -0.2000271951647   179.545195503214   0.0501317451898506
-0.299905599284829   -0.199895076857286   57.7366162484606   0.0501203083310552
-0.249840795348055   -0.19994429649015   168.425178999833   0.050001511952071
-0.199876850744915   -0.200035777327485   103.892278221421   0.0500407839325676
-0.149856353511964   -0.199864833404914   147.121761354961   0.0500574375924042
-0.0749618255213958   -0.149966286427983   56.9893866000357   0.0500399033257679
-0.0249627061955964   -0.149974501519828   175.356260400047   0.0500113516872085
0.0250574996011391   -0.149828454019072   176.140918694874   0.0500105589289742
0.0750915398801052   -0.14996296597026   176.168089677023   0.050025125864954
0.125126264710687   -0.149876687911435   12.7090804862462   0.0500250292895542
0.175192795125489   -0.149838687490061   146.376133771078   0.0502147588128681
0.225177742219416   -0.14971008725919   29.5129816881361   0.050097342588559
0.27519133329077   -0.149640255077528   81.0946497308973   0.0500099113801862
0.325143083539734   -0.149708838674171   87.6026213458278   0.0501069678438777
0.375137944584512   -0.14983113003679   125.95211334705   0.0503794423061301
-0.574837340733771   -0.149857765647093   171.261380192245   0.0500512156436697
-0.524820461508192   -0.149912105932178   110.460819504631   0.0500494573280379
-0.474818762215205   -0.149983340215943   3.04167664246857   0.0500551560717675
-0.424853868418303   -0.149978466528061   71.4981457206102   0.0501478159450398
-0.37493576380097   -0.149969518140976   84.5622746481582   0.050137310746829
-0.324984850149826   -0.150041045732511   98.2114772399201   0.05008643652434
-0.274965285485696   -0.14998461017374   166.735008949361   0.0500263727082156
-0.224917207652079   -0.150000128553026   110.906280898603   0.0500118463082075
-0.174945162226573   -0.149961030714745   88.9181144402135   0.0500051949951188
-0.124962157511601   -0.149811709764639   119.75449928755   0.0501743811835583
-0.0499701097100205   -0.0999665388391658   69.8216448642422   0.0500058393817354
3.18862671385279e-05   -0.0999586638113769   39.8218352592521   0.0501077224329394
0.050068168167228   -0.0999517791927361   101.77421188385   0.050155952222515
0.100040352694134   -0.0999681065891353   13.2961488638219   0.0500548956155744
0.150121706232498   -0.099907680766477   35.5495180295386   0.0501076824321892
0.200150516848857   -0.0998078134514057   15.6326967361025   0.0500014762910971
0.25011620154739   -0.0997155190413874   48.04599275782   0.0501358122804864
0.300084292404898   -0.0996123080005052   98.8158935314771   0.0500996942741469
0.350181886458039   -0.099652855164039   174.491305043239   0.0501033651878751
0.400141168646201   -0.0999069470656184   81.5528192885221   0.0500639617189332
0.450039769505353   -0.0998167804972845   106.594853200652   0.0500949535758934
-0.499838668762068   -0.0999303866148275   166.408334461241   0.0501008353535506
-0.449883194584662   -0.0999098481597713   100.759070520178   0.0502230595577725
-0.39999322975914   -0.0999331252801957   109.43401973115   0.0500193242124954
-0.350023706054506   -0.0999133266329849   86.0379059770999   0.0500014200174276
-0.300096813865742   -0.100010878017195   100.094305506663   0.0500358662174267
-0.250036656619236   -0.0999876068184804   30.8258960806669   0.0500440152254577
-0.199985223855718   -0.0998935514632814   142.929420527209   0.050103986376574
-0.150019462678645   -0.0998368750151133   33.1466232765118   0.0500793097599017
-0.0999852910992319   -0.0998568095648717   162.066842471905   0.0500672207206032
-0.0247973745361264   -0.0499745171389447   98.3338262201895   0.0501156699484225
0.0251044108663071   -0.0498690853456452   74.4784789710087   0.050033978236336
0.0750701335834937   -0.0500501204994986   133.844153849182   0.0500437857850429
0.125092620827081   -0.0500760476340708   130.848696905687   0.0500322555271226
0.175120616552308   -0.04990215897836   26.6638882172514   0.0500653641318732
0.22507614251929   -0.0497816567044385   36.1899467204225   0.0500722325654969
0.275080248420388   -0.0496481394732653   51.3969390835885   0.0500560052638193
0.325132034630381   -0.0496912683403054   149.512228923931   0.0501272084919893
0.375178375857741   -0.0498485414960632   126.620423637527   0.0500972120051235
0.425041585917234   -0.0498761223518732   85.8435377422211   0.0500262010609983
0.475054803173523   -0.0498871821260846   155.731264075345   0.0500771035562921
-0.474910249092988   -0.0498898084410248   74.210618212815   0.0501146293291139
-0.424976019456792   -0.0499388674707519   129.42400531857   0.050111165155311
-0.375012250812787   -0.0499250152744151   135.938520963016   0.0500248396962591
-0.324953507969386   -0.0499350317751804   138.790961603763   0.0500002523216642
-0.274934328475948   -0.0500759237349876   138.814734603412   0.0500346050257693
-0.22500292442532   -0.0499328415292364   36.6727123404521   0.0501129306924518
-0.174907187589962   -0.0498685025214143   4.1736186093558   0.0500199513159269
-0.124846599221123   -0.0498786847668067   11.9901210138364   0.0500654630278348
-0.0748467829522142   -0.0500480267223693   166.879249650966   0.0500071502837191
