0.44102683529415743   7.7261011109231356  0.0014370478373964542
0.88205367058831485   2.329208812583583  0.00015756834356536429
1.3230805058824724   0.16254906507460865  0.0001012473539133336
1.7641073411766297   3.1640504184467897e-06  2.5116931387309526e-08
2.205134176470787   0.07710056595471412  6.6522374454504843e-05
2.6461610117649448   0.88415352962258726  0.00047863378274998397
3.0871878470591021   0.44576630698595584  0.00027578499238427049
3.5282146823532594   2.6430565733628564e-05  3.8858008815089289e-07
3.9692415176474167   0.0011706726448912111  3.5070778672114694e-06
4.410268352941574   0.0007886851595439502  2.6551827866295041e-05
4.8512951882357314   0.0014684740951692845  5.6298157717007468e-06
5.2923220235298896   5.9740858103455373e-05  8.7466387101203706e-07
5.7333488588240469   0.38367849501681957  0.00045985948185971923
6.1743756941182042   0.88128516717622976  0.0011240410066019465
6.6154025294123615   0.088786937875196986  0.00022244075447604882
7.0564293647065188   5.0797747675319934e-05  2.7956864096756305e-07
7.4974562000006761   0.13326769288689365  0.00049063413651402932
7.9384830352948335   2.1879842240925847  0.0013189562550562402
8.3795098705889917   7.9028090198428846  0.027556169370027042
8.8205367058831481   99.633567817166826  0.0040954912251830389
9.2615635411773063   7.4872587210047174  0.029643269383679546
9.7025903764714627   2.4594529023498245  0.0018773646403397833
10.143617211765621   0.19519485498183373  0.00089521376224905097
10.584644047059779   0.00011585467468610265  1.2987302147357691e-06
11.025670882353936   0.065757253837860707  0.0002930708367344788
11.466697717648094   0.8759521024452624  0.0020334572849129265
11.90772455294225   0.50408222135190115  0.0011560260679024207
12.348751388236408   0.00032544368091512784  4.5630969739983118e-06
12.789778223530565   0.0012247856188534426  9.5051973414164822e-06
13.230805058824723   0.007067711463234511  0.00023697504039384171
13.671831894118879   0.0020819626998664773  2.1730315483617431e-05
14.112858729413038   0.00043106072813056162  6.0088655119572242e-06
14.553885564707196   0.32006456671091899  0.0010193864310833683
14.994912400001352   0.86742696697546746  0.0027119790743013158
15.43593923529551   0.10055584789643635  0.0005689143483075369
15.876966070589667   0.00026296680413054451  1.6371491819650221e-06
16.317992905883823   0.10746773449772151  0.00089946738322736327
16.759019741177983   2.0382004019377103  0.0026147857103992613
17.20004657647214   8.0141559342985621  0.05660048174179801
17.641073411766296   98.541424419892911  0.016211293515985304
18.082100247060456   7.1909060449928043  0.056346997539439655
18.523127082354613   2.5764782872321446  0.0038993342801825052
18.964153917648769   0.23100905244591748  0.0019056455131890135
19.405180752942925   0.00040413524499943593  5.9526419179014711e-06
19.846207588237085   0.055003752129732882  0.00045572801474040031
20.287234423531242   0.85693740238712302  0.0034789122611620903
20.728261258825398   0.55656033111435328  0.0021390760477574311
21.169288094119558   0.0009699276581612465  1.2342664662772235e-05
21.610314929413715   0.0016913732573939398  1.5853858097633537e-05
22.051341764707871   0.019464507689899341  0.00064730804239554739
22.492368600002028   0.0030046240700983067  4.8228804198720101e-05
22.933395435296188   0.0011663132016970388  1.5095638363167396e-05
23.374422270590344   0.25725975926060937  0.0013844231809520281
23.8154491058845   0.84299272344610543  0.0042246811965955955
24.256475941178657   0.11214127338899847  0.00096465282916260374
24.697502776472817   0.0006612256349992297  6.6313980407227622e-06
25.138529611766973   0.085189871424020139  0.0011478334974337683
25.57955644706113   1.8823967849951829  0.0037873637082840515
26.02058328235529   8.0583813483231808  0.08496584808603526
26.461610117649446   96.744821732626795  0.035843206607072479
26.902636952943602   6.8429545595978952  0.080878894616651343
27.343663788237759   2.6782897240211947  0.0062714677476367608
27.784690623531919   0.26971629703277522  0.003141271679758736
28.225717458826075   0.00090382386205378076  1.6842548112984641e-05
28.666744294120232   0.045065481711602796  0.00055633739699880232
29.107771129414392   0.82769187379328819  0.0047577693069597257
29.548797964708548   0.60139584949095084  0.0031762594735912637
29.989824800002705   0.0019893292897744394  2.2255696076669397e-05
30.430851635296861   0.0026491153106110409  2.8141686868549857e-05
30.871878470591021   0.037662125692538397  0.0012370339736455885
31.312905305885177   0.0042638596472801518  8.6701833766858832e-05
31.753932141179334   0.0023118167434811121  2.8293645497413375e-05
32.194958976473494   0.1975933882185932  0.0015518853394653734
32.635985811767647   0.80871435382924055  0.005606661855525581
33.077012647061807   0.12328032626251395  0.001398347779737437
33.518039482355967   0.0012814261139019005  1.8989345988602545e-05
33.95906631765012   0.066403327514041058  0.0012606956671577566
34.400093152944279   1.7231634154037387  0.0048807489279784997
34.841119988238439   8.0352153551871867  0.11195371407562381
35.282146823532592   94.278495519674016  0.06217654953382189
35.723173658826752   6.4504537618613004  0.10263990192389565
36.164200494120912   2.7631877503522612  0.0090261104063037756
36.605227329415065   0.31096402143401496  0.0046043533709913473
37.046254164709225   0.001671215723322555  3.8533749812118682e-05
37.487281000003378   0.036139997303637185  0.00059977173922246708
37.928307835297538   0.789100719758114  0.0058201748459499063
38.369334670591698   0.6371134800684588  0.0042156338158510819
38.810361505885851   0.0034259018477639225  3.449464452190679e-05
39.251388341180011   0.0041881209616256295  5.3644275740735999e-05
39.692415176474171   0.061198819486546296  0.0019766269110763315
40.133442011768324   0.0059237020395829879  0.00013619145929789057
40.574468847062484   0.0039331513346339276  4.9100433675237428e-05
41.015495682356644   0.14329301202804465  0.0015351494982628061
41.456522517650797   0.76561377075868839  0.0068099831829435205
41.897549352944957   0.13372188960269427  0.0018560862663831646
42.338576188239117   0.0021699466756458672  4.2751786674226971e-05
42.779603023533269   0.051012597950777702  0.0012642560955062084
43.220629858827429   1.5630730682625483  0.0059203677664834677
43.661656694121582   7.9458594340685131  0.13692091671951617
44.102683529415742   91.189665677209214  0.094123285151343418
