0.44213184308663317   81.726294897496982  0.00053179871898726767     
0.88426368617326634   4.7657087652770158e-06  9.9986886930553846e-08     
1.3263955292598995   9.7055648558202638  0.00024189293638436879     
1.7685273723465327   6.3916270916694158e-06  4.254369447232836e-08     
2.2106592154331657   4.0030810294598101  0.00022787504476191663     
2.6527910585197989   1.3304808560322046e-05  9.2997302103757643e-08     
3.0949229016064321   2.5284924945120252  0.00031635111858676309     
3.5370547446930654   4.1640432207571361e-05  5.2789321824833055e-07     
3.9791865877796986   2.0993273302956013  0.00096235881144496348     
4.4213184308663314   0.0016652542785646469  4.1663605179291065e-05     
4.8634502739529646   1.96297274838365  0.0015748432973812875     
5.3055821170395978   0.00019189657112553673  2.611724920501676e-06     
5.747713960126231   2.4576532209426293  0.00048020005071192855     
6.1898458032128643   0.0001726222645257112  1.1492890452851485e-06     
6.6319776462994975   3.9093960237956885  0.00081834850299200959     
7.0741094893861307   0.00016502076417045765  6.7704865657446499e-07     
7.5162413324727639   9.4658629372019508  0.003563850445365574     
7.9583731755593972   0.00036618123542867485  4.5041456157211329e-06     
8.4005050186460295   79.43629626515156  0.025502132501164499     
8.8426368617326627   194.16308788380437  0.070226601127872014     
9.2847687048192959   79.175956949456145  0.036102267207251313     
9.7269005479059292   0.00095128988673228204  2.2844039014674757e-05     
10.169032390992562   9.4100033416933631  0.0042882362554276778     
10.611164234079196   0.00045853832232117711  4.79882952813966e-06     
11.053296077165829   3.8792345620433117  0.0023645447756820602     
11.495427920252462   0.00040223820651274765  2.4519213923735059e-06     
11.937559763339095   2.460872022937557  0.0017556372680674819     
12.379691606425729   0.0005326374266264602  2.1452398901366177e-06     
12.821823449512362   2.1285080234508554  0.0020305687885263939     
13.263955292598995   0.014508823696951331  0.00035022893071714048     
13.706087135685628   1.7421853129370789  0.0052195892477907022     
14.148218978772261   0.0027168431050008675  3.1133253345550932e-05     
14.590350821858895   2.2612449602079762  0.0015918802368028593     
15.032482664945528   0.0023980533231089419  1.9105055390972731e-05     
15.474614508032161   3.6133397335686897  0.0037404823630876409     
15.916746351118794   0.0019482514852712197  9.7348271813783309e-06     
16.358878194205428   8.7273736548354531  0.013234947401361059     
16.801010037292059   0.0025875370162890985  2.6856863830329134e-05     
17.243141880378694   72.637229627991343  0.099469352997919864     
17.685273723465325   177.49747961280474  0.26232359674848234     
18.12740556655196   72.170355178909895  0.12064290884495169     
18.569537409638592   0.005910962877817854  0.00013115792130550637     
19.011669252725227   8.6175297310571523  0.014567396850899525     
19.453801095811858   0.0034833981673813433  3.4278516555885737e-05     
19.895932938898493   3.5545464838293543  0.006385404133131877     
20.338064781985125   0.0032501203130533344  1.4335848939372685e-05     
20.78019662507176   2.2635574876947451  0.0039697241704861646     
21.222328468158391   0.0032660178408193872  2.6011799796725332e-05     
21.664460311245026   2.0428409232813014  0.0029194429530927495     
22.106592154331658   0.037919123397351562  0.00085276712999020764     
22.548723997418293   1.4698203259743719  0.0091259044141318082     
22.990855840504924   0.012108523795462995  0.00012580485255816441     
23.432987683591559   1.9707435943511573  0.0034997610356319869     
23.875119526678191   0.011164111318485738  9.3771969178577508e-05     
24.317251369764826   3.1585764610573666  0.0084548030089566617     
24.759383212851457   0.0090568093175843526  6.0802198184838662e-05     
25.201515055938092   7.5935171999329866  0.026595049971523965     
25.643646899024723   0.010396065558184479  9.1278034634448016e-05     
26.085778742111358   62.311294386673771  0.20314292059750567     
26.52791058519799   152.36732801994781  0.52570522304925643     
26.970042428284625   61.727579122939126  0.23385904823538033     
27.412174271371256   0.019904430795889189  0.00039517599756632437     
27.854306114457891   7.4352851564891571  0.028657799129246244     
28.296437957544523   0.013576300657554243  0.00011401195880605714     
28.738569800631154   3.0749967836604526  0.011329188965141809     
29.180701643717789   0.013498209294075869  5.9522599152747577e-05     
29.622833486804421   1.9659571258739119  0.0065954717831094394     
30.064965329891056   0.012893070053785054  9.8198569012293859e-05     
30.507097172977687   1.852452928538047  0.0059328992939415096     
30.949229016064322   0.068524395569721747  0.0013942703041057081     
31.391360859150954   1.1828706106025743  0.012395650234095874     
31.833492702237589   0.034365049800936875  0.0003458950217594895     
32.27562454532422   1.6298957134474213  0.005886780606999412     
32.717756388410855   0.032682157543266632  0.00028199783552004064     
33.15988823149749   2.6089189675612775  0.013875794183081087     
33.602020074584118   0.026935959701956173  0.00022172369628027263     
34.044151917670753   6.215013451424262  0.040247353262425717     
34.486283760757388   0.029565411005452821  0.00023236407175503592     
34.928415603844023   49.892564103194219  0.30848651641996106     
35.370547446930651   122.18439304584137  0.79170960566153512     
35.812679290017286   49.289294245965895  0.34691090183992274     
36.254811133103921   0.048695051134748742  0.00086318240331557708     
36.696942976190556   6.0201627583883759  0.042958072309766996     
37.139074819277184   0.036683727891343605  0.00025184355399948262     
37.581206662363819   2.5077513302363663  0.015971191323529506     
38.023338505450454   0.037933071140737484  0.00016370895731602599     
38.465470348537089   1.6130381083976099  0.0091355891592672902     
38.907602191623717   0.035991163338955248  0.00024959298557907472     
39.349734034710352   1.5848387752335479  0.01040859394458344     
39.791865877796987   0.10365506221603179  0.001884347283946453     
40.233997720883622   0.91660883155633228  0.014308882742095139     
40.67612956397025   0.075383740743983566  0.00075748446927748393     
41.118261407056885   1.2866037695133886  0.0082575248454629919     
41.56039325014352   0.073225568995727328  0.00065033646540110582     
42.002525093230155   2.0368397809645305  0.018730942377759573     
42.444656936316782   0.061405347296985879  0.00059167783701945119     
42.886788779403417   4.7630251701930137  0.05083535762342973     
43.328920622490052   0.066159510028920832  0.00051679529347627115     
43.77105246557668   36.983308068188624  0.38794449765533749     
44.213184308663315   90.751266047128078  0.99211724079171319     
