0.50882954214656695   0.00029994633063919783  7.1877216337309206e-07     
1.0176590842931339   0.00033138975099392778  7.8454395319236987e-07     
1.5264886264397008   0.00039322145219076653  8.8588180601857693e-07     
2.0353181685862678   0.00050509140410670022  1.1559150759495497e-06     
2.544147710732835   0.00071296578372843587  1.6360072664759692e-06     
3.0529772528794017   0.0011322021627346322  2.5859350510826225e-06     
3.5618067950259684   0.0021231833911992668  4.7612628595666285e-06     
4.0706363371725356   0.0052206713794696605  1.2287511736299473e-05     
4.5794658793191028   0.023488324125428426  5.5346127059614651e-05     
5.0882954214656699   99.876373514759403  0.00021189134748995522     
5.5971249636122362   0.037466649622989273  9.1168000541209643e-05     
6.1059545057588034   0.012087170891517886  2.8735771082448888e-05     
6.6147840479053706   0.0074267851616568709  1.6776221120437415e-05     
7.1236135900519368   0.0061949841859350636  1.4178140480535031e-05     
7.632443132198504   0.0064005063499837371  1.4658360005181163e-05     
8.1412726743450712   0.0080008972759384322  1.820230675737087e-05     
8.6501022164916375   0.012388036625846362  2.7597734749616956e-05     
9.1589317586382055   0.02596026314761878  6.0642575083392981e-05     
9.6677613007847718   0.10100218725932602  0.00023364223838559488     
10.17659084293134   99.506356243912045  0.0008446903248508188     
10.685420385077906   0.14068877932386153  0.00034711978227905191     
11.194249927224472   0.041062039575075584  9.7868339469046794e-05     
11.70307946937104   0.023324092245431626  5.2724020561871179e-05     
12.211909011517607   0.018182172701863759  4.1534395795924699e-05     
12.720738553664173   0.017689585677217932  4.0354516657047617e-05     
13.229568095810741   0.020942481425771296  4.7364905211430422e-05     
13.738397637957307   0.030836257726309898  6.8107178165670132e-05     
14.247227180103874   0.061552791931398926  0.00014246472030548104     
14.756056722250442   0.2265701601660878  0.00051364365779781352     
15.264886264397008   98.89252541653366  0.0018898188829675242     
15.773715806543576   0.31525132316701526  0.0007875946958095435     
16.282545348690142   0.087594534168198165  0.00020896150223379471     
16.79137489083671   0.048053622923907327  0.00010849151910985581     
17.300204432983275   0.036351663054183238  8.272241368151973e-05     
17.809033975129843   0.034409738520076254  7.803635035227809e-05     
18.317863517276411   0.039698479753756823  8.9078865636606074e-05     
18.826693059422976   0.057001034196836239  0.00012455920731863991     
19.335522601569544   0.11081931425401047  0.00025369436555591581     
19.844352143716112   0.39376658880210554  0.00087325189436836138     
20.35318168586268   98.039145462316765  0.0033331342604886491     
20.862011228009244   0.56594051298925405  0.0014297956568414842     
21.370840770155812   0.15177664652159363  0.00036179516946381179     
21.87967031230238   0.081451096612604658  0.00018330827485181602     
22.388499854448945   0.060494719306060331  0.00013686592525655994     
22.897329396595513   0.056309081178728829  0.00012669385750489743     
23.406158938742081   0.063925700735334655  0.0001420231157080113     
23.914988480888645   0.090309762886635891  0.00019483295874541999     
24.423818023035214   0.17242285630701921  0.0003897189101435942     
24.932647565181782   0.59609777579926774  0.0012906403822004976     
25.441477107328346   96.952122046790382  0.005155157562918973     
25.950306649474914   0.89696446953461572  0.00228871548079739     
26.459136191621482   0.23344674508058417  0.00055512186666111024     
26.967965733768047   0.12322079130899594  0.00027588171195571507     
27.476795275914615   0.090312087018154798  0.00020273449512413415     
27.985624818061183   0.083058800357766797  0.00018502111664857939     
28.494454360207747   0.093202754458282962  0.00020458714293338839     
29.003283902354315   0.13009523720170214  0.00027647793598850154     
29.512113444500883   0.24489395439739724  0.00054550416243683628     
30.020942986647452   0.82708571022818644  0.0017446404699444594     
30.529772528794016   95.638938639045368  0.0073313871147756708     
31.038602070940584   1.3118791894177363  0.0033767726525093795     
31.547431613087152   0.33218669392341051  0.00078666348268274004     
32.05626115523372   0.1729392035026638  0.00038442133378398642     
32.565090697380285   0.12541883794384337  0.00027877267131663024     
33.073920239526849   0.1142589936146657  0.0002514498136037215     
33.582749781673421   0.12703788669707695  0.00027491498570185244     
34.091579323819985   0.17560828303762684  0.0003667821964221967     
34.60040886596655   0.32665768069682944  0.0007157322002834751     
35.109238408113121   1.0803481308072142  0.002215099829452807     
35.618067950259686   94.10857651110247  0.0098326909833115846     
36.12689749240625   1.8135211142470272  0.0047034832816246171     
36.635727034552822   0.4473233026190309  0.0010531336040755168     
37.144556576699387   0.23006099878015557  0.00050667618379544247     
37.653386118845951   0.16535074410700495  0.00036313773233290237     
38.162215660992523   0.14944574172785955  0.00032418944517128365     
38.671045203139087   0.16487796378867539  0.00035095526392703754     
39.179874745285652   0.22603157854125275  0.0004628460162482787     
39.688704287432223   0.41606162467275937  0.00089494219781662968     
40.197533829578788   1.3496738577640162  0.0026832076103797727     
40.706363371725359   92.371419297898568  0.012625771158336142     
41.215192913871924   2.4039474397829987  0.0062751766349300674     
41.724022456018488   0.57793415983797246  0.0013502856173231486     
42.23285199816506   0.29392715632483736  0.00063998478966184006     
42.741681540311625   0.20957205802537966  0.00045374508664605365     
43.250511082458189   0.18809926870829669  0.0004012731447485627     
43.759340624604761   0.20611842182191079  0.00043051593186856098     
44.268170166751325   0.28049437412945373  0.00056165907809172709     
44.77699970889789   0.51140429729099863  0.0010776708345650559     
45.285829251044461   1.6290924409476208  0.0031317817547847934     
45.794658793191026   90.43914345712443  0.015673690502071708     
46.30348833533759   3.0843852190348245  0.008094760869753897     
46.812317877484162   0.7228578192815205  0.0016729861321921327     
47.321147419630726   0.36377516532471677  0.00078133650263195513     
47.829976961777291   0.25748454710486616  0.00054832018206878615     
48.338806503923863   0.22965302390732968  0.00048060793795628337     
48.847636046070427   0.25011397650635103  0.00051132234690461129     
49.356465588216992   0.33808781695692133  0.00066017919634193541     
49.865295130363563   0.61096343276671198  0.0012585890856929071     
50.374124672510128   1.9129372976214171  0.003545515130431788     
50.882954214656692   88.324596155391524  0.018936452512701165     
