0.44213184308663317   81.473687499397165  0.021525291372926305     
0.88426368617326634   1.4794147234441943e-05  2.5340104411421913e-08     
1.3263955292598995   9.4499697942629252  0.02166133374117415     
1.7685273723465327   2.1039294883269096e-05  1.3251816489422687e-08     
2.2106592154331657   3.7445225648035698  0.021985780866238437     
2.6527910585197989   4.2730774659546836e-05  2.0402575523638266e-08     
3.0949229016064321   2.2633151176532589  0.022552301038152432     
3.5370547446930654   0.00012982256028284835  1.239651299335914e-07     
3.9791865877796986   1.8197861925912134  0.024084661870909949     
4.4213184308663314   0.0021972478595324449  4.8882663899138551e-06     
4.8634502739529646   1.6925958278782872  0.022468688126473535     
5.3055821170395978   0.00039649190341053431  3.9807972925222814e-07     
5.747713960126231   2.1621912163880852  0.024825809208032546     
6.1898458032128643   0.0003353148284704453  1.8976326744811161e-07     
6.6319776462994975   3.5781824226074793  0.027583297170000238     
7.0741094893861307   0.0004038865193841557  1.9048245134584424e-07     
7.5162413324727639   9.06176382636077  0.033562960276005675     
7.9583731755593972   0.001172693059459708  2.1574329346159594e-06     
8.4005050186460295   78.601205848004405  0.061438281506311837     
8.8426368617326627   193.94350420477277  0.0031840700677247512     
9.2847687048192959   79.356419358519477  0.021407771015573627     
9.7269005479059292   0.0021844855033781606  2.7897358076433783e-06     
10.169032390992562   9.3088559047471257  0.0074508361178905198     
10.611164234079196   0.0010081506146269974  6.7156427286751605e-07     
11.053296077165829   3.7104195908067875  0.014055678999162     
11.495427920252462   0.00094561613826122454  5.9214270958015082e-07     
11.937559763339095   2.2498325337999379  0.017914350213754817     
12.379691606425729   0.0015698650307614874  1.2905719386874591e-06     
12.821823449512362   1.8671509357965069  0.023319214199922364     
13.263955292598995   0.019159598451280463  4.0522170696622331e-05     
13.706087135685628   1.5066560596436661  0.018821431227140697     
14.148218978772261   0.0041936361035038496  4.0071085215278054e-06     
14.590350821858895   1.9636863735655936  0.024468381496039359     
15.032482664945528   0.0033681956838965583  2.0684955561404373e-06     
15.474614508032161   3.2375016515094719  0.030136502156837702     
15.916746351118794   0.0032517102501174039  1.5600842769178774e-06     
16.358878194205428   8.2030460126411727  0.041559278382669084     
16.801010037292059   0.0062059036543486005  9.6007112840478834e-06     
17.243141880378694   71.167520471084839  0.092952310062317213     
17.685273723465325   176.69015637593601  0.011729835324676441     
18.12740556655196   72.591527534853093  0.061250081490612635     
18.569537409638592   0.010458807811088136  9.3484839474102326e-06     
19.011669252725227   8.6564948419549179  0.0073196695649190312     
19.453801095811858   0.0054961265999010203  3.4405704077597468e-06     
19.895932938898493   3.4802517044465803  0.0049581811829998041     
20.338064781985125   0.0049222707508887137  2.7055320910707896e-06     
20.78019662507176   2.1228721292714208  0.01159100234409532     
21.222328468158391   0.0061808408823216006  4.5528645467273958e-06     
21.664460311245026   1.8247055476978973  0.020232176478929952     
22.106592154331658   0.050163731037597051  9.5357063234414225e-05     
22.548723997418293   1.289554913758882  0.013815163132760467     
22.990855840504924   0.015983914479655896  1.4059797760928563e-05     
23.432987683591559   1.69942036827763  0.02165278048522016     
23.875119526678191   0.013617546795299536  7.935341580254744e-06     
24.317251369764826   2.7734060733470026  0.029457378010881333     
24.759383212851457   0.012574200178079013  6.6435591189327537e-06     
25.201515055938092   6.9968361245879668  0.044771362975111614     
25.643646899024723   0.018935296788246786  2.1443891145229843e-05     
26.085778742111358   60.283469514783106  0.11221449798445679     
26.52791058519799   150.79218652509931  0.02295640718981933     
26.970042428284625   62.21100553846585  0.09261712976170985     
27.412174271371256   0.029738045484137348  2.0902184073185315e-05     
27.854306114457891   7.5854154597011556  0.020265664045640945     
28.296437957544523   0.018303326415009407  1.1052245221715595e-05     
28.738569800631154   3.0886081060803103  0.0044463866843108345     
29.180701643717789   0.016877035696087962  7.8358062733851487e-06     
29.622833486804421   1.9023448744304392  0.0046555178043552202     
30.064965329891056   0.018494064582201508  1.2606787413432816e-05     
30.507097172977687   1.6967223927294314  0.015330296809638794     
30.949229016064322   0.090916005165913345  0.0001453949617094761     
31.391360859150954   1.0704927985768272  0.0083676131724386135     
31.833492702237589   0.041560597504488671  3.3471925928714452e-05     
32.27562454532422   1.4089948344788399  0.016937791703151848     
32.717756388410855   0.03724571764153139  2.0568311037818403e-05     
33.15988823149749   2.251557082981358  0.025886400721602693     
33.602020074584118   0.034217833814626279  1.8524978120989147e-05     
34.044151917670753   5.6060357452245934  0.043140764559617555     
34.486283760757388   0.045039547787947828  3.6023507191237559e-05     
34.928415603844023   47.506277003493709  0.11762307100647287     
35.370547446930651   119.90121280619302  0.033399917218851083     
35.812679290017286   49.711056322274106  0.11166456994326542     
36.254811133103921   0.065232070345746662  4.2519826671842628e-05     
36.696942976190556   6.2452354836404044  0.029943096166353922     
37.139074819277184   0.045686228548338506  2.7014700881094559e-05     
37.581206662363819   2.5939384049443891  0.012155829139263135     
38.023338505450454   0.0435367632348326  2.034695804438844e-05     
38.465470348537089   1.6235184013809952  0.0031273664363171109     
38.907602191623717   0.045025413431930258  2.8645212292137623e-05     
39.349734034710352   1.5024070434024267  0.0095942722781660339     
39.791865877796987   0.13805570578995609  0.00017224806644466258     
40.233997720883622   0.87591785750356114  0.0040152785087419873     
40.67612956397025   0.08643277806671377  6.386531414013465e-05     
41.118261407056885   1.1326296451283156  0.011146885484308717     
41.56039325014352   0.080415205589929312  4.3806251469073615e-05     
42.002525093230155   1.7402121092685957  0.020195201064311289     
42.444656936316782   0.074303802604496609  3.9216625948854387e-05     
42.886788779403417   4.2033576932049532  0.037384322790329173     
43.328920622490052   0.089860968720147995  5.2304501075877859e-05     
43.77105246557668   34.517904997245999  0.10998439277564685     
44.213184308663315   88.030639628226626  0.039935485269125141     
