0.44213184308663317   40.82460395649465  0.0060583247021030415     
0.88426368617326634   7.3152578945193588e-06  1.2620589491105305e-08     
1.3263955292598995   4.8135824720985649  0.006063381373327046     
1.7685273723465327   1.0497563724821594e-05  6.4651181345969445e-09     
2.2106592154331657   1.9626538999767409  0.0061185612870909901     
2.6527910585197989   2.2835579858735358e-05  1.096743858401011e-08     
3.0949229016064321   1.2251216527341633  0.0062173521997894336     
3.5370547446930654   7.1650293501798333e-05  7.0545533830217392e-08     
3.9791865877796986   1.0087553312233661  0.0066445676307412856     
4.4213184308663314   0.0011014006497070347  2.4623611915214071e-06     
4.8634502739529646   0.95055981004687058  0.005770104411096648     
5.3055821170395978   0.00016132109344411784  1.6197930983563601e-07     
5.747713960126231   1.1994952958323668  0.0062094276821968877     
6.1898458032128643   0.00012460209283636797  5.7793476900625704e-08     
6.6319776462994975   1.9362908550017495  0.0065012468793055129     
7.0741094893861307   0.00016894248967405293  9.0282290408004727e-08     
7.5162413324727639   4.768262631252914  0.0070759863604253047     
7.9583731755593972   0.00060548976658612857  1.1277099084001117e-06     
8.4005050186460295   40.506378997669083  0.0092233599121424702     
8.8426368617326627   99.414572944004058  0.0010132829126112691     
9.2847687048192959   40.630944322745723  0.002901334158526582     
9.7269005479059292   0.00091260093285511849  1.3443498716135777e-06     
10.169032390992562   4.8190266040552914  0.0049742531183380656     
10.611164234079196   0.00038335789757716917  2.6470311110455987e-07     
11.053296077165829   1.9739753645055529  0.0056663534826451873     
11.495427920252462   0.00043267036286072224  2.1851392597172875e-07     
11.937559763339095   1.2424415281195724  0.0061662816242436957     
12.379691606425729   0.00088415778506645598  8.687453781274945e-07     
12.821823449512362   1.0666837632251094  0.0077142448617872069     
13.263955292598995   0.0097942457686455408  2.1682348518341526e-05     
13.706087135685628   0.89333067298142258  0.0051780278368113721     
14.148218978772261   0.0011560338916647816  1.1934989712231596e-06     
14.590350821858895   1.1665343925898582  0.00614645367366843     
15.032482664945528   0.00074453894867623449  3.5403227957172043e-07     
15.474614508032161   1.8960320285110486  0.0068070778053623695     
15.916746351118794   0.00087846517591912567  4.5097698219329736e-07     
16.358878194205428   4.6857010991026468  0.0079818673612398512     
16.801010037292059   0.0029252057436686926  5.4777331749094112e-06     
17.243141880378694   39.68082825302929  0.012172387244795474     
17.685273723465325   97.678935450803887  0.0039870901375649961     
18.12740556655196   39.940315466440466  0.0028517501221388542     
18.569537409638592   0.0035543050741784842  4.3678788140817151e-06     
19.011669252725227   4.7830957217977155  0.0038646758231872305     
19.453801095811858   0.0013293792584438749  9.8327422547386841e-07     
19.895932938898493   1.9694770606129153  0.0051552505558387572     
20.338064781985125   0.001380940928795359  7.3102720196583499e-07     
20.78019662507176   1.2506492321207099  0.0060525337745905938     
21.222328468158391   0.0026388945057245972  2.6395656456729866e-06     
21.664460311245026   1.1228333675635159  0.0088813651323761886     
22.106592154331658   0.026562239583548044  5.7673862304732033e-05     
22.548723997418293   0.83801334027387651  0.004905500969832172     
22.990855840504924   0.0030930718382849035  3.2754685222025245e-06     
23.432987683591559   1.1273192122776863  0.0060319971536032685     
23.875119526678191   0.0019207551972351677  1.0225350867255683e-06     
24.317251369764826   1.8433180004972379  0.0070311811513726944     
24.759383212851457   0.0022253570785926084  1.3751846463637001e-06     
25.201515055938092   4.5694909071975633  0.0087635538413365902     
25.643646899024723   0.007784618104178255  1.4541194430655156e-05     
26.085778742111358   38.372261470138552  0.01496204536423847     
26.52791058519799   94.853809433399778  0.0087287461253121458     
26.970042428284625   38.785626515108029  0.0066622253178599771     
27.412174271371256   0.0084234162230175847  9.4746708900883516e-06     
27.854306114457891   4.7055470627864471  0.0028571874090218981     
28.296437957544523   0.0029372490516549863  2.2694617944540305e-06     
28.738569800631154   1.9488081379686775  0.0046005799687677321     
29.180701643717789   0.0029243148280872023  1.6225416465602741e-06     
29.622833486804421   1.2491617097001183  0.0058736013830854971     
30.064965329891056   0.0054196991044981243  5.5918734505112711e-06     
30.507097172977687   1.1754554170108682  0.010056129238494655     
30.949229016064322   0.050233269132557108  0.00010603197577335253     
31.391360859150954   0.78528152502669823  0.0049066314626455521     
31.833492702237589   0.0060295784023583805  6.4816807664393247e-06     
32.27562454532422   1.0829831891824526  0.0058689441769310553     
32.717756388410855   0.0037158118466402248  2.3448766477488753e-06     
33.15988823149749   1.7798041457360705  0.0071706600534206377     
33.602020074584118   0.0043561082698413528  3.5523399347504467e-06     
34.044151917670753   4.4239698483855451  0.0094113751977524014     
34.486283760757388   0.016672615078902463  3.2749990215225525e-05     
34.928415603844023   36.623738833955576  0.017675987859089102     
35.370547446930651   91.036467230665517  0.014934724501530829     
35.812679290017286   37.215270494554343  0.011122107040513036     
36.254811133103921   0.016067999963126442  1.902355740990341e-05     
36.696942976190556   4.5874503819524634  0.0022461651444516803     
37.139074819277184   0.0053206069961369356  4.2800399348781316e-06     
37.581206662363819   1.9120861821598936  0.0040247713153553447     
38.023338505450454   0.0051409415657417913  3.0162547021986338e-06     
38.465470348537089   1.2376685800834721  0.0056292245076862624     
38.907602191623717   0.0093471774991122202  9.9642919773501461e-06     
39.349734034710352   1.2226388485010075  0.01116131415171762     
39.791865877796987   0.079199431873428759  0.00016131050938422161     
40.233997720883622   0.73557216499226966  0.0050730519084784147     
40.67612956397025   0.010024488130003107  1.0775919381866856e-05     
41.118261407056885   1.0346638472751708  0.0056595455931820335     
41.56039325014352   0.006205456848626387  4.6666646184119505e-06     
42.002525093230155   1.7072792707729404  0.0072243406891986418     
42.444656936316782   0.0074603771408956613  7.742927573390679e-06     
42.886788779403417   4.2539844915621847  0.0099211922506224084     
43.328920622490052   0.031714587613326079  6.855002281101692e-05     
43.77105246557668   34.494833285511521  0.020363492557147746     
44.213184308663315   86.355173093905402  0.02221514672471063     
