0.00741324   -0.0553204     0
0.00925551   -0.0587839     0
0.110372   -0.0561033     1
0.107157   -0.0578134     1
0.209954   -0.0555538     2
0.207371   -0.0584478     2
0.30903   -0.0551006     3
0.308249   -0.0590608     3
0.409226   -0.0550847     4
0.407501   -0.0586373     4
-0.491092   -0.0554513     5
-0.492913   -0.05898     5
-0.390432   -0.0565632     6
-0.393685   -0.058476     6
-0.293212   -0.0564796     7
-0.289923   -0.0579478     7
-0.192782   -0.0563616     8
-0.189561   -0.0579894     8
-0.0915352   -0.0551547     9
-0.0911756   -0.0591949     9
0.0584066   0.0449404     10
0.058752   0.040904     10
0.160364   0.0437902     11
0.157054   0.042365     11
0.259132   0.0450116     12
0.258713   0.0409525     12
0.359755   0.0448262     13
0.357949   0.0413262     13
0.457228   0.0437084     14
0.460599   0.0425441     14
-0.440418   0.0446107     15
-0.441829   0.0408763     15
-0.341691   0.0448588     16
-0.341679   0.0408012     16
-0.239974   0.0431244     17
-0.243411   0.0422732     17
-0.141717   0.044724     18
-0.141322   0.0406903     18
-0.0412983   0.0451094     19
-0.0415842   0.0410674     19
0.110226   0.143702     20
0.106866   0.142474     20
0.207717   0.144748     21
0.209556   0.141239     21
0.308147   0.145053     22
0.309284   0.141137     22
0.407224   0.144389     23
0.409856   0.14169     23
0.508701   0.144959     24
0.508604   0.140888     24
-0.392962   0.143805     25
-0.389599   0.1425     25
-0.292741   0.14279     26
-0.289195   0.142779     26
-0.189718   0.143576     27
-0.192678   0.141363     27
-0.089576   0.143135     28
-0.0930565   0.142529     28
0.00959464   0.144469     29
0.00761113   0.141105     29
0.157902   0.24518     30
0.158558   0.241192     30
0.257206   0.244931     31
0.259181   0.241567     31
0.360267   0.243809     32
0.357115   0.241792     32
0.45738   0.244642     33
0.459359   0.241274     33
0.560364   0.242798     34
0.556853   0.242442     34
-0.340233   0.244316     35
-0.342333   0.240997     35
-0.239929   0.24394     36
-0.242523   0.241156     36
-0.141187   0.244495     37
-0.141327   0.240428     37
-0.0400319   0.244029     38
-0.0423718   0.24099     38
0.0601195   0.243336     39
0.0566344   0.242723     39
0.209644   0.344033     40
0.206609   0.341971     40
0.308541   0.344786     41
0.307866   0.340778     41
0.406602   0.343499     42
0.410115   0.342997     42
0.510337   0.343531     43
0.507293   0.341365     43
0.609987   0.344358     44
0.608013   0.340984     44
-0.290599   0.344756     45
-0.291598   0.340794     45
-0.192097   0.344323     46
-0.189994   0.341061     46
-0.0908708   0.344338     47
-0.0913566   0.34031     47
0.00898553   0.345287     48
0.0087994   0.341209     48
0.109076   0.345337     49
0.107727   0.341548     49
0.259246   0.445213     50
0.257344   0.441713     50
0.358941   0.445045     51
0.35749   0.441317     51
0.456875   0.443542     52
0.460162   0.442016     52
0.560249   0.443569     53
0.556883   0.442402     53
0.657321   0.44385     54
0.660306   0.44166     54
-0.241752   0.444452     55
-0.239905   0.440921     55
-0.142413   0.443759     56
-0.139945   0.440871     56
-0.041451   0.445094     57
-0.0414094   0.441036     57
0.0573756   0.444963     58
0.0596971   0.441858     58
0.157015   0.443399     59
0.160508   0.442891     59
-0.192114   -0.455219     60
-0.189584   -0.458039     60
-0.0918396   -0.455464     61
-0.0898064   -0.458814     61
0.00839363   -0.455395     62
0.008764   -0.45943     62
0.107117   -0.456572     63
0.110371   -0.458122     63
0.209853   -0.455605     64
0.208087   -0.459152     64
-0.688825   -0.456987     65
-0.692332   -0.457317     65
-0.592024   -0.455941     66
-0.589186   -0.458347     66
-0.492327   -0.456176     67
-0.488973   -0.457557     67
-0.391102   -0.454948     68
-0.389932   -0.458789     68
-0.291018   -0.455243     69
-0.290837   -0.459312     69
-0.142631   -0.355851     70
-0.13932   -0.357312     70
-0.0390667   -0.356845     71
-0.0426023   -0.356908     71
0.058238   -0.355778     72
0.0594837   -0.3596     72
0.157076   -0.356633     73
0.160354   -0.358101     73
0.257954   -0.355604     74
0.25997   -0.35893     74
-0.642433   -0.355559     75
-0.639788   -0.358362     75
-0.541645   -0.355119     76
-0.540402   -0.358969     76
-0.441291   -0.354933     77
-0.441032   -0.359006     77
-0.341201   -0.354495     78
-0.340981   -0.358558     78
-0.242989   -0.356106     79
-0.239771   -0.357735     79
-0.0923083   -0.255453     80
-0.0900133   -0.258626     80
0.00737329   -0.256311     81
0.0104209   -0.258387     81
0.107606   -0.255349     82
0.109163   -0.259079     82
0.20743   -0.255358     83
0.209191   -0.258894     83
0.306722   -0.257286     84
0.310292   -0.257352     84
-0.592246   -0.255596     85
-0.590411   -0.259131     85
-0.493345   -0.256466     86
-0.490017   -0.25784     86
-0.391361   -0.254786     87
-0.391486   -0.258842     87
-0.289535   -0.256758     88
-0.29309   -0.257017     88
-0.191719   -0.255256     89
-0.19084   -0.259188     89
-0.0399946   -0.156067     90
-0.042746   -0.158733     90
0.0602614   -0.155639     91
0.0575183   -0.158185     91
0.160198   -0.156458     92
0.156806   -0.157686     92
0.258561   -0.155121     93
0.258455   -0.159266     93
0.357611   -0.155456     94
0.358587   -0.159363     94
-0.542662   -0.155482     95
-0.540984   -0.159083     95
-0.442475   -0.155147     96
-0.441621   -0.159157     96
-0.343237   -0.156155     97
-0.339788   -0.157168     97
-0.242183   -0.155138     98
-0.240711   -0.158847     98
-0.140766   -0.155389     99
-0.142373   -0.159043     99
