0.50882954214656695   0.00059991100316551162  1.439285680377092e-06     
1.0176590842931339   0.00066281597182554565  1.5680376434011194e-06     
1.5264886264397008   0.00078640272924823704  1.766177104681907e-06     
2.0353181685862678   0.001009630199628531  2.3135100468794317e-06     
2.544147710732835   0.0014239130560587728  3.2701584327139584e-06     
3.0529772528794017   0.0022583371770154089  5.1560550092071265e-06     
3.5618067950259684   0.0042279150072890175  9.5522534509100512e-06     
4.0706363371725356   0.010378637667299528  2.4512243996283534e-05     
4.5794658793191028   0.046632076681167858  0.00010912451041933883     
5.0882954214656699   198.11398105556775  5.1946579246399078e-05     
5.5971249636122362   0.074306024680225287  0.00018256479048879261     
6.1059545057588034   0.023973830420149563  5.6652161490828944e-05     
6.6147840479053706   0.014725828626175405  3.2770194026123427e-05     
7.1236135900519368   0.012265503271439849  2.8085601973629747e-05     
7.632443132198504   0.012640203424182915  2.8900416716272596e-05     
8.1412726743450712   0.015740649892821709  3.564767746059063e-05     
8.6501022164916375   0.024249473518085825  5.4939881025454323e-05     
9.1589317586382055   0.05056109713296637  0.00011887730269520562     
9.6677613007847718   0.19591248834554804  0.00044655474881600682     
10.17659084293134   192.54214611526747  0.00020634656944428022     
10.685420385077906   0.27229975140039644  0.00068451949575336746     
11.194249927224472   0.079596011839330137  0.00018735471560601413     
11.70307946937104   0.04526342202031398  9.9466064898020618e-05     
12.211909011517607   0.035244906819175047  8.0287078205712492e-05     
12.720738553664173   0.034163879376418798  7.7404303099191836e-05     
13.229568095810741   0.040174565840408401  8.9815603275215797e-05     
13.738397637957307   0.058587480949824178  0.00013266442349644998     
14.247227180103874   0.11576453391442324  0.00027012764042809774     
14.756056722250442   0.42253089254328021  0.00093651553433951111     
15.264886264397008   183.53778976015908  0.00046247055458431438     
15.773715806543576   0.5858693071187034  0.0015058959130261073     
16.282545348690142   0.16352248758184907  0.00038225823636614293     
16.79137489083671   0.09010230492396841  0.00019478665096973541     
17.300204432983275   0.068204603639196812  0.00015382490759598201     
17.809033975129843   0.064291459600078843  0.00014361996285284602     
18.317863517276411   0.073433088818895266  0.00016119043873245708     
18.826693059422976   0.10381004058744566  0.00023408295570454798     
19.335522601569544   0.19836815240195995  0.00045781769876652259     
19.844352143716112   0.69453503144557587  0.0014938591385736187     
20.35318168586268   171.50556622462887  0.00082861126949916147     
20.862011228009244   0.99314688435780301  0.0026089692811669268     
21.370840770155812   0.26882644300291714  0.00062207801417741683     
21.87967031230238   0.14568525333622736  0.00030851393770415652     
22.388499854448945   0.1086490794148281  0.00024129672519058449     
22.897329396595513   0.10073893704008742  0.00022063622388801686     
23.406158938742081   0.11281376409237957  0.0002416167234420704     
23.914988480888645   0.15574674328060453  0.00034825514760130961     
24.423818023035214   0.28951509088110121  0.00065825640614634189     
24.932647565181782   0.97775105225294098  0.0020357574454933882     
25.441477107328346   156.97660136887203  0.0013279781134231022     
25.950306649474914   1.4607153714247099  0.0039208895966208976     
26.459136191621482   0.38638444770880806  0.00088181704606358677     
26.967965733768047   0.20760351384707185  0.00042850128682182397     
27.476795275914615   0.15363450726445858  0.00033386646565529154     
27.985624818061183   0.14092819893948142  0.00030066595367789093     
28.494454360207747   0.1553772179564215  0.00032225925683444391     
29.003283902354315   0.2099996931943466  0.00046325636173753201     
29.512113444500883   0.38016471701676308  0.0008474641317499833     
30.020942986647452   1.2396067722191219  0.0024907951184163784     
30.529772528794016   140.57626493964172  0.0019942459447268633     
31.038602070940584   1.946626570374567  0.0053390854308933266     
31.547431613087152   0.50587438402931281  0.0011336840185470595     
32.05626115523372   0.27111206534490594  0.00054214844867180347     
32.565090697380285   0.20012871028692311  0.0004223025590341496     
33.073920239526849   0.18230919276861225  0.00037602217688328545     
33.582749781673421   0.19831165025065099  0.00039467955140588155     
34.091579323819985   0.26247239986164673  0.00056754719471795452     
34.60040886596655   0.46213258005944233  0.001004045846101229     
35.109238408113121   1.4525440318618539  0.002805928828705946     
35.618067950259686   122.98695301104225  0.002855672693166439     
36.12689749240625   2.404575945776819  0.0067404996304669596     
36.635727034552822   0.61693602033093405  0.0013504174505683449     
37.144556576699387   0.33168910006564187  0.00063794227871938025     
37.653386118845951   0.24538179067898855  0.00049804351754068323     
38.162215660992523   0.22267659493298215  0.00044007099681190205     
38.671045203139087   0.23927712336296039  0.00045185430298356508     
39.179874745285652   0.30985181416160869  0.00065122384646891738     
39.688704287432223   0.52899747239689976  0.0011116323247495067     
40.197533829578788   1.596675731889222  0.0029506659840286671     
40.706363371725359   104.90855020673835  0.0039157086348930343     
41.215192913871924   2.7888344891743014  0.0079937903623684008     
41.724022456018488   0.710360580671148  0.0015085996096267463     
42.23285199816506   0.38557147076637185  0.00070686583779881098     
42.741681540311625   0.28726051036311106  0.00055415410391446639     
43.250511082458189   0.26044034717213101  0.00048804169808167821     
43.759340624604761   0.27668618680757751  0.00048902506024919538     
44.268170166751325   0.34998535828469519  0.00070699890157895129     
44.77699970889789   0.57677410742298287  0.0011606147455669981     
45.285829251044461   1.6614461322812961  0.0029182023636122496     
45.794658793191026   87.019342787644516  0.0051389458920226231     
46.30348833533759   3.0594317263463274  0.008973228271799691     
46.812317877484162   0.77916964402977172  0.0015915395940895343     
47.321147419630726   0.43020021363270167  0.00074349547643842525     
47.829976961777291   0.32450382558633549  0.0005860530249229009     
48.338806503923863   0.29481517201329595  0.0005175963126246417     
48.847636046070427   0.30988548839888542  0.0005043029425300181     
49.356465588216992   0.38210835513453824  0.00073080976455890115     
49.865295130363563   0.60428030822392821  0.0011490063101455854     
50.374124672510128   1.6461762276665499  0.0027236519987017455     
50.882954214656692   69.940033343522843  0.0064457600607065168     
