0.4848420195558783   0.030873545898845826  0.00076873933271191091     
0.9696840391117566   0.033932026942886191  0.00076299653787391868     
1.454526058667635   0.037815671683921893  0.00078851586568651492     
1.9393680782235132   0.046247768651585655  0.00084975002761841847     
2.4242100977793917   0.060916583152345111  0.00098971608553298282     
2.9090521173352699   0.089318835256368748  0.0012601423466071958     
3.3938941368911482   0.15147440985758738  0.0019543510505046844     
3.8787361564470264   0.33844613699637046  0.0035925720940202322     
4.3635781760029051   1.2143576073572119  0.010816479850410155     
4.8484201955587833   110.65274379581866  0.093441551029919292     
5.3332622151146616   2.4942812397810323  0.10174661661874986     
5.8181042346705398   0.61022133254310056  0.016442631337761592     
6.3029462542264181   0.29826294405834609  0.0078151334929159497     
6.7877882737822963   0.19971979495037145  0.005186947005408314     
7.2726302933381746   0.15902577655394513  0.0037008163335880377     
7.7574723128940528   0.1460962158642665  0.0026927449944970668     
8.2423143324499311   0.1556056859612557  0.0021823481720042015     
8.7271563520058102   0.21063516517925491  0.00075270364452047085     
9.2119983715616875   0.39167164672051933  0.0015862996023540303     
9.6968403911175667   5.8926831750989018  0.022844058276355621     
10.181682410673444   0.50435582884276595  0.073261846211697015     
10.666524430229323   0.066161015962792664  0.011401638336870133     
11.151366449785201   0.041512746504151966  0.0093598433005506628     
11.63620846934108   0.04384782128833573  0.0089229233106728047     
12.121050488896957   0.059263051441409764  0.009448644353942795     
12.605892508452836   0.090449089276318202  0.010558087992723744     
13.090734528008714   0.16404685158154795  0.012905911031596027     
13.575576547564593   0.36065781908946528  0.017464310404793063     
14.06041856712047   1.2474360302368613  0.029800263433507853     
14.545260586676349   21.19038259116006  0.15999679375620831     
15.030102606232226   9.5700350060608669  0.052381282909741699     
15.514944625788106   1.8919916231919336  0.015400995072212232     
15.999786645343985   0.95860554724098742  0.0048265880867936692     
16.484628664899862   0.7645775468342992  0.0036236490977670939     
16.969470684455739   0.73945263844928195  0.0047316299900902912     
17.45431270401162   0.85980658509367458  0.0050951160123273703     
17.939154723567498   1.1892436235904416  0.011763981775160463     
18.423996743123375   2.1094304002882213  0.024033752063295696     
18.908838762679252   5.3807633683646716  0.070201558695972355     
19.393680782235133   48.971878583341217  0.60016189315075541     
19.878522801791011   54.177635780296335  0.38387918848770163     
20.363364821346888   6.6144418694869733  0.1756793505793233     
20.848206840902765   2.5020067926839643  0.024453460533066756     
21.333048860458646   1.6095538313614048  0.0091304408159170761     
21.817890880014524   1.3045204036862878  0.0068138024123384939     
22.302732899570401   1.2613827723930189  0.0061524369213162366     
22.787574919126278   1.4456587611037876  0.010028770270891476     
23.272416938682159   2.1910692323853704  0.021091120010033256     
23.757258958238037   4.5037318219145095  0.067911965806251917     
24.242100977793914   27.571401030864053  0.52094794934083926     
24.726942997349795   78.418438372956182  0.85394752238001104     
25.211785016905672   5.9529151282695715  0.50247908647480447     
25.69662703646155   1.7212807890242166  0.042909688541901736     
26.181469056017427   0.95994853220677753  0.020735164902427922     
26.666311075573308   0.69832657625898132  0.011820917119018881     
27.151153095129185   0.6012186653230855  0.0024245833970820793     
27.635995114685063   0.53186435543538896  0.0076727151251506398     
28.12083713424094   0.66624319341399574  0.0099767900193695804     
28.605679153796821   1.0223866711244107  0.021505219053330591     
29.090521173352698   4.3104895866321947  0.11157238623786234     
29.575363192908576   31.699170282205308  0.46967907156412111     
30.060205212464453   1.2782875205263355  0.21785947307163774     
30.545047232020334   0.49925344293430749  0.15360006760149501     
31.029889251576211   0.1765933845320446  0.024252943690567579     
31.514731271132089   0.11111779722080269  0.0097825485751739884     
31.99957329068797   0.086325054133168198  0.0070089487679363441     
32.484415310243847   0.080059178484133557  0.0056189812576025409     
32.969257329799724   0.090769874725918906  0.0049456783912293643     
33.454099349355602   0.092965959131031581  0.0048170642191685021     
33.938941368911479   0.12709680263522558  0.0055961054854923843     
34.423783388467356   1.5300441851513182  0.020304547797828012     
34.908625408023241   0.14500727087746765  0.0064410659340822914     
35.393467427579118   0.27909327347209834  0.10931577414793925     
35.878309447134995   0.12544099761142677  0.0019526053900943711     
36.363151466690873   0.22328043009544642  0.0036407950904297317     
36.84799348624675   0.86400800827011258  0.031107622787782515     
37.332835505802628   0.16955935649768312  0.001426946635111487     
37.817677525358505   0.18774260803503428  0.0023032460000736071     
38.302519544914382   0.313273401207487  0.0048782379810322185     
38.787361564470267   1.1356931922942763  0.027934062959036375     
39.272203584026144   59.009517297089364  1.0745313687976471     
39.757045603582021   1.5431879094944072  0.067997197670072431     
40.241887623137899   0.59268473223072082  0.026268970813780881     
40.726729642693776   0.34796799035178829  0.0079522767556343369     
41.211571662249654   0.54939259413437567  0.0098435369274891534     
41.696413681805531   3.8733948660884257  0.1138972489663305     
42.181255701361415   0.43297403898003377  0.0088564306468375575     
42.666097720917293   0.4749956043087913  0.0099176254828838655     
43.15093974047317   0.92980285727314524  0.018364485239380574     
43.635781760029047   2.8108768359362482  0.037381496938488385     
44.120623779584925   101.7384473521159  2.1275780838850206     
44.605465799140802   8.0208560238204264  0.25546499438349444     
45.090307818696679   1.9887622121861785  0.034509267089983454     
45.575149838252557   1.0233488999309018  0.096775142093099849     
46.059991857808441   0.80300337305693591  0.0055352431973072974     
46.544833877364319   5.0327415683444456  0.1106340740745485     
47.029675896920196   0.65689411986456369  0.0096150911517031435     
47.514517916476073   0.77002323540693738  0.0087922025181007931     
47.999359936031951   1.3601544883431605  0.014017899242283161     
48.484201955587828   3.1885973477648756  0.019747839225842897     
