1.0481009999999999   0.000579   3.7901920209345008e-05   
1.048103   0.000322   5.3847521350156458e-05   
1.0481050000000001   0.000305   3.5316033500695151e-05   
1.0481070000000001   0.000384   3.1240998703626618e-05   
1.048109   0.00035   5.6607812574276746e-05   
1.048111   0.000367   6.8573561474764699e-05   
1.0481130000000001   0.000402   4.1574564873783639e-05   
1.0481150000000001   0.000218   4.3328204824725122e-05   
1.048117   0.000299   6.1399420916559864e-05   
1.048119   0.000405   6.5714026914604262e-05   
1.0481210000000001   0.000555   7.1558057237152236e-05   
1.0481230000000001   0.000373   5.3083791206816501e-05   
1.048125   0.000372   6.5520141093322509e-05   
1.048127   0.000367   4.673922929997408e-05   
1.0481290000000001   0.000338   3.4473822596927722e-05   
1.0481309999999999   0.000285   4.4353378926776506e-05   
1.048133   0.000358   5.0460105253776693e-05   
1.048135   0.000379   5.4025714042275996e-05   
1.0481370000000001   0.000289   4.1377664398937636e-05   
1.0481389999999999   0.000308   3.7882860387134326e-05   
1.048141   0.000327   4.7634021455258216e-05   
1.048143   0.000407   4.516758916647103e-05   
1.0481450000000001   0.00042   4.5485040275775165e-05   
1.0481469999999999   0.000339   3.7931224311611374e-05   
1.048149   0.000377   6.5201397394704833e-05   
1.0481510000000001   0.000378   6.8925080099095037e-05   
1.0481530000000001   0.000321   6.3952239123340231e-05   
1.0481549999999999   0.000311   3.0127506811328857e-05   
1.048157   0.000346   4.7027178902795727e-05   
1.0481590000000001   0.000371   5.9319286726812366e-05   
1.0481610000000001   0.000308   6.5537097213037374e-05   
1.048163   0.000387   6.8767724987816777e-05   
1.048165   0.000281   3.9056938492980277e-05   
1.0481670000000001   0.000354   4.6766559752788221e-05   
1.0481690000000001   0.000284   4.0282336906722116e-05   
1.048171   0.000394   4.4126081982327766e-05   
1.048173   0.000392   7.3406024578670956e-05   
1.0481750000000001   0.000342   6.4838260309789312e-05   
1.0481770000000001   0.000404   3.7953187539974089e-05   
1.048179   0.000293   4.4298231717906453e-05   
1.048181   0.000318   5.1268357145947679e-05   
1.0481830000000001   0.000314   5.7139206232576323e-05   
1.0481849999999999   0.000311   4.5128212412586825e-05   
1.048187   0.000351   5.3425961229849046e-05   
1.048189   0.000338   5.4012344268077583e-05   
1.0481910000000001   0.000366   4.6048283838211001e-05   
1.0481929999999999   0.000328   4.2447353012617616e-05   
1.048195   0.000403   7.3485448294959126e-05   
1.048197   0.000379   5.0187426490882931e-05   
1.0481990000000001   0.000314   5.0071060615001068e-05   
1.0482009999999999   0.000251   4.0591460514086786e-05   
1.048203   0.00043   4.6998817952038846e-05   
1.0482050000000001   0.000349   5.4557818464043772e-05   
1.0482070000000001   0.000315   5.4349690789266583e-05   
1.0482089999999999   0.000274   3.0811253355443581e-05   
1.048211   0.000293   6.1174613471057856e-05   
1.0482130000000001   0.000271   3.2367679352506362e-05   
1.0482150000000001   0.000323   5.3417641696769471e-05   
1.048217   0.0004   5.4139736895473653e-05   
1.048219   0.00028   4.3256341860022226e-05   
1.0482210000000001   0.000405   6.0886962662151429e-05   
1.0482230000000001   0.000316   3.5251477510406095e-05   
1.048225   0.000344   4.3797513881751578e-05   
1.048227   0.000411   4.5690991088689099e-05   
1.0482290000000001   0.000279   3.4462540049547518e-05   
1.0482310000000001   0.000383   7.7230535124104608e-05   
1.048233   0.000338   3.6325687268867406e-05   
1.048235   0.000299   3.8135722535876167e-05   
1.0482370000000001   0.000326   4.2666666666666667e-05   
1.0482389999999999   0.0003   4.297285965195552e-05   
1.048241   0.000377   6.0773715078514366e-05   
1.048243   0.000375   5.6906355825455326e-05   
1.0482450000000001   0.000271   3.962182339177349e-05   
1.0482469999999999   0.00035   5.5136195008360887e-05   
1.048249   0.000363   4.6476995504347214e-05   
1.048251   0.000337   6.5133196860996569e-05   
1.0482530000000001   0.000351   4.8245897925799522e-05   
1.0482549999999999   0.000347   3.4190641994557517e-05   
1.048257   0.000355   4.1958974672357707e-05   
1.0482590000000001   0.000303   4.9867602486762663e-05   
1.0482610000000001   0.000373   5.3976332261876079e-05   
1.0482629999999999   0.00039   4.3614472623456336e-05   
1.048265   0.000324   5.7041894935019276e-05   
1.0482670000000001   0.000322   4.5382326466980024e-05   
1.0482690000000001   0.000297   5.0244955523470767e-05   
1.048271   0.000368   5.4666666666666667e-05   
1.048273   0.000366   6.3371918071019438e-05   
1.0482750000000001   0.000311   3.9227258096606469e-05   
1.0482770000000001   0.000288   3.9265478193672591e-05   
1.048279   0.000381   5.8146367040426524e-05   
1.048281   0.000305   3.4904631975331488e-05   
1.0482830000000001   0.00031   6.7724933862401569e-05   
1.0482850000000001   0.000301   5.9037652768758045e-05   
1.048287   0.000367   6.2539765127654759e-05   
1.048289   0.00033   4.6067583203617511e-05   
1.0482910000000001   0.00029   3.158762064128569e-05   
1.0482930000000001   0.000318   3.3757303736459101e-05   
1.048295   0.000345   5.9726227255890039e-05   
1.048297   0.000265   4.0034707164881046e-05   
1.0482990000000001   0.000389   7.8151562151160271e-05   
1.0483009999999999   0.000413   6.1101918500522096e-05   
1.048303   0.000396   6.3529520697074364e-05   
1.048305   0.000352   5.2489152318465871e-05   
1.0483070000000001   0.000329   3.6007715222651319e-05   
1.0483089999999999   0.000301   4.0618824316920953e-05   
1.048311   0.000344   6.475938370443142e-05   
1.0483130000000001   0.000359   8.7145472248036692e-05   
1.0483150000000001   0.000341   4.362593520169192e-05   
1.0483169999999999   0.000277   4.7329812075594713e-05   
1.048319   0.000361   6.2812772940258293e-05   
1.0483210000000001   0.000293   4.7353282181210347e-05   
1.0483230000000001   0.0003   5.2260033592709363e-05   
1.048325   0.000332   5.4768198396108992e-05   
1.048327   0.000389   3.8771409856003718e-05   
1.0483290000000001   0.000349   6.0451082151879906e-05   
1.0483310000000001   0.000319   3.9984719303476144e-05   
1.048333   0.000332   6.5214177054447976e-05   
1.048335   0.000337   3.9722649570350779e-05   
1.0483370000000001   0.000338   4.2838196870446253e-05   
1.0483390000000001   0.000289   4.2803167068700782e-05   
1.048341   0.000379   8.2602797907953591e-05   
1.048343   0.000252   3.5584016386886714e-05   
1.0483450000000001   0.000252   4.6135067404789217e-05   
1.0483470000000001   0.000374   6.5238025721200362e-05   
1.048349   0.000333   5.4284231391609274e-05   
1.048351   0.000331   4.7174616526734422e-05   
1.0483530000000001   0.000327   6.0773715078514366e-05   
1.0483549999999999   0.000312   6.283664889572362e-05   
1.048357   0.000253   3.2932591084753042e-05   
1.048359   0.000306   3.4357596604600335e-05   
1.0483610000000001   0.000328   5.3308327471210141e-05   
1.0483629999999999   0.000279   4.3905200906802222e-05   
1.048365   0.000253   3.2422557305404246e-05   
1.048367   0.000374   3.8186675977652496e-05   
1.0483690000000001   0.000408   5.1094683350292589e-05   
1.0483709999999999   0.000324   2.8952067667477952e-05   
1.048373   0.000288   3.4666666666666667e-05   
1.0483750000000001   0.00039   4.8027769744874336e-05   
1.0483770000000001   0.000244   3.9866443700602808e-05   
1.0483789999999999   0.000264   3.2530327730015605e-05   
1.048381   0.000368   4.6946778377222009e-05   
1.0483830000000001   0.00036   4.3741665872864665e-05   
1.0483850000000001   0.000323   4.1687994541461081e-05   
1.048387   0.000347   6.0992713590322501e-05   
1.048389   0.000397   5.3209230611071818e-05   
1.0483910000000001   0.000325   6.0941684329274071e-05   
1.0483930000000001   0.000271   3.5915023164253826e-05   
1.048395   0.000246   4.0884661617231902e-05   
1.048397   0.000361   3.4655446902326913e-05   
1.0483990000000001   0.000437   7.2265713400846832e-05   
1.0484010000000001   0.000446   3.3967304540951991e-05   
1.048403   0.000356   6.050160695753828e-05   
1.048405   0.000247   5.1554717426137532e-05   
1.0484070000000001   0.00024   3.7682887362833544e-05   
1.0484089999999999   0.000286   4.9107591628541056e-05   
1.048411   0.000249   5.2077933053368306e-05   
1.048413   0.000291   3.9873410800794166e-05   
1.0484150000000001   0.000314   3.4357596604600335e-05   
1.0484169999999999   0.000268   4.8643830258545864e-05   
1.048419   0.000323   2.5388098699106153e-05   
1.048421   0.000213   3.9329095816936572e-05   
1.0484230000000001   0.000258   2.665833203084294e-05   
1.0484249999999999   0.000352   6.0475890512941877e-05   
1.048427   0.000293   4.521676188710947e-05   
1.0484290000000001   0.000285   5.0049975024968794e-05   
1.0484310000000001   0.000271   7.0670597374957383e-05   
1.0484329999999999   0.000297   5.957348403442592e-05   
1.048435   0.000414   5.2221749406843037e-05   
1.0484370000000001   0.000343   5.6569524579150487e-05   
1.0484390000000001   0.000391   5.1455482377164308e-05   
1.048441   0.000297   3.6819378955472167e-05   
1.048443   0.000328   4.0022216052809692e-05   
1.0484450000000001   0.000327   4.6165162430367579e-05   
1.0484470000000001   0.000314   4.6408811423885635e-05   
1.048449   0.000342   3.8895872388839524e-05   
1.048451   0.000301   3.9845535090730889e-05   
1.0484530000000001   0.0004   6.3718129288295965e-05   
1.0484550000000001   0.000313   3.6272119688083665e-05   
1.048457   0.000303   5.5458693337173629e-05   
1.048459   0.000331   3.0892285984260429e-05   
1.0484610000000001   0.000269   4.4682832895369957e-05   
1.0484629999999999   0.000241   3.3314994955558509e-05   
1.048465   0.000394   3.6429536246171335e-05   
1.048467   0.000332   4.9728149863924044e-05   
1.0484690000000001   0.000417   6.9984919010376006e-05   
1.0484709999999999   0.000313   4.4323307136940442e-05   
1.048473   0.000298   4.5772383716724991e-05   
1.048475   0.00028   5.6391488719486738e-05   
1.0484770000000001   0.000315   4.1905979419542399e-05   
1.0484789999999999   0.000297   2.9213771486140649e-05   
1.048481   0.000283   4.5388446890272761e-05   
1.0484830000000001   0.000288   3.3888706739036892e-05   
1.0484850000000001   0.000343   4.7773772441930241e-05   
1.0484869999999999   0.000326   2.9408993333483703e-05   
1.048489   0.000411   4.6510452827533535e-05   
1.0484910000000001   0.000284   4.8194052191807514e-05   
1.0484930000000001   0.000287   3.5809682117177937e-05   
1.048495   0.000292   4.3939352142090883e-05   
1.048497   0.000342   4.9369356217529648e-05   
1.0484990000000001   0.000245   3.6855573979159968e-05   
1.0485010000000001   0.000277   3.8931563886731633e-05   
1.048503   0.000355   4.9961095975880184e-05   
1.048505   0.000474   8.1801928800949159e-05   
1.0485070000000001   0.000375   5.4165384600212052e-05   
1.0485090000000001   0.000321   3.5822091259755093e-05   
1.048511   0.000347   3.4706707645000779e-05   
1.048513   0.000318   4.0160787951544089e-05   
1.0485150000000001   0.000255   4.5661800227323495e-05   
1.0485169999999999   0.000347   7.2265713400846832e-05   
1.048519   0.000243   4.4697750378390285e-05   
1.048521   0.000346   2.9970355723985363e-05   
1.0485230000000001   0.000262   3.0976693747970514e-05   
1.0485249999999999   0.00027   2.3428377854407438e-05   
1.048527   0.000399   3.9255572852781043e-05   
1.048529   0.000316   4.4751163858235762e-05   
1.0485310000000001   0.000215   4.3108390521258542e-05   
1.0485329999999999   0.000275   4.5952874411364809e-05   
1.048535   0.000266   5.0644732094156534e-05   
1.0485370000000001   0.00025   3.0840089349921007e-05   
1.0485390000000001   0.00032   3.921450978627398e-05   
1.0485409999999999   0.000335   5.7970298908626955e-05   
1.048543   0.00036   6.7048904208462315e-05   
1.0485450000000001   0.000223   4.3996211958152337e-05   
1.0485470000000001   0.000299   4.5447161016332411e-05   
1.048549   0.000303   4.6117000962527667e-05   
1.048551   0.000325   3.5126754602281277e-05   
1.0485530000000001   0.000261   3.9283867200445302e-05   
1.0485550000000001   0.000242   3.4698703145794945e-05   
1.048557   0.00024   2.4129281427805143e-05   
1.048559   0.000327   7.3364387364260961e-05   
1.0485610000000001   0.000304   4.5951665427441861e-05   
1.0485630000000001   0.000309   5.7512317521263796e-05   
1.048565   0.000279   3.6921839366724706e-05   
1.048567   0.000311   4.4283179650969057e-05   
1.0485690000000001   0.000376   2.9597297173897484e-05   
1.0485710000000001   0.000326   5.0929144679424745e-05   
1.048573   0.00026   2.943920288775949e-05   
1.048575   0.000289   5.5084783137753509e-05   
1.0485770000000001   0.000344   5.2476449744411805e-05   
1.0485789999999999   0.000256   5.8237063418029206e-05   
1.048581   0.000248   3.4149995932975193e-05   
1.048583   0.000312   5.7053581054225782e-05   
1.0485850000000001   0.000327   4.3692104549906955e-05   
1.0485869999999999   0.000376   4.9781745873585252e-05   
1.048589   0.000289   3.7221558866394143e-05   
1.0485910000000001   0.000229   2.2233608194203057e-05   
1.0485930000000001   0.000345   3.8908725099762507e-05   
1.0485949999999999   0.0003   3.2041639575194442e-05   
1.048597   0.000361   5.1928369467522813e-05   
1.0485990000000001   0.000257   3.4190641994557517e-05   
1.0486010000000001   0.000229   2.934280150224242e-05   
1.048603   0.000262   4.1171727084385361e-05   
1.048605   0.000226   2.9295430056959775e-05   
1.0486070000000001   0.000269   3.5510561809129407e-05   
1.0486090000000001   0.000295   2.6383917660406521e-05   
1.048611   0.000248   5.2910826449371924e-05   
1.048613   0.000242   2.1540659228538016e-05   
1.0486150000000001   0.000308   3.4182516648784718e-05   
1.0486170000000001   0.000274   4.1290300179205393e-05   
1.048619   0.000299   4.9067980054885759e-05   
1.048621   0.000295   2.6341770800173797e-05   
1.0486230000000001   0.000229   3.3942762278740826e-05   
1.0486250000000001   0.000286   3.2530327730015605e-05   
1.048627   0.0003   5.1380930314660516e-05   
1.048629   0.000304   4.5514344503195425e-05   
1.0486310000000001   0.00022   4.5289194198076776e-05   
1.0486329999999999   0.000268   3.9322032274823007e-05   
1.048635   0.000255   3.6155528238738571e-05   
1.048637   0.000353   4.1874150074293382e-05   
1.0486390000000001   0.000309   3.2912341487992346e-05   
1.0486409999999999   0.000284   7.4836117245915721e-05   
1.048643   0.000353   3.8356514729863325e-05   
1.048645   0.000253   4.0498285286060089e-05   
1.0486470000000001   0.000354   4.1155531557468405e-05   
1.0486489999999999   0.000378   8.0412823742374712e-05   
1.048651   0.00027   4.1793141383086611e-05   
1.0486530000000001   0.000349   4.4132376626085601e-05   
1.0486550000000001   0.000248   4.3532873912838687e-05   
1.048657   0.000266   4.0116497022214357e-05   
1.048659   0.000253   4.4722601792730162e-05   
1.0486610000000001   0.00031   4.5801504099513782e-05   
1.0486630000000001   0.000338   3.1333333333333333e-05   
1.048665   0.000343   6.0590611667338548e-05   
1.048667   0.000277   4.1847607126599511e-05   
1.0486690000000001   0.00035   3.4253953543107011e-05   
1.0486710000000001   0.000389   5.5846018459490716e-05   
1.048673   0.000364   5.321236280748634e-05   
1.048675   0.000355   6.4035580387434262e-05   
1.0486770000000001   0.000268   2.1018510360579262e-05   
1.0486790000000001   0.000236   4.3107101760872561e-05   
1.048681   0.000373   3.3401596768218532e-05   
1.048683   0.000226   2.7170245163086442e-05   
1.0486850000000001   0.000263   4.2896516305069706e-05   
1.0486869999999999   0.000273   3.5372619668639503e-05   
1.048689   0.000179   3.500634863056192e-05   
1.048691   0.000293   6.02596234822474e-05   
1.0486930000000001   0.000243   4.5851208635469287e-05   
1.0486949999999999   0.000324   6.3913135495677951e-05   
1.048697   0.000226   4.9310805667272924e-05   
1.048699   0.000348   6.0933479212079207e-05   
1.0487010000000001   0.00025   3.7741812945915097e-05   
1.0487029999999999   0.000381   6.8320323964883734e-05   
1.048705   0.000352   5.2446798440578493e-05   
1.0487070000000001   0.000367   7.1601520778386947e-05   
1.0487090000000001   0.000249   3.9649856381973329e-05   
1.0487109999999999   0.000252   2.7357712704910921e-05   
1.048713   0.000262   3.147485769096767e-05   
1.0487150000000001   0.000264   4.4075692469508255e-05   
1.0487170000000001   0.000314   3.618471132029843e-05   
1.048719   0.000249   4.1350802759908893e-05   
1.048721   0.000273   4.3025832034049292e-05   
1.0487230000000001   0.000349   4.909061915365184e-05   
1.0487250000000001   0.000301   3.2161053050752759e-05   
1.048727   0.000369   3.6861603027781873e-05   
1.048729   0.000345   3.131382371342656e-05   
1.0487310000000001   0.00041   7.9972217398016141e-05   
1.0487330000000001   0.000285   2.3297591673342071e-05   
1.048735   0.000313   4.2006613235960306e-05   
1.048737   0.000319   5.082540921844331e-05   
1.0487390000000001   0.000366   5.3793845166317845e-05   
1.0487409999999999   0.000244   3.8878728831528887e-05   
1.048743   0.000281   5.1195702944680816e-05   
1.048745   0.000336   5.6099118630430471e-05   
1.0487470000000001   0.000277   3.2932591084753042e-05   
1.0487489999999999   0.000326   5.2476449744411805e-05   
1.048751   0.000246   3.5938218591849479e-05   
1.048753   0.000292   4.1494310185587828e-05   
1.0487550000000001   0.000267   5.2303600895795565e-05   
1.0487569999999999   0.000256   4.2195313062524426e-05   
1.048759   0.000285   4.8881943951160989e-05   
1.0487610000000001   0.000303   4.5802717047014677e-05   
1.0487630000000001   0.000361   4.2777200573306441e-05   
1.0487649999999999   0.000329   4.4308263588434858e-05   
1.048767   0.000305   6.4174241977084025e-05   
1.0487690000000001   0.000361   5.2987419890636935e-05   
1.0487710000000001   0.000215   4.308260798873614e-05   
1.048773   0.000296   6.3090763543045225e-05   
1.048775   0.000229   4.5617978911828174e-05   
1.0487770000000001   0.00033   5.1445764321921262e-05   
1.0487790000000001   0.000304   6.4982048803240012e-05   
1.048781   0.00027   4.751607914988123e-05   
1.048783   0.00036   5.2493385826745407e-05   
1.0487850000000001   0.000238   4.3711173247428016e-05   
1.0487870000000001   0.000321   3.5164691887681251e-05   
1.048789   0.000254   4.2588470009825168e-05   
1.048791   0.000278   5.282676089508675e-05   
1.0487930000000001   0.000278   4.9862031870173745e-05   
1.0487949999999999   0.000289   3.7901920209345008e-05   
1.048797   0.000285   4.7685311039028454e-05   
1.048799   0.000228   4.1009483997945863e-05   
1.0488010000000001   0.000268   4.8069394282294287e-05   
1.0488029999999999   0.000307   5.6530227902129199e-05   
1.048805   0.000259   3.3314994955558509e-05   
1.048807   0.00033   5.4670731556189084e-05   
1.0488090000000001   0.000329   3.9085376634576091e-05   
1.0488109999999999   0.000254   4.0144184579532258e-05   
1.048813   0.000225   2.6002136664341858e-05   
1.0488150000000001   0.000359   5.1260771225827911e-05   
1.0488170000000001   0.000255   3.7925365302569379e-05   
1.0488189999999999   0.000275   2.8567658481421104e-05   
1.048821   0.000215   3.5722697422102815e-05   
1.0488230000000001   0.000266   3.9530578880996249e-05   
1.0488250000000001   0.000263   3.1093050313177345e-05   
1.048827   0.000265   4.3849490051513459e-05   
1.048829   0.000351   4.8772715505472707e-05   
1.0488310000000001   0.000284   5.0841802573166983e-05   
1.0488330000000001   0.00029   5.7271284253105413e-05   
1.048835   0.000288   4.9301791718624858e-05   
1.048837   0.00033   2.8284271247461901e-05   
1.0488390000000001   0.000321   3.1953090617340915e-05   
1.0488410000000001   0.000318   5.561374730126436e-05   
1.048843   0.000284   6.2042995844279903e-05   
1.048845   0.000322   4.3199794238193105e-05   
1.0488470000000001   0.000302   6.5824682975984692e-05   
1.0488490000000001   0.000283   4.5851208635469287e-05   
1.048851   0.000293   6.2539765127654759e-05   
1.048853   0.000286   5.770037550426629e-05   
1.0488550000000001   0.000305   4.5661800227323495e-05   
1.0488569999999999   0.000283   5.1554717426137532e-05   
1.048859   0.000298   5.9456800377342129e-05   
1.048861   0.000269   4.4458470009161984e-05   
1.0488630000000001   0.00023   3.0331501776206202e-05   
1.0488649999999999   0.000282   4.4939465456940579e-05   
1.048867   0.000312   4.146752410689063e-05   
1.0488690000000001   0.000232   4.3583891009816408e-05   
1.0488710000000001   0.000278   4.2211109648737947e-05   
1.0488729999999999   0.000226   2.7736858750286294e-05   
1.048875   0.000322   5.8628775642455074e-05   
1.0488770000000001   0.000347   3.4866411726282742e-05   
1.0488790000000001   0.000348   5.2106728079117682e-05   
1.048881   0.00026   4.6595183346684141e-05   
1.048883   0.000332   3.2991581417756325e-05   
1.0488850000000001   0.000268   3.3293309304490061e-05   
1.0488870000000001   0.000195   3.8506853646822117e-05   
1.048889   0.000301   3.3547644394866899e-05   
1.048891   0.000316   4.0447496832313369e-05   
1.0488930000000001   0.000225   3.2257643366426438e-05   
1.0488950000000001   0.000304   6.6636659913627457e-05   
1.048897   0.000274   3.3206425081099391e-05   
1.048899   0.000194   2.0773915267843844e-05   
1.0489010000000001   0.000323   6.9170481822490983e-05   
1.0489030000000001   0.000258   2.572504184209965e-05   
1.048905   0.000274   5.2029905930254296e-05   
1.048907   0.000334   4.7777260979117113e-05   
1.0489090000000001   0.000338   3.5584016386886714e-05   
1.0489109999999999   0.000317   6.2664007035759992e-05   
1.048913   0.000328   5.4930258813638711e-05   
1.048915   0.000211   4.67249635871685e-05   
1.0489170000000001   0.000253   3.7919505388241668e-05   
1.0489189999999999   0.000286   4.2718718249602116e-05   
1.048921   0.000253   3.9806476301671761e-05   
1.048923   0.000237   2.3430749027719963e-05   
1.0489250000000001   0.000207   3.1271215020988374e-05   
1.0489269999999999   0.000219   2.9228981051917176e-05   
1.048929   0.000212   2.8859814429217817e-05   
1.0489310000000001   0.00023   1.5776212754932309e-05   
1.0489330000000001   0.000296   6.3371918071019438e-05   
1.048935   0.000269   5.1043554386861075e-05   
1.048937   0.000174   2.2221111083331944e-05   
1.0489390000000001   0.000296   2.4684678108764824e-05   
1.0489410000000001   0.000212   3.752924785343352e-05   
1.048943   0.000263   3.7418058622957861e-05   
1.048945   0.00029   3.8035071534922432e-05   
1.0489470000000001   0.00023   4.2400209643087589e-05   
1.0489490000000001   0.000352   3.2173142698703077e-05   
1.048951   0.000269   3.209188197798454e-05   
1.048953   0.000269   2.0893911925619758e-05   
1.0489550000000001   0.000235   3.9051248379533272e-05   
1.0489570000000001   0.000242   2.8511206373790796e-05   
1.048959   0.000305   3.8822959987901775e-05   
1.048961   0.000328   5.1203298504859799e-05   
1.0489630000000001   0.000275   4.4001262608146952e-05   
1.0489649999999999   0.000258   2.7398296784046023e-05   
1.048967   0.000259   2.5623340054636818e-05   
1.048969   0.000281   3.6314980074038011e-05   
1.0489710000000001   0.000306   3.3704599092705435e-05   
1.0489729999999999   0.000279   3.8742741255621033e-05   
1.048975   0.000305   6.024487068991388e-05   
1.048977   0.000231   4.0206411871187356e-05   
1.0489790000000001   0.000347   6.1914816033357028e-05   
1.0489809999999999   0.000307   3.9159219150085774e-05   
1.048983   0.000255   3.7660766499546094e-05   
1.0489850000000001   0.000241   5.0584362976890178e-05   
1.0489870000000001   0.000318   5.5293158105983902e-05   
1.0489889999999999   0.000263   5.6471231613981999e-05   
1.048991   0.000286   3.8534256044315802e-05   
1.0489930000000001   0.000236   5.3731844478959692e-05   
1.0489950000000001   0.000243   5.5638715537534353e-05   
1.048997   0.000273   5.046560985243097e-05   
1.048999   0.000275   3.4681086744474686e-05   
1.0490010000000001   0.000347   3.9666666666666667e-05   
1.0490030000000001   0.000254   2.9747082023097474e-05   
1.049005   0.000285   5.066776314603026e-05   
1.049007   0.000291   3.9929103838344949e-05   
1.0490090000000001   0.000342   5.0017774618407183e-05   
1.0490110000000001   0.000366   3.2461943530506268e-05   
1.049013   0.000268   4.2052876767760424e-05   
1.049015   0.000206   3.6642416223096788e-05   
1.0490170000000001   0.000223   3.3633647173956948e-05   
1.0490189999999999   0.00027   5.0221730577731212e-05   
1.049021   0.000216   2.9634814361190492e-05   
1.049023   0.000284   5.4674796143500465e-05   
1.0490250000000001   0.000308   4.0160787951544089e-05   
1.0490269999999999   0.000271   3.6589312343603532e-05   
1.049029   0.000262   5.2868810381084906e-05   
1.049031   0.00023   4.5338235029118144e-05   
1.0490330000000001   0.000209   2.934280150224242e-05   
1.0490349999999999   0.000303   6.5081999559530027e-05   
1.049037   0.000282   3.158058475287203e-05   
1.0490390000000001   0.000199   3.2538865649831399e-05   
1.0490410000000001   0.000217   3.5654203429921446e-05   
1.0490429999999999   0.000233   3.7654865407924231e-05   
1.049045   0.000294   5.1081634011974728e-05   
1.0490470000000001   0.000243   2.8946310453819307e-05   
1.0490490000000001   0.000235   5.9446521251364145e-05   
1.049051   0.000219   4.2307078472625463e-05   
1.049053   0.0002   3.1832897030168859e-05   
1.0490550000000001   0.000227   4.208589101138554e-05   
1.0490570000000001   0.000264   4.2614551505325033e-05   
1.049059   0.000231   3.8828683555673976e-05   
1.049061   0.00018   3.109126351029605e-05   
1.0490630000000001   0.00027   4.5338235029118144e-05   
1.0490650000000001   0.000223   5.3583786934316449e-05   
1.049067   0.000252   5.4646337683528456e-05   
1.049069   0.000314   4.5903279960272023e-05   
1.0490710000000001   0.000244   2.7696770770454651e-05   
1.0490729999999999   0.000284   2.3532483459630388e-05   
1.049075   0.000235   3.4713109915419563e-05   
1.049077   0.000231   4.2621069385405566e-05   
1.0490790000000001   0.000296   4.0721274810867872e-05   
1.0490809999999999   0.000327   6.148260820029605e-05   
1.049083   0.000257   3.3e-05   
1.049085   0.00024   2.7365834335698389e-05   
1.0490870000000001   0.000183   3.7507036376895706e-05   
1.0490889999999999   0.000268   5.1527770290505596e-05   
1.049091   0.000324   5.0512924638705642e-05   
1.0490930000000001   0.000255   4.6362101380809352e-05   
1.0490950000000001   0.000264   3.618471132029843e-05   
1.0490969999999999   0.000298   4.0628397293846907e-05   
1.049099   0.0002   4.6236109025065872e-05   
