1.2503500000000001   0   0   
1.25105   0   0   
1.2517499999999999   0   0   
1.2524500000000001   0   0   
1.25315   0   0   
1.2538499999999999   0   0   
1.2545500000000001   0   0   
1.25525   0   0   
1.2559499999999999   0   0   
1.25665   0   0   
1.25735   0   0   
1.2580499999999999   0   0   
1.25875   0   0   
1.25945   0   0   
1.2601500000000001   8e-06   5.3333333333333333e-06   
1.26085   0   0   
1.2615499999999999   0   0   
1.2622500000000001   0   0   
1.26295   8e-06   5.3333333333333333e-06   
1.2636499999999999   4e-06   4e-06   
1.2643500000000001   0   0   
1.26505   0   0   
1.2657499999999999   1.2e-05   6.1101009266077867e-06   
1.2664500000000001   1.2e-05   6.1101009266077867e-06   
1.26715   4e-06   4e-06   
1.2678499999999999   2e-05   8.9442719099991588e-06   
1.2685500000000001   8e-06   5.3333333333333333e-06   
1.26925   0   0   
1.2699499999999999   8e-06   5.3333333333333333e-06   
1.2706500000000001   1.6e-05   1.0666666666666667e-05   
1.27135   1.6e-05   8.8443327742810663e-06   
1.2720499999999999   1.6e-05   6.5319726474218083e-06   
1.27275   2.8e-05   1.2e-05   
1.27345   1.6e-05   6.5319726474218083e-06   
1.2741499999999999   4.8e-05   1.3063945294843617e-05   
1.27485   4e-05   1.6865480854231356e-05   
1.27555   4.4e-05   7.1802197428460054e-06   
1.2762500000000001   5.2e-05   1.4666666666666667e-05   
1.27695   4e-05   1.3333333333333333e-05   
1.27765   5.2e-05   1.5832456116050556e-05   
1.2783500000000001   5.6e-05   1.0666666666666667e-05   
1.27905   6.8e-05   1.2e-05   
1.2797499999999999   9.6e-05   2.4e-05   
1.2804500000000001   7.2e-05   2.3701851779508237e-05   
1.28115   0.000104   3.0521395046025592e-05   
1.2818499999999999   0.000132   2.8e-05   
1.2825500000000001   0.000168   2.9694743268426784e-05   
1.28325   0.00016   2.065591117977289e-05   
1.2839499999999999   0.000132   2.2350739485653614e-05   
1.2846500000000001   0.000184   2.6799668322989041e-05   
1.28535   0.000228   2.8e-05   
1.2860499999999999   0.000232   1.8666666666666667e-05   
1.2867500000000001   0.000296   1.9043809142780933e-05   
1.28745   0.000336   4.139779919002673e-05   
1.2881499999999999   0.00038   3.1126980079810005e-05   
1.2888500000000001   0.000444   3.3967304540951991e-05   
1.28955   0.00046   5.1725772643388862e-05   
1.2902499999999999   0.000512   4.249967320135794e-05   
1.29095   0.000608   3.2e-05   
1.29165   0.000744   6.086779845607108e-05   
1.2923499999999999   0.00078   5.6647055429994672e-05   
1.29305   0.000808   6.7144950997408915e-05   
1.29375   0.000872   7.792874237974644e-05   
1.2944500000000001   0.001036   6.6786558860630366e-05   
1.29515   0.001224   6.7250774468898622e-05   
1.2958499999999999   0.0013   8.6871552689396928e-05   
1.2965500000000001   0.001404   6.914075819980892e-05   
1.29725   0.001528   7.4904383494336743e-05   
1.2979499999999999   0.001836   9.1496205142921395e-05   
1.2986500000000001   0.002032   0.00012632233901148812   
1.29935   0.00222   9.7113907918027432e-05   
1.3000499999999999   0.00244   0.00012620970203945848   
1.3007500000000001   0.00258   0.0001336329965905793   
1.30145   0.003292   8.412688828985257e-05   
1.3021499999999999   0.003344   8.5831877010299099e-05   
1.3028500000000001   0.003588   0.00012437220125270938   
1.30355   0.003904   0.00014620533505997652   
1.3042499999999999   0.004556   8.6912471934572069e-05   
1.3049500000000001   0.00512   0.00011392004993756708   
1.30565   0.005376   0.00024536231712850013   
1.3063499999999999   0.006232   0.00022261476441003039   
1.30705   0.006556   0.00017863183740121281   
1.30775   0.007376   0.00018706623901115289   
1.3084500000000001   0.008508   0.0002593701773313364   
1.30915   0.009164   0.00014550448637604118   
1.30985   0.009784   0.00024666306303673979   
1.3105500000000001   0.01126   0.00020493901531919196   
1.31125   0.011684   0.00017562080362720889   
1.3119499999999999   0.013208   0.00012799999999999999   
1.3126500000000001   0.014316   0.0002131207273928194   
1.31335   0.015612   0.00030672753019215242   
1.3140499999999999   0.017204   0.00023720221096964693   
1.3147500000000001   0.01876   0.00019668361508891493   
1.31545   0.020756   0.0003472021505309743   
1.3161499999999999   0.022076   0.00027766966785092757   
1.3168500000000001   0.024496   0.00031755734390290308   
1.31755   0.026644   0.00029727353658803126   
1.3182499999999999   0.028704   0.00043036728500200848   
1.3189500000000001   0.031988   0.00044721558311152101   
1.31965   0.034828   0.00032828442952212444   
1.3203499999999999   0.0378   0.00050452177576614293   
1.3210500000000001   0.041212   0.000573334883718834   
1.32175   0.044624   0.0003923807674525685   
1.3224499999999999   0.048436   0.00052518610458050438   
1.32315   0.052964   0.00054253561071038355   
1.32385   0.057572   0.0004392741487701931   
1.3245499999999999   0.061916   0.00060007258820172004   
1.32525   0.066504   0.00071906606094294279   
1.32595   0.07182   0.0008826878144495809   
1.3266499999999999   0.078468   0.00049239731021920812   
1.32735   0.085024   0.00077785345663563133   
1.32805   0.092004   0.00047281473938296147   
1.3287500000000001   0.09922   0.00054852529567924218   
1.32945   0.107156   0.00046550140231319989   
1.3301499999999999   0.114892   0.00090631463754163324   
1.3308500000000001   0.123684   0.00065192910316656026   
1.33155   0.134084   0.00053686994079882444   
1.3322499999999999   0.1432   0.00079173508476285455   
1.3329500000000001   0.153836   0.0007200358015790297   
1.33365   0.16538   0.00099360175344271839   
1.3343499999999999   0.178808   0.00098252825800471411   
1.3350500000000001   0.192212   0.00082060248869013532   
1.33575   0.2035   0.00054465483463280589   
1.3364499999999999   0.217376   0.0012996710694975438   
1.3371500000000001   0.234968   0.00095942204824918782   
1.33785   0.252268   0.00080295122309307494   
1.3385499999999999   0.269248   0.0012087209033611614   
1.3392500000000001   0.28822   0.0009709422685664108   
1.33995   0.306036   0.001176502538128253   
1.3406499999999999   0.326244   0.0017619529568697972   
1.34135   0.3503   0.00096264912264715225   
1.34205   0.37098   0.0013341097739275008   
1.3427500000000001   0.397232   0.0011712223434420032   
1.34345   0.42186   0.0011076020143635626   
1.34415   0.447376   0.0015346104826089694   
1.3448500000000001   0.478376   0.0014888886235489006   
1.34555   0.508304   0.001505358724320846   
1.3462499999999999   0.537908   0.0019195281827689972   
1.3469500000000001   0.573036   0.00090963142719088883   
1.34765   0.604588   0.0014321396579942914   
1.3483499999999999   0.641192   0.0018047620957406602   
1.3490500000000001   0.682716   0.0026691418512739655   
1.34975   0.720692   0.0013539611023462474   
1.3504499999999999   0.76518   0.0021462049192832325   
1.3511500000000001   0.803344   0.0018982396523563001   
1.35185   0.851116   0.002019367997941708   
1.3525499999999999   0.894288   0.0012439192542569267   
1.3532500000000001   0.94158   0.0017287760603000776   
1.35395   0.99706   0.0028903102486296062   
1.3546499999999999   1.05144   0.0024056673825688319   
1.3553500000000001   1.107924   0.0017334507652528033   
1.35605   1.165516   0.0023661122355271156   
1.3567499999999999   1.227516   0.002584847814131851   
1.35745   1.289864   0.0022031912208329865   
1.35815   1.355772   0.0011882394072277193   
1.3588499999999999   1.4173   0.0025423715962332005   
1.35955   1.492556   0.0025259291799696627   
1.36025   1.563532   0.0022571411613415272   
1.3609499999999999   1.638164   0.0030175218677289188   
1.36165   1.7155   0.0030579135951749149   
1.3623499999999999   1.794176   0.0025516474852316099   
1.3630500000000001   1.876252   0.0029241313240003443   
1.36375   1.961676   0.0035835746275347943   
1.3644499999999999   2.051264   0.0042546505797251395   
1.3651500000000001   2.141596   0.0033780649293148098   
1.36585   2.234696   0.002492386272898579   
1.3665499999999999   2.332304   0.0045526654463804658   
1.3672500000000001   2.427132   0.0043560106111492   
1.36795   2.527564   0.0018327533628093916   
1.3686499999999999   2.63018   0.0037202449142794703   
1.3693500000000001   2.7361   0.0055704019404148565   
1.37005   2.843616   0.0028845840062111033   
1.3707499999999999   2.962456   0.0047575650167800009   
1.3714500000000001   3.07492   0.0040140818792512482   
1.37215   3.19418   0.0041552633290001731   
1.3728499999999999   3.307736   0.0050419721009409374   
1.37355   3.438704   0.0029735318319392224   
1.37425   3.560012   0.0059583623402557257   
1.3749500000000001   3.679152   0.0053293011424263535   
1.37565   3.811252   0.0042491977804966431   
1.37635   3.945732   0.0050118474748450758   
1.3770500000000001   4.069156   0.0049023946982855115   
1.37775   4.205884   0.0030443328771122253   
1.37845   4.348764   0.0053671642005397358   
1.3791500000000001   4.482748   0.0058741408449803241   
1.37985   4.62912   0.0038288820532601979   
1.3805499999999999   4.76472   0.0038993013619251051   
1.3812500000000001   4.918396   0.0070440050476352452   
1.38195   5.062088   0.006687260990536815   
1.3826499999999999   5.205836   0.0056250659650453394   
1.3833500000000001   5.352972   0.0071679807787440563   
1.38405   5.500108   0.0072960288742119057   
1.3847499999999999   5.663948   0.0051335447575508667   
1.3854500000000001   5.806492   0.0051643359904466837   
1.38615   5.965084   0.0057040506464948755   
1.3868499999999999   6.122252   0.0056315115002792564   
1.3875500000000001   6.273832   0.0059268722873966433   
1.38825   6.423468   0.0061810665746293216   
1.3889499999999999   6.5812   0.0052321467869318855   
1.3896500000000001   6.72718   0.0044983404347233205   
1.39035   6.886616   0.009301011080044553   
1.3910499999999999   7.033412   0.0097611876326602803   
1.39175   7.202716   0.0052801328266120813   
1.39245   7.3395   0.007884134842975663   
1.3931499999999999   7.500692   0.0057431390564935056   
1.39385   7.651988   0.006554425951641744   
1.39455   7.802956   0.0061024860507829674   
1.3952499999999999   7.957072   0.0060084704653792629   
1.39595   8.093476   0.0062774161705098899   
1.3966499999999999   8.237348   0.0068480603579894737   
1.3973500000000001   8.383432   0.0071515351576505227   
1.39805   8.532968   0.0065771991337077282   
1.3987499999999999   8.67738   0.0058385789747544801   
1.3994500000000001   8.803484   0.0041149848656396657   
1.40015   8.948664   0.0064725394638511384   
1.4008499999999999   9.061208   0.0073811382440500239   
1.4015500000000001   9.207812   0.0061308141203087608   
1.40225   9.3394   0.0070863875768186357   
1.4029499999999999   9.453244   0.0099549232041238147   
1.4036500000000001   9.567108   0.0087132125469823295   
1.40435   9.699688   0.0080550700114206748   
1.4050499999999999   9.8204   0.00671810026057305   
1.4057500000000001   9.914204   0.0059937996110793989   
1.40645   10.022036   0.0092126202328955311   
1.4071500000000001   10.12786   0.0074026043465196886   
1.40785   10.232888   0.0054319378166953966   
1.40855   10.3195   0.0039409564546920726   
1.4092500000000001   10.40536   0.0089413456605940351   
1.40995   10.4901   0.0067403165108672073   
1.41065   10.569836   0.0054915060067545708   
1.4113500000000001   10.655408   0.0024921765587533384   
1.41205   10.727084   0.0060552462469425525   
1.41275   10.786144   0.0056638618941104665   
1.4134500000000001   10.852216   0.0079946364242255402   
1.41415   10.906804   0.0090404315531209977   
1.4148499999999999   10.96488   0.0091020622815808971   
1.4155500000000001   11.02074   0.0090458943418793594   
1.41625   11.060928   0.0080097069997735334   
1.4169499999999999   11.092392   0.0053818519736859205   
1.4176500000000001   11.111648   0.0056358307679028604   
1.41835   11.140984   0.0052798154849916476   
1.4190499999999999   11.164312   0.0039927347353246478   
1.4197500000000001   11.198256   0.0046198728217226409   
1.42045   11.185492   0.0076683037092813352   
1.4211499999999999   11.17884   0.0063488875666005165   
1.4218500000000001   11.19456   0.007578540463410862   
1.42255   11.178336   0.0045810865280823664   
1.4232499999999999   11.188464   0.005161871150830753   
1.42395   11.143612   0.007170066294440256   
1.42465   11.126412   0.0052587756919061509   
1.4253499999999999   11.110248   0.0066702758230491603   
1.42605   11.072704   0.0063284281355378134   
1.42675   11.053512   0.0083384534670537798   
1.4274499999999999   11.014224   0.0081013276278235235   
1.42815   10.959532   0.0058109966251734404   
1.42885   10.906464   0.0031144920042346749   
1.4295499999999999   10.848928   0.0083175248455028571   
1.43025   10.804616   0.005284493710638601   
1.4309499999999999   10.720828   0.0060996467657288677   
1.4316500000000001   10.660716   0.0063358828552583585   
1.43235   10.595968   0.0058373290695889811   
1.4330499999999999   10.498144   0.009912664312775621   
1.4337500000000001   10.4345   0.0062020018273673233   
1.43445   10.33958   0.0096529378372022621   
1.4351499999999999   10.241088   0.007764183980875904   
1.4358500000000001   10.149124   0.0052439389775245358   
1.43655   10.047972   0.0071844871153834271   
1.4372499999999999   9.961668   0.0081922435944685111   
1.4379500000000001   9.85654   0.0046603090026304187   
1.43865   9.744156   0.0079791538398505062   
1.4393499999999999   9.648292   0.0046681332933460901   
1.4400500000000001   9.528308   0.0062777775260570339   
1.44075   9.425996   0.0052265899654236624   
1.4414500000000001   9.293516   0.0073361411594319873   
1.44215   9.171336   0.010140965897454336   
1.44285   9.054048   0.0050957997518652774   
1.4435500000000001   8.916828   0.0092453126622209186   
1.44425   8.798976   0.0079812629465657698   
1.44495   8.674104   0.0082605422474691317   
1.4456500000000001   8.549744   0.0052082130012768041   
1.44635   8.429336   0.0076090336954029706   
1.4470499999999999   8.279344   0.0068792407849832538   
1.4477500000000001   8.146708   0.0055980950728300819   
1.44845   8.01176   0.0081862258296074652   
1.4491499999999999   7.870676   0.0059535190713838826   
1.4498500000000001   7.741756   0.0049971065405670168   
1.45055   7.6067   0.0059190757536779237   
1.4512499999999999   7.456784   0.0051643778155961802   
1.4519500000000001   7.330816   0.0044065414001358653   
1.45265   7.185048   0.0057582522039630202   
1.4533499999999999   7.05864   0.0056283378244973986   
1.4540500000000001   6.903948   0.005610697876972754   
1.45475   6.763992   0.0061545915651108837   
1.4554499999999999   6.631616   0.0053278511824395089   
1.4561500000000001   6.488756   0.0076981208673862822   
1.45685   6.350416   0.0043657136873597199   
1.4575499999999999   6.209104   0.006510223617937888   
1.45825   6.080524   0.0051658483653058664   
1.45895   5.937352   0.0065448057097042301   
1.4596499999999999   5.796236   0.0025788779644557524   
1.46035   5.660872   0.0052024397695269197   
1.46105   5.525464   0.0052507750115790024   
1.4617499999999999   5.396924   0.0039830148268756058   
1.46245   5.259336   0.0089077149083751417   
1.46315   5.130464   0.0065965626065566818   
1.4638499999999999   5.0066   0.0041597649506244876   
1.46455   4.867912   0.0030039961532746589   
1.4652499999999999   4.753172   0.0053122150224218783   
1.4659500000000001   4.6245   0.0043066140347661607   
1.46665   4.498692   0.0057628821492953208   
1.4673499999999999   4.382732   0.0079578222593314414   
1.4680500000000001   4.261924   0.00525484732836686   
1.46875   4.146292   0.0061212607270797634   
1.4694499999999999   4.028988   0.0059072867996511823   
1.4701500000000001   3.908488   0.0039429928847119295   
1.47085   3.804952   0.0035111798586800152   
1.4715499999999999   3.683244   0.0077262828780152167   
1.4722500000000001   3.577688   0.0029235886623577003   
1.47295   3.477456   0.003719088060264272   
1.4736499999999999   3.371184   0.0043267239852392301   
1.47435   3.259816   0.00541927818071743   
1.47505   3.164084   0.0037043755509157059   
1.4757500000000001   3.067784   0.0049764001268208074   
1.47645   2.971844   0.0036461069649696395   
1.47715   2.87264   0.0029975812471613216   
1.4778500000000001   2.779108   0.0043546186974292188   
1.47855   2.691488   0.0029523131420784362   
1.47925   2.602756   0.0028129886044719151   
1.4799500000000001   2.510192   0.0031385420536010231   
1.48065   2.435852   0.0021324919174003594   
1.4813499999999999   2.345608   0.0037419890135832658   
1.4820500000000001   2.266424   0.0037734803269366312   
1.48275   2.18734   0.0039697892471347463   
1.4834499999999999   2.10646   0.0023083481347299314   
1.4841500000000001   2.030884   0.0028163550912482588   
1.48485   1.956516   0.005692457231577004   
1.4855499999999999   1.89532   0.001918555011807928   
1.4862500000000001   1.822184   0.003609667020654387   
1.48695   1.757744   0.0039802365088857022   
1.4876499999999999   1.690488   0.0032634422181358028   
1.4883500000000001   1.62582   0.0029355703591181905   
1.48905   1.567256   0.00195086487942599   
1.4897499999999999   1.502968   0.0022742602216007739   
1.4904500000000001   1.44626   0.0035658391563401833   
1.49115   1.395796   0.0015911360022882373   
1.4918499999999999   1.339904   0.0022111571631161744   
1.49255   1.286172   0.0015656314310136331   
1.49325   1.23736   0.0022282150305170765   
1.4939499999999999   1.187476   0.0025585999643902476   
1.49465   1.142516   0.0030977121306610207   
1.49535   1.096596   0.0016370320026736722   
1.4960499999999999   1.05152   0.0016364731725403988   
1.49675   1.007868   0.0026780493730408394   
1.4974499999999999   0.966684   0.0016555302608060273   
1.4981500000000001   0.922836   0.0021367593323639538   
1.49885   0.884616   0.0017935806520911069   
1.4995499999999999   0.853632   0.0028700680595879033   
1.5002499999999999   0.813392   0.0027095669190645342   
1.50095   0.777696   0.0024313888120898224   
1.5016499999999999   0.742576   0.0019526228514487883   
1.5023500000000001   0.70956   0.0012468056963474486   
1.50305   0.679424   0.0018341859835420763   
1.5037499999999999   0.646644   0.0017543084740780982   
1.5044500000000001   0.62212   0.0022525758095517647   
1.50515   0.593692   0.0016949184182268029   
1.5058500000000001   0.569016   0.0012603237679263181   
1.5065500000000001   0.541028   0.0016513326604762467   
1.50725   0.5158   0.0007540822236334777   
1.5079500000000001   0.494484   0.0017149636860424896   
1.50865   0.471232   0.0013163559126956847   
1.50935   0.451112   0.0015886128120680196   
1.5100500000000001   0.42646   0.0012612973920178814   
1.51075   0.406088   0.0016046909013541791   
1.51145   0.387172   0.0015577653510361861   
1.5121500000000001   0.368524   0.001089349653080529   
1.51285   0.350964   0.0017091903216305539   
1.51355   0.335388   0.00089831546055195337   
1.5142500000000001   0.319596   0.0012277886173478272   
1.51495   0.303184   0.0013219944528375799   
1.5156499999999999   0.287244   0.0012125924477929288   
1.5163500000000001   0.275868   0.00079429185791845862   
1.51705   0.260868   0.0010147717860572282   
1.5177499999999999   0.247124   0.00091539815259687847   
1.5184500000000001   0.234788   0.0012073412479033792   
1.51915   0.222092   0.00079126452944357094   
1.5198499999999999   0.211208   0.0011168813723936846   
1.5205500000000001   0.20052   0.0011071645466385443   
1.52125   0.1909   0.0010124952674786517   
1.5219499999999999   0.180716   0.00085689776390055929   
1.5226500000000001   0.170464   0.00078109211293476045   
1.52335   0.16332   0.00083832637505395896   
1.5240499999999999   0.154008   0.00037470225216534035   
1.52475   0.145604   0.000890931098470708   
1.52545   0.137224   0.00057630855932872964   
1.5261499999999999   0.132068   0.0010354438661752747   
1.52685   0.12422   0.00062237537797627483   
1.52755   0.11634   0.00086210594863199186   
1.5282499999999999   0.11086   0.00047498304063291435   
1.52895   0.105412   0.00074198652278865574   
1.52965   0.099688   0.00055757570487483305   
1.5303499999999999   0.094628   0.00055425786217046831   
1.53105   0.088012   0.00070704518164604516   
1.5317499999999999   0.083992   0.0006176888824930845   
1.5324499999999999   0.079076   0.00060991656988658881   
1.53315   0.075084   0.00070228705748512213   
1.5338499999999999   0.071128   0.00064882252324242475   
1.5345499999999999   0.0674   0.00040353989201124149   
1.53525   0.062744   0.00032840083908405456   
1.5359499999999999   0.059104   0.00049642992120405747   
1.5366500000000001   0.05642   0.00075106442984458916   
1.53735   0.053536   0.00053653041748710661   
1.5380499999999999   0.04966   0.00045880036810989782   
1.5387500000000001   0.047224   0.00036256861419598906   
1.53945   0.04438   0.00044359140358367331   
1.5401500000000001   0.041628   0.00042550048961977316   
1.5408500000000001   0.03958   0.00028554820569875368   
1.54155   0.03694   0.0003008875759039136   
1.5422500000000001   0.034724   0.00022560141843525718   
1.54295   0.032556   0.00021577354384220101   
1.54365   0.030588   0.00025840880617949363   
1.5443500000000001   0.02952   0.00041654664938168824   
1.54505   0.027436   0.00039293539191859801   
1.54575   0.025632   0.00046646852936601082   
1.5464500000000001   0.024396   0.00034622792749542574   
1.54715   0.02298   0.00034493155520737411   
1.5478499999999999   0.02174   0.00034322652060183874   
1.5485500000000001   0.019892   0.0001691862878604528   
1.54925   0.018984   0.00018225257199831226   
1.5499499999999999   0.01776   0.00026331223544175333   
1.5506500000000001   0.016796   0.00028072604280884079   
1.55135   0.015336   0.00018998947339260668   
1.5520499999999999   0.014668   0.00026952138649424052   
1.5527500000000001   0.013176   0.00016157007423681184   
1.55345   0.013052   0.00027713133669395415   
1.5541499999999999   0.011916   0.00017173105588551989   
1.5548500000000001   0.011236   0.00021766028576660465   
1.55555   0.010584   0.00021812942131781408   
1.5562499999999999   0.009844   0.00022050044091666675   
1.5569500000000001   0.009048   0.00021629609335353239   
1.55765   0.008324   0.00015781282865752356   
1.5583499999999999   0.008136   0.00022240703426125912   
1.55905   0.007392   0.00017886556093582937   
1.55975   0.007148   0.0001601166241629311   
1.5604499999999999   0.006484   0.00013124362418376326   
1.56115   0.006116   0.00011932402198309535   
1.56185   0.005684   0.00016508045176687504   
1.5625499999999999   0.005408   0.00015975536854133503   
1.56325   0.005252   0.00011486030162283612   
1.56395   0.004668   0.00016992024272843094   
1.5646499999999999   0.004404   0.00013056458597610269   
1.56535   0.004052   0.00013173036433901217   
1.5660499999999999   0.003744   8.4999346402715881e-05   
1.5667499999999999   0.003736   0.00010982005483719467   
1.56745   0.003228   0.00013663251605838357   
1.5681499999999999   0.003152   0.00010629936761597199   
1.5688500000000001   0.002836   8.8934432776812229e-05   
1.56955   0.002568   0.0001029001673683986   
1.5702499999999999   0.00232   0.00012205645324102195   
1.5709500000000001   0.002316   8.5468642722865846e-05   
1.57165   0.002076   8.3575647702479033e-05   
1.5723499999999999   0.001916   0.00010404272626613015   
1.5730500000000001   0.002012   8.3915301213651005e-05   
1.57375   0.001848   6.8195796546903583e-05   
1.5744500000000001   0.001576   6.1737796814881202e-05   
1.5751500000000001   0.00148   6.9024955229572184e-05   
1.57585   0.001468   4.4241760061432156e-05   
1.5765500000000001   0.001332   6.8779842008154298e-05   
1.57725   0.001336   9.8015871730608564e-05   
1.57795   0.001248   4.9098540372058584e-05   
1.5786500000000001   0.001148   0.00011836666197315301   
1.57935   0.000904   3.2221455929585525e-05   
1.58005   0.000872   5.6190153348547941e-05   
1.5807500000000001   0.000916   6.4621977685614049e-05   
1.58145   0.000832   3.9911012125588708e-05   
1.5821499999999999   0.000808   5.3266624947835144e-05   
1.5828500000000001   0.000712   5.5232840472554611e-05   
1.58355   0.00062   4.0987803063838394e-05   
1.5842499999999999   0.000612   5.3015720938856115e-05   
1.5849500000000001   0.00054   4.0110957217310196e-05   
1.58565   0.000524   5.7950170165601949e-05   
1.5863499999999999   0.000496   4.6647615158762404e-05   
1.5870500000000001   0.000544   4.8515747729760672e-05   
1.58775   0.000412   2.9242282932615078e-05   
1.5884499999999999   0.000404   4.1074458135331635e-05   
1.5891500000000001   0.000356   4.8971647125885221e-05   
1.58985   0.000332   2.8627880738111851e-05   
1.5905499999999999   0.000364   5.5761396443537292e-05   
1.5912500000000001   0.000284   2.0176994600562075e-05   
1.59195   0.00034   3.2249030993194199e-05   
1.5926499999999999   0.000288   2.515728301881761e-05   
1.59335   0.000208   3.666060555964672e-05   
1.59405   0.000216   2.6127890589687233e-05   
1.5947499999999999   0.000196   2.7616420236277306e-05   
1.59545   0.000168   3.3625387234449311e-05   
1.59615   0.000168   1.7688665548562133e-05   
1.5968499999999999   0.000152   3.2550814975289875e-05   
1.59755   0.0002   2.9211869733608859e-05   
1.5982499999999999   0.000136   1.9043809142780933e-05   
1.5989499999999999   0.000104   2.0827332469084412e-05   
1.59965   8.8e-05   1.9595917942265425e-05   
