0.22106592154331658   162.27755540018445  0.0080531516436931611     
0.44213184308663317   0.00065638112727154834  1.9032446298053364e-06     
0.66319776462994973   18.17774501150908  0.0084260453349696339     
0.88426368617326634   0.00072202909237953518  1.1555358436111475e-06     
1.1053296077165828   6.6554202456387879  0.0083424717655516991     
1.3263955292598995   0.00085165179435254294  1.71501778129135e-06     
1.5474614508032161   3.4883935325662  0.0085425209865793566     
1.7685273723465327   0.0010773377011618968  1.7188700239336938e-06     
1.9895932938898493   2.1941122364280433  0.0085323684822128384     
2.2106592154331657   0.0014706619793818723  2.769623421749643e-06     
2.4317251369764823   1.5492411656245391  0.0086941891673220382     
2.6527910585197989   0.0021784508086534555  3.3537621078339253e-06     
2.8738569800631155   1.1914767806402845  0.0087508453696415389     
3.0949229016064321   0.0035660149744785343  5.9979772794146989e-06     
3.3159888231497487   0.98362802612097554  0.0089627103965292728     
3.5370547446930654   0.0064255765354942633  9.158346395776379e-06     
3.758120666236382   0.86665520614415379  0.0090645850053686009     
3.9791865877796986   0.011890882438445961  2.0181369221351981e-05     
4.2002525093230147   0.82230340954624629  0.0090904681422459481     
4.4213184308663314   0.035605566331738259  0.00022496406922389428     
4.642384352409648   0.78870614124358669  0.010754803613111112     
4.8634502739529646   0.018170509655956791  4.0776559461707181e-05     
5.0845161954962812   0.81940462236850489  0.01087159347459867     
5.3055821170395978   0.014839990352386469  2.2137728639618656e-05     
5.5266480385829144   0.90474720672955914  0.011375764084671084     
5.747713960126231   0.01262614673027744  2.0816278948158116e-05     
5.9687798816695476   1.0682225163685633  0.012286150379207683     
6.1898458032128643   0.012130369936969085  2.0723640643799644e-05     
6.4109117247561809   1.3616798249158937  0.013132737249395559     
6.6319776462994975   0.013513077806406167  2.4818845559091702e-05     
6.8530435678428141   1.9022569164910927  0.01486910889531919     
7.0741094893861307   0.017520293279098592  2.945923617407299e-05     
7.2951754109294473   3.0046398034611811  0.017122734836714358     
7.5162413324727639   0.027776981268760459  5.5230837420626217e-05     
7.7373072540160805   5.7257740598274233  0.022539117520772334     
7.9583731755593972   0.059145932896360108  0.00010542194203745831     
8.1794390971027138   15.679083759395172  0.033460689915716132     
8.4005050186460295   0.24451683770309612  0.00073710910223469353     
8.621570940189347   137.68348401218952  0.11192828243391348     
8.8426368617326627   341.50303989313363  0.13741683394087816     
9.0637027832759802   139.0712570300691  0.10851031696803243     
9.2847687048192959   0.2895632182089553  0.00070727342749992829     
9.5058346263626134   15.988366364152242  0.021222698623159739     
9.7269005479059292   0.087743479791560136  0.00019175595140193438     
9.9479664694492467   5.9202879947796847  0.0091842581830389701     
10.169032390992562   0.050314724712723883  8.9104859411236476e-05     
10.39009831253588   3.1343092963670578  0.0040628328874825425     
10.611164234079196   0.039048904766920543  6.4209512927110294e-05     
10.832230155622513   1.9897452609507444  0.0020213176139679148     
11.053296077165829   0.036785082946998494  6.7314749525772824e-05     
11.274361998709146   1.4154018002267867  0.0014321182406764408     
11.495427920252462   0.040651770433459389  4.0568195963636298e-05     
11.71649384179578   1.0976170246431507  0.0019922339378678723     
11.937559763339095   0.052049867102252093  7.682071793366135e-05     
12.158625684882413   0.92019368652054833  0.0029715305161752412     
12.379691606425729   0.075923035228451077  8.9546645075270047e-05     
12.600757527969046   0.83342877470849804  0.0032107882509212437     
12.821823449512362   0.1173015579194582  0.00016180579675933112     
13.042889371055679   0.85671069961689726  0.0045533482183255493     
13.263955292598995   0.25938683140181972  0.0012162053646063998     
13.485021214142312   0.77270198533221629  0.0073871199777518323     
13.706087135685628   0.14165963549876229  0.00029595565192164829     
13.927153057228946   0.7371588113883019  0.0076064407673591687     
14.148218978772261   0.10599864739079857  0.00014055515845772456     
14.369284900315577   0.75454549581181953  0.0083606497014145815     
14.590350821858895   0.082994126833175071  0.00014435914942395051     
14.81141674340221   0.83441977138892556  0.0098617448116464608     
15.032482664945528   0.073446576085491566  0.0001182534642011862     
15.253548586488844   1.0103027021003594  0.011098552542266101     
15.474614508032161   0.075586538465786238  0.00012064160611290368     
15.695680429575477   1.3573936253055811  0.013542693559995269     
15.916746351118794   0.090681007042054182  0.00013851337365257841     
16.13781227266211   2.0864501909476683  0.01678993504237117     
16.358878194205428   0.13329048647970025  0.00025830181557471711     
16.579944115748745   3.9117750367628618  0.024665423726308138     
16.801010037292059   0.26338094399873968  0.00076210472791654359     
17.022075958835376   10.648135928270768  0.043579900735634554     
17.243141880378694   1.0641277943044235  0.0062216444447637773     
17.464207801922011   86.003963517460858  0.19974986790080587     
17.685273723465325   215.6098647134836  0.33698005112676772     
17.906339645008643   88.658455908413164  0.186478758766345     
18.12740556655196   1.0011986172901989  0.0020233876023947723     
18.348471488095278   10.850416865124092  0.03560968003826842     
18.569537409638592   0.30946514255798159  0.00078912035158204009     
18.790603331181909   4.1257304424048036  0.017623868801979578     
19.011669252725227   0.17476455091597355  0.00027580368918628658     
19.232735174268544   2.2411727164598082  0.010871794729065166     
19.453801095811858   0.13203881221904065  0.00021937627913535646     
19.674867017355176   1.4656028134353701  0.0080757757601306834     
19.895932938898493   0.11974492888217602  0.00016770536369082495     
20.116998860441811   1.0793114746936242  0.0060241652656540613     
20.338064781985125   0.12681407460052108  8.5829888693713763e-05     
20.559130703528442   0.87472581926015598  0.0039683560029204985     
20.78019662507176   0.15408698098784269  0.00017041811697201965     
21.001262546615077   0.78091442444069779  0.003153168732186499     
21.222328468158391   0.21128531464664436  0.00017964645416481331     
21.443394389701709   0.76648335222662388  0.0029071669281338665     
21.664460311245026   0.30595527256372378  0.0004297663325271119     
21.88552623278834   0.8642509774744684  0.0033786172371581129     
22.106592154331658   0.51861068974146716  0.0012796394495434703     
22.327658075874975   0.78083331538343241  0.002830888478317318     
22.548723997418293   0.35355810458629431  0.00051697333022110362     
22.769789918961607   0.69969034739738434  0.003076075465203694     
22.990855840504924   0.26941602652272211  0.00033747183803491679     
23.211921762048242   0.65260218066670838  0.0037074969930282759     
23.432987683591559   0.21206355003055503  0.00032559621352966895     
23.654053605134873   0.65770289361375425  0.0048380582380760327     
23.875119526678191   0.18615271164768823  0.00029027449379513124     
24.096185448221508   0.73266026986699141  0.0060329759408088755     
24.317251369764826   0.18731640991431412  0.00021012754096295358     
24.53831729130814   0.91609488989609088  0.0076475145766466497     
24.759383212851457   0.21761036623088173  0.00028400099788814052     
24.980449134394775   1.3258003351881427  0.010611236734962537     
25.201515055938092   0.30560803988565864  0.00057120739210499011     
25.422580977481406   2.3701431135770873  0.017055979224752171     
25.643646899024723   0.56731165089885606  0.001885909824000647     
25.864712820568041   6.2553990618078835  0.03839098093164841     
26.085778742111358   2.1434447778508124  0.015107673683277793     
26.306844663654672   41.730563620356674  0.19423193726161372     
26.52791058519799   104.81428677733955  0.35387573141440231     
26.748976506741307   44.145629837940287  0.16813136034244932     
26.970042428284625   1.7088018938429139  0.003978368857536976     
27.191108349827939   6.1478992938819509  0.031771242962952819     
27.412174271371256   0.59863161963575999  0.0011904138803042031     
27.633240192914574   2.4896080495857017  0.01555589250700131     
27.854306114457891   0.35466612207798042  0.00058165741879188224     
28.075372036001205   1.4333623282135131  0.010921394288673748     
28.296437957544523   0.27223111484331836  0.00034707087248792181     
28.51750387908784   0.99983344230349134  0.0086881540933830648     
28.738569800631154   0.24561199999541711  0.00020783025908765166     
28.959635722174472   0.79311818099307352  0.0074051914117281802     
29.180701643717789   0.25509816531061659  0.00026797468060110047     
29.401767565261107   0.70082573451914513  0.0053286690478393983     
29.622833486804421   0.29870829629047544  0.00032332688129526936     
29.843899408347738   0.69098548244116182  0.0046822343685584696     
30.064965329891056   0.38872907932322842  0.00037689733937968548     
30.286031251434373   0.74668793441162583  0.0051370194186126782     
30.507097172977687   0.52810461019467723  0.00083640530738142809     
30.728163094521005   0.87450430617300214  0.0041567787727828564     
30.949229016064322   0.72608093493961023  0.00088791079531257252     
31.17029493760764   0.83190830304910819  0.0022801377888807455     
31.391360859150954   0.5924465656251617  0.0006001987006490588     
31.612426780694271   0.74109936177443095  0.0017746886364147178     
31.833492702237589   0.47168489109228826  0.00056184414375752526     
32.054558623780906   0.65389691184701125  0.0019740175094250774     
32.27562454532422   0.38189874926606325  0.00037619806376032954     
32.496690466867541   0.61248043346171428  0.0018498470716648472     
32.717756388410855   0.33818777909155054  0.00052517118659630567     
32.938822309954169   0.62753168553411045  0.002148704979762641     
33.15988823149749   0.33579623088039112  0.00039676729426451826     
33.380954153040804   0.71849909875942541  0.00239763340342285     
33.602020074584118   0.37862883084374557  0.00054755599027353319     
33.823085996127439   0.94666053708645287  0.0047379368732871007     
34.044151917670753   0.50405418108985057  0.00085093888135009906     
34.265217839214074   1.5338237488333455  0.0080660101972488426     
34.486283760757388   0.85727082824559184  0.0026518783551600162     
34.707349682300702   3.6473255742342979  0.026148168693292566     
34.928415603844023   2.7229036378917983  0.016734758163854915     
35.149481525387337   17.272956462428436  0.12191281729046059     
35.370547446930651   41.739659017795542  0.23039453596529374     
35.591613368473972   18.473092357742701  0.10252456558222652     
35.812679290017286   2.0158126885682031  0.0063876120184387581     
36.0337452115606   3.3660813646550808  0.020911778962023701     
36.254811133103921   0.851639657484396  0.0010875577885947018     
36.475877054647235   1.5679792871193304  0.0095638667207748786     
36.696942976190556   0.54905558940772413  0.00094713532653794596     
36.91800889773387   1.0084636877633676  0.0076196603591475632     
37.139074819277184   0.43732057429176334  0.00039205108063479711     
37.360140740820505   0.77756642563996561  0.0064031342148998255     
37.581206662363819   0.39849644134457942  0.00030086155313790798     
37.802272583907133   0.67996875083000236  0.0060209690137872287     
38.023338505450454   0.40925018680659758  0.00062945618271453988     
38.244404426993768   0.65759831676800095  0.004525971918358955     
38.465470348537089   0.4641745599756508  0.0005359978970339096     
38.686536270080403   0.70043417857072465  0.0038433227675918992     
38.907602191623717   0.57404051946739008  0.0007990388681890531     
39.128668113167038   0.79526294062639523  0.0048064457189362184     
39.349734034710352   0.73115325635112719  0.0013117298677481444     
39.570799956253666   0.91980891725478705  0.0036899744701007363     
39.791865877796987   0.88618082025884546  0.00080373207215711679     
40.012931799340301   0.91495210192473172  0.0028696402631626666     
40.233997720883622   0.79970079683024512  0.00073950355446503894     
40.455063642426936   0.83390453539057821  0.0021926002722676446     
40.67612956397025   0.66918949509495999  0.00062754401470320192     
40.897195485513571   0.73335101310145276  0.0020742934829781104     
41.118261407056885   0.56277635763201325  0.00050680909565167871     
41.339327328600199   0.67108908302648318  0.0014732972745388505     
41.56039325014352   0.50597647543379967  0.00073579648223409277     
41.781459171686834   0.6561783230140478  0.00093249088403713045     
42.002525093230155   0.49798891194828292  0.0005952573867726243     
42.223591014773469   0.70375717498674486  0.0013903203654640642     
42.444656936316782   0.54420278699778439  0.00095101286369609435     
42.665722857860104   0.84539978339331361  0.0020466469375868989     
42.886788779403417   0.68110849636648437  0.0010756730562543677     
43.107854700946731   1.2043846319283423  0.0030290158243573269     
43.328920622490052   1.0379855182063876  0.0027921947548512189     
43.549986544033366   2.3449303744758654  0.014631210109486484     
43.77105246557668   2.5623153542101686  0.01122115932847923     
43.992118387120001   6.9484957525243549  0.055150974329336268     
44.213184308663315   14.872576623296564  0.10413706879000067     
