-0.00313266   -0.0077487     0
-0.00273175   -0.00372467     0
0.0970288   -0.00367081     1
0.0966359   -0.00770265     1
0.195721   -0.00408413     2
0.197847   -0.00731184     2
0.298751   -0.00672219     3
0.295576   -0.00496422     3
0.397988   -0.00374224     4
0.396127   -0.00718293     4
-0.502783   -0.00745843     5
0.496621   -0.00346664     5
-0.40285   -0.00763185     6
-0.403329   -0.00360923     6
-0.301287   -0.00611236     7
-0.304674   -0.00495863     7
-0.203437   -0.00738462     8
-0.202059   -0.00365508     8
-0.102265   -0.00768124     9
-0.103448   -0.0038644     9
0.0482386   0.0958826     10
0.0460884   0.0926742     10
0.14763   0.0963664     11
0.146208   0.0926585     11
0.247056   0.0961429     12
0.247034   0.0920896     12
0.346499   0.092351     13
0.347281   0.0963008     13
0.447408   0.0928226     14
0.446634   0.0967982     14
-0.453133   0.0925173     15
0.546977   0.0965756     15
-0.353652   0.0924405     16
-0.352525   0.0963022     16
-0.252979   0.0966505     17
-0.253157   0.0925865     17
-0.154063   0.0928396     18
-0.151895   0.0960373     18
-0.0521265   0.0962376     19
-0.0535534   0.0925272     19
0.0966905   0.192614     20
0.0977361   0.19649     20
0.197605   0.192464     21
0.196576   0.196351     21
0.297117   0.192359     22
0.296506   0.196352     22
0.396077   0.192804     23
0.397501   0.196513     23
0.498792   0.194813     24
0.49527   0.194668     24
-0.402984   0.192328     25
0.597389   0.196354     25
-0.30363   0.192902     26
-0.302156   0.196583     26
-0.201921   0.19621     27
-0.203484   0.19258     27
-0.103801   0.192573     28
-0.101477   0.195622     28
-0.00322336   0.196139     29
-0.00228033   0.192221     29
0.14789   0.292892     30
0.146277   0.296513     30
0.247375   0.296207     31
0.246205   0.292372     31
0.347883   0.296173     32
0.345854   0.292858     32
0.448333   0.293247     33
0.445678   0.295908     33
0.547243   0.292525     34
0.546895   0.296567     34
-0.351337   0.293723     35
0.645467   0.295417     35
-0.250764   0.29455     36
-0.254289   0.294611     36
-0.152494   0.292166     37
-0.152609   0.296232     37
-0.0525   0.29219     38
-0.0528399   0.296227     38
0.04721   0.296437     39
0.0471757   0.292381     39
0.197252   0.396535     40
0.197372   0.392487     40
0.297634   0.392477     41
0.296584   0.396345     41
0.396269   0.392856     42
0.397791   0.396509     42
0.496689   0.392249     43
0.49723   0.396258     43
0.598681   0.395323     44
0.59538   0.393922     44
0.696329   0.395957     45
-0.301693   0.39258     45
-0.204314   0.393732     46
-0.201042   0.39526     46
-0.102214   0.39626     47
-0.10302   0.392314     47
-0.00388007   0.392995     48
-0.00169433   0.396178     48
0.0975008   0.392376     49
0.0970123   0.396404     49
0.247761   0.496413     50
0.246514   0.492617     50
0.34679   0.496293     51
0.347186   0.49226     51
0.447343   0.496321     52
0.447079   0.492277     52
0.546618   0.496491     53
0.547351   0.492529     53
0.64553   0.495096     54
0.648854   0.493767     54
-0.251739   0.495834     55
0.74608   0.492651     55
-0.152936   0.496271     56
-0.152415   0.492266     56
-0.0533485   0.49279     57
-0.0518103   0.496435     57
0.0476905   0.496439     58
0.0467873   0.49252     58
0.146702   0.492251     59
0.147632   0.49619     59
-0.202072   -0.407235     60
-0.203603   -0.403586     60
-0.103262   -0.403617     61
-0.10248   -0.407583     61
-0.00296539   -0.407577     62
-0.00301675   -0.403512     62
0.0968753   -0.407629     63
0.0977584   -0.403709     63
0.195635   -0.405664     64
0.199176   -0.405739     64
-0.703316   -0.407815     65
-0.701993   -0.40406     65
-0.603176   -0.403569     66
-0.602225   -0.407495     66
-0.50378   -0.406909     67
-0.501443   -0.403881     67
-0.402574   -0.407589     68
-0.402941   -0.403561     68
-0.303031   -0.407859     69
-0.302674   -0.403812     69
-0.153578   -0.303946     70
-0.152084   -0.307613     70
-0.0509711   -0.305532     71
-0.0544902   -0.305582     71
0.0476113   -0.303667     72
0.0468913   -0.307651     72
0.14727   -0.307754     73
0.147614   -0.303688     73
0.247401   -0.303855     74
0.247349   -0.307909     74
0.346206   -0.307188     75
-0.651654   -0.303942     75
-0.552879   -0.303463     76
-0.552532   -0.307502     76
-0.452349   -0.307177     77
-0.453295   -0.303267     77
-0.352271   -0.307546     78
-0.353492   -0.303735     78
-0.254042   -0.307416     79
-0.251974   -0.304111     79
-0.101276   -0.204936     80
-0.104402   -0.206795     80
-0.00394135   -0.207276     81
-0.00138641   -0.204489     81
0.0962222   -0.203777     82
0.0982471   -0.207092     82
0.19604   -0.207005     83
0.198761   -0.204429     83
0.298104   -0.20759     84
0.296389   -0.20404     84
-0.601793   -0.203761     85
0.396208   -0.207109     85
-0.501824   -0.203673     86
-0.503971   -0.206883     86
-0.402143   -0.207245     87
-0.40338   -0.203453     87
-0.304142   -0.204114     88
-0.301729   -0.20708     88
-0.2029   -0.203556     89
-0.20257   -0.207608     89
-0.0523666   -0.104041     90
-0.0532322   -0.107981     90
0.0487559   -0.105407     91
0.0453069   -0.106242     91
0.147633   -0.107752     92
0.146875   -0.103789     92
0.247703   -0.103762     93
0.246449   -0.107559     93
0.345138   -0.10574     94
0.348671   -0.105745     94
0.44754   -0.103437     95
-0.55348   -0.107312     95
-0.454164   -0.104012     96
-0.451783   -0.107022     96
-0.354587   -0.104822     97
-0.351192   -0.105894     97
-0.253093   -0.107423     98
-0.252669   -0.103392     98
-0.154001   -0.104049     99
-0.151853   -0.107282     99
