0.42972788892272645   5.1485087298097452  0.0065097450973295027
0.85945577784545291   2.6789638450460047  0.0050183640584129272
1.2891836667681793   0.56144540864498657  0.0019364727173952241
1.7189115556909058   0.025672935513632905  0.00032173674922535372
2.1486394446136323   0.0022943354695692803  0.00010256110411461976
2.5783673335363586   0.03151885326560073  0.00052209703374240327
3.0080952224590853   0.10968445879876732  0.00079974477004436934
3.4378231113818116   0.085020002872184675  0.0029079030175254103
3.8675510003045379   0.04200278588610625  0.0012446383531093225
4.2972788892272646   0.91546764320044095  0.0042406261453734319
4.7270067781499909   0.047132590876713532  0.00079516519158611589
5.1567346670727172   0.33053422176150597  0.0048944663557572686
5.5864625559954435   1.9379657182821359  0.0031588083186453894
6.0161904449181707   0.0322230521911917  0.00066581939665347944
6.445918333840897   0.01106850406931124  0.0002255652850465367
6.8756462227636232   0.01046627739894512  0.00022676590714470057
7.3053741116863495   0.052745314503390592  0.00075492844808374942
7.7351020006090758   0.087107287514075722  0.0014936368548433519
8.1648298895318021   0.069275290977858558  0.0011845287346564307
8.5945577784545293   0.79300372346912942  0.0015917258866621054
9.0242856673772547   0.023916421545404482  0.00012697296151392845
9.4540135562999819   0.047611714119446592  0.0010623873359729097
9.883741445222709   0.049590710746485933  0.0012030742256815376
10.313469334145434   0.086436053965329415  0.0010367563050418695
10.743197223068162   0.24600544647733579  0.0011213411618101653
11.172925111990887   0.00517690192817645  3.3283102094947704e-05
11.602653000913614   0.05675762673753547  0.00050968606334059472
12.032380889836341   0.069690476625266662  0.0014209404297488444
12.462108778759067   0.098677199226079033  0.003013763698711088
12.891836667681794   0.88578952218106487  0.0046617200870551471
13.321564556604519   0.078037607168119824  0.0051072392673096632
13.751292445527246   0.065179450330023751  0.0015285626335088804
14.181020334449974   0.06632957662278116  0.00052393735458398593
14.610748223372699   0.080178457925838675  0.00095727986091327309
15.040476112295426   0.080202789720913728  0.0010460940956951205
15.470204001218152   0.018715446585516891  0.00024069695445520993
15.899931890140879   0.035421965562963233  0.00034232114792459233
16.329659779063604   2.71665811327513  0.018942806578790825
16.759387667986331   0.67551585772853446  0.020365487739139485
17.189115556909059   1.3260333239739371  0.0094031396074355422
17.618843445831786   0.063882498809103876  0.00068373673998585082
18.048571334754509   0.03404235361211323  0.00052561721949193435
18.478299223677237   0.058917205182995259  0.0015628285685519319
18.908027112599964   0.3412673585550857  0.0016095224929977302
19.337755001522691   0.58035015260384274  0.0049362311120184374
19.767482890445418   0.24169505821494763  0.0018229148059076616
20.197210779368142   0.080052507975940937  0.00021456129698896792
20.626938668290869   0.94059045593925441  0.005246767082000265
21.056666557213596   1.5625201112773832  0.0048933608812387869
21.486394446136323   5.099812532200338  0.022690482506171478
21.91612233505905   3.7440454172268755  0.065462950941364047
22.345850223981774   0.072283327940488655  0.00084915088473333939
22.775578112904501   0.19429706057710263  0.00235164484384435
23.205306001827228   0.22669173204144079  0.0021910157943338742
23.635033890749956   0.089736175750624858  0.00088652533368918084
24.064761779672683   0.050965078272293466  0.0007244512984739306
24.494489668595406   0.062058432913875067  0.0033006891295564837
24.924217557518134   0.10878331344796008  0.0039127460146082391
25.353945446440861   0.16229935232859876  0.0016626858947450063
25.783673335363588   0.58026962914577526  0.0061055587993334391
26.213401224286315   0.11207284095551679  0.00086977600060025615
26.643129113209039   0.064413438741133189  0.0010527749164524094
27.072857002131766   0.13956706625552777  0.0010799612081114644
27.502584891054493   0.82800968450483254  0.0024460835015771998
27.93231277997722   0.10504899082908099  0.0011118172101410761
28.362040668899947   0.061892320606623907  0.00078082355557581902
28.791768557822671   0.035841259631938255  0.00010223092033932545
29.221496446745398   0.068371563189492567  0.00022276805475182753
29.651224335668125   0.47604889293714602  0.0025602153821249493
30.080952224590852   0.92212888743072751  0.0048023916009149547
30.51068011351358   0.39754181091848694  0.0017048773817294489
30.940408002436303   0.087383984796212559  0.00039236555274740614
31.37013589135903   0.039730770922565267  0.00020933763875349398
31.799863780281758   0.070392295780047406  0.00046857727015695033
32.229591669204481   0.12228391326307549  0.0011839375156505413
32.659319558127208   0.90883445388671047  0.010750512537613942
33.089047447049936   0.20689293661132273  0.0074542464760866059
33.518775335972663   0.094890761391639014  0.0019490448498155736
33.94850322489539   0.15496478728548982  0.00089946605647426646
34.378231113818117   0.69253442327596947  0.0041721174477447818
34.807959002740844   0.24843578196865917  0.0067572259189898855
35.237686891663571   0.18762516916920212  0.0035647781535192298
35.667414780586299   0.20650069026457822  0.031793564019867959
36.097142669509019   0.089760331230188002  0.0018174088841798509
36.526870558431746   0.11422123012305067  0.0018047388169307112
36.956598447354473   0.24184026262225558  0.0013016953072936263
37.3863263362772   0.25021597410917377  0.0010070925496622635
37.816054225199927   0.18886757511893889  0.0013354388405245466
38.245782114122655   2.9542840176488793  0.014903501416610761
38.675510003045382   3.2930928454312881  0.015617669783641109
39.105237891968109   1.6804912908893167  0.0090216267920126729
39.534965780890836   1.051943167713471  0.007865594380924793
39.964693669813563   0.19416239982948816  0.00071950116496402768
40.394421558736283   0.19783493837410299  0.00054670454717496268
40.824149447659011   0.5468349259601647  0.0041672216089121666
41.253877336581738   0.40281787934726988  0.0028377853807630988
41.683605225504465   0.15466064504385416  0.0011234427245005923
42.113333114427192   0.14919030602469288  0.00070867250708657347
42.543061003349919   0.24473736092986855  0.0011391407918944392
42.972788892272646   1.7649569184914039  0.0075632484401811527
