0.00802263   -0.0270667     0
0.00866189   -0.0508862     0
0.108769   -0.0280603     1
0.106438   -0.0519409     1
0.205262   -0.0500285     2
0.206261   -0.0265736     2
0.30593   -0.0506036     3
0.305607   -0.026918     3
0.404435   -0.0270944     4
0.406356   -0.0503706     4
-0.492289   -0.0503881     5
-0.497275   -0.0273219     5
-0.397023   -0.0515416     6
-0.389714   -0.029039     6
-0.294378   -0.0265597     7
-0.292246   -0.0509393     7
-0.192407   -0.0500287     8
-0.192701   -0.0262033     8
-0.0924355   -0.0261049     9
-0.0921773   -0.0499803     9
0.0587923   0.0491217     10
0.0536021   0.0729806     10
0.155228   0.0497452     11
0.157187   0.0735095     11
0.258862   0.0506832     12
0.254268   0.0732938     12
0.355173   0.0500404     13
0.357562   0.0739439     13
0.456343   0.0733197     14
0.456178   0.049651     14
-0.44177   0.0471099     15
-0.447386   0.0703107     15
-0.344311   0.074409     16
-0.344519   0.0508174     16
-0.244071   0.0484353     17
-0.24436   0.0715281     17
-0.145005   0.0736506     18
-0.141564   0.0501155     18
-0.0441331   0.0735499     19
-0.0415474   0.0504432     19
0.105581   0.171685     20
0.104438   0.148296     20
0.201811   0.1731     21
0.20707   0.150018     21
0.303347   0.173279     22
0.305895   0.149727     22
0.401717   0.172995     23
0.407097   0.150293     23
0.501923   0.173959     24
0.507041   0.150495     24
-0.398459   0.148211     25
-0.391466   0.170658     25
-0.294696   0.149242     26
-0.294241   0.172371     26
-0.193877   0.173202     27
-0.194978   0.149147     27
-0.0939366   0.149824     28
-0.0958842   0.173174     28
0.00679769   0.149676     29
0.00366617   0.173411     29
0.157769   0.272699     30
0.151316   0.249665     30
0.255122   0.273413     31
0.255398   0.249567     31
0.35632   0.274046     32
0.353829   0.25051     32
0.456432   0.272828     33
0.45272   0.249729     33
0.555519   0.247802     34
0.555765   0.271475     34
-0.344921   0.272165     35
-0.342407   0.24813     35
-0.244173   0.249763     36
-0.244296   0.273524     36
-0.144809   0.272676     37
-0.143975   0.248822     37
-0.0452393   0.249867     38
-0.0436684   0.274051     38
0.0558589   0.272285     39
0.0548219   0.248548     39
0.204896   0.374458     40
0.206981   0.350977     40
0.30621   0.374406     41
0.305898   0.350742     41
0.403998   0.373735     42
0.408021   0.350425     42
0.505822   0.372696     43
0.50753   0.348682     43
0.604953   0.37178     44
0.606492   0.348083     44
-0.293814   0.349507     45
-0.294265   0.373579     45
-0.194813   0.350175     46
-0.192641   0.374596     46
-0.0959102   0.348382     47
-0.0921895   0.371996     47
0.00547493   0.350542     48
0.00761017   0.374317     48
0.106766   0.348544     49
0.105736   0.371802     49
0.254061   0.47338     50
0.256804   0.449552     50
0.355494   0.450451     51
0.355234   0.474204     51
0.456482   0.449759     52
0.454543   0.473654     52
0.556773   0.448399     53
0.554638   0.472572     53
0.653982   0.449662     54
0.656409   0.473498     54
-0.243493   0.448843     55
-0.245202   0.472495     55
-0.146837   0.472368     56
-0.140077   0.449446     56
-0.0419105   0.449875     57
-0.0448009   0.473725     57
0.05783   0.450332     58
0.0558182   0.474015     58
0.155572   0.449408     59
0.156935   0.473167     59
-0.194023   -0.450024     60
-0.194196   -0.426832     60
-0.0959718   -0.448944     61
-0.0931735   -0.425697     61
0.00426216   -0.427709     62
0.00658491   -0.451328     62
0.105514   -0.451741     63
0.105104   -0.428218     63
0.206249   -0.450811     64
0.205448   -0.427103     64
-0.693353   -0.450953     65
-0.695959   -0.426588     65
-0.594138   -0.450898     66
-0.59571   -0.427375     66
-0.493315   -0.451129     67
-0.495475   -0.427481     67
-0.394634   -0.425037     68
-0.393483   -0.448835     68
-0.293679   -0.426786     69
-0.294799   -0.451313     69
-0.144159   -0.350582     70
-0.144731   -0.326924     70
-0.0459572   -0.327023     71
-0.0431964   -0.350053     71
0.0560045   -0.328505     72
0.0544196   -0.351536     72
0.155566   -0.351355     73
0.156045   -0.328249     73
0.255974   -0.326206     74
0.255487   -0.350125     74
-0.644933   -0.327753     75
-0.644844   -0.35148     75
-0.545277   -0.351068     76
-0.546626   -0.326963     76
-0.44686   -0.351518     77
-0.443782   -0.327874     77
-0.344404   -0.349927     78
-0.344593   -0.326125     78
-0.244554   -0.349583     79
-0.243238   -0.325707     79
-0.0912031   -0.226584     80
-0.0958373   -0.250173     80
0.0047844   -0.228204     81
0.00808226   -0.252228     81
0.107805   -0.228565     82
0.105803   -0.252433     82
0.204808   -0.250865     83
0.208039   -0.227727     83
0.308886   -0.227266     84
0.304713   -0.250863     84
-0.593266   -0.227144     85
-0.594563   -0.25068     85
-0.493559   -0.251461     86
-0.494896   -0.228318     86
-0.394279   -0.226021     87
-0.394529   -0.249531     87
-0.292963   -0.227055     88
-0.294142   -0.250987     88
-0.194131   -0.225944     89
-0.193208   -0.249018     89
-0.0436463   -0.126793     90
-0.0430979   -0.151081     90
0.0573173   -0.128411     91
0.0566019   -0.152202     91
0.155221   -0.153159     92
0.157082   -0.128649     92
0.258078   -0.150731     93
0.25378   -0.127398     93
0.354898   -0.150459     94
0.356826   -0.127255     94
-0.54326   -0.150246     95
-0.544351   -0.127167     95
-0.444984   -0.151608     96
-0.443494   -0.127697     96
-0.342456   -0.151021     97
-0.34461   -0.127322     97
-0.241815   -0.125855     98
-0.244518   -0.149192     98
-0.141271   -0.126264     99
-0.144021   -0.150099     99
