0.42972788892272645   10.084656650264287  0.0042815668327166132
0.85945577784545291   4.9886406664402834  0.010575603355907151
1.2891836667681793   0.93983630512055277  0.0080272691966711031
1.7189115556909058   0.031689492817319448  0.00069155589264509019
2.1486394446136323   0.0038312341450782492  0.00012274424793021323
2.5783673335363586   0.03128394148582273  0.0012292655102376623
3.0080952224590853   0.097346133385973922  0.0032863986217936663
3.4378231113818116   0.088235481220034839  0.0012535235134201436
3.8675510003045379   0.0429297564168709  0.0010082633606009681
4.2972788892272646   1.0797773579439387  0.0094534164324367742
4.7270067781499909   0.048653964008850378  0.00072699860395590409
5.1567346670727172   0.32866489035906914  0.0024611066407978568
5.5864625559954435   2.2294281536924887  0.011794569266778111
6.0161904449181707   0.046545216592681666  0.00074008259416086342
6.445918333840897   0.016491371693643472  0.00034033199072702765
6.8756462227636232   0.015377850506267672  0.00030527824383676151
7.3053741116863495   0.04958418301978408  0.0011527250072777484
7.7351020006090758   0.038583361541069294  0.0012693116444040023
8.1648298895318021   0.043706540766869537  0.00099121823731025517
8.5945577784545293   0.35215262687935276  0.0042792620997401215
9.0242856673772547   0.021617048976138413  0.00013071405589255041
9.4540135562999819   0.036398238290502598  0.00086980244206479593
9.883741445222709   0.05519368381395437  0.0012061274013506209
10.313469334145434   0.044601289368648862  0.0008075666938545519
10.743197223068162   0.038890826307106304  0.0003126503883324264
11.172925111990887   0.025763436389721538  5.0401277404143104e-05
11.602653000913614   0.035379639931919036  0.00073086452764569543
12.032380889836341   0.052284797944944122  0.0011245746252268831
12.462108778759067   0.057547358377690484  0.0014796869129463736
12.891836667681794   0.36480607058021587  0.012658948201248706
13.321564556604519   0.023073067628636419  0.001094431948750329
13.751292445527246   0.035595172366575714  0.0014648994100187551
14.181020334449974   0.042610151413762104  0.00086845710882139933
14.610748223372699   0.088209411214513472  0.001351171362825229
15.040476112295426   0.10450546830386278  0.0018961727516652509
15.470204001218152   0.037930527686081623  0.00035670288417148762
15.899931890140879   0.07371268374824583  0.00053409548102218439
16.329659779063604   2.220609748171022  0.025184345362420142
16.759387667986331   0.49085915371405447  0.026635834352717938
17.189115556909059   0.80892539842488518  0.018999552456778813
17.618843445831786   0.05273210661100976  0.00049473192897324734
18.048571334754509   0.028889134323021793  0.0002564884675039803
18.478299223677237   0.057194335531034354  0.00045018266312484091
18.908027112599964   0.27925925019414794  0.0084896477589542867
19.337755001522691   0.61107787722932266  0.013436890172101461
19.767482890445418   0.35648644257761883  0.0028046919346007279
20.197210779368142   0.17633341954434042  0.0003189847595950423
20.626938668290869   1.6455553624804569  0.0093673168219465498
21.056666557213596   2.8400589769144852  0.013014543370378893
21.486394446136323   9.6383767118325997  0.024452816710579637
21.91612233505905   6.747600027671782  0.076144481795647379
22.345850223981774   0.12040490613770955  0.00077064721594390427
22.775578112904501   0.31074340565999015  0.003465597570439931
23.205306001827228   0.32489812514096263  0.0053942053330156778
23.635033890749956   0.11992757634604711  0.002344177484328772
24.064761779672683   0.08325663084627565  0.00067210461248675624
24.494489668595406   0.090694879952441686  0.0036688185157188327
24.924217557518134   0.15397648029737828  0.0064672652161824733
25.353945446440861   0.22505178573196105  0.001721713924685081
25.783673335363588   0.83973859352970748  0.007553354199417714
26.213401224286315   0.19029182335854196  0.00085699932924843183
26.643129113209039   0.14901899837393951  0.0020742657338667721
27.072857002131766   0.26877740742530529  0.0018342045375110741
27.502584891054493   1.2015354173604302  0.0047251889868983422
27.93231277997722   0.18450996750734883  0.00079179521788418458
28.362040668899947   0.097841043413208577  0.00053132420769686506
28.791768557822671   0.074042318193741986  0.00013884017376048916
29.221496446745398   0.085831629174464444  0.00015400185384325771
29.651224335668125   0.30041070819802509  0.0017252377305481854
30.080952224590852   0.67687539302449917  0.0035101126220151064
30.51068011351358   0.39093743512643978  0.002482015263622048
30.940408002436303   0.14387874934116992  0.00033295768783173508
31.37013589135903   0.1391067092627848  0.0002794657826814341
31.799863780281758   0.17516868680316522  0.0012224467643356244
32.229591669204481   0.16740084222579595  0.0007535402395212092
32.659319558127208   0.23627087012391997  0.0044864822772837446
33.089047447049936   0.15192904514985438  0.0028771779617373801
33.518775335972663   0.10757500659525016  0.0001460345184585932
33.94850322489539   0.10659502482391994  0.00096768548954857227
34.378231113818117   0.29988026587356754  0.0085315966350815998
34.807959002740844   0.16278672806865897  0.0016946347489423866
35.237686891663571   0.17968736667692225  0.0034189324215179366
35.667414780586299   0.35937611742417891  0.047088495350659488
36.097142669509019   0.15925826198331477  0.0028062346495635079
36.526870558431746   0.19662086990530559  0.0010984858490747955
36.956598447354473   0.32535894158542962  0.0061533804344892139
37.3863263362772   0.29535132707592812  0.0047277503747904537
37.816054225199927   0.25818418696085175  0.0014370299363030761
38.245782114122655   1.740907508124955  0.010098627576495703
38.675510003045382   1.2269116123977012  0.014879378861937089
39.105237891968109   0.56470968902567474  0.020294408950516316
39.534965780890836   0.41731367766074585  0.013148851869338582
39.964693669813563   0.18639821096262718  0.0013302214253935792
40.394421558736283   0.24353534910978229  0.0022851200008071588
40.824149447659011   0.65684635314779403  0.014311255376231483
41.253877336581738   0.62859146720510515  0.0062301735075024377
41.683605225504465   0.41575143978387606  0.0016810946498700853
42.113333114427192   0.42443096581617457  0.00050634801913998974
42.543061003349919   0.50916354477831012  0.0024407011668329452
42.972788892272646   2.8241145613494352  0.016529491010047818
