0.0064796213473364795   0   0   
0.019438864042009438   0   0   
0.032398106736682399   0   0   
0.045357349431355359   0   0   
0.058316592126028313   0   0   
0.071275834820701281   0   0   
0.084235077515374235   0   0   
0.097194320210047189   0   0   
0.11015356290472016   0   0   
0.12311280559939311   0   0   
0.13607204829406608   0   0   
0.14903129098873902   0   0   
0.16199053368341199   0   0   
0.17494977637808495   0   0   
0.18790901907275789   0   0   
0.20086826176743086   0   0   
0.21382750446210383   0   0   
0.2267867471567768   0   0   
0.23974598985144974   0   0   
0.2527052325461227   0   0   
0.26566447524079567   0   0   
0.27862371793546864   5.6050432657992317e-08   5.6050432657992317e-08   
0.29158296063014155   0.31022720851096166   0.00073670052475353595   
0.30454220332481452   27.796277802536639   0.006971549215330876   
0.31750144601948749   6.9891195080355845   0.0073308537704618195   
0.33046068871416046   0.0032195599314649969   1.1646386671307401e-05   
0.34341993140883342   0   0   
0.35637917410350639   0   0   
0.36933841679817936   0   0   
0.38229765949285227   0   0   
0.39525690218752524   0   0   
0.40821614488219821   0   0   
0.42117538757687117   0   0   
0.43413463027154414   0   0   
0.44709387296621711   0   0   
0.46005311566089002   0   0   
0.47301235835556299   0   0   
0.48597160105023596   0   0   
0.49893084374490893   0   0   
0.51189008643958189   0   0   
0.52484932913425486   0   0   
0.53780857182892783   0   0   
0.5507678145236008   0   0   
0.56372705721827376   0   0   
0.57668629991294673   0   0   
0.58964554260761959   0   0   
0.60260478530229256   0   0   
0.61556402799696552   0   0   
0.62852327069163849   0   0   
0.64148251338631146   0   0   
0.65444175608098443   0   0   
0.66740099877565739   0   0   
0.68036024147033036   0   0   
0.69331948416500333   0   0   
0.7062787268596763   0   0   
0.71923796955434927   0   0   
0.73219721224902223   0   0   
0.7451564549436952   0   0   
0.75811569763836806   0   0   
0.77107494033304103   0   0   
0.78403418302771399   0   0   
0.79699342572238696   0   0   
0.80995266841705993   0   0   
0.8229119111117329   0   0   
0.83587115380640586   0   0   
0.84883039650107883   0   0   
0.8617896391957518   0   0   
0.87474888189042477   0   0   
0.88770812458509774   0   0   
0.9006673672797707   0   0   
0.91362660997444356   0   0   
0.92658585266911653   0   0   
0.9395450953637895   0   0   
0.95250433805846246   0   0   
0.96546358075313543   0   0   
0.9784228234478084   0   0   
0.99138206614248137   0   0   
1.0043413088371542   0   0   
1.0173005515318272   0   0   
1.0302597942265002   0   0   
1.0432190369211731   0   0   
1.0561782796158461   0   0   
1.0691375223105191   0   0   
1.082096765005192   0   0   
1.095056007699865   0   0   
1.108015250394538   0   0   
1.1209744930892109   0   0   
1.1339337357838839   1.3083772423308492e-06   1.3501940045663487e-07   
1.1468929784785569   0.0004647131871600811   4.2726586039385704e-06   
1.1598522211732298   0.036304948665525738   0.00017214623377233608   
1.1728114638679028   0.72161125789248383   0.0033010001067777717   
1.1857707065625758   4.0716346628606115   0.015757172027996524   
1.1987299492572487   7.30623450899825   0.0076997695530344461   
1.2116891919519217   4.5856150125678712   0.013560873203357935   
1.2246484346465947   1.110291580302645   0.009110797244373062   
1.2376076773412676   0.1231031849254882   0.0034408081769446225   
1.2505669200359406   0.01559690036191719   0.0026061906792252263   
1.2635261627306136   0.023985775472828668   0.0059503969551819326   
1.2764854054252865   0.049764145889708709   0.0098675506052805041   
1.2894446481199595   0.11629185840857175   0.010155783540905496   
1.3024038908146325   0.3601535569724386   0.0057819210684666667   
1.3153631335093054   1.03697305924781   0.00069719927806743127   
1.3283223762039782   2.2864213307239364   0.0057667397065227039   
1.3412816188986512   3.7847144691135489   0.0080140260662883275   
1.3542408615933241   4.855506227414492   0.0083530082009595346   
1.3672001042879971   5.0747178256845137   0.008982298411854788   
1.3801593469826701   4.5603991101960722   0.0090493144907371695   
1.393118589677343   3.664225256832186   0.0039151011100389989   
1.406077832372016   2.7117043429993725   0.007689567224808718   
1.419037075066689   2.12640876832883   0.017528629119424844   
1.4319963177613619   2.7310533265713921   0.011220526031090193   
1.4449555604560349   5.3554069705897604   0.012598833278514618   
1.4579148031507079   8.5108494292894714   0.035605462461193167   
1.4708740458453808   8.1119084424097854   0.034342913135019231   
1.4838332885400538   4.1226675129600924   0.010141525298297025   
1.4967925312347268   1.1431434698307429   0.026827348753805268   
1.5097517739293997   0.25606951155509116   0.032965456068911088   
1.5227110166240727   0.034599436927871436   0.0064519831817719283   
1.5356702593187457   0.0025301177126803528   0.00051517760268590806   
1.5486295020134186   0.00029542213080662368   7.1081268716673524e-05   
1.5615887447080916   3.94927627317664e-05   1.0054950151373074e-05   
1.5745479874027646   6.8635254081120146e-06   1.7653494691906212e-06   
1.5875072300974375   2.9994302344862855e-05   7.6642082876984794e-06   
1.6004664727921105   0.00023834323209909789   6.1606619321611518e-05   
1.6134257154867835   0.001436024915519697   0.00037697925193443069   
1.6263849581814565   0.0060858581688832756   0.0016082745185305901   
1.6393442008761294   0.016892033427979795   0.0044496598408423063   
1.6523034435708024   0.028544950010471896   0.0073457118555701032   
1.6652626862654751   0.031604728469861981   0.0068112565524796995   
1.6782219289601481   0.046447755023886337   0.003367812279047732   
1.6911811716548211   0.16290242793413709   0.00048852634561735695   
1.704140414349494   0.59568835552980145   0.0018406424972943486   
1.717099657044167   1.6068646017138087   0.0053744739248187353   
1.73005889973884   2.9366590495220834   0.010676424155814928   
1.7430181424335129   3.4122207601612698   0.013874043725511718   
1.7559773851281859   2.3574657853808013   0.010472441223770601   
1.7689366278228589   0.9010358207038808   0.0041648413607406071   
1.7818958705175318   0.18053191769047383   0.00051150406288969018   
1.7948551132122048   0.041462069592876165   0.0052329420782191146   
1.8078143559068778   0.053497087140977164   0.013336060022394984   
1.8207735986015507   0.01532103011609626   0.0039541232641097492   
1.8337328412962237   0.00062808312508146242   0.00016162856434590353   
1.8466920839908967   5.2685440016665135e-06   1.3011066786866884e-06   
1.8596513266855697   8.3978000149605223e-09   8.3978000149605223e-09   
1.8726105693802426   0   0   
1.8855698120749156   0   0   
1.8985290547695886   0   0   
1.9114882974642615   0   0   
1.9244475401589345   0   0   
1.9374067828536075   0   0   
1.9503660255482804   0   0   
1.9633252682429534   0   0   
1.9762845109376264   0   0   
1.9892437536322993   0   0   
2.0022029963269721   0   0   
2.0151622390216453   0   0   
2.028121481716318   0   0   
2.0410807244109912   0   0   
2.0540399671056639   0   0   
2.0669992098003371   0   0   
2.0799584524950099   0   0   
2.0929176951896831   0   0   
2.1058769378843558   0   0   
2.118836180579029   0   0   
2.1317954232737018   2.124464727188949e-07   5.0577681623446755e-08   
2.1447546659683749   4.1577228793102282e-06   2.5187546477119687e-07   
2.1577139086630477   6.8765801529712179e-05   1.6756744101432366e-06   
2.1706731513577204   0.00084285394725436423   2.6855998904761574e-05   
2.1836323940523936   0.0074763358586833422   0.00017865328391913151   
2.1965916367470664   0.046320746020244019   0.00065623213036615434   
2.2095508794417396   0.19960998004108057   0.0010464727559364197   
2.2225101221364123   0.60159004312722335   9.2988439599853401e-05   
2.2354693648310855   1.278912055897866   0.0022771239321252619   
2.2484286075257582   1.9629987710550913   0.0032098288925044423   
2.2613878502204314   2.418628731168156   0.0030503288062287273   
2.2743470929151042   2.8850226251443751   0.0033718047155083261   
2.2873063356097774   2.8147445313778066   0.0017858393629400727   
2.3002655783044501   1.54698688261168   0.0096441516623187034   
2.3132248209991233   0.44624877963793274   0.0096803487684315767   
2.326184063693796   0.11690415398141296   0.0081781004363487389   
2.3391433063884692   0.11222587579147732   0.0071764321617888862   
2.352102549083142   0.28630623243932242   0.004223422488053739   
2.3650617917778152   0.76751185296372983   0.00068233498539529826   
2.3780210344724879   1.6726013542165333   0.0059901038508045072   
2.3909802771671611   2.8074513457680661   0.010843386488742666   
2.4039395198618339   3.589373626853937   0.013413716568800983   
2.416898762556507   3.4923179016749157   0.012041186923388958   
2.4298580052511798   2.5904510154873941   0.0076642875059505934   
2.442817247945853   1.4712497504232058   0.0031157863066853229   
2.4557764906405257   0.64840409205484889   0.00066069399367400274   
2.4687357333351989   0.23502215117210748   0.0041179116082956567   
2.4816949760298717   0.08780025862907716   0.0072015312020968701   
2.4946542187245444   0.049888605795242883   0.0078787234721229865   
2.5076134614192176   0.053670213668215569   0.0066374939265522693   
2.5205727041138903   0.10381366317401098   0.0053286297176380702   
2.5335319468085635   0.23862241648008494   0.0033409353308662385   
2.5464911895032363   0.52149703659413738   0.0003244100968311232   
2.5594504321979095   1.1081530625749451   0.0029422218582293698   
2.5724096748925822   2.4913264788280118   0.0051478405357210974   
2.5853689175872554   4.4169441723769338   0.0043430937974276387   
2.5983281602819281   4.3335150717306353   0.0021334672886822482   
2.6112874029766013   2.3290747856116447   0.0025183725750434349   
2.6242466456712741   1.2529846654553631   0.0072605265054459807   
2.6372058883659473   1.584306726550231   0.0040962133522858764   
2.65016513106062   2.4130762458406883   0.0044872378465604493   
2.6631243737552932   2.6845385624290048   0.0095602635473634601   
2.676083616449966   2.3693181372369158   0.0090880964241448165   
2.6890428591446391   2.320001165221474   0.0064715341246534369   
2.7020021018393119   2.705412512825835   0.0017956694618551451   
2.7149613445339851   2.9107635397669983   0.0023378263678684331   
2.7279205872286578   2.6034644927494488   0.0014771605976245093   
2.740879829923331   1.9310209549293124   0.0011495240031874118   
2.7538390726180038   1.1901028188642143   0.00019858321313241171   
2.7667983153126769   0.61614966385884261   0.0013783292326523938   
2.7797575580073497   0.27417156672628693   0.0031183580548639049   
2.7927168007020229   0.10982431496096688   0.0040190423803896386   
2.8056760433966956   0.045458050890351709   0.0044295695857898181   
2.8186352860913688   0.029792958454001111   0.0059383929287723087   
2.8315945287860416   0.034321710943035926   0.0085665508545666645   
2.8445537714807143   0.039250880412160238   0.0091552755886434318   
2.8575130141753875   0.066885922455076637   0.0061862363078382206   
2.8704722568700602   0.33017724499294403   0.0031494198130737276   
2.8834314995647334   1.2919225036440406   0.00099622649675403121   
2.8963907422594062   2.7509903363436709   0.005780764908360709   
2.9093499849540794   3.7482327621498937   0.013475227916472383   
2.9223092276487521   4.0570035448679297   0.01583864099841479   
2.9352684703434253   3.3568640721165172   0.013123201995575467   
2.9482277130380981   1.8543420467664538   0.007094619495288117   
2.9611869557327712   0.6454083603648939   0.0024762111511984536   
2.974146198427444   0.14188366947131689   0.0002993586960052023   
2.9871054411221172   0.023161432740031718   0.00084164888690620239   
3.0000646838167899   0.05032870352885013   0.011180684582116356   
3.0130239265114631   0.049929311964462107   0.012714398699365999   
3.0259831692061359   0.0096689513203501074   0.0025313823135720123   
3.038942411900809   0.0027205767369272532   0.0007197869053059902   
3.0519016545954818   0.0060901020439789132   0.0016235545101882122   
3.064860897290155   0.010546678706152346   0.0028100731800145767   
3.0778201399848277   0.010636662639291329   0.002832412180220293   
3.0907793826795009   0.006174316371177206   0.0016207756180036306   
3.1037386253741737   0.0026640011211638216   0.00061767467313658604   
3.1166978680688469   0.0038358960755080048   0.00054945382072865828   
3.1296571107635196   0.014879118493640201   0.0012954574522535329   
3.1426163534581928   0.057009745520637662   0.0018926400072814689   
3.1555755961528655   0.19917783795832723   0.00088096359659445303   
3.1685348388475383   0.56231254826810624   0.0019754039873175953   
3.1814940815422115   1.1556412689204263   0.0056159001655437884   
3.1944533242368842   1.6408467506038162   0.0081286391920399843   
3.2074125669315574   1.55940457633688   0.007339652405002521   
3.2203718096262302   0.96709037992874338   0.0035244985545530833   
3.2333310523209033   0.38467886272603116   0.0002755430950285438   
3.2462902950155761   0.098864755344443058   0.0013266370370564392   
3.2592495377102493   0.017467363944274438   0.00069718666005004634   
3.272208780404922   0.0025029767996978177   0.00017045983835432049   
3.2851680230995952   0.00081636736571075323   0.00013199104447671439   
3.298127265794268   0.0073430261204327392   0.0019116493232333997   
3.3110865084889411   0.021672622848762791   0.0057565491741240005   
3.3240457511836139   0.0059952403740597446   0.0015951497406362883   
3.3370049938782871   0.00041988881038025701   0.00011123870220940487   
3.3499642365729598   9.9763265245424629e-06   2.5356553424630655e-06   
3.362923479267633   1.3002836400813634e-07   3.5162817216979112e-08   
3.3758827219623058   2.7756260318161264e-07   1.4806551017975889e-07   
3.388841964656979   2.8617871955379905e-06   8.4322785881111549e-07   
3.4018012073516517   3.1199058732913866e-05   6.7260924092140849e-06   
3.4147604500463249   0.00028661798216259694   6.0571437875291509e-05   
3.4277196927409976   0.0018213949400296577   0.00035837978717094823   
3.4406789354356708   0.008030904196778844   0.0012455739161911535   
3.4536381781303436   0.028607539206640712   0.0027420536181876475   
3.4665974208250168   0.091978043593899018   0.0041374380957487353   
3.4795566635196895   0.26331750422270073   0.0047043187046013486   
3.4925159062143623   0.63091990101817708   0.0040413786081406488   
3.5054751489090354   1.2282052366788802   0.0018469806100090871   
3.5184343916037082   1.9192342373060685   0.00183492268955518   
3.5313936342983814   2.3807538275989075   0.0052760191716756105   
3.5443528769930541   2.3244953895825243   0.0057180960387675664   
3.5573121196877273   1.8184068300797855   0.0029159348417617819   
3.5702713623824001   1.2881946447842668   0.0008085408180085992   
3.5832306050770732   1.1449797615606661   0.0024358990238132366   
3.596189847771746   1.4806803466036624   0.0015040389044473741   
3.6091490904664192   2.1176947523389616   0.00030165406313621938   
3.6221083331610919   2.9148228871354965   0.0027342164954869888   
3.6350675758557651   3.6475649027212795   0.0064660031402951574   
3.6480268185504379   3.4635336618308162   0.0059698510680187359   
3.6609860612451111   2.1349587671908915   0.00069173143250219679   
3.6739453039397838   0.90995814912610286   0.0051056032011093457   
3.686904546634457   0.50721196017371437   0.0088070960239934407   
3.6998637893291297   0.7237349214380931   0.0057755376366178614   
3.7128230320238029   1.3981453985099253   0.00064848001463070986   
3.7257822747184757   2.3635151802002358   0.005004581303057267   
3.7387415174131489   3.1910373509675361   0.0098471333509521744   
3.7517007601078216   3.3686375490292894   0.011038232207776019   
3.7646600028024948   2.7566108855829948   0.0072499165928757956   
3.7776192454971675   1.745184941892195   0.0020435708741002807   
3.7905784881918407   0.85880482758540681   0.0014355490427168859   
3.8035377308865135   0.33471372106080813   0.0026235559368661269   
3.8164969735811862   0.11013833402349255   0.0029984143092304961   
3.8294562162758594   0.038395139974206983   0.0035474141946297305   
3.8424154589705322   0.020104614470065907   0.0038380871472094406   
3.8553747016652054   0.015039290062651034   0.0035973925292076372   
3.8683339443598781   0.017374945839686471   0.0041347684936504457   
3.8812931870545513   0.034212214581028212   0.0069088563988063618   
3.894252429749224   0.084998798586984153   0.0098443859165198259   
3.9072116724438972   0.30473555900712507   0.008319540378523696   
3.92017091513857   1.1489985991287365   0.0013562186117413427   
3.9331301578332432   2.8989702810950705   0.0094377504133521639   
3.9460894005279159   4.2331675956973448   0.017088905033576655   
3.9590486432225891   3.6039793250430882   0.013305559507264637   
3.9720078859172618   2.073860479194553   0.0039644543576783218   
3.984967128611935   1.1022527813240558   0.0064142457203443084   
3.9979263713066078   0.65083270329366787   0.0099656967426107684   
4.010885614001281   0.48875082571606128   0.0041576016737413501   
4.0238448566959537   0.65571258568846652   0.0009214650492971377   
4.0368040993906265   1.0970546146627932   0.00028451866587854818   
4.0497633420853001   1.6101739687539584   0.00047002517921730227   
4.0627225847799728   1.9446517073766554   0.0012026119803075454   
4.0756818274746456   1.9926981044955891   0.002014354327447508   
4.0886410701693183   1.9096916506798211   0.0036179396767712635   
4.101600312863992   1.8901583974068147   0.0052008953993623422   
4.1145595555586647   1.8066535269855862   0.0050575142261583672   
4.1275187982533375   1.4013758870201511   0.0022575262631541619   
4.1404780409480102   0.78980149827697161   0.0011054334219011479   
4.1534372836426829   0.31521706308383653   0.0031806616089181984   
4.1663965263373566   0.096610648933651881   0.0041168720336545823   
4.1793557690320293   0.033460654722267821   0.0043179773840333381   
4.1923150117267021   0.025610395712054418   0.003510855316003027   
4.2052742544213748   0.08401527265275667   0.0047641936481969653   
4.2182334971160484   0.33259768809285413   0.0033529336153693568   
4.2311927398107212   0.93306292206433325   0.0012039804601550349   
4.2441519825053939   1.5309557441691188   0.0033054094964671574   
4.2571112252000667   1.3666590045903745   0.0019319465925314836   
4.2700704678947403   0.64926170413811665   0.0011922440792920582   
4.2830297105894131   0.16958083763284364   0.0030680655597455055   
4.2959889532840858   0.039220855460009067   0.0047234294658424291   
4.3089481959787586   0.019725204034790603   0.0036362440567630525   
4.3219074386734322   0.033228893370903692   0.0019771955037270753   
4.3348666813681049   0.13151670058657763   0.0020915250612789903   
4.3478259240627777   0.44580581206507455   0.00079397829869188219   
4.3607851667574504   1.1166931305501198   0.0037122968905197537   
4.3737444094521241   1.9712258308717225   0.009214416115536824   
4.3867036521467968   2.3916568504192386   0.011872880514528916   
4.3996628948414696   1.9684130390178578   0.0092666864269064617   
4.4126221375361423   1.0949688834874431   0.003745923651886599   
4.4255813802308159   0.41604469834813476   0.00073611474826946343   
4.4385406229254887   0.11358324878278758   0.0021365348161802098   
4.4514998656201614   0.025804710477080358   0.001540454839867451   
4.4644591083148342   0.0074658593018004317   0.0010348666810548219   
4.4774183510095078   0.0065007165257412507   0.0015192394201592236   
4.4903775937041805   0.010437302959490828   0.0027150452167595281   
4.5033368363988533   0.023743496841785211   0.0063053736456793516   
4.516296079093526   0.026980084360817449   0.0071751522586053968   
4.5292553217881988   0.0089924597434510841   0.0023749571122313925   
4.5422145644828724   0.0033316712994759657   0.00086527208104337496   
4.5551738071775452   0.005624281002134771   0.0014309404289871858   
4.5681330498722179   0.0090375716027663614   0.0020425489461114025   
4.5810922925668907   0.015111590107532893   0.0018984245658722744   
4.5940515352615643   0.044015508670899397   0.0013105632293022832   
4.607010777956237   0.15302993688692768   0.00049695394147914364   
4.6199700206509098   0.4474670827359541   0.00095510519351443788   
4.6329292633455825   1.0037730042588057   0.0029055994127274848   
4.6458885060402562   1.6748876476340493   0.0052659292663208624   
4.6588477487349289   2.0417861158014354   0.0067213092164004104   
4.6718069914296017   1.8007577501515442   0.0056177354278188631   
4.6847662341242744   1.1531967189971925   0.0026437003128449797   
4.697725476818948   0.55187052698207215   0.00046467211324179142   
4.7106847195136208   0.21455567568165247   0.0030164839884770467   
4.7236439622082935   0.084921517137920651   0.0049455905114186019   
4.7366032049029663   0.0560020446491871   0.0054369147771117207   
4.7495624475976399   0.088586371787559829   0.0041321401710904678   
4.7625216902923126   0.21752495688073946   0.0022043825652196195   
4.7754809329869854   0.51672572372160281   0.00068866276408941934   
4.7884401756816581   1.0271603690616277   0.00087384175457142498   
4.8013994183763318   1.6678749961772866   0.0020489418908319582   
4.8143586610710045   2.2070771384576164   0.0021884654412110811   
4.8273179037656773   2.3863885415016923   0.0033611422259918012   
4.84027714646035   2.1831380716541866   0.0027585798659446765   
4.8532363891550228   1.8931911198914804   0.00082253531512445923   
4.8661956318496964   1.8693560894640303   0.00045119879165856296   
4.8791548745443691   2.0460082471876736   0.0004404251665046696   
4.8921141172390419   2.1984102074993283   0.0012919414227601581   
4.9050733599337146   2.4026181032288162   0.0047751123271536287   
4.9180326026283883   2.5644049276059335   0.0062560949715315182   
4.930991845323061   2.3986232284194771   0.004131679386607733   
4.9439510880177338   1.9486688060534724   0.00028783228797230458   
4.9569103307124065   1.5525699700030225   0.0032892173711953319   
4.9698695734070801   1.4384886843186897   0.0033473501736677   
4.9828288161017529   1.53070952967132   0.0021631648149054713   
4.9957880587964256   1.5830250198285601   0.0022121024997564221   
5.0087473014910984   1.4307710591178496   0.0034292235089367283   
5.021706544185772   1.1477653956188702   0.0043361420720024641   
5.0346657868804447   1.011101041418043   0.0031902608771936893   
5.0476250295751175   1.192886277956336   0.00017267186041555957   
5.0605842722697902   1.3593478009833614   0.0022138984039189142   
5.0735435149644639   1.06945973769542   0.0011920245744759709   
5.0865027576591366   0.54839800505441547   0.00066075860882707631   
5.0994620003538094   0.28861936553853362   0.0016012868895964347   
5.1124212430484821   0.41818497907306338   0.0014690673653890763   
5.1253804857431557   0.84524647688257998   0.000471391699234417   
5.1383397284378285   1.41181974496099   0.0025411571637381076   
5.1512989711325012   1.9036985629133302   0.0052935312112763145   
5.164258213827174   2.2650923336067104   0.0064757588026757589   
5.1772174565218467   2.3865457937156109   0.0033856448435376668   
5.1901766992165204   1.8583999255978794   0.00076928360935912618   
5.2031359419111931   0.90219284294421638   0.00040556587719775103   
5.2160951846058659   0.26133312668040522   0.0012591552596698917   
5.2290544273005386   0.054637769641632062   0.002404765042450619   
5.2420136699952122   0.020384264629554726   0.0037344525179512225   
5.254972912689885   0.020903992618304187   0.0052893632813816473   
5.2679321553845577   0.023042723770932094   0.0060304509101835241   
5.2808913980792305   0.021162980771400836   0.0053426551774955085   
5.2938506407739041   0.023739930650516472   0.0041721970045168695   
5.3068098834685768   0.068183666872649112   0.0031787576327923848   
5.3197691261632496   0.29363206816277454   0.0023937257763024946   
5.3327283688579223   0.95264045458595757   0.00035101420953309548   
5.345687611552596   2.0157733933244314   0.0053708539348637468   
5.3586468542472687   2.7585270301927596   0.0096532303658522308   
5.3716060969419415   2.6452708237484886   0.0091441214944777015   
5.3845653396366142   2.2176997381570346   0.006482509164603203   
5.3975245823312878   2.044693553645124   0.0050863681623829745   
5.4104838250259606   1.9820611619049068   0.0039782861433568549   
5.4234430677206333   1.7638220218150219   0.0018283176555334385   
5.4364023104153061   1.3725709574306651   0.0015276523166346858   
5.4493615531099797   0.94808469663467556   0.005687450996544185   
5.4623207958046525   0.67107843170063478   0.0054293118400037415   
5.4752800384993252   0.67001167794848631   0.0040323041641772041   
5.488239281193998   0.72207632967467768   0.0026561312768093858   
5.5011985238886707   0.51730599616560665   0.001727641929024376   
5.5141577665833443   0.21985021313947921   0.0025515541870594656   
5.5271170092780171   0.10084223989822158   0.0038250195459647177   
5.5400762519726898   0.18500128904269395   0.003407127160370669   
5.5530354946673626   0.44103244159459899   0.00056436034841341031   
5.5659947373620362   0.77008962028115086   0.0027241320482494687   
5.578953980056709   0.93010744667143554   0.003907626264112866   
5.5919132227513817   0.77821449237538061   0.0025816814776088092   
5.6048724654460544   0.48112337927947658   0.00079593519437826243   
5.6178317081407281   0.33937212723142748   0.0003190800886904006   
5.6307909508354008   0.52401455070520466   0.0011929712248447178   
5.6437501935300736   0.90438209281181461   0.0034531690789172429   
5.6567094362247463   1.0505540699533809   0.0041848430378478024   
5.6696686789194199   0.74916878791752922   0.0015671837395376987   
5.6826279216140927   0.32539480486627604   0.0017890442314887147   
5.6955871643087654   0.09138355247660331   0.0030993037575452573   
5.7085464070034382   0.025517182714960987   0.0035355648242985845   
5.7215056496981118   0.010867966116563341   0.0025179487752420266   
5.7344648923927846   0.0063437816348493498   0.0016147586533663   
5.7474241350874573   0.014062956113341053   0.0036782213128738307   
5.7603833777821301   0.022655847857137341   0.0057912941917030342   
5.7733426204768037   0.02343977421674876   0.0047548941587931567   
5.7863018631714764   0.042963619657869896   0.0030836766585752395   
5.7992611058661492   0.1440328337506901   0.0014231477447454973   
5.8122203485608219   0.44992269524393164   0.0009731980893697215   
5.8251795912554947   1.0519912234947231   0.0038496764155146483   
5.8381388339501683   1.7695259461750687   0.0064073539582606595   
5.8510980766448411   2.1521175289400545   0.0075112193167878095   
5.8640573193395138   1.963049888126731   0.00680493656344018   
5.8770165620341865   1.4582054916766859   0.0046241856566271643   
5.8899758047288602   1.0164992942068127   0.0020957379531116273   
5.9029350474235329   0.79305172723594808   0.00029184448676826021   
5.9158942901182057   0.76257998095302646   0.00065389096039395419   
5.9288535328128784   0.82977179346060524   0.0009504475891510371   
5.941812775507552   0.88815388020563698   0.0014168882020756351   
5.9547720182022248   0.91257852202050333   0.0017763400941566941   
5.9677312608968975   0.9780376896305536   0.0013799177898531137   
5.9806905035915703   1.1378556074577213   0.00016173869072442009   
5.9936497462862439   1.3130532348208956   0.001208238483707114   
6.0066089889809167   0.93143555279196269   0.00197914698669629   
6.0195682316755894   0.59725888767009695   0.0040405448431335969   
6.0325274743702622   0.41979458046122   0.0034447741593890032   
6.0454867170649358   0.25733657186684388   0.0039119991776534322   
6.0584459597596085   0.18036117052011986   0.0044073661160198848   
6.0714052024542813   0.25652691530262177   0.0042504284462025705   
6.084364445148954   0.57608803780310099   0.0025324734668908561   
6.0973236878436277   1.1945714053846286   0.0013644605433455289   
6.1102829305383004   1.96552475165598   0.0060725119560069764   
6.1232421732329732   2.4336507673362556   0.0085249548620905568   
6.1362014159276459   1.9806461506722293   0.0056454331477434025   
6.1491606586223186   1.6568960325234929   0.0028615144068263598   
6.1621199013169923   1.4071571513976558   0.00086413967906678836   
6.175079144011665   1.3254379884093769   0.00047868167288325062   
6.1880383867063378   1.5667891768511411   0.0017730942347096901   
6.2009976294010105   2.0805005268625619   0.0037026117569023978   
6.2139568720956841   2.3574209460101534   0.0030535817173461553   
6.2269161147903569   1.863067722135528   0.00041708450169765612   
6.2398753574850296   0.98462454810531197   0.0049780954742781497   
6.2528346001797024   0.63177697424843405   0.0063279070596401516   
6.265793842874376   0.47946540581378772   0.0050745712325004356   
6.2787530855690488   0.44053474636780537   0.0021570323271803004   
6.2917123282637215   0.50898574775049819   0.00030353507682763398   
6.3046715709583943   0.67013780167566081   0.0005803328208024356   
6.3176308136530679   0.88827670629031974   0.001209545303974579   
6.3305900563477406   1.0725675485279437   0.0029674965784331091   
6.3435492990424134   1.0996441771138963   0.0037670264307259351   
6.3565085417370861   0.9113658400326244   0.0027639131471264846   
6.3694677844317598   0.59647027681153683   0.00065987789352405282   
6.3824270271264325   0.30837757878661675   0.0014362609884359144   
6.3953862698211053   0.12966842861489406   0.0025921816454603555   
6.408345512515778   0.050033745266851459   0.0032160290362486322   
6.4213047552104516   0.023804469206616293   0.0036006757214856297   
6.4342639979051244   0.018321706102969884   0.0034591666292486857   
6.4472232405997971   0.037461659981857241   0.0037117369105499005   
6.4601824832944699   0.14035446197190982   0.004630337796570974   
6.4731417259891426   0.46699726278119263   0.0032268650575622631   
