0.42972788892272645   13.384749403841712  0.031710700670139601
0.85945577784545291   5.9649907005388326  0.018775211156870581
1.2891836667681793   0.71961026220482791  0.0047422109969835063
1.7189115556909058   0.024949444915450898  0.00030754789295066353
2.1486394446136323   0.010060321685182611  0.00028372444159854072
2.5783673335363586   0.14779851159995955  0.0016695690288286819
3.0080952224590853   0.17463640891878169  0.0065237993933290132
3.4378231113818116   0.22047503076037306  0.0049832136843772016
3.8675510003045379   0.065706288178343449  0.0016153140082705833
4.2972788892272646   0.60077752237526626  0.014331585000944846
4.7270067781499909   0.2305705413212687  0.0061876427637930143
5.1567346670727172   0.20562140938099066  0.0025551113037989037
5.5864625559954435   1.6496335687503636  0.010289272256779417
6.0161904449181707   0.44031268932909312  0.006681812708293651
6.445918333840897   0.050524612399508196  0.00078604760635748879
6.8756462227636232   0.037020502362729478  0.00087279969869454263
7.3053741116863495   0.063556595538034857  0.0011391000288727789
7.7351020006090758   0.097878312237677005  0.0039087182181272543
8.1648298895318021   0.99330134680257448  0.013591071615472599
8.5945577784545293   3.6738566977891332  0.014515425247490581
9.0242856673772547   6.3663944315413189  0.028628301225656537
9.4540135562999819   0.43368514890893253  0.0015759639793825465
9.883741445222709   0.44815810265545649  0.0059923042196675002
10.313469334145434   0.26654643857808554  0.0035419744795525377
10.743197223068162   0.16761238794684966  0.0025200222793196735
11.172925111990887   0.069282779848733565  0.00097594037292813352
11.602653000913614   0.1361545555086008  0.0025329679809848823
12.032380889836341   0.1592850439174484  0.0019233142298230714
12.462108778759067   0.18561672731923286  0.0019813385467240442
12.891836667681794   0.095178618271085506  0.0017607565852373452
13.321564556604519   0.21885010971479274  0.0042697711624751257
13.751292445527246   0.11342906672616491  0.0021836651354167399
14.181020334449974   0.21269352608373376  0.0017070885550194406
14.610748223372699   0.24370275341850048  0.0019593399908482035
15.040476112295426   0.25758954277932348  0.0035202151508349224
15.470204001218152   0.19227441170822706  0.0022804908842566012
15.899931890140879   0.29856384796065508  0.0036198474852183683
16.329659779063604   0.42248402142592936  0.0059298746675519975
16.759387667986331   0.51762938363128862  0.0079276612464273579
17.189115556909059   0.34992862364498001  0.0038003442484670623
17.618843445831786   0.55837287300609556  0.010377042960446463
18.048571334754509   0.46806565450801965  0.013022565375493975
18.478299223677237   0.30969418058741917  0.0051582708665744776
18.908027112599964   0.40924890724329968  0.0066135222903061139
19.337755001522691   0.29969882657674213  0.0043666080464157671
19.767482890445418   0.22550783730598176  0.00082766973880306706
20.197210779368142   0.22554380987504103  0.0019341649770675005
20.626938668290869   0.30679092497812739  0.0013394677022000921
21.056666557213596   0.52890169807424106  0.0025059915274512914
21.486394446136323   0.66866184849377617  0.0053055460037480485
21.91612233505905   1.7269433875808195  0.016402334606469703
22.345850223981774   4.7464955208439279  0.04494600189496521
22.775578112904501   0.4928496646480121  0.0033799479692835082
23.205306001827228   0.37031519035986969  0.0049629798762642742
23.635033890749956   0.39591059154695651  0.0056381073852114256
24.064761779672683   0.35423485332670016  0.0015441742132892042
24.494489668595406   0.53275526588070463  0.0027404066522745049
24.924217557518134   0.585133861139208  0.0024349096767654823
25.353945446440861   0.85384668909092244  0.0059824301960531036
25.783673335363588   0.59870282049374348  0.0032142112276260993
26.213401224286315   0.65977044988647638  0.0021986776847479918
26.643129113209039   2.4753139854020033  0.029439142268176604
27.072857002131766   0.7441175942071005  0.0058692127196718471
27.502584891054493   0.72274500107095291  0.018334191527760931
27.93231277997722   0.633571483873  0.0056529713221985161
28.362040668899947   0.38789534961726306  0.0082839813071948788
28.791768557822671   0.47848689636054673  0.0031793156007262499
29.221496446745398   0.51547120307230682  0.0022733444491801759
29.651224335668125   0.92254083446267758  0.0043451217121510535
30.080952224590852   0.64477643600374143  0.0028878219035350786
30.51068011351358   0.93365434657515849  0.0073866259274252805
30.940408002436303   7.3979725624177238  0.015295834607148078
31.37013589135903   7.122730755462482  0.026331737568293529
31.799863780281758   0.98443492408075164  0.0043682009885137334
32.229591669204481   0.48726889932472289  0.0039462085026549206
32.659319558127208   0.39896316719657102  0.0019464155805612844
33.089047447049936   0.29597030470714434  0.0014989657995495613
33.518775335972663   0.24222647094011934  0.00068188973057205621
33.94850322489539   0.31880747318474097  0.00076950852187969258
34.378231113818117   0.38609665880826246  0.0012422441412853608
34.807959002740844   0.53673692891220773  0.0032810671213516937
35.237686891663571   1.4480524444147145  0.01180338262928546
35.667414780586299   4.3219215490098485  0.028684065654020946
36.097142669509019   0.76731109390281218  0.0031657624416501408
36.526870558431746   0.77368897103881036  0.0047538109057471654
36.956598447354473   1.0182403604701636  0.0051294475852043639
37.3863263362772   1.764618807270417  0.011201539392507426
37.816054225199927   0.72866308589642573  0.0031430783631013285
38.245782114122655   1.2977598076764986  0.0071536743226639109
38.675510003045382   0.94536500282903296  0.011194250628079442
39.105237891968109   0.71878426205550701  0.0045883592353050637
39.534965780890836   0.72337851189855196  0.005681057958320254
39.964693669813563   1.3221171625866526  0.0074926557621182453
40.394421558736283   0.88180190315363088  0.003309792893862213
40.824149447659011   0.75046622981988313  0.00150592462446999
41.253877336581738   0.87088548617231497  0.0043195301369370348
41.683605225504465   1.0353981349240348  0.0075164050282089725
42.113333114427192   0.69556225436656594  0.0047330035112876317
42.543061003349919   0.58191518956670623  0.0016608903789395231
42.972788892272646   0.57277492903544094  0.00083159360135658505
