0.42972788892272645   5.1223097571495049  0.0094944952657156799
0.85945577784545291   2.6548013119064324  0.007356219974931946
1.2891836667681793   0.57300349097411111  0.0027296553634644156
1.7189115556909058   0.035940752717637767  0.00062146074419490096
2.1486394446136323   0.0033939548343677513  0.0001058438619394671
2.5783673335363586   0.036656228693720199  0.00041630009528107427
3.0080952224590853   0.11540605384029422  0.00072089127797308881
3.4378231113818116   0.085096735410211567  0.0024152142580302434
3.8675510003045379   0.059438476971631344  0.0019786981074330913
4.2972788892272646   0.84917519378165764  0.0061460874182893093
4.7270067781499909   0.083068410651473953  0.0031840516305388212
5.1567346670727172   0.33174940409151325  0.0036316720330423775
5.5864625559954435   1.8758331339107917  0.0072137177762529916
6.0161904449181707   0.057432771201493787  0.0011911939096219404
6.445918333840897   0.015563833884750653  0.00020793209072114836
6.8756462227636232   0.014984904781661618  0.00020025653637598535
7.3053741116863495   0.069322953108410451  0.00073755323285344524
7.7351020006090758   0.14144577508174202  0.0014266679021053263
8.1648298895318021   0.15061663571283339  0.0012276394900841507
8.5945577784545293   0.91008642466657126  0.0047744981831092314
9.0242856673772547   0.077897990024352547  0.00059586669047389918
9.4540135562999819   0.071401126593630791  0.00068435019065883838
9.883741445222709   0.070378029066971208  0.00084091915391077482
10.313469334145434   0.12603680082836999  0.0022634243796208622
10.743197223068162   0.22904614545911077  0.0022126008963514688
11.172925111990887   0.010568849687210191  4.3702005299343024e-05
11.602653000913614   0.083007279905598315  0.00080354641751717889
12.032380889836341   0.10629646599415676  0.0011457306194044724
12.462108778759067   0.1581803749643326  0.0020515899441548094
12.891836667681794   0.82507775366362099  0.0079453025712025637
13.321564556604519   0.40976572679188469  0.0065369638562262452
13.751292445527246   0.21289896005267926  0.0024000977218948558
14.181020334449974   0.12509811079647522  0.00072575544012901443
14.610748223372699   0.1136124271364138  0.00073258271766316691
15.040476112295426   0.10150521354840344  0.00072650936965425093
15.470204001218152   0.035542176942712839  0.00032799543629616393
15.899931890140879   0.1079412785208319  0.00094516473423185884
16.329659779063604   2.6932946178855567  0.022557230792930887
16.759387667986331   1.4991790034179817  0.032528717951272684
17.189115556909059   1.3653811093229476  0.020643719010257782
17.618843445831786   0.19199174459426988  0.001960057406172098
18.048571334754509   0.090575275104937321  0.00050265142296099751
18.478299223677237   0.12197050839109559  0.0015517727964229693
18.908027112599964   0.3488995678617742  0.003460279924618359
19.337755001522691   0.49904970071005246  0.0025334970704495272
19.767482890445418   0.20881285403630205  0.0010394720876738571
20.197210779368142   0.11320675638810616  0.00052791791708946733
20.626938668290869   0.90010350622348551  0.0070393180217701604
21.056666557213596   1.9515875197711492  0.032306878581474903
21.486394446136323   4.941930358428471  0.098984738507194655
21.91612233505905   6.9945939864716374  0.10946215153716177
22.345850223981774   0.46802808089651582  0.0060313808565398854
22.775578112904501   0.31690836461737424  0.0034712126729771618
23.205306001827228   0.29860699904461969  0.0029267791047249474
23.635033890749956   0.15305889893746517  0.00091804805899551492
24.064761779672683   0.11562147667892431  0.000700922312709826
24.494489668595406   0.199220290477222  0.00154347021569544
24.924217557518134   0.31085184539160222  0.0028565695940624761
25.353945446440861   0.37684403260653681  0.0041640942317875059
25.783673335363588   0.52871388025181172  0.0053289662687468338
26.213401224286315   0.28594543953179654  0.002357333037745726
26.643129113209039   0.17313235205077125  0.0011307287789023128
27.072857002131766   0.22960149558786144  0.0015028241378874462
27.502584891054493   0.73258430604702089  0.0046135060829851302
27.93231277997722   0.2430386205583394  0.0021023803588234449
28.362040668899947   0.14322201504673979  0.00088756933809123731
28.791768557822671   0.13170371238554242  0.00067572876100781864
29.221496446745398   0.3120897505234589  0.0030376109057322134
29.651224335668125   1.0290684433726831  0.0068967859224467681
30.080952224590852   1.4607628253533563  0.0084176643404170971
30.51068011351358   1.1554392665605939  0.0091302518950560173
30.940408002436303   0.35920599917388603  0.0033701784899051864
31.37013589135903   0.14160784827848417  0.00075094950460496979
31.799863780281758   0.15959859017281631  0.00095861873981619178
32.229591669204481   0.29364278813461085  0.003459190050955029
32.659319558127208   0.70765240797844146  0.004787665554165414
33.089047447049936   0.36291760036498549  0.004176745502058787
33.518775335972663   0.27713552816676639  0.001492225693115721
33.94850322489539   0.39316752108634208  0.001631289121202493
34.378231113818117   0.64122789771217656  0.0046760388935883165
34.807959002740844   0.58648607111444024  0.0062873701225722142
35.237686891663571   0.53288211120244192  0.005584237632357407
35.667414780586299   0.4766104032133076  0.010082903093280823
36.097142669509019   0.2516897302210358  0.0018930770551422885
36.526870558431746   0.27105881999437053  0.0012055599260472542
36.956598447354473   0.46181227043188059  0.0031382356828426448
37.3863263362772   0.70948221922028801  0.0085420810532116504
37.816054225199927   1.7895393851745216  0.026951161111136216
38.245782114122655   6.1716042150128884  0.048305292871865478
38.675510003045382   3.4447904159943283  0.049677995655141854
39.105237891968109   2.140251475535464  0.025596722583047324
39.534965780890836   1.0734543286654773  0.011698434457977324
39.964693669813563   0.32169437567066757  0.0019799274403781328
40.394421558736283   0.23939486433723317  0.00047536748781319973
40.824149447659011   0.47302429679884953  0.002815244458094903
41.253877336581738   0.5001430405943382  0.0027260808194078189
41.683605225504465   0.38590682395152403  0.0022674096364277867
42.113333114427192   0.37871919804855555  0.0014434824003208504
42.543061003349919   0.6490608133610049  0.0044163623866450178
42.972788892272646   1.7946490317456166  0.02033011072647694
