-0.0343713   -0.00847643     0
-0.0366599   0.0142361     0
0.0629525   -0.00963315     1
0.0643774   0.0138533     1
0.164669   0.0147804     2
0.159816   -0.00902548     2
0.258819   -0.00398487     3
0.266833   0.0175549     3
0.366636   0.0167334     4
0.361674   -0.00630811     4
0.466758   -0.00860741     5
0.460935   0.0142722     5
-0.438505   -0.0128434     6
-0.433242   0.0100506     6
-0.333386   -0.00378268     7
-0.337114   0.0193313     7
-0.233929   -0.0052806     8
-0.235206   0.0182896     8
-0.132018   -0.00665086     9
-0.13746   0.0160909     9
0.0143507   0.0898972     10
0.0175039   0.11323     10
0.11674   0.115813     11
0.112918   0.0924121     11
0.214227   0.0921204     12
0.215722   0.115969     12
0.315424   0.0929647     13
0.313562   0.117057     13
0.412153   0.119513     14
0.4156   0.0956462     14
0.515621   0.0876227     15
0.511975   0.11203     15
-0.393045   0.0963006     16
-0.380596   0.115957     16
-0.281533   0.119224     17
-0.286296   0.0953133     17
-0.185453   0.0937956     18
-0.185104   0.11773     18
-0.0843336   0.0923529     19
-0.0841606   0.115828     19
0.0657406   0.192031     20
0.0646058   0.21604     20
0.163162   0.19208     21
0.165775   0.216586     21
0.265091   0.217376     22
0.261858   0.195422     22
0.359459   0.193958     23
0.365636   0.216257     23
0.461799   0.215272     24
0.466218   0.192213     24
0.557446   0.191809     25
0.570897   0.210042     25
-0.331855   0.216302     26
-0.335219   0.192993     26
-0.235682   0.196606     27
-0.229531   0.218915     27
-0.137906   0.193255     28
-0.128874   0.214915     28
-0.037474   0.213305     29
-0.0313807   0.190273     29
0.114233   0.293081     30
0.116159   0.315687     30
0.215301   0.315855     31
0.210799   0.292765     31
0.315922   0.293669     32
0.311366   0.317137     32
0.411466   0.293485     33
0.418729   0.315328     33
0.515384   0.288604     34
0.516805   0.312446     34
0.616629   0.289907     35
0.615259   0.313485     35
-0.284446   0.293735     36
-0.284002   0.317436     36
-0.180002   0.293128     37
-0.188512   0.314756     37
-0.0796412   0.293475     38
-0.0854898   0.31602     38
0.0142548   0.291308     39
0.0172382   0.314859     39
0.1667   0.415072     40
0.163241   0.392497     40
0.265306   0.39316     41
0.265241   0.41695     41
0.364852   0.390399     42
0.363659   0.414512     42
0.463335   0.414027     43
0.467745   0.391147     43
0.565498   0.390423     44
0.564683   0.414032     44
0.667285   0.414488     45
0.664082   0.390809     45
-0.234928   0.395415     46
-0.235045   0.418772     46
-0.135941   0.415169     47
-0.13702   0.391673     47
-0.0348318   0.392746     48
-0.036632   0.416265     48
0.0677871   0.390526     49
0.061897   0.413573     49
0.215411   0.494226     50
-0.285478   -0.481746     50
-0.18809   -0.483921     51
0.317545   0.49371     51
0.413096   0.489643     52
-0.0817498   -0.487243     52
0.0164582   -0.485255     53
0.514452   0.491785     53
0.615831   0.489744     54
0.115656   -0.486158     54
0.710032   0.495736     55
0.219897   -0.482949     55
-0.685364   -0.482917     56
-0.183995   0.493719     56
-0.585183   -0.484691     57
-0.0852974   0.492724     57
0.013593   0.491189     58
-0.483121   -0.485391     58
-0.382889   -0.487332     59
0.114533   0.488998     59
-0.232239   -0.405887     60
-0.234667   -0.381632     60
-0.13235   -0.409685     61
-0.136038   -0.386497     61
-0.036131   -0.409605     62
-0.0361861   -0.384935     62
0.0702049   -0.408304     63
0.0611207   -0.387664     63
0.170892   -0.38588     64
0.16008   -0.406723     64
0.268015   -0.381809     65
0.265551   -0.405189     65
-0.63618   -0.381799     66
-0.632632   -0.406167     66
-0.533892   -0.409007     67
-0.533434   -0.385991     67
-0.43025   -0.387226     68
-0.436716   -0.409837     68
-0.337988   -0.4065     69
-0.329015   -0.383735     69
-0.188782   -0.2835     70
-0.181877   -0.305831     70
-0.0841107   -0.285116     71
-0.0874917   -0.308078     71
0.0120705   -0.310814     72
0.012077   -0.28741     72
0.114989   -0.310592     73
0.111492   -0.286328     73
0.211753   -0.28395     74
0.216102   -0.307385     74
0.311121   -0.279687     75
0.31999   -0.301951     75
-0.584753   -0.284103     76
-0.58202   -0.30779     76
-0.482211   -0.310644     77
-0.487331   -0.288211     77
-0.386096   -0.308545     78
-0.384106   -0.283871     78
-0.284173   -0.30417     79
-0.287264   -0.281536     79
-0.133452   -0.209621     80
-0.137984   -0.18641     80
-0.0343327   -0.208846     81
-0.0375055   -0.185472     81
0.0625168   -0.186016     82
0.0649931   -0.208926     82
0.160424   -0.208096     83
0.166903   -0.185857     83
0.265344   -0.180408     84
0.262066   -0.204574     84
0.362127   -0.181407     85
0.36656   -0.204983     85
-0.534827   -0.184467     86
-0.534211   -0.208277     86
-0.434398   -0.211194     87
-0.434731   -0.188093     87
-0.333448   -0.181772     88
-0.335405   -0.204837     88
-0.232807   -0.181314     89
-0.236056   -0.205343     89
-0.0848761   -0.0852458     90
-0.08588   -0.110033     90
0.0115326   -0.087434     91
0.0150233   -0.111216     91
0.11376   -0.110445     92
0.113431   -0.0862882     92
0.218755   -0.0827396     93
0.209415   -0.104682     93
0.310848   -0.0809254     94
0.314455   -0.104186     94
0.414236   -0.0839043     95
0.415663   -0.106583     95
-0.48866   -0.0884918     96
-0.479811   -0.110945     96
-0.380582   -0.0842006     97
-0.387112   -0.106687     97
-0.286347   -0.0801469     98
-0.282546   -0.104409     98
-0.188309   -0.0822686     99
-0.182086   -0.105532     99
