0.44213184308663317   80.954699403802195  0.014056992801274428     
0.88426368617326634   1.1830369300730894e-06  1.6107927628795409e-09     
1.3263955292598995   8.9297466340488507  0.014082772441197446     
1.7685273723465327   1.6712289784517571e-06  1.2774242211272259e-09     
2.2106592154331657   3.2222044395984239  0.014152828586474814     
2.6527910585197989   3.4039741804001312e-06  2.2526870978799676e-09     
3.0949229016064321   1.7351620806716767  0.014262047916926262     
3.5370547446930654   1.0488782625767036e-05  8.5241249925507385e-09     
3.9791865877796986   1.2565424102019428  0.014420168070486654     
4.4213184308663314   2.8947598284079482e-05  4.4208151953860506e-08     
4.8634502739529646   1.2421004379226135  0.014675112512716697     
5.3055821170395978   3.4329194709711475e-05  2.1524657176067627e-08     
5.747713960126231   1.6881053270131824  0.015051001415163596     
6.1898458032128643   2.902305916142512e-05  1.9686641402817169e-08     
6.6319776462994975   3.1274087742575081  0.01570685051795655     
7.0741094893861307   3.3461102775118287e-05  2.6274482159906775e-08     
7.5162413324727639   8.7304833846314883  0.017180056502794832     
7.9583731755593972   9.268015178103652e-05  1.1037416808594958e-07     
8.4005050186460295   80.099574165857267  0.024083263866470061     
8.8426368617326627   199.19425397948174  0.00024224227083703263     
9.2847687048192959   81.163804686862233  0.0041354039203557453     
9.7269005479059292   0.00018152411407587206  2.5279419929594459e-07     
10.169032390992562   9.0633916557527003  0.010751471315813755     
10.611164234079196   8.5872138798655019e-05  8.1800831971705362e-08     
11.053296077165829   3.2973917816117004  0.012369090248638325     
11.495427920252462   7.9966932207068131e-05  6.621002062977309e-08     
11.937559763339095   1.7746544379180429  0.013252261931641259     
12.379691606425729   0.0001300583215918474  1.0435252247974253e-07     
12.821823449512362   1.2676508824677425  0.013930988055520172     
13.263955292598995   0.00031497003761674441  4.2183444536975223e-07     
13.706087135685628   1.2247470871064399  0.014689375575493484     
14.148218978772261   0.00039675882846700954  2.552578488282199e-07     
14.590350821858895   1.6347115187439114  0.015599933033480052     
15.032482664945528   0.00032048418767420368  2.6510998964462082e-07     
15.474614508032161   3.015291156892705  0.016994889687913744     
15.916746351118794   0.00029404897217211632  2.5035398808236389e-07     
16.358878194205428   8.4702702462392537  0.019963458438116653     
16.801010037292059   0.00049897562449692033  6.2268227479560361e-07     
17.243141880378694   78.618550776094082  0.033645712646573479     
17.685273723465325   196.79670527580167  0.00095796875301246062     
18.12740556655196   80.722637108081106  0.0072650795904113327     
18.569537409638592   0.00091909589440665226  1.1840025535021607e-06     
19.011669252725227   9.1285598067346065  0.0072942511236068953     
19.453801095811858   0.00050775956770890995  4.6503791290562924e-07     
19.895932938898493   3.351389769170453  0.010402071390598273     
20.338064781985125   0.00045984226632632452  3.9614365484015985e-07     
20.78019662507176   1.8057764245944779  0.012048848599916846     
21.222328468158391   0.00055943633829221817  3.862909105992895e-07     
21.664460311245026   1.2752863417281175  0.013222239331543873     
22.106592154331658   0.0011702940532642219  1.3962701449579693e-06     
22.548723997418293   1.2051659835891871  0.014464965258009105     
22.990855840504924   0.0016376555373321272  1.2081331823265625e-06     
23.432987683591559   1.5765742551421315  0.01589827249398451     
23.875119526678191   0.0013906014388613064  1.2516534053749735e-06     
24.317251369764826   2.8887490668671629  0.017991035488862936     
24.759383212851457   0.0012192947259823914  9.9688133321060302e-07     
25.201515055938092   8.1553990458745091  0.022370672835596435     
25.643646899024723   0.0015833555691373666  2.3055900315725334e-06     
26.085778742111358   76.54682380647547  0.042506866552359232     
26.52791058519799   192.86561553398241  0.002114825647494094     
26.970042428284625   79.642949708920361  0.017305655704819701     
27.412174271371256   0.0027973182324720377  3.3220367352996902e-06     
27.854306114457891   9.1242959533239041  0.0039277588300039428     
28.296437957544523   0.0017963174883218335  1.5004945493364098e-06     
28.738569800631154   3.3833681733400449  0.0083093880111572629     
29.180701643717789   0.0016822492479388466  1.4739794047824376e-06     
29.622833486804421   1.828160637301185  0.010686140790681958     
30.064965329891056   0.0018016908313472767  1.3567637055807628e-06     
30.507097172977687   1.2795831778743725  0.012316197328408089     
30.949229016064322   0.0031284401160079521  3.6256858851615355e-06     
31.391360859150954   1.184252821058293  0.014012166591224475     
31.833492702237589   0.0045844612517947956  3.7224495472821673e-06     
32.27562454532422   1.515563952734254  0.015944277804008762     
32.717756388410855   0.0040450083913886942  3.7644318266951275e-06     
33.15988823149749   2.7511537361744917  0.018680005509442544     
33.602020074584118   0.0035193223827994152  2.7288809474908113e-06     
34.044151917670753   7.7935172070468799  0.024355493376489162     
34.486283760757388   0.0039842995838003396  6.3591034707700278e-06     
34.928415603844023   73.933249835631915  0.05047740239332085     
35.370547446930651   187.49544590946061  0.0036609949459883529     
35.812679290017286   77.951974032055088  0.027081909657991757     
36.254811133103921   0.0066324054185435877  7.5059029738474756e-06     
36.696942976190556   9.0515464204693975  0.0020266047410970733     
37.139074819277184   0.0047253234908006584  3.6784744331031165e-06     
37.581206662363819   3.3932434810751388  0.006166040055033563     
38.023338505450454   0.0045589375166170685  4.0138595922273897e-06     
38.465470348537089   1.8418582604338898  0.0092046615538262991     
38.907602191623717   0.0046333607164698256  3.8503912023301129e-06     
39.349734034710352   1.2809133423088068  0.011241830307376264     
39.791865877796987   0.0069112068023729122  8.1489516186864528e-06     
40.233997720883622   1.1630425897019717  0.013348967283763358     
40.67612956397025   0.010261194661039125  8.835219680268703e-06     
41.118261407056885   1.4537116435531753  0.015744815552777486     
41.56039325014352   0.0092916856773459509  8.7487719950056234e-06     
42.002525093230155   2.6061797310354484  0.019057140571490296     
42.444656936316782   0.0080982533292465492  6.0332591625630085e-06     
42.886788779403417   7.3932953016312474  0.025887856864261892     
43.328920622490052   0.0085389864924914904  1.4179278927019492e-05     
43.77105246557668   70.838402296099729  0.057404821625854811     
44.213184308663315   180.81305400227864  0.0055281866430005715     
