0.44213184308663317   40.785932669201823  0.0050294676986956657     
0.88426368617326634   5.8328663051646628e-07  7.8308626778949208e-10     
1.3263955292598995   4.7743444935989015  0.0050270345526991632     
1.7685273723465327   8.3215315391151003e-07  6.0530697026527936e-10     
2.2106592154331657   1.9224330923225824  0.0050341307503882062     
2.6527910585197989   1.8456394370126623e-06  1.1431628429687248e-09     
3.0949229016064321   1.1819455146052042  0.005039503120437586     
3.5370547446930654   5.9069137274977221e-06  4.3611466269846147e-09     
3.9791865877796986   0.94720116956813627  0.0050520212683195089     
4.4213184308663314   1.41069213859006e-05  2.1814043393570264e-08     
4.8634502739529646   0.94699161625005231  0.0050657032735166666     
5.3055821170395978   1.3282152947675892e-05  9.6471009344500914e-09     
5.747713960126231   1.1810410539385378  0.0050928140064239521     
6.1898458032128643   1.0039008576072657e-05  6.2819007196285623e-09     
6.6319776462994975   1.9206940936196406  0.0051304398831381692     
7.0741094893861307   1.3313343366945437e-05  9.7562638841228848e-09     
7.5162413324727639   4.7707566959019821  0.0052355391936738784     
7.9583731755593972   4.7244856047290262e-05  6.3548366734666141e-08     
8.4005050186460295   40.772320970492976  0.0056092046030192184     
8.8426368617326627   99.987330188977589  4.1906199574245466e-05     
9.2847687048192959   40.789294713533543  0.0044504616471881516     
9.7269005479059292   7.0581628447584154e-05  9.4571299779064396e-08     
10.169032390992562   4.7768185873860496  0.0048165056227986182     
10.611164234079196   2.9961555745926619e-05  2.1643568747879879e-08     
11.053296077165829   1.9237564154473042  0.0049353418432809388     
11.495427920252462   3.4690973323120593e-05  2.1272380351215882e-08     
11.937559763339095   1.1826343929742437  0.004983736463326936     
12.379691606425729   7.240637648679792e-05  5.435334197700096e-08     
12.821823449512362   0.947281214517994  0.0050362053063407509     
13.263955292598995   0.00012696313434296065  1.9625283343794694e-07     
13.706087135685628   0.9466526592413017  0.0050772364149746295     
14.148218978772261   9.4392351346601258e-05  6.7464297105988669e-08     
14.590350821858895   1.1799216527305392  0.0051436328813500731     
15.032482664945528   5.9156032772404507e-05  3.7402744027218179e-08     
15.474614508032161   1.9185408205071056  0.0052242027426043555     
15.916746351118794   6.739669490126128e-05  4.9780391707890245e-08     
16.358878194205428   4.7660581952383924  0.0054418639871487609     
16.801010037292059   0.00021055998304895285  2.8372764772962735e-07     
17.243141880378694   40.748471048909094  0.0061893152571212061     
17.685273723465325   99.94933123763481  0.0001675579079568684     
18.12740556655196   40.782404196881153  0.0038735222715977525     
18.569537409638592   0.00025726519933597437  3.4400128062556533e-07     
19.011669252725227   4.7781769588324265  0.0046041173098917151     
19.453801095811858   0.00010072289957519983  7.2296427904371829e-08     
19.895932938898493   1.9246630430269576  0.0048341448996620823     
20.338064781985125   0.00010869922452078661  6.6001526226105004e-08     
20.78019662507176   1.1831072690304788  0.0049255535298424505     
21.222328468158391   0.00021292597067117248  1.6254146779081054e-07     
21.664460311245026   0.94723181742539063  0.0050182728382363878     
22.106592154331658   0.00035268004053595676  5.4473863792524008e-07     
22.548723997418293   0.94618457402016586  0.0050866083429257117     
22.990855840504924   0.00024910361001667766  1.7525545110718041e-07     
23.432987683591559   1.1785881735440298  0.0051919267893027764     
23.875119526678191   0.00014909101060680734  9.5260560000802743e-08     
24.317251369764826   1.9159750533019373  0.0053153579441419149     
24.759383212851457   0.00016308674193533152  1.2146287553312785e-07     
25.201515055938092   4.7602529705473987  0.005645861666155907     
25.643646899024723   0.00049054089003003143  6.6209786655872617e-07     
26.085778742111358   40.714402844000939  0.0067700037696939342     
26.52791058519799   99.886034575988893  0.00037675404489808124     
26.970042428284625   40.765266742006865  0.0033018042429170998     
27.412174271371256   0.0005606785156182919  7.4814276362180727e-07     
27.854306114457891   4.7784185750689424  0.0043900452658209979     
28.296437957544523   0.00021315036502128027  1.5210574976224575e-07     
28.738569800631154   1.9251523377927929  0.0047306170368476074     
29.180701643717789   0.00022400356871478536  1.3471378816321411e-07     
29.622833486804421   1.1833639451096801  0.0048649970366180347     
30.064965329891056   0.00042761662223828205  3.3199681010494281e-07     
30.507097172977687   0.94705321555768924  0.0049982438407632007     
30.949229016064322   0.00069126655400949694  1.0664904414796205e-06     
31.391360859150954   0.94558780639941029  0.0050938092741580968     
31.833492702237589   0.00047728799818556393  3.3067298601524239e-07     
32.27562454532422   1.1770416984910319  0.0052376660835303932     
32.717756388410855   0.00027974774242182666  1.8064528566614035e-07     
33.15988823149749   1.9129989488631949  0.0054038491046642404     
33.602020074584118   0.00030040099648042216  2.2568126351707358e-07     
34.044151917670753   4.7533459727918998  0.0058473924510436366     
34.486283760757388   0.000887217834826236  1.199320758030335e-06     
34.928415603844023   40.670144774186954  0.0073518109302806449     
35.370547446930651   99.797492536912974  0.00066916045687737436     
35.812679290017286   40.737896493133287  0.0027421200161743995     
36.254811133103921   0.00098088537167230927  1.3060795610751858e-06     
36.696942976190556   4.7775433903654248  0.004174477759345103     
37.139074819277184   0.00036729084346616858  2.6073593469918769e-07     
37.581206662363819   1.9252240461101009  0.0046248409129321307     
38.023338505450454   0.00038074591376032684  2.2684827227069658e-07     
38.465470348537089   1.1834044461822299  0.0048021128859100102     
38.907602191623717   0.00071663453081931858  5.6592817102693139e-07     
39.349734034710352   0.94674581679761349  0.0049761407951233061     
39.791865877796987   0.0011427359296231415  1.7603430462279234e-06     
40.233997720883622   0.94486297179763014  0.0050988319972374586     
40.67612956397025   0.00077882364438776166  5.3160033105411743e-07     
41.118261407056885   1.1752835276553935  0.0052808244472308163     
41.56039325014352   0.00045103966024613598  2.9437610879381033e-07     
42.002525093230155   1.9096150374385098  0.0054896247385520683     
42.444656936316782   0.0004793699238407695  3.6339599540646587e-07     
42.886788779403417   4.7453431175422395  0.0060463234312199065     
43.328920622490052   0.0014006384195553757  1.8959123028178057e-06     
43.77105246557668   40.615733695294801  0.0079354841307465909     
44.213184308663315   99.683778280513286  0.001044310006237141     
