-9.95738588227312e-05   0.00127382528368464   100.738910364461   0.317390382657462
0.049826814615786   0.000514307882090845   109.793936362722   0.307029644465597
0.100417789910317   0.000687268608745663   106.318437041956   0.306090140726839
0.150872383548498   0.00161061193138478   99.3033655785317   0.315951238943622
0.20168090857929   0.00222731969936338   117.306098710932   0.298553251384782
0.252648163319896   0.00202218410873957   86.995698929004   0.307230068973785
0.301421690937548   0.00246950643468535   77.6839416278097   0.30008031508354
0.351278705946515   0.000921780700559661   97.9587797467909   0.304440374987282
0.40092332287968   0.000940036048068151   80.9145225424705   0.312462346236105
0.45053241660457   0.0011157524955519   71.4135568054386   0.295857244751864
-0.500009934075625   -0.000128934025219249   100.693060690078   0.310389506179423
-0.449908191531026   0.00105656068881482   95.4706349958906   0.326900160405937
-0.399911936552215   0.00100071734039065   111.620517960976   0.311709354571877
-0.349586140799895   0.00209537663921578   96.8949986306437   0.312600758764103
-0.299996731136198   0.00178396031624862   87.6610603038766   0.303696186335756
-0.250797587159426   -0.00111765484131344   114.114267622388   0.312979664754381
-0.199907311323845   -0.0005299032634157   96.2150556067248   0.305275475821276
-0.150021864824306   0.000690464255653239   100.492733090253   0.311162192917533
-0.100276803973045   0.000281358649336867   87.0067178491838   0.300883857302503
-0.0494928382356014   0.00060366624002459   108.173686088222   0.303446019891015
0.0250121668855399   0.0517502081982468   76.9571610373757   0.298888757448187
0.0754589626773715   0.0494821576240394   63.8937740516251   0.302560493441852
0.125852332754918   0.0508138245809758   64.5968339385483   0.314141818340287
0.176035917360881   0.0516134598032762   89.9728961764901   0.321345254756213
0.225945453653585   0.0512668351955281   99.6433143785119   0.318251009637691
0.276232171119997   0.052790790156572   103.676085244454   0.304019802134297
0.326565124872036   0.0525524070814365   113.784164982465   0.305656250744509
0.376570878545799   0.0513658832738145   92.46551725489   0.308368935078066
0.426090258444467   0.0516548282116565   103.253368145708   0.318645189319841
0.475950145258086   0.0515424561105843   98.0983685710778   0.313680267094375
0.524733583452043   0.0511697903265603   77.6902782282881   0.297014079880775
-0.425714734062619   0.051773740309815   87.4794039333168   0.303113024049127
-0.375353948179993   0.0510148452272307   80.0744365803705   0.303379224347374
-0.325242838880401   0.0532488975303436   96.8219515891735   0.306698133150069
-0.275232712216088   0.0507564039532857   84.6063342197683   0.304205904451516
-0.225979078880171   0.049328895448246   81.295151896014   0.298662184957306
-0.176197884170327   0.0498377256787237   83.9358263492496   0.29548743464608
-0.125842452675566   0.0511760516775448   95.9915396818633   0.30310702461692
-0.0755942262798453   0.0512306619889738   73.0487261730355   0.317881281478927
-0.0248598972333767   0.0510092250179755   71.9011165449124   0.306195538313782
0.0505469046790524   0.100247719106657   101.150639615772   0.302758362295731
0.100097995449737   0.0995321975920507   96.1531895838765   0.312139298109376
0.150436387044569   0.102272213580872   97.7360803356823   0.309166482857053
0.200794996545144   0.101574356064682   109.291333459247   0.303793706935778
0.250106395534522   0.102489108106814   89.2261898662067   0.309710385012385
0.299758524824629   0.103149768128465   91.9878756754645   0.301946391624223
0.350152894983447   0.101252330247538   106.716734277227   0.298090832211737
0.400140163669803   0.102194519117234   101.665359651849   0.311448530377309
0.450490416888363   0.101883887852813   102.887163370766   0.296362538416284
0.500490749027395   0.101518224107041   92.9499973348815   0.291911671316902
0.550051448438045   0.101215260654941   85.8518088558859   0.312791683304305
-0.400208967703316   0.100143974953699   98.2508344708399   0.304647063053384
-0.350288486413166   0.101374257800924   60.2291029362041   0.30028239296604
-0.299066136764299   0.102348895660679   95.9575970775931   0.317544140854019
-0.24929629072736   0.101345168150116   96.1040057759257   0.31517121088327
-0.200437665902226   0.100293457180454   84.5789344338501   0.303395816164589
-0.150712091261982   0.100693545138544   64.7382285063009   0.308706442281901
-0.100228519106409   0.100539360164421   86.8229363981976   0.304448217262489
-0.0505198743877851   0.1004104065711   78.8284233626415   0.305866431776365
-0.000116231705229248   0.10090308976158   100.928186012079   0.301182708087842
0.0745045531029227   0.15021269562439   91.8788627427785   0.312830654489344
0.124188991800647   0.151343523642155   81.7023667221063   0.300813596450497
0.173488572871142   0.15231926778007   111.763978733088   0.299784066349686
0.223789765801503   0.150345051680238   128.321453518313   0.30351764758224
0.275152484991989   0.153186994324771   81.082305232248   0.305732163572785
0.324851297597591   0.151944514859875   94.6747109910615   0.305487970385632
0.375465337553413   0.150793966193027   84.7419933912407   0.317784029992794
0.425019853246518   0.151365802328566   103.341350154669   0.319675265940002
0.475617221230663   0.151526100396125   99.0916432164189   0.307897199003662
0.525671525804621   0.151909423489367   89.6577032249439   0.30471833890937
0.574434583211034   0.151439621619132   95.7048138168771   0.310133847289198
-0.375336478885776   0.150047051242623   81.355366766313   0.297547463444925
-0.324972926476332   0.152085365854334   87.6423178921582   0.319151136698887
-0.274838191738474   0.151885211733258   101.356781327161   0.307524920991442
-0.224171147723533   0.150832395290726   99.9199296655432   0.308348472514805
-0.174964700697962   0.150217868850775   88.2543080363747   0.295707215459428
-0.124843408578932   0.150793541232525   130.583991882737   0.308644111513596
-0.0738247554476385   0.149838494039636   101.04371453281   0.302088549717675
-0.0243524893390363   0.151264885934924   85.1137984807752   0.296308502617571
0.0252880442633499   0.15051445814497   83.2124380682345   0.305997340697136
0.099288277691596   0.2006201858134   81.0417501878498   0.312952046897619
0.148903189680166   0.202739001847413   83.8174962382753   0.311293778721973
0.198608813508828   0.200253915416553   106.030434308379   0.30938751892662
0.248661321853288   0.199775495466915   71.4822679354711   0.302184436743171
0.299801020514212   0.203543262357764   125.131214033514   0.305857635314809
0.350725068878029   0.201586571517087   84.5341759291484   0.317449951332628
0.400249343971117   0.200610885685572   69.2201910403548   0.309589985128194
0.450529382877019   0.200169126700526   94.5392277987507   0.306716292159477
0.500093843504274   0.201858741009639   97.8600337708166   0.302962575410131
0.549420933006053   0.202741967845653   81.5857994901461   0.307885891714746
-0.400199331820882   0.199821962841352   96.1984280438368   0.30878794595882
-0.351178998913357   0.201050539741045   98.1012566822291   0.310357673442666
-0.300845910869049   0.20246085315004   97.7698730039786   0.307933956869852
-0.250089016481257   0.200712796436659   91.9284762743009   0.300482073464833
-0.200756853169529   0.20023369201848   106.607568283701   0.305635427634276
-0.150254073700278   0.201191211995143   77.1896200034499   0.295745185444412
-0.100984790671728   0.199337379440665   102.895896141383   0.309591612363996
-0.0513294075823922   0.200001298639973   102.193445724456   0.304746035145897
-0.00111869515797473   0.20170758229908   103.075288591518   0.303334071704858
0.0491336567654715   0.199922067054048   90.5921513159045   0.309282929574213
0.122993051894453   0.252620557454163   86.8658545778146   0.313371337445161
0.173145272809313   0.251920041336461   114.952742102371   0.299373294713805
0.222259066043838   0.249877494252406   101.870986914017   0.311942554748897
0.273795918694506   0.251352376122085   53.4862179484036   0.315904852973298
0.324973862882462   0.251425201141035   82.3097365846606   0.307223417479703
0.375447006614095   0.251516197511494   100.99958657091   0.302331483935728
0.424755666105102   0.250792674416553   100.409061833398   0.310228655607019
0.474722961008211   0.251466131279433   84.9674492803746   0.314377823799863
0.524278879896867   0.253055310289024   96.8870501432519   0.310714588307233
0.57416917397609   0.251268347924399   125.841445113956   0.319792884488592
0.623582550979703   0.250986717057683   88.8411674986261   0.315938286394692
-0.326672575139887   0.252308120633969   98.6680447186148   0.303395698311924
-0.276561024457673   0.251736277398895   110.268290120883   0.301013078843072
-0.226225661182949   0.251773392076944   95.6851634769295   0.292038244010182
-0.175783135666068   0.250740503515082   89.4006461528953   0.305186565849615
-0.126113177557653   0.251353207123747   105.701795389922   0.302877554831886
-0.0770258076588522   0.248652888838214   88.2496778418119   0.305635469448692
-0.0276661418705329   0.24953074372132   64.6354829877368   0.311074793234558
0.0225175987160458   0.249936042563954   102.76020077067   0.303424470102183
0.0729533481462258   0.249229949066626   113.104324062336   0.305639070932934
0.149273172192288   0.303109712415674   66.8763878397549   0.304721849132326
0.198285731651019   0.300884073505313   83.445449018264   0.311716215765838
0.248473272525737   0.298653145915804   75.4122109467302   0.304909351658366
0.298839202944594   0.300933483818427   81.2817861941428   0.298962781067952
0.348026585686625   0.30113880264334   103.426605414146   0.30817453402385
0.397988393411975   0.300517727653125   103.499883022138   0.303405379492533
0.448233486989226   0.301364415124477   97.0251833982694   0.302961755409844
0.497988899123111   0.302610871812068   91.7166927638627   0.302382372932073
0.547667635765412   0.302720191632897   124.763087548253   0.291201965453519
0.597338911055655   0.301462193249291   92.8410144484876   0.304885180927572
0.647600807876321   0.302157937743313   87.6660077869168   0.30062953507937
-0.301303174278645   0.302124866661475   65.6757912222393   0.305913633415674
-0.25199256432863   0.301058025920675   78.1298834594398   0.306547980075874
-0.202551922078561   0.300566392405565   113.678879199045   0.306085909694058
-0.152047223016235   0.302087539780453   91.2486860128347   0.30417226148177
-0.102137440167579   0.299883911998288   109.537189477249   0.308383544730231
-0.0521101028445535   0.298684302232868   106.999531133806   0.305822082387205
-0.00258239733718363   0.299334518729249   112.930504433808   0.305307005546814
0.0476898502435361   0.299346329539267   97.4170321494915   0.309296138250782
0.0978272466106417   0.299954025720004   59.1527242005992   0.299489517840607
0.173421267354276   0.352405084734434   137.709608106542   0.307918819046263
0.224403946158876   0.349019897887752   98.7996423901781   0.316977698122189
0.27390465744891   0.349138032279358   52.8884799677969   0.304219414017564
0.323384275601147   0.351573084936702   80.6532468700304   0.311782614392354
0.372894649615738   0.351220665593857   96.3863422421921   0.303061577400572
0.42319056074888   0.351013571470118   82.3351064494044   0.300897176813473
0.473705270273419   0.352347853265418   80.492436446739   0.300518600284863
0.522457256585216   0.352944070541292   94.7300319331438   0.300659017033557
0.572864842796062   0.351579566578938   77.6196464450528   0.318928848486507
0.622721846608388   0.351217469285258   99.5095817037819   0.304373921652711
0.67301463818058   0.350958735407167   97.7003217719995   0.306886769595414
-0.276868479088341   0.351494439167873   112.359268198612   0.301584608682533
-0.228538942638102   0.352150524574694   91.2805358736931   0.301962718020599
-0.178666912170958   0.350320142187677   81.2890677599399   0.305883980050247
-0.127259401342801   0.351311498462724   106.414139113735   0.310051219728629
-0.0769978629503139   0.34978300950066   89.4069844824338   0.305665499756591
-0.0271570748673457   0.348981481926191   73.6434366276991   0.299611719329047
0.0222457401594155   0.349053040662048   82.4814529897118   0.308623389787096
0.0721885304111247   0.349112315653028   103.798178624722   0.310176850065651
0.121725162050391   0.350966450538934   95.9196517721545   0.307738158272436
0.19760454118395   0.398849483728197   111.202375639583   0.309477952988754
0.248147568233419   0.398703202856204   88.7904199444647   0.304424901127603
0.298522682646723   0.400433091512331   76.5044539725717   0.307012351337597
0.348302755987662   0.401731332004694   81.5937681140811   0.312338776649785
0.397879932343266   0.400441566112566   96.8786765218879   0.307754371987177
0.448291494641668   0.401642036050746   80.2053931371778   0.289015764507487
0.497535674397901   0.403489835500416   89.5949761108769   0.31034108154394
0.547810034709768   0.402407613750865   91.7214480100808   0.295710551503496
0.597419660483545   0.401547486049093   92.2646039571355   0.307448762920988
0.647909515506492   0.402371802503468   81.36109117521   0.297681344727004
0.697220010914265   0.401617130449619   87.3410795307511   0.311016642042283
-0.252443860313336   0.403039069912362   82.5082103401549   0.306072700635773
-0.202151346272762   0.40100348961056   77.4755999961821   0.307043099289388
-0.152087946245542   0.401453970791433   69.0015658059338   0.313594540680463
-0.102036066277553   0.39987501739227   85.7181806569203   0.295233747397282
-0.0513276239530963   0.399576707794685   92.3668811280152   0.304631578449396
-0.00165510350842735   0.399610230221517   79.8954269663673   0.316096460203145
0.0475757907973507   0.399478371747996   92.5311125372703   0.298665113250523
0.0971588763534705   0.400053958941932   71.3913762420298   0.307887523747976
0.147081892490852   0.401091844672497   70.5618991966368   0.306886825324544
0.223033747769308   0.449083975362845   80.0603540738928   0.30725914153991
0.273569392610209   0.450515013861426   82.716855700686   0.31327784879148
0.322354685939287   0.45153618599016   78.48348116741   0.310551849630634
0.373161150277866   0.450947640516047   92.3258077001689   0.298034620230336
0.423501948456002   0.450640819249491   84.3650589437952   0.293601002307394
0.473448250353946   0.452026787371568   100.367134315268   0.302659352257052
0.523968500243013   0.453049520866619   99.8467042339146   0.307651369656732
0.573919397619607   0.451887674274049   90.3409705417482   0.309651760936829
0.62337863989768   0.451601082469551   80.9607525933926   0.30634026516185
0.673766994969692   0.452466892302917   87.4984038805119   0.301484685662581
0.723311867716511   0.451330231559758   57.0169492372123   0.309211108657751
-0.225409388585458   0.451827988980874   84.2318481202531   0.305304294740256
-0.176413394431783   0.450888491234395   94.393001578644   0.312069676456652
-0.126601465570211   0.451734040232933   96.054768261255   0.302125205867179
-0.0761660253738066   0.450077831341374   95.5323628958979   0.290331980061974
-0.0260363182471287   0.449287583287435   79.1062018789172   0.307513866136205
0.024179205948279   0.450057185348485   71.7732478823916   0.300502512540144
0.073673740432233   0.4494262069228   81.7461410931604   0.310952000834376
0.123088867842556   0.449735034265092   101.247964292621   0.303329246189114
0.172831525660453   0.450160483884033   97.5952605753072   0.320634626635616
0.248161461262133   0.499870099719177   73.3603282287596   0.303779289391424
-0.199401392349284   -0.499010308138542   80.9674957274299   0.307600809864712
-0.14964415980083   -0.498127799676404   83.1577941308907   0.304284804180334
-0.0998934231790296   -0.499838575198991   81.3907166674237   0.3084660017214
-0.0504002307613392   -0.498708138885532   77.9695191255516   0.310754893703131
0.000170691295140947   -0.497292102990516   77.1234924595407   0.31324993948859
0.0500321768428812   -0.49775616196921   84.1344270846762   0.313691805518715
0.100506274947553   -0.498062605110461   84.5371205147786   0.303191069437628
0.149469629456797   -0.497464106702207   75.2716619735804   0.303176047069299
0.199729139079317   -0.498567441314784   90.6948718913141   0.303412918638651
0.249940852411014   -0.498526175753544   75.1835546257928   0.33055194049778
-0.699445885639983   -0.497708207140759   93.452866296102   0.31808889609684
-0.649885478591577   -0.499817318022138   77.9414817599394   0.307330281613874
-0.600038183371138   -0.499225143323354   99.7449956999437   0.306227033238799
-0.0511565714445929   0.499009701104032   97.8180443631332   0.298685944434943
-0.00116191700215509   0.499733827876159   90.5084202946717   0.306783924914098
-0.450137088046067   -0.499606396849096   94.4290810727787   0.319639323687919
-0.400583184377281   -0.499035868908609   86.5922695273243   0.308077770168917
-0.350895845484677   -0.499668907038387   84.718897502083   0.307153733235597
0.197832289224718   0.499533787681421   86.1730586822541   0.306207934085098
-0.224530838596822   -0.449711159384403   94.2542647553789   0.322737290495237
-0.174833902693281   -0.448220434137236   105.986929225714   0.302275399380716
-0.12433450326144   -0.44865908824172   113.859131606919   0.306157928341231
-0.0741424760500427   -0.448160015167609   83.0162166343047   0.313723652210913
-0.0246303633681807   -0.448309381550429   81.8999195712089   0.310316764721929
0.0258270329100234   -0.44648177876159   85.4499097514529   0.308605299586315
0.0756725011877621   -0.447503198392004   74.0123680986314   0.311892939137337
0.126163859611835   -0.44818113937101   58.5825781264919   0.306055167879491
0.176628442372711   -0.448296125928888   89.5979012244155   0.30096137005205
0.225795787521414   -0.449026849149813   71.924192316796   0.31092354759422
0.27637741312137   -0.4479879346171   91.4058670103062   0.303042933747557
-0.674421031738257   -0.449142543286948   91.3474961269768   0.305151164449848
-0.625026942569781   -0.450079778396634   72.8651427559552   0.298586231887538
-0.574454452354201   -0.450765083414335   87.344885295987   0.292888507710379
-0.525479096370585   -0.450013400337273   91.31768358054   0.302527995388291
-0.475372574426801   -0.44958632555496   66.0696101938489   0.305748419623977
-0.425114199368939   -0.450286394051376   80.2678581995191   0.310383119363558
-0.375406014847967   -0.447908411536946   109.736477640634   0.314575945933598
-0.325259619735303   -0.45026396944838   89.6475478488277   0.305841459956988
-0.27455230422132   -0.450925268774137   105.501112088791   0.302782543779475
-0.199444580356551   -0.398721259697348   79.0322706250951   0.297907598871605
-0.149608007466763   -0.398453315567047   87.5240043813326   0.301365378047843
-0.100635063584359   -0.399745049403314   90.0873943593359   0.307357477325842
-0.0504482638246172   -0.397768222308601   89.1845756716284   0.305168967388681
-0.000267038538646165   -0.39841820456638   88.4928737557547   0.307456308479128
0.0499835629843436   -0.396256674831656   106.993860120778   0.301689582427132
0.101036385798939   -0.399185057294007   131.564101242888   0.307249570614431
0.152316590967997   -0.39705683574535   92.9339429781779   0.30864510737115
0.201265860462225   -0.398403189724211   89.2457240186903   0.30632730120719
0.250860218859107   -0.39813385858637   101.672546624706   0.301599051734407
0.300386124432269   -0.398500085277715   110.78630390907   0.311502160948971
-0.649207742096476   -0.399251665686283   85.0318048871948   0.303257899826062
-0.599499438885874   -0.400725327948394   88.9322287944724   0.292728504940155
-0.54944911836701   -0.400066304763995   64.1916186373353   0.305456857050907
-0.499160724305536   -0.400250139048876   81.9747654505749   0.311297133420243
-0.449722039772246   -0.399109145129115   86.1400427690571   0.29900863436159
-0.400162959168835   -0.398304087988381   73.3578836955597   0.295285064912815
-0.350491168668882   -0.399338033879498   92.1496288829467   0.312809008664864
-0.300465602151205   -0.400780469486468   107.315098536347   0.313486197761412
-0.250092743592153   -0.400447579772218   68.7389494758703   0.300035199355632
-0.174540508219669   -0.348770532746074   123.159910235695   0.303235347807
-0.12402399881316   -0.347046725759173   104.05311675787   0.31188968332019
-0.074781447703379   -0.349323926465082   76.0380244122549   0.309513810800031
-0.0247260009652624   -0.347730751818587   86.1987281606546   0.300084676409051
0.0259133839376677   -0.347522798427738   61.6086514098648   0.305967388383259
0.0758766835206843   -0.348231451260657   99.1117362320422   0.306214593178265
0.125265508294934   -0.349112203658254   79.405094555724   0.308558591585084
0.176371437664672   -0.347388494067429   114.460565706622   0.307711573721307
0.225538570376488   -0.347342622056615   95.5248712659101   0.309275794230942
0.276056248161783   -0.348405779220037   77.8354657009898   0.310856675404896
-0.673442129489886   -0.349106313519626   109.455799632485   0.308732062522178
-0.624003010840914   -0.349305073708916   100.783579833123   0.307646709128061
-0.573814360688166   -0.351058613091625   82.0873427520204   0.325860962251736
-0.523998650893663   -0.350900828808001   99.5407072534352   0.318335790373189
-0.474000977068596   -0.34837975555712   90.9471198249262   0.300829634481104
-0.425551654807989   -0.348508837553288   105.210004595343   0.297040533028113
-0.375015181107734   -0.348796687089554   119.074796404093   0.310594742856799
-0.324220674876956   -0.34945689486296   94.9817030730397   0.312722288287944
-0.274515638219983   -0.351528793653112   90.9678883903436   0.311218255491311
-0.224717588568983   -0.349711544271001   99.0855763396797   0.30461421764399
-0.149341099900594   -0.299224654938192   62.9302883076713   0.30906844166843
-0.0975435320412902   -0.298681145818285   107.034959610345   0.298848711855196
-0.0485834568396971   -0.297899694489619   99.4272829171785   0.306133695611983
0.00152633801621704   -0.298907993877944   103.432327442507   0.309881680035437
0.0507897825091894   -0.297079274255398   99.7556126419396   0.300442446761614
0.10071862731436   -0.299171900927152   93.2621772291175   0.307515251513767
0.149947703020949   -0.297945845110061   84.6900194026839   0.306811163119173
0.200325828883177   -0.29772772966112   85.4457883016137   0.302185677399871
0.250177981411369   -0.297841719433203   84.5459098686451   0.307270406346073
0.300015163841281   -0.298077192699094   110.47309344859   0.304271302235578
-0.648716646398497   -0.298505604140579   76.426685482824   0.308269881890847
-0.600312837482754   -0.30034027773658   89.3952704552717   0.313883055358339
-0.550149305094144   -0.300171167959275   94.0802003789525   0.302789700403216
-0.500699519299312   -0.299689929434108   80.8541516518561   0.315441896236834
-0.450155138792501   -0.297917835903588   68.2078590666981   0.298330687715468
-0.400214577696697   -0.298176533352218   73.7560786836747   0.314508119444662
-0.350490930564078   -0.300009129744611   81.976569230301   0.310299609652944
-0.298956064491535   -0.300300021286911   93.6336912873933   0.297065815109582
-0.24918572842519   -0.29959714698917   73.7807180442435   0.307398405832618
-0.20065806997285   -0.297928459500915   71.7953866279782   0.302719680580026
-0.123224705807741   -0.248158560909557   80.6088032697061   0.299266742451799
-0.0732603823228355   -0.24819032921722   90.4435340828959   0.296154913576398
-0.0237037696709254   -0.248214505498341   111.823502420556   0.293770999124647
0.0260578668919045   -0.247650081227235   73.8287701131739   0.315987169239932
0.076518876364973   -0.24781051362821   97.6740328681629   0.310872851062798
0.125614801547104   -0.247803517851921   90.5949805756587   0.309115594235839
0.175099510580369   -0.247827474046543   107.231934552434   0.30111197807778
0.226100524524068   -0.248331358216412   60.9530888413706   0.302462791562562
0.276369275106836   -0.246642191902505   84.2204697405205   0.303265611677557
0.326496368554716   -0.249621889071932   81.385835532978   0.317042253770217
0.375841934036289   -0.248317745514949   84.3736112444778   0.303514842268648
-0.574622640849549   -0.250217028566407   73.9111263508313   0.308762175048273
-0.525163835943853   -0.249020841421132   93.4847046736851   0.299134685306382
-0.475354994641056   -0.249051804581701   90.0668904196031   0.309176842140852
-0.425451066452515   -0.248387024262076   121.72851337433   0.301034505037312
-0.374946588385397   -0.249522422824047   99.8338876522175   0.311110493028626
-0.324961729217866   -0.251384923284834   107.799081340933   0.298891028289124
-0.274098008499709   -0.249356813020229   80.5736504878998   0.308690690289127
-0.224690229442226   -0.248800827842834   99.2726053055901   0.305047001405826
-0.173914128033591   -0.249815695095828   119.301516139478   0.299299042099442
-0.0985852216279014   -0.198629568467895   82.0389420223821   0.308965412099532
-0.0477458206750898   -0.198692183366349   61.6555521881667   0.294567395563161
0.00174625971833626   -0.197632876898722   74.4950410349011   0.3098266224478
0.0513490139010754   -0.196563962782172   98.4087991598177   0.312759713603289
0.100568879100954   -0.197723545290649   97.6995956131142   0.312519742872652
0.150609518289526   -0.197537356225895   93.8720313703014   0.307233884266979
0.200221966420404   -0.199436092964986   82.5020740040913   0.309185763038778
0.249411506419401   -0.197738127525823   104.935071076007   0.311510212462709
0.300729483973055   -0.198266491777435   119.277724685859   0.317296310415171
0.351358901741505   -0.198391819602994   85.5202662042273   0.305451816221491
-0.598423538726133   -0.199458700451316   120.785151631642   0.308427592264745
-0.549021054571602   -0.198414769900754   85.7441273136971   0.317182169458957
-0.500098015400146   -0.199075802888094   83.6607378471142   0.316684316400315
-0.449556861088898   -0.198966715341279   60.7711973226263   0.309413959116082
-0.399901740194314   -0.200279907945608   70.8410029536859   0.306428481264616
-0.348835020127782   -0.200511911489399   97.1461546341106   0.312253518483009
-0.299775132809795   -0.19983305052246   89.2871241791235   0.302276718688191
-0.24887629877411   -0.198206377665106   88.3539956692793   0.311861170518409
-0.199685596099213   -0.200143154432474   85.6416453548168   0.311331910432804
-0.149447354747835   -0.199607698247536   80.714264597616   0.302391038985794
-0.0732061500362263   -0.149184409499614   93.3477202423809   0.295514844851292
-0.0235939263947103   -0.148687275054901   107.073806045928   0.300715967095016
0.0258718856918155   -0.146654740054059   100.499723265068   0.306460187654822
0.0768574853054128   -0.146778180669667   70.2195971596257   0.306886268096882
0.126128141116673   -0.148309373210288   98.5146073479882   0.312574660777928
0.176186687109849   -0.148050735180023   90.2388601950263   0.30593943962673
0.225163454641058   -0.147962772119915   69.7666706770208   0.30193887086758
0.275805040750347   -0.148065905224483   80.0874094629592   0.305838127063802
0.326040331347218   -0.149549452467461   77.6687866426   0.311198643321912
0.375737592185996   -0.148466619295071   102.282819869328   0.306478452192668
-0.574216952645549   -0.149543048615459   96.2261006163874   0.310418560640512
-0.523314910212589   -0.148118422814904   59.2103727744157   0.301914707844309
-0.473536083359783   -0.149329639625875   80.0278207245421   0.300142230405133
-0.423692800236224   -0.149486279998194   93.6653297070595   0.309999937449311
-0.374432742171285   -0.150224158360555   88.8761855608075   0.312221329603788
-0.325459944814942   -0.150114103603676   87.4993787354634   0.300657470108299
-0.274891441328315   -0.149826602916914   95.5803732770736   0.312540343103707
-0.223676943329404   -0.149486177891739   116.925858244011   0.288577303079533
-0.173266814762268   -0.150023064394873   91.2212634714244   0.313855476220392
-0.123062657128603   -0.149288884371648   71.3249459569522   0.307245912289096
-0.0494973836199126   -0.0990450533157618   91.3843061745357   0.306681473971885
0.000460302641190869   -0.0971066617214753   83.300667678444   0.31030453182862
0.0512413131354337   -0.0985871552929386   67.0126128774133   0.295668538270437
0.102125033087359   -0.0969036530342209   70.6918274793076   0.30568253760218
0.151739833376639   -0.0990083527423988   70.9962556830462   0.308511597925007
0.200699316453397   -0.0986100038762408   93.2599622563951   0.309625707280852
0.251309998890691   -0.0981195116781576   82.7854779951308   0.308464362478223
0.300960024030615   -0.0985319495178371   90.7577261751436   0.30955281929811
0.35057119123387   -0.0982297993244044   88.5303208304211   0.318602341258515
0.401648348541487   -0.0994484743079074   89.2278391135047   0.303875159285131
-0.548184990904277   -0.100070137798779   89.2626119610469   0.31357912165565
-0.49790053633435   -0.0979014748496085   94.8155915594566   0.298682903464198
-0.448095254700079   -0.0992503274684359   89.443389533844   0.30959075760794
-0.398947061433906   -0.0996148630206653   87.2448622939739   0.302534781635485
-0.349459031546933   -0.0996095255292109   96.5599942746073   0.30540631658213
-0.299877832876761   -0.0996803340137873   84.1564429521975   0.310743590212467
-0.249666044214833   -0.10013512773651   92.5703559143268   0.301550148517218
-0.199293345735966   -0.10097207548292   99.4573122510323   0.29922379696313
-0.148941227630236   -0.099655386410534   103.267590164809   0.31179425051672
-0.0990866054576978   -0.0992421488065885   93.391398773058   0.308941979239664
-0.0242842738060105   -0.0486355851194432   61.3009960371122   0.300316616227339
0.0266555467968393   -0.0489705145092304   96.5081298822365   0.32507192213228
0.0759712623747347   -0.0490673568662059   90.4411476053052   0.308024492651114
0.127396738025049   -0.0483692722462698   99.56344679574   0.304339924318347
0.177590179122524   -0.0470816593086629   85.6182916176621   0.320318582133941
0.227668004762603   -0.0486762966251779   76.2377476633935   0.31296443622887
0.277007792198146   -0.0480418885034524   97.1859236866435   0.289695046437017
0.326343856887381   -0.0480457149580277   102.055777669247   0.314215676460361
0.376880915608659   -0.0490922665136709   95.4168709133719   0.304299054614629
0.426440935493949   -0.0498683464910162   97.352538440435   0.312025526249671
-0.52405590163115   -0.0484012391425591   90.2767106315083   0.315970244712239
-0.473923631475915   -0.0485736847308041   106.767916250523   0.297467017578161
-0.422821567863641   -0.0486946133721149   119.468597729189   0.309204178062991
-0.373258182640849   -0.0485489764595817   95.9838337635799   0.301570399210608
-0.323728991788677   -0.0493017527653736   101.055357840724   0.312357906628064
-0.274171831280036   -0.0491406412855547   106.793988895985   0.289017623486655
-0.224563455009526   -0.0507570007805344   101.971103079434   0.312258592887436
-0.174626112856506   -0.0496423687692275   81.1036927855719   0.313642389477011
-0.125005167283785   -0.0501466920383686   108.469466137317   0.299249575312974
-0.0748618549650898   -0.0488442173800698   90.2095588299041   0.302589030874625
