-0.00117991   0.00735368     0
0.000980757   -0.00480603     0
0.0479275   0.00614685     1
0.0517261   -0.00511823     1
0.0988467   0.00641476     2
0.101989   -0.00504022     2
0.149939   0.00768976     3
0.151805   -0.00446853     3
0.199179   0.00739964     4
0.204183   -0.002945     4
0.252942   0.00800409     5
0.252354   -0.00395972     5
0.302591   0.00818559     6
0.300252   -0.00324658     6
0.350509   0.00680035     7
0.352049   -0.00495679     7
0.401825   0.00695575     8
0.400022   -0.00507568     8
0.452255   0.00658329     9
0.44881   -0.00435179     9
0.498938   0.00581772     10
-0.498958   -0.00607558     10
-0.450477   0.00740118     11
-0.449339   -0.00528806     11
-0.40201   0.0066506     12
-0.397814   -0.00464917     12
-0.350272   0.00814615     13
-0.348901   -0.00395539     13
-0.29977   0.00770026     14
-0.300223   -0.00413234     14
-0.253133   0.00445206     15
-0.248462   -0.00668736     15
-0.200511   0.00538714     16
-0.199304   -0.00644695     16
-0.151057   0.00665582     17
-0.148987   -0.00527489     17
-0.0999898   0.00613976     18
-0.100564   -0.00557704     18
-0.0512217   0.00622489     19
-0.047764   -0.00501756     19
0.0262443   0.0574274     20
0.02378   0.046073     20
0.077891   0.0547794     21
0.0730269   0.0441849     21
0.128314   0.0563465     22
0.123391   0.0452811     22
0.176039   0.0578788     23
0.176033   0.0453481     23
0.224972   0.0573842     24
0.226919   0.0451495     24
0.274919   0.0585503     25
0.277545   0.0470313     25
0.324313   0.0580057     26
0.328817   0.0470991     26
0.376329   0.0573727     27
0.376813   0.0453591     27
0.424756   0.0577021     28
0.427425   0.0456076     28
0.475143   0.0575974     29
0.476757   0.0454875     29
0.52589   0.0568276     30
-0.476423   0.045512     30
-0.425471   0.0576779     31
-0.425958   0.0458696     31
-0.374399   0.0568414     32
-0.376309   0.0451883     32
-0.325908   0.0591863     33
-0.324577   0.0473115     33
-0.27471   0.0566613     34
-0.275755   0.0448515     34
-0.225153   0.0550849     35
-0.226805   0.0435729     35
-0.175628   0.0555667     36
-0.176768   0.0441088     36
-0.12642   0.0570535     37
-0.125265   0.0452986     37
-0.0739012   0.0571592     38
-0.0772872   0.0453021     38
-0.0231223   0.0566838     39
-0.0265975   0.0453346     39
0.0494774   0.106039     40
0.0516165   0.0944562     40
0.0994868   0.105583     41
0.100709   0.0934814     41
0.149676   0.108245     42
0.151197   0.0962992     42
0.198962   0.107165     43
0.202628   0.0959838     43
0.250183   0.108527     44
0.25003   0.0964512     44
0.299567   0.109033     45
0.29995   0.0972662     45
0.348587   0.106819     46
0.351719   0.095686     46
0.39899   0.108141     47
0.401291   0.0962476     47
0.449283   0.107517     48
0.451698   0.0962512     48
0.500216   0.107202     49
0.500765   0.0958343     49
0.550465   0.107298     50
-0.450362   0.0951327     50
-0.401008   0.106022     51
-0.39941   0.0942657     51
-0.347565   0.106456     52
-0.353012   0.0962923     52
-0.299668   0.108507     53
-0.298464   0.0961911     53
-0.249908   0.107455     54
-0.248684   0.095235     54
-0.199914   0.106182     55
-0.200961   0.0944045     55
-0.148306   0.106137     56
-0.153119   0.0952502     56
-0.0999203   0.106466     57
-0.100537   0.0946126     57
-0.0494373   0.106261     58
-0.0516024   0.0945599     58
-0.00115925   0.106669     59
0.000926783   0.0951374     59
0.0743172   0.156309     60
0.0746919   0.144117     60
0.124982   0.157147     61
0.123396   0.14554     61
0.171458   0.157748     62
0.175519   0.146891     62
0.220352   0.154988     63
0.227228   0.145702     63
0.276018   0.159076     64
0.274287   0.147298     64
0.324397   0.157881     65
0.325306   0.146008     65
0.375997   0.156964     66
0.374933   0.144624     66
0.423672   0.15743     67
0.426367   0.145301     67
0.474728   0.157454     68
0.476506   0.145598     68
0.525705   0.15785     69
0.525638   0.145968     69
0.573871   0.157456     70
-0.425002   0.145423     70
-0.37452   0.155782     71
-0.376153   0.144312     71
-0.324733   0.158303     72
-0.325213   0.145868     72
-0.275944   0.157764     73
-0.273732   0.146007     73
-0.225141   0.156754     74
-0.223201   0.14491     74
-0.1748   0.155981     75
-0.175129   0.144455     75
-0.128511   0.155364     76
-0.121176   0.146223     76
-0.0748818   0.155619     77
-0.0727677   0.144058     77
-0.0238915   0.157021     78
-0.0248135   0.145509     78
0.0259487   0.156439     79
0.0246274   0.14459     79
0.100178   0.206647     80
0.0983981   0.194593     80
0.149516   0.208773     81
0.148291   0.196705     81
0.197048   0.206052     82
0.20017   0.194456     82
0.250414   0.205362     83
0.246908   0.194189     83
0.296586   0.20842     84
0.303016   0.198666     84
0.351277   0.207748     85
0.350173   0.195425     85
0.402256   0.206254     86
0.398243   0.194967     86
0.450086   0.20613     87
0.450973   0.194208     87
0.499337   0.20771     88
0.500851   0.196007     88
0.550244   0.20868     89
0.548598   0.196804     89
0.599192   0.205807     90
-0.39959   0.193837     90
-0.351978   0.207041     91
-0.35038   0.19506     91
-0.301606   0.20841     92
-0.300085   0.196512     92
-0.250274   0.206568     93
-0.249904   0.194858     93
-0.202353   0.205944     94
-0.199161   0.194523     94
-0.149056   0.206814     95
-0.151452   0.195569     95
-0.102247   0.205221     96
-0.0997226   0.193453     96
-0.0525052   0.205809     97
-0.0501536   0.194194     97
-0.00237226   0.207468     98
0.000134865   0.195947     98
0.0490753   0.205952     99
0.049192   0.193892     99
0.123306   0.258721     100
0.12268   0.24652     100
0.170838   0.257212     101
0.175452   0.246628     101
0.221087   0.255829     102
0.223431   0.243926     102
0.27723   0.256303     103
0.270362   0.246402     103
0.325725   0.257361     104
0.324223   0.245489     104
0.374393   0.257303     105
0.376501   0.24573     105
0.423732   0.256742     106
0.42578   0.244844     106
0.475227   0.257572     107
0.474219   0.24536     107
0.523598   0.25907     108
0.524959   0.247041     108
0.570749   0.256323     109
0.57759   0.246214     109
0.623699   0.257145     110
-0.376534   0.244828     110
-0.327508   0.258156     111
-0.325837   0.24646     111
-0.278466   0.257242     112
-0.274656   0.246231     112
-0.226754   0.257439     113
-0.225697   0.246107     113
-0.175725   0.25669     114
-0.175841   0.244791     114
-0.127611   0.257038     115
-0.124616   0.245668     115
-0.0768553   0.254609     116
-0.0771963   0.242697     116
-0.0252319   0.255011     117
-0.0301004   0.24405     117
0.0212934   0.255706     118
0.0237418   0.244166     118
0.0707625   0.254711     119
0.0751442   0.243749     119
0.151459   0.308574     120
0.147087   0.297646     120
0.198936   0.306922     121
0.197636   0.294846     121
0.249876   0.304406     122
0.24707   0.2929     122
0.299667   0.306695     123
0.298011   0.295172     123
0.346719   0.306983     124
0.349334   0.295294     124
0.396695   0.30627     125
0.399282   0.294766     125
0.447557   0.307227     126
0.44891   0.295502     126
0.497823   0.308504     127
0.498154   0.296718     127
0.544635   0.307384     128
0.550701   0.298056     128
0.597063   0.307399     129
0.597615   0.295525     129
0.647824   0.308015     130
0.647377   0.296301     130
-0.299001   0.30756     131
-0.303605   0.29669     131
-0.250841   0.306907     132
-0.253144   0.295209     132
-0.204797   0.306032     133
-0.200306   0.295101     133
-0.152168   0.308017     134
-0.151926   0.296158     134
-0.104021   0.30555     135
-0.100254   0.294217     135
-0.0537434   0.304386     136
-0.0504768   0.292982     136
-0.00475531   0.304817     137
-0.000409481   0.293852     137
0.0469605   0.305326     138
0.0484192   0.293366     138
0.100632   0.304967     139
0.0950221   0.294941     139
0.16926   0.356445     140
0.177582   0.348365     140
0.223518   0.355127     141
0.22529   0.342912     141
0.277258   0.353868     142
0.270552   0.344408     142
0.324309   0.357571     143
0.322459   0.345575     143
0.372279   0.357093     144
0.37351   0.345348     144
0.423924   0.356828     145
0.422457   0.345199     145
0.474612   0.358127     146
0.472799   0.346569     146
0.522004   0.358786     147
0.52291   0.347102     147
0.574114   0.357653     148
0.571616   0.345506     148
0.621803   0.35707     149
0.62364   0.345365     149
0.672263   0.356888     150
-0.326234   0.345029     150
-0.278964   0.356932     151
-0.274773   0.346056     151
-0.228662   0.358036     152
-0.228416   0.346265     152
-0.177821   0.356215     153
-0.179513   0.344425     153
-0.12886   0.35711     154
-0.125659   0.345513     154
-0.0769401   0.355742     155
-0.0770557   0.343824     155
-0.0256158   0.354587     156
-0.0286984   0.343376     156
0.0229834   0.355019     157
0.0215081   0.343087     157
0.0708372   0.354985     158
0.0735399   0.343239     158
0.121145   0.356934     159
0.122305   0.344998     159
0.19556   0.404475     160
0.199649   0.393224     160
0.248265   0.404637     161
0.24803   0.392769     161
0.299831   0.406254     162
0.297214   0.394612     162
0.349137   0.407756     163
0.347469   0.395707     163
0.397207   0.406399     164
0.398553   0.394484     164
0.44919   0.407195     165
0.447393   0.396089     165
0.497576   0.40954     166
0.497496   0.397439     166
0.547648   0.408171     167
0.547972   0.396645     167
0.597198   0.407537     168
0.597642   0.395558     168
0.648726   0.40811     169
0.647093   0.396634     169
0.697484   0.407675     170
0.696956   0.39556     170
-0.251715   0.408956     171
-0.253173   0.397122     171
-0.200935   0.406848     172
-0.203368   0.395159     172
-0.150035   0.407162     173
-0.154141   0.395746     173
-0.101633   0.405615     174
-0.102439   0.394135     174
-0.0515574   0.405511     175
-0.0510978   0.393642     175
-0.000642049   0.405678     176
-0.00266816   0.393543     176
0.0473349   0.405296     177
0.0478167   0.393661     177
0.0989536   0.405743     178
0.0953642   0.394365     178
0.148947   0.406734     179
0.145216   0.395449     179
0.224003   0.454985     180
0.222065   0.443183     180
0.274295   0.456574     181
0.272844   0.444456     181
0.323487   0.457469     182
0.321222   0.445603     182
0.37294   0.456754     183
0.373382   0.445142     183
0.424029   0.456338     184
0.422975   0.444944     184
0.472453   0.457831     185
0.474443   0.446222     185
0.523007   0.45896     186
0.52493   0.44714     186
0.573886   0.457925     187
0.573953   0.44585     187
0.624258   0.4575     188
0.622499   0.445702     188
0.674007   0.458339     189
0.673527   0.446594     189
0.726387   0.456387     190
0.720237   0.446273     190
-0.224849   0.45775     191
-0.22597   0.445906     191
-0.17685   0.456955     192
-0.175977   0.444822     192
-0.127184   0.457592     193
-0.126019   0.445876     193
-0.0766773   0.455712     194
-0.0756547   0.444444     194
-0.0249747   0.455175     195
-0.0270979   0.4434     195
0.0258962   0.455622     196
0.0224623   0.444492     196
0.0744892   0.455426     197
0.0728583   0.443426     197
0.122008   0.455536     198
0.12417   0.443935     198
0.172057   0.456357     199
0.173606   0.443964     199
-0.248842   -0.494455     200
0.246572   0.494195     200
-0.198519   -0.493087     201
0.298309   0.495067     201
-0.148982   -0.492237     202
0.348286   0.495982     202
-0.0990499   -0.493892     203
0.397855   0.494215     203
-0.049217   -0.492782     204
0.447009   0.495366     204
0.00144588   -0.491338     205
0.497488   0.496754     205
0.0506178   -0.491672     206
0.548039   0.49616     206
0.101034   -0.492178     207
0.598571   0.496053     207
0.150878   -0.491747     208
0.646654   0.496819     208
0.199662   -0.492652     209
0.698389   0.495517     209
0.251485   -0.492296     210
-0.253011   0.495243     210
-0.699796   -0.491518     211
-0.200504   0.496101     211
-0.648713   -0.493957     212
-0.152466   0.494323     212
-0.600985   -0.493341     213
-0.100499   0.49489     213
-0.550491   -0.495221     214
-0.0504144   0.49324     214
-0.499804   -0.494285     215
-0.00111219   0.493753     215
-0.450588   -0.493393     216
0.0489062   0.49418     216
-0.400249   -0.49304     217
0.0976746   0.494968     217
-0.350379   -0.493706     218
0.14718   0.494368     218
-0.300387   -0.494509     219
0.197459   0.493577     219
-0.224968   -0.443436     220
-0.224093   -0.455986     220
-0.176355   -0.442555     221
-0.173313   -0.453886     221
-0.126597   -0.4432     222
-0.122072   -0.454118     222
-0.0734457   -0.442089     223
-0.0748393   -0.454231     223
-0.0238316   -0.442319     224
-0.0254291   -0.454299     224
0.0262742   -0.440484     225
0.0253798   -0.45248     225
0.0772417   -0.441657     226
0.0741033   -0.453349     226
0.129078   -0.443089     227
0.12325   -0.453274     227
0.176667   -0.442428     228
0.17659   -0.454164     228
0.227558   -0.443264     229
0.224034   -0.45479     229
0.276242   -0.442081     230
-0.723487   -0.453895     230
-0.674552   -0.443195     231
-0.67429   -0.455091     231
-0.62342   -0.444517     232
-0.626634   -0.455643     232
-0.574207   -0.445061     233
-0.574702   -0.456469     233
-0.525606   -0.444117     234
-0.525352   -0.45591     234
-0.473107   -0.444138     235
-0.477638   -0.455035     235
-0.424156   -0.444322     236
-0.426073   -0.456251     236
-0.377347   -0.442135     237
-0.373465   -0.453681     237
-0.325225   -0.444301     238
-0.325294   -0.456227     238
-0.27603   -0.445237     239
-0.273074   -0.456614     239
-0.198409   -0.393019     240
-0.20048   -0.404424     240
-0.14937   -0.392583     241
-0.149846   -0.404324     241
-0.100644   -0.393752     242
-0.100626   -0.405738     242
-0.0503689   -0.391819     243
-0.0505276   -0.403718     243
-0.000119321   -0.392426     244
-0.000414756   -0.404411     244
0.0483729   -0.390631     245
0.0515943   -0.401882     245
0.0973127   -0.394703     246
0.10476   -0.403667     246
0.152028   -0.391047     247
0.152605   -0.403067     247
0.20134   -0.392431     248
0.201192   -0.404375     248
0.249746   -0.392375     249
0.251975   -0.403893     249
0.298367   -0.392822     250
-0.697594   -0.404178     250
-0.648728   -0.393361     251
-0.649687   -0.405142     251
-0.5994   -0.395019     252
-0.599599   -0.406432     252
-0.54702   -0.394705     253
-0.551878   -0.405428     253
-0.498367   -0.39424     254
-0.499955   -0.40626     254
-0.449354   -0.393293     255
-0.45009   -0.404926     255
-0.398618   -0.392788     256
-0.401708   -0.40382     256
-0.350706   -0.393243     257
-0.350277   -0.405433     257
-0.30217   -0.394945     258
-0.298761   -0.406616     258
-0.248105   -0.394996     259
-0.25208   -0.405899     259
-0.17757   -0.343821     260
-0.171511   -0.35372     260
-0.125407   -0.341148     261
-0.122641   -0.352946     261
-0.0734173   -0.343468     262
-0.0761456   -0.35518     262
-0.0243626   -0.341893     263
-0.0250894   -0.353569     263
0.028571   -0.342275     264
0.0232558   -0.352771     264
0.0749909   -0.342336     265
0.0767625   -0.354126     265
0.126302   -0.343199     266
0.124229   -0.355026     266
0.174044   -0.341927     267
0.178699   -0.35285     267
0.224995   -0.341341     268
0.226083   -0.353345     268
0.277253   -0.342481     269
0.27486   -0.354331     269
0.324679   -0.343431     270
-0.671564   -0.354782     270
-0.625054   -0.343413     271
-0.622952   -0.355197     271
-0.572995   -0.344766     272
-0.574634   -0.357352     272
-0.524962   -0.34478     273
-0.523035   -0.357022     273
-0.474092   -0.342515     274
-0.47391   -0.354244     274
-0.426975   -0.34292     275
-0.424128   -0.354097     275
-0.377772   -0.343504     276
-0.372258   -0.354089     276
-0.324717   -0.343383     277
-0.323725   -0.355531     277
-0.274612   -0.345462     278
-0.27442   -0.357596     278
-0.225596   -0.343847     279
-0.223839   -0.355576     279
-0.146772   -0.293859     280
-0.15191   -0.304591     280
-0.0991428   -0.29311     281
-0.0959443   -0.304252     281
-0.0494994   -0.292012     282
-0.0476675   -0.303788     282
0.000211385   -0.293031     283
0.00284129   -0.304785     283
0.0498598   -0.291306     284
0.0517197   -0.302852     284
0.100399   -0.293186     285
0.101038   -0.305158     285
0.150466   -0.29199     286
0.149429   -0.303902     286
0.200764   -0.291855     287
0.199888   -0.303601     287
0.250711   -0.291878     288
0.249644   -0.303806     288
0.298071   -0.292519     289
0.301959   -0.303635     289
0.352605   -0.292663     290
-0.650038   -0.304348     290
-0.600252   -0.294221     291
-0.600373   -0.30646     291
-0.550543   -0.294283     292
-0.549756   -0.30606     292
-0.499784   -0.293618     293
-0.501615   -0.305762     293
-0.448132   -0.292517     294
-0.452178   -0.303319     294
-0.398607   -0.292289     295
-0.401822   -0.304064     295
-0.3497   -0.294018     296
-0.351282   -0.306     296
-0.2993   -0.29452     297
-0.298612   -0.30608     297
-0.247617   -0.293842     298
-0.250754   -0.305352     298
-0.19893   -0.292322     299
-0.202386   -0.303535     299
-0.122333   -0.242402     300
-0.124117   -0.253915     300
-0.0733023   -0.242416     301
-0.0732185   -0.253964     301
-0.0256987   -0.242897     302
-0.0217088   -0.253532     302
0.0276655   -0.241733     303
0.0244503   -0.253567     303
0.0757606   -0.241804     304
0.0772772   -0.253817     304
0.125556   -0.241777     305
0.125673   -0.25383     305
0.17347   -0.24222     306
0.176729   -0.253435     306
0.228783   -0.243176     307
0.223418   -0.253487     307
0.276927   -0.240759     308
0.275811   -0.252525     308
0.327364   -0.24351     309
0.325629   -0.255734     309
0.376386   -0.242429     310
-0.624702   -0.254207     310
-0.57306   -0.244433     311
-0.576186   -0.256001     311
-0.525496   -0.243199     312
-0.524832   -0.254842     312
-0.475362   -0.243024     313
-0.475348   -0.25508     313
-0.428343   -0.243395     314
-0.422559   -0.253379     314
-0.375917   -0.243546     315
-0.373976   -0.255499     315
-0.326631   -0.245836     316
-0.323293   -0.256934     316
-0.273174   -0.243419     317
-0.275022   -0.255294     317
-0.225588   -0.242931     318
-0.223792   -0.254671     318
-0.17659   -0.244727     319
-0.171238   -0.254905     319
-0.0978035   -0.192664     320
-0.0993669   -0.204595     320
-0.0451911   -0.193637     321
-0.0503005   -0.203747     321
0.00325921   -0.191812     322
0.00023331   -0.203454     322
0.0505135   -0.190532     323
0.0521845   -0.202596     323
0.099804   -0.191685     324
0.101334   -0.203762     324
0.150231   -0.191561     325
0.150989   -0.203514     325
0.200959   -0.193459     326
0.199485   -0.205413     326
0.247945   -0.19187     327
0.250878   -0.203607     327
0.297895   -0.19287     328
0.303564   -0.203663     328
0.351795   -0.192455     329
0.350923   -0.204329     329
0.398693   -0.194293     330
-0.59554   -0.204625     330
-0.548591   -0.192248     331
-0.549451   -0.204582     331
-0.499459   -0.192939     332
-0.500737   -0.205213     332
-0.446797   -0.193702     333
-0.452317   -0.204231     333
-0.398065   -0.194636     334
-0.401739   -0.205923     334
-0.349545   -0.194471     335
-0.348125   -0.206553     335
-0.299706   -0.19394     336
-0.299844   -0.205726     336
-0.248713   -0.192128     337
-0.24904   -0.204284     337
-0.199253   -0.194091     338
-0.200118   -0.206196     338
-0.148556   -0.193789     339
-0.150339   -0.205426     339
-0.0735214   -0.143433     340
-0.0728909   -0.154936     340
-0.0252068   -0.143083     341
-0.0219811   -0.154292     341
0.0248517   -0.14078     342
0.026892   -0.15253     342
0.0787546   -0.141148     343
0.0749603   -0.152409     343
0.125283   -0.142282     344
0.126974   -0.154337     344
0.176163   -0.142086     345
0.17621   -0.154016     345
0.227071   -0.142439     346
0.223256   -0.153486     346
0.276767   -0.142192     347
0.274843   -0.15394     347
0.327254   -0.143622     348
0.324826   -0.155477     348
0.374547   -0.142628     349
0.376929   -0.154305     349
0.425168   -0.143526     350
-0.573602   -0.15556     350
-0.520492   -0.143062     351
-0.526138   -0.153175     351
-0.472587   -0.143566     352
-0.474486   -0.155093     352
-0.424055   -0.143455     353
-0.423331   -0.155518     353
-0.374321   -0.144138     354
-0.374545   -0.15631     354
-0.32522   -0.144258     355
-0.3257   -0.155971     355
-0.275447   -0.143762     356
-0.274336   -0.155891     356
-0.226064   -0.14447     357
-0.22129   -0.154503     357
-0.173389   -0.143905     358
-0.173145   -0.156141     358
-0.121266   -0.143614     359
-0.12486   -0.154964     359
-0.0496327   -0.0930674     360
-0.049362   -0.105023     360
0.00112157   -0.0910979     361
-0.000200967   -0.103115     361
0.0533506   -0.0932802     362
0.0491321   -0.103894     362
0.103971   -0.0912789     363
0.100279   -0.102528     363
0.153575   -0.0933211     364
0.149905   -0.104696     364
0.200378   -0.0925829     365
0.201021   -0.104637     365
0.252018   -0.0921529     366
0.250602   -0.104086     366
0.300885   -0.0924971     367
0.301035   -0.104567     367
0.35072   -0.09202     368
0.350422   -0.10444     368
0.401723   -0.0935243     369
0.401574   -0.105373     369
0.451889   -0.0939567     370
-0.548259   -0.106184     370
-0.498359   -0.0920985     371
-0.497443   -0.103704     371
-0.44804   -0.0932144     372
-0.44815   -0.105286     372
-0.398681   -0.0937231     373
-0.399213   -0.105507     373
-0.350096   -0.0936939     374
-0.348822   -0.105525     374
-0.2993   -0.0936532     375
-0.300456   -0.105707     375
-0.249913   -0.0942616     376
-0.249419   -0.106009     376
-0.200191   -0.0952173     377
-0.198395   -0.106727     377
-0.150248   -0.0937385     378
-0.147634   -0.105572     378
-0.0994205   -0.0932292     379
-0.0987528   -0.105255     379
-0.0216499   -0.0434995     380
-0.0269187   -0.0537716     380
0.0259825   -0.0426734     381
0.0273286   -0.0552677     381
0.0759279   -0.0430619     382
0.0760146   -0.0550728     382
0.126473   -0.042518     383
0.12832   -0.0542206     383
0.178037   -0.0408546     384
0.177143   -0.0533087     384
0.229028   -0.0427495     385
0.226308   -0.0546031     385
0.276346   -0.042438     386
0.27767   -0.0536458     386
0.325145   -0.0420545     387
0.327543   -0.0540369     387
0.376356   -0.0431858     388
0.377406   -0.0549988     388
0.425712   -0.0438347     389
0.42717   -0.055902     389
0.475916   -0.0422408     390
-0.524028   -0.0545617     390
-0.475491   -0.0430205     391
-0.472356   -0.0541269     391
-0.4256   -0.0434459     392
-0.420043   -0.0539433     392
-0.373832   -0.0427012     393
-0.372684   -0.0543967     393
-0.324823   -0.0433247     394
-0.322635   -0.0552788     394
-0.275697   -0.0437459     395
-0.272646   -0.0545353     395
-0.225747   -0.0448012     396
-0.22338   -0.0567128     396
-0.17374   -0.0436008     397
-0.175512   -0.055684     397
-0.126737   -0.0446127     398
-0.123273   -0.0556807     398
-0.0748821   -0.0429446     399
-0.0748416   -0.0547438     399
