0	1	0
1   0.77151318067283115   0.00049722332576183132   
2   0.7731413779592656   0.00059342430606007982   
3   0.78350346566704174   0.00061369967343751522   
4   0.78390691744783758   0.00054642005635362523   
5   0.78429155697820688   0.00054385722822582849   
6   0.78462934727289881   0.00055330769245771317   
7   0.78463928476056273   0.00055722831225444201   
8   0.7849546422381908   0.00053527408366459328   
9   0.78512120600206198   0.00055023421829229952   
10   0.78506626368624684   0.00059415809657388033   
