0.01      0.82277775286573982   0.00044192128867510224
0.00175   1.1499914400205016   0.001589890948603716
0.0015    1.3212571038394572   0.015414353709667864
0.0014    2.557651543913916   0.10205389191182462
0.0013    4.060529647017642   0.088611721906233631
0.0012    1.9800396516611588   0.036791078895241509
0.0011    2.4466302685199525   0.015051483244932431
0.001     2.4192312005624219   0.0092565697989754485
0.0009    8.3916390498639659   0.070869389091822386
0.00086   2.4618557884320302   0.0086129729994919168
0.0008    1.55313476941088   0.0044849691560505762
0.0007    1.4379949402044248   0.0022964492061536156
0.0006    1.5800453254123507   0.0046855881217089995
0.00051   1.986505889235389   0.005970048166937457
0.0005    15.518973305844953   0.30106335885952875
0.00046   31.583838393900736   1.63425047779661
0.00043   77.529734234664185   1.4622882881516603
0.0004    60.624045179391575   2.5979402123535628
0.00033   18.768424770132946   0.90210053071407894
0.0003    13.109391721539196   0.077421270931569227
0.00026   1.0163151614169857   0.00092397203008304597
0.00023   1.0122871868533613   0.00075038153959832279
0.0002    1.0116348669875209   0.00086179645909646584
0.0001    1.0050502716296706   0.0011286514684480953
0.00001   1.0022817065191701   0.00063824709664741511
0.000001  1.0002558781252446   0.00075531821709477118
0.0000001 1.0015099860538614   0.004251727401797763