-0.0855155096653828   -0.0337959012342146   55.3987950209515   0.309491189546912
0.0153833929098525   -0.0340029672581134   63.809565996295   0.30572309656704
0.115697789944161   -0.0322769767203933   58.1902341338895   0.313934482377276
0.215679577092707   -0.0328984785929887   71.5641926469451   0.308252162187876
0.315281822374421   -0.0326375773797588   53.3590073078198   0.304075226076479
0.415440456159315   -0.0333056756314309   64.3584669957471   0.301991008019289
-0.485522685754497   -0.0338988502559649   65.8092963155714   0.298230735291328
-0.385614897222993   -0.0331380846865305   63.3181593206691   0.309560905072338
-0.285174828898379   -0.0322946959724865   65.6238739427637   0.302647871634853
-0.185536809694469   -0.0338861066096549   64.0029682122999   0.304550188546583
-0.0260836672698461   0.0661707215728509   54.5063377074195   0.314855452064815
0.0743136503263247   0.0671321740609819   66.8734678343177   0.301212293049293
0.174412761587032   0.0675150675807219   62.3849656874942   0.314329762109682
0.274076561353132   0.0671017143047538   71.4176365472632   0.308024902299407
0.373458762189902   0.0675341200916345   75.7057434317144   0.307266629733386
0.473795515294642   0.0671414424765348   70.8825129664971   0.302812667382785
-0.427726360277846   0.0671839420318808   68.3864057694814   0.303003772148896
-0.327215714489902   0.0676802992795359   54.3945876455685   0.299743855871571
-0.227298844465272   0.0662528406173087   67.5866325953148   0.309707041708643
-0.126455255038733   0.066923556532632   62.5087719312024   0.303094942004088
0.0293933715242024   0.167704780783105   67.6483914032511   0.308422813380193
0.129833759508285   0.167508329475411   69.8930902126717   0.302569998462733
0.230302173970833   0.167969385058646   74.4912837481863   0.301061292178251
0.329992467672712   0.167299823585458   69.5568618039868   0.306995157927298
0.430786471451083   0.167435630454083   65.7064266296081   0.313303179266767
0.530640833775231   0.167955429013299   72.0599902296703   0.310475578067225
-0.368796258515946   0.166712825330724   73.7025678641641   0.309019497577199
-0.269981083510735   0.166626192226383   81.6612284446838   0.298711215829339
-0.169061131937382   0.166648063844037   67.6639296656659   0.305841875281495
-0.0698637594140019   0.165641969709091   66.8227337519771   0.302662880008281
0.0795878371985846   0.268500460758689   108.755186366459   0.306776766125778
0.178781252538182   0.267636265867108   102.731600288007   0.300872583864277
0.279867647302161   0.266404608350201   123.07097925521   0.315113829769658
0.380472865121372   0.266531535009775   118.919088016   0.309911029166264
0.480522834510566   0.267366926549531   113.19199321834   0.307972555701766
0.580802370932824   0.266880503216245   123.705075119693   0.305772171869281
-0.319804450974472   0.267422060009922   101.018643933099   0.305214050096462
-0.2193988950283   0.264845251889817   125.878862884536   0.307806535120004
-0.118269658145069   0.266787374174789   113.415674848591   0.302615395198621
-0.019705674866557   0.267012779258152   92.6448785263133   0.308380718810731
0.122744769237789   0.368698556238699   118.956877162949   0.31195869596562
0.222575468628088   0.36706380192766   113.372402947881   0.309547048512006
0.32263360356273   0.366581566451009   108.710798618875   0.306147889625811
0.421359832894474   0.366645026116047   114.395496110217   0.318919372212839
0.522912513333239   0.366398765170461   118.268236953258   0.308603115254213
0.622493321599467   0.367101981856071   114.270475425137   0.319447077123846
-0.276391722560407   0.365987451934017   125.505619588053   0.305953351339838
-0.17604835610677   0.364777478967026   122.202624514916   0.313260746860701
-0.0756373299100065   0.367660667179788   114.484075334014   0.313285590133726
0.0234544680469362   0.369085401904569   110.704990030241   0.312912939052231
0.165244259312286   0.467733213998367   110.837501472755   0.309735428004961
0.266050753482434   0.466612554022853   119.269384166362   0.312128441148748
0.365781863735713   0.467964648390036   115.21201973618   0.312704073211934
0.465320923804738   0.466784934261642   114.148509250483   0.300953868184048
0.565436311061521   0.46815004175262   107.647589529599   0.303612677193598
0.665138435369088   0.465507457172059   109.639547618539   0.312545065641068
-0.235641445162636   0.465640548348451   112.538852078786   0.301712381303078
-0.13621699426361   0.466596332774999   100.5704548543   0.301910461600096
-0.0358873992688763   0.469894464929495   119.706988597437   0.317877215420113
0.064971579315745   0.468970550705046   118.300947042729   0.310078140411022
-0.27566284383997   -0.43299705315713   110.672734448157   0.309481713157104
-0.17645033936347   -0.432822159006302   116.540252102622   0.307716222074015
-0.0781832478051377   -0.432629479229405   119.463878011101   0.306263262688658
0.0214410535353029   -0.433591389664951   121.047673873514   0.315341449492016
0.124231767414247   -0.432859091920497   123.353046636857   0.308098060178761
0.22335624830905   -0.433549610343096   103.425415360148   0.305220648164172
-0.676933323369517   -0.433204322281316   105.79882996347   0.31488303475708
-0.577475171225243   -0.431204523582756   113.662183468556   0.303453741647032
-0.477080251125575   -0.431797641125463   118.640461768655   0.301684874863508
-0.3752632599003   -0.433103522645002   116.789237973471   0.315990676175063
-0.234963142774644   -0.331478714043874   108.260851031146   0.302991527758366
-0.134828685137537   -0.332160785995121   115.58032959195   0.311679642959859
-0.0362366771460999   -0.333342115500347   107.375901660399   0.303878037264769
0.0639179447169663   -0.334237302859918   123.868052959243   0.303581958659279
0.165592968160653   -0.333891757519846   105.702957994509   0.308731746176568
0.264015462500145   -0.332204205275158   108.624924118533   0.308949824099613
-0.636932649362314   -0.332100943722261   106.853347420593   0.293671994165641
-0.536326676291736   -0.3320536647283   120.674135815666   0.302444900886526
-0.435592200085765   -0.331611780411122   111.324887840967   0.307097328784827
-0.335444985039094   -0.332862266477165   114.354140016074   0.304214983677677
-0.191994986019862   -0.232032318808396   104.809060202268   0.314181989721068
-0.0926786543619549   -0.23302148330467   119.160261556746   0.311019379999405
0.00750148961483089   -0.232882152255327   117.061908458216   0.322630147283066
0.106866014613323   -0.233842222965685   101.396541352271   0.29835454792542
0.206340428311373   -0.233163411202382   101.063572584916   0.302677074795699
0.306118459930411   -0.231003352036464   110.252354238077   0.30598868774162
-0.593411081002144   -0.231547989524625   126.611741378199   0.308564889979736
-0.491963212921321   -0.232979227446321   107.726876597807   0.303407708669062
-0.391667566766063   -0.233371824638452   111.492818039189   0.309067985232305
-0.291704472275648   -0.232294425514826   108.153433348495   0.302827087944419
-0.142898838387081   -0.133231540415821   58.3035749530849   0.308884766760111
-0.0418835253442528   -0.132507241705698   64.2318749253375   0.305915911570331
0.0578284821793132   -0.134369505477187   66.1586867304344   0.30143654138203
0.15651227156343   -0.132417368971058   66.9485163834444   0.316840444306959
0.256150790681654   -0.133053399527291   63.5613363336335   0.307128265523326
0.35588688016112   -0.132331841647374   69.1728377791176   0.298939298575573
-0.542776399433551   -0.133857810288958   54.7352128343663   0.30008100526827
-0.442035411246518   -0.133109656853042   76.8369772320575   0.30182579893411
-0.342819213676541   -0.132305891829402   57.7250221188901   0.307787795423389
-0.243031690243803   -0.132742941233391   69.9521280516296   0.302023643279273
