0.46400628289657042   95.929559987184027  0.013834255450071049     
0.92801256579314084   1.8011730112572022  0.005545840719633616     
1.3920188486897112   9.827086152216515  0.012506198708865112     
1.8560251315862817   2.081161301447446  0.0049716146247285451     
2.3200314144828522   2.4529862446288858  0.0060127286356869142     
2.7840376973794223   1.9942292902483733  0.0047310362411132964     
3.2480439802759928   0.56040716313957629  0.0028938903708182313     
3.7120502631725634   1.7299661883790136  0.0086779832952284943     
4.1760565460691339   0.028904186413212702  0.00019222553128879627     
4.6400628289657044   1.1522944371671563  0.0093696383616167243     
5.104069111862275   0.080197817386123341  0.0007953017609968826     
5.5680753947588446   0.91850655143569354  0.011204583327622363     
6.0320816776554151   0.22378075914335792  0.0033384009272020458     
6.4960879605519857   0.60321278569229113  0.0093786888633746621     
6.9600942434485562   0.66398269721574997  0.011120315822483411     
7.4241005263451267   0.25988565173875407  0.0028933855176388094     
7.8881068092416973   1.1874479461326754  0.016236165415178767     
8.3521130921382678   0.19293879874376193  0.0020398241167353279     
8.8161193750348374   10.259905749815442  0.05760156437375028     
9.2801256579314089   21.348141115210781  0.060167402045095943     
9.7441319408279785   9.1531456489035083  0.059229897157837305     
10.20813822372455   0.20210776262655289  0.0024343032306615823     
10.67214450662112   3.1939735269038717  0.022158040903861657     
11.136150789517689   0.53371365221663237  0.0053710747421790022     
11.600157072414261   0.93059769679867818  0.0089224391008372254     
12.06416335531083   0.85419978389499593  0.0095182869681324202     
12.528169638207402   0.15312153671402249  0.0016861404801548082     
12.992175921103971   0.79022214161021616  0.00918471565166028     
13.456182204000543   0.13327803495467233  0.0006392181965593098     
13.920188486897112   0.42949231891219344  0.0058926854221588016     
14.384194769793684   0.13216443592561425  0.00062554683388069647     
14.848201052690253   0.50748389027945255  0.0060388234785638797     
15.312207335586823   0.24891247592784256  0.0019455515427742563     
15.776213618483395   0.27422169034608099  0.0029140841111054846     
16.240219901379966   0.26864440489851961  0.0028889991865529792     
16.704226184276536   0.16365155523142935  0.0010897450576496871     
17.168232467173105   0.31893959151034267  0.0041299722442931784     
17.632238750069675   0.13277194171136104  0.00063225715639482762     
18.096245032966248   0.7013058502610933  0.0096718935645221726     
18.560251315862818   0.85787594935056067  0.006687508102614064     
19.024257598759387   0.6099292131211439  0.00487494801450041     
19.488263881655957   0.24820249184403587  0.00035710737653645056     
19.952270164552527   0.33296234567363261  0.002594918551858521     
20.4162764474491   0.19626012259374762  0.0011663856681429663     
20.88028273034567   0.17579426891590485  0.0010392856552615124     
21.344289013242239   0.24202298626321072  0.0017904774533440902     
21.808295296138809   0.14695004560997325  0.00043948344882430496     
22.272301579035378   0.28363851138216728  0.0023400493065132266     
22.736307861931952   0.21238702021233504  0.00074113345573533389     
23.200314144828521   0.37321161686174189  0.0020063333984725104     
23.664320427725091   0.36208302148875911  0.00074840898001603512     
24.128326710621661   0.42100003394349981  0.0016757157104987848     
24.592332993518234   0.38730674901004459  0.0008599152764415392     
25.056339276414803   0.39808318846051481  0.00088248117510935598     
25.520345559311373   0.41347128160974947  0.00097596295854004626     
25.984351842207943   0.39110385041243751  0.00054427190628486106     
26.448358125104512   0.42500162639655091  0.0013091139925368529     
26.912364408001086   0.35895839097035789  0.00039114477540063409     
27.376370690897655   0.44697056199601153  0.0011934611397270677     
27.840376973794225   0.38222044083853541  0.0010703438344011691     
28.304383256690794   0.45946728540818469  0.0017267838593163796     
28.768389539587368   0.43546066204490738  0.00068665217963869221     
29.232395822483937   0.464227466444447  0.0017325314667455064     
29.696402105380507   0.39314344613376315  0.0016658056626781249     
30.160408388277077   0.36979691528898261  0.00098331867881921677     
30.624414671173646   0.61085958973764307  0.0037526508998427256     
31.088420954070219   0.49621042968818103  0.002186186589272075     
31.552427236966789   0.62752180551423588  0.0025073604876730659     
32.016433519863362   0.94423434011986282  0.0027013387672642165     
32.480439802759932   0.66935867489971911  0.0039759891754301157     
32.944446085656502   0.30512824039051788  0.00082851316726079598     
33.408452368553071   0.43887732939662557  0.0020991082346792131     
33.872458651449641   0.38713987139354366  0.0012439614596448374     
34.33646493434621   0.43001830732099444  0.0012547775433431304     
34.80047121724278   0.62681632764356821  0.0014275093215498766     
35.26447750013935   0.63423111032193883  0.0014894531930819265     
35.728483783035919   0.77227332537364384  0.0021463024694637602     
36.192490065932496   0.87286976502727186  0.001754568252738891     
36.656496348829066   0.65054277410416983  0.0010569794178199906     
37.120502631725635   0.35249168933817605  0.00047920388689534821     
37.584508914622205   0.45561917479289449  0.0015974345969192168     
38.048515197518775   0.40499278982361657  0.00082436402129824606     
38.512521480415344   0.44750155268896969  0.00074699515093236123     
38.976527763311914   0.54548708481924904  0.001475709209448117     
39.440534046208484   0.64772468826281171  0.0012278006927927498     
39.904540329105053   0.987647737516019  0.0040356101880166406     
40.36854661200163   0.79098924420310391  0.0023919859542305699     
40.8325528948982   1.3639514664678864  0.0048617764807217158     
41.296559177794769   1.9828021852279231  0.010019724444780103     
41.760565460691339   0.89775750778204224  0.0062993602582621746     
42.224571743587909   0.42109058257401806  0.00078463384927891576     
42.688578026484478   0.61931771797016968  0.0037781190598997451     
43.152584309381048   0.40879145026493421  0.00094579543634841697     
43.616590592277618   0.6310274724223202  0.0024014112490154986     
44.080596875174187   0.63816228338120164  0.0023767023834316278     
44.544603158070757   0.58497064793163872  0.0006815707091800706     
45.008609440967334   1.035963246277913  0.00195864044059364     
45.472615723863903   1.3631824826515984  0.0046196962340334272     
45.936622006760473   1.0176450082395937  0.0055511352397081036     
46.400628289657043   0.60798810123514614  0.0016732787907227053     
