0.25441477107328347   0.00027567490543376427  1.073117533251687e-05     
0.50882954214656695   0.00027304903085992795  1.0478645760129003e-05     
0.76324431321985042   0.00026742639776990505  1.0053540185669762e-05     
1.0176590842931339   0.0002607019685492533  9.4793241805041244e-06     
1.2720738553664175   0.00025393584613699345  8.9032691016891133e-06     
1.5264886264397008   0.00024929128099865141  8.4050505083363755e-06     
1.7809033975129842   0.00024904527041056215  8.1679759014876717e-06     
2.0353181685862678   0.00025741447976946422  8.3517992203306897e-06     
2.2897329396595514   0.00028053713623408218  9.1826657108824647e-06     
2.544147710732835   0.0003281459121322942  1.0775403571343272e-05     
2.7985624818061181   0.0004164356009699796  1.3616372703994563e-05     
3.0529772528794017   0.00057254983283506254  1.8498394151321987e-05     
3.3073920239526853   0.00084607913167763303  2.7513582377201969e-05     
3.5618067950259684   0.0013340628338055136  4.4432365885040309e-05     
3.816221566099252   0.0022435576409318512  7.7522381710993498e-05     
4.0706363371725356   0.0040903193825260656  0.0001463410075120442     
4.3250511082458187   0.0084048973344227071  0.00031015976618598273     
4.5794658793191028   0.021529966532923195  0.00080724479973113226     
4.8338806503923859   0.095192485381831028  0.0035698696190739231     
5.0882954214656699   399.55571501577122  0.015567702327338959     
5.3427101925389531   0.12678170011650643  0.0050982365616477204     
5.5971249636122362   0.033822842567632665  0.001320650247706891     
5.8515397346855202   0.016002006141033851  0.00060901911829623833     
6.1059545057588034   0.0095365898738994536  0.00035018986913650933     
6.3603692768320865   0.0064443044026820644  0.00022784773497237421     
6.6147840479053706   0.0047467125505189405  0.00016104689910040472     
6.8691988189786537   0.0037499685814939743  0.00012334366295579345     
7.1236135900519368   0.0031808984492663715  0.00010306967829405849     
7.3780283611252209   0.0029236569442572277  9.5262496402836355e-05     
7.632443132198504   0.0029460495134831895  9.618283105894516e-05     
7.886857903271788   0.0032782568509648444  0.0001064722066740746     
8.1412726743450712   0.0040138083451750255  0.00012842790440363618     
8.3956874454183552   0.0053541246518873035  0.00017166842580516686     
8.6501022164916375   0.0077087829804711211  0.00025212907266373579     
8.9045169875649215   0.011950288060878245  0.00040442063268302913     
9.1589317586382055   0.020234305322730906  0.00070779507635343249     
9.4133465297114878   0.038830834445536792  0.0013977276530404246     
9.6677613007847718   0.093094633167743197  0.0033896042367564372     
9.9221760718580558   0.38271029509385884  0.013757042473149706     
10.17659084293134   398.22705270310465  0.06187317816295972     
10.431005614004622   0.50269073961003233  0.020786675108653839     
10.685420385077906   0.12575209813779225  0.0049664078200522492     
10.93983515615119   0.056730072214849431  0.0021721873302511943     
11.194249927224472   0.032451513963572376  0.0011958465136858351     
11.448664698297756   0.021119759721303857  0.00074833871835206856     
11.70307946937104   0.015015255467762463  0.00050957855361214244     
11.957494240444323   0.011464234914852302  0.00037602134741985099     
12.211909011517607   0.0094026470933778711  0.00030259192852969341     
12.466323782590891   0.0083563098600161727  0.00026951057684204412     
12.720738553664173   0.0081432936782672394  0.00026280334279661208     
12.975153324737457   0.0087727710784521436  0.00028140787345004475     
13.229568095810741   0.010421024022966573  0.00032839035628115094     
13.483982866884023   0.013523290436319699  0.00042512260312438519     
13.738397637957307   0.018991380404057223  0.00060635200680674897     
13.992812409030591   0.028774846731528952  0.00094778549689490457     
14.247227180103874   0.047680338042549814  0.0016201906053958118     
14.501641951177158   0.089571576551483729  0.0031247685926323309     
14.756056722250442   0.20972917627976216  0.0073696132333642079     
15.010471493323726   0.83381452648959757  0.028576772122639469     
15.264886264397008   396.02649944730842  0.13773850696637673     
15.519301035470292   1.1544677290847628  0.04887388198747773     
15.773715806543576   0.27854271890561585  0.011061415437073737     
16.02813057761686   0.12305353523794214  0.0047106043371410321     
16.282545348690142   0.069253617501111895  0.0025447535964710531     
16.536960119763425   0.044411485707792499  0.0015671653917057674     
16.79137489083671   0.031130356194962432  0.0010503520064796881     
17.045789661909993   0.023429193805231628  0.00076187589853506017     
17.300204432983275   0.018925700451002603  0.00060151366923457007     
17.554619204056561   0.016545006276060137  0.00052520169520138807     
17.809033975129843   0.0158435975121608  0.00050248440195794098     
18.063448746203125   0.016769927366556317  0.00052824566559121597     
18.317863517276411   0.01959263886889023  0.00060467172310901987     
18.572278288349693   0.025050941823811066  0.00076777615195855413     
18.826693059422976   0.03472589752606973  0.0010758438953317795     
19.081107830496261   0.052006842403685416  0.0016566722499202991     
19.335522601569544   0.085237675813582588  0.0027951574793585522     
19.589937372642826   0.15834574061368029  0.0053186236771793704     
19.844352143716112   0.36565670423273485  0.012320611370327599     
20.098766914789394   1.4199016045152629  0.046135515904405041     
20.35318168586268   392.97456417002334  0.24124964759382496     
20.607596456935962   2.1063869757483756  0.090908938738251757     
20.862011228009244   0.49345339094040515  0.019587800235690264     
21.11642599908253   0.21501593188032061  0.0081768818145175731     
21.370840770155812   0.11988842039007318  0.0043645224321107281     
21.625255541229095   0.0762670040505925  0.0026631188216199608     
21.87967031230238   0.053047805239404738  0.0017684295530359245     
22.134085083375663   0.039600282265189197  0.0012691276115448476     
22.388499854448945   0.031694447833027092  0.00098917774346517159     
22.642914625522231   0.0274119820909923  0.00085152849909705091     
22.897329396595513   0.025934639217263212  0.00080357182664575998     
23.151744167668795   0.027106865870583744  0.00083359055769944896     
23.406158938742081   0.031292726760727129  0.00094047967999589866     
23.660573709815363   0.039592901997458727  0.0011763261015527457     
23.914988480888645   0.054399946960939458  0.0016254876953712183     
24.169403251961931   0.080852468254239801  0.0024747363799320284     
24.423818023035214   0.13158375632202704  0.0041360775945464738     
24.678232794108496   0.24265218113045726  0.0077943409930679521     
24.932647565181782   0.5547638648452758  0.017804918992724625     
25.187062336255064   2.1133202383376219  0.064708613223529762     
25.441477107328346   389.09933745956181  0.36982759688596373     
25.695891878401632   3.3798791734505886  0.14810452105747471     
25.950306649474914   0.77042799225364963  0.030387008815718935     
26.204721420548196   0.33208505566391318  0.012464661759843014     
26.459136191621482   0.18399349104110403  0.0065925334885726683     
26.713550962694764   0.11644758614774704  0.0039974086308934027     
26.967965733768047   0.080602126186457214  0.0026379098212081016     
27.222380504841333   0.059850087401389221  0.0018788606178800338     
27.476795275914615   0.047594501841029302  0.0014500723054123494     
27.731210046987897   0.040836176038680869  0.0012341246655489552     
27.985624818061183   0.038270536316266637  0.0011515565249501524     
28.240039589134465   0.039592459110506632  0.0011816112214721309     
28.494454360207747   0.045258415664698712  0.0013169533365347345     
28.748869131281033   0.056775061435522024  0.0016257349809269951     
29.003283902354315   0.077462736155052665  0.0022186162542766634     
29.257698673427601   0.11446308386290601  0.0033440144150641233     
29.512113444500883   0.18531208488292178  0.0055445772064455792     
29.766528215574166   0.33985892512146331  0.01036681051869242     
30.020942986647452   0.77079685340320119  0.023399567704753342     
30.275357757720734   2.8878368033877936  0.082793081838655127     
30.529772528794016   384.43589716584034  0.5203230098084232     
30.784187299867302   4.9929252039850163  0.22125871782426277     
31.038602070940584   1.1080516014272111  0.043159349296782154     
31.293016842013866   0.47315888950540633  0.017412193276885553     
31.547431613087152   0.26090571843228  0.0091385775874503576     
31.801846384160434   0.16453320371249179  0.0055153433938252502     
32.05626115523372   0.11350973956190518  0.0036230254685250613     
32.310675926306999   0.083970528088004424  0.0025658185391132229     
32.565090697380285   0.066454607725702061  0.0019645249852111079     
32.819505468453571   0.056655497894301082  0.0016557850126586311     
33.073920239526849   0.05267508255978481  0.0015298691839979172     
33.328335010600135   0.054012218263327692  0.0015549340088445504     
33.582749781673421   0.061207384312402612  0.0017142349949119679     
33.8371645527467   0.076204843879893076  0.0020906868374077108     
34.091579323819985   0.10334276536813956  0.0028192195133331144     
34.345994094893271   0.15196323786307638  0.0042084861841486084     
34.60040886596655   0.24497899807872862  0.0069265816487802284     
34.854823637039836   0.447288790237613  0.012861840863118047     
35.109238408113121   1.0075428353900459  0.028718582760903896     
35.3636531791864   3.7190156261192466  0.099144973090457906     
35.618067950259686   379.02558188718778  0.68912964111392016     
35.872482721332972   6.9595200903533986  0.31069085995845389     
36.12689749240625   1.5035587168688943  0.057472972566019981     
36.381312263479536   0.6365953471863902  0.02281001437247997     
36.635727034552822   0.34968112739869257  0.011889599873651172     
36.890141805626101   0.21993494210882294  0.0071492176323460324     
37.144556576699387   0.15137687987825475  0.0046799768911491687     
37.398971347772672   0.11167815473807496  0.0032996522617783192     
37.653386118845951   0.088050592814608371  0.0025096660089325057     
37.907800889919237   0.074670370319636403  0.0020973430768614608     
38.162215660992523   0.068945673192881533  0.0019207719999680786     
38.416630432065801   0.070133410957059339  0.0019355930447886948     
38.671045203139087   0.078845149303009987  0.0021125407157419311     
38.925459974212373   0.097482046719061756  0.0025469461285966972     
39.179874745285652   0.13146441066026949  0.0033939142629232751     
39.434289516358938   0.19247684889755464  0.0050171922593279054     
39.688704287432223   0.30914716780349882  0.0081975466740048476     
39.943119058505502   0.56229797217018559  0.015125514378856761     
40.197533829578788   1.2589902932268213  0.033430718478689049     
40.451948600652074   4.5845093479178733  0.11280103265060674     
40.706363371725359   372.91515801504298  0.87231113236893247     
40.960778142798638   9.2892282612395721  0.4161953232626948     
41.215192913871924   1.9528956819413667  0.072782429670007183     
41.46960768494521   0.8202649169526156  0.02841240800966617     
41.724022456018488   0.44912640297303135  0.014716297469559416     
41.978437227091774   0.28191433430378673  0.0088222474361775473     
42.23285199816506   0.19371193791227839  0.0057594049389190393     
42.487266769238339   0.14262237486569945  0.0040465583836499321     
42.741681540311625   0.11211124034030537  0.0030606135373562167     
42.99609631138491   0.094648459281531755  0.0025386578714227634     
43.250511082458189   0.086857825108756373  0.0023062917613665459     
43.504925853531475   0.087710249897706857  0.0023059767015055616     
43.759340624604761   0.09787190894115646  0.0024931685820644112     
44.013755395678039   0.12020866617384972  0.0029725482617750761     
44.268170166751325   0.16126275121394591  0.0039135720275693182     
44.522584937824611   0.23515049569187345  0.005726735597539057     
44.77699970889789   0.3764241036540195  0.0092865787666309206     
45.031414479971176   0.68234464861804968  0.017031350029767897     
45.285829251044461   1.5194635839255525  0.037271977703875239     
45.54024402211774   5.4642588038962272  0.12308543153731998     
45.794658793191026   366.15590898775179  1.0657351527363746     
46.049073564264312   11.986847981480792  0.53701643352842931     
46.30348833533759   2.4508364394933225  0.088456272655049693     
46.557903106410876   1.0216238848127183  0.033951984675326838     
46.812317877484162   0.55784054229474629  0.017481161051621636     
47.066732648557441   0.34960862939446948  0.010453304135959909     
47.321147419630726   0.23994161627003516  0.0068093488441981144     
47.575562190704012   0.17639622524916863  0.0047712127247080139     
47.829976961777291   0.13832585141673645  0.0035918168118863478     
48.084391732850577   0.11633043783552923  0.0029596552961235003     
48.338806503923863   0.10617017105837394  0.0026691379331324441     
48.593221274997141   0.10648902459635823  0.0026497122827314118     
48.847636046070427   0.11798876545750983  0.0028393890856871541     
49.102050817143713   0.14399742341064363  0.0033487667568903563     
49.356465588216992   0.19219617428627055  0.0043545357163778768     
49.610880359290277   0.27917304669098453  0.0063030604106530755     
49.865295130363563   0.4454943812903175  0.010139270098404162     
50.119709901436842   0.80504552228602437  0.018485019278315565     
50.374124672510128   1.7837288714904278  0.040052689998047413     
50.628539443583414   6.3406057706245551  0.12960329983572086     
50.882954214656692   358.80267702183027  1.2652087317298738     
