8.43431519166279e-06   0.000205159442300623   63.5219257230759   0.0500113004993381
0.0500210518080548   0.000145639275233275   103.518534053576   0.0500068350854424
0.0999618048138733   3.59493331067921e-05   98.5167802586069   0.0500144498186056
0.149947943818459   9.67071402658512e-05   71.8611454412241   0.0500247021909452
0.20003158356015   0.000290479267166935   48.7122508799   0.0500057637808041
0.250009634157349   0.000278197101136726   87.9500703259272   0.0500324398136697
0.300009389525059   0.00026402099791403   100.45848141597   0.0500005563694819
0.350003837631747   0.000162130687700836   120.812677751374   0.0500385034003592
0.400010010206126   0.00014903071661083   101.620847334103   0.0500117178373942
0.449967780445625   0.000222682569243426   93.3094036360794   0.0500380490692086
0.499948343264029   0.000192027013816918   171.045973936045   0.0500443426301782
-0.449968273781202   6.59131016150274e-05   90.0208764995925   0.0500194333585153
-0.400041073512143   8.823400250509e-05   68.2072942745744   0.0500087240414932
-0.350027020871863   9.62633425982328e-05   46.7780173860605   0.0500248694932972
-0.299988313794214   6.06222783434796e-05   147.610966449251   0.0500043460712946
-0.249988439111902   -6.68776674645165e-05   117.220168851966   0.0500608154278209
-0.200036557688393   -7.60321222114668e-05   70.9436638379813   0.0500432847335132
-0.150055734191789   4.78434421535326e-05   58.473357472583   0.0500072442249845
-0.100035076119705   9.06688042237212e-05   120.162898716539   0.0500845843995469
-0.0500295916950672   4.39664750926381e-05   48.8300109930835   0.0500865625250771
0.0250535867333248   0.0502044848055819   31.7304842394616   0.0500003345092555
0.0750462431988974   0.0501334314107495   66.8707070127003   0.0500265133890551
0.125021925488009   0.0500728615202632   70.199091057018   0.0500300238284633
0.174986181184267   0.0501801284596519   70.8522300010871   0.0500222302399281
0.224957841046207   0.0502985585661586   109.463032882636   0.0500120902593323
0.274922179798208   0.0502723103189554   110.452453163731   0.0500047738151095
0.324932687232518   0.0502052421962711   81.4723181467469   0.0500745453363559
0.374903539754159   0.0501468167177837   110.627613405123   0.0500102374436934
0.424864870521047   0.0502191382859505   84.6738634407761   0.0500123152435076
0.474879339568253   0.050142761150205   153.259838707657   0.0500345615548573
-0.475013884226327   0.0500157301328956   155.563833471514   0.050003731582143
-0.424954549435131   0.0501380836791599   39.6797427879631   0.0500098413451159
-0.374948102748578   0.0501417704136224   72.6117083002357   0.0500208876901808
-0.324944491213899   0.0500785186380314   58.86585039727   0.0500041758411544
-0.274959070352948   0.049979005084866   63.6933972012115   0.0500238853261098
-0.224983649175748   0.0499577105231124   80.4534508615372   0.0500915754779329
-0.175028637230176   0.0500146358396362   70.8161363215132   0.0500128074578347
-0.125039267758722   0.0500475517937714   33.0393561876409   0.0500687553848003
-0.0750322552130421   0.0500293218272566   94.9184096605405   0.0500398260458206
-0.0249490649454697   0.0500934043238421   46.0216054757142   0.0500319915086358
0.0500966923936482   0.100146624813892   81.8328938220164   0.0501197118650421
0.100053767248195   0.100156150527811   82.2868365305376   0.0500288466642601
0.149963649388788   0.100140656996476   109.401675949555   0.0500166182521534
0.199978561972232   0.100281167538622   80.8728055491772   0.0500553431032867
0.249911906479993   0.100306921530094   95.3856483355453   0.0500383306630022
0.299913884268837   0.10026991476692   104.085480659923   0.0500167530232462
0.349921538105119   0.100139528273122   111.747741773155   0.0500296849293204
0.399901078318315   0.100171070907832   44.8346460166128   0.0500456295310343
0.449902752737256   0.100223051824606   96.7175806275946   0.0500074025169217
0.499887707859377   0.10003165676404   121.976390362806   0.0500085921733263
0.549916511463831   0.0999515427277313   21.298401385182   0.0500039686152249
-0.399978629241225   0.100088603177629   2.51180484310644   0.0500072479830479
-0.349884543065513   0.100071620666399   103.308348352044   0.050011346357212
-0.299879241275888   0.100028274756237   123.658769463494   0.0500240980864722
-0.24989208422504   0.0999588981712998   96.7059691314582   0.0500748880426689
-0.199927938823932   0.0999867616423574   70.5520784251832   0.0501381100580851
-0.149919356300757   0.0999919425313447   48.1474962250629   0.0500017456120543
-0.0999280165636866   0.100070423314284   71.8657434085435   0.0500313833694661
-0.0499525031767998   0.100045639571737   60.1234330973291   0.0500199320259979
9.2249078693272e-05   0.100070735607271   38.7059222151612   0.0500498467893231
0.075004176374973   0.150179758327783   90.3956049651309   0.050090113349701
0.124955967074091   0.150200370123066   130.630989103085   0.0500773885713602
0.174958044157625   0.150234441748951   79.7895316928021   0.0500599587192856
0.224872176968637   0.150317194204611   101.503430319756   0.0500471109525361
0.274883028785861   0.150307185252921   123.078693267005   0.0500018596483041
0.324921579188663   0.150133490391792   153.335933821005   0.0500019807670687
0.375004293217694   0.150106267847266   23.5938498917735   0.0500214175226404
0.42498527825506   0.150261905871815   65.0919768438974   0.0500306089319209
0.474969277473089   0.150169480211728   109.799620083001   0.0500410681529377
0.524963278908199   0.149962397592458   90.1358150390066   0.0500019546862774
0.574913188310014   0.149988787541712   77.7649340958946   0.050003342734048
-0.375043668622231   0.149944748212586   146.189131706335   0.0500056156629183
-0.324908515748946   0.150002522504353   155.612699652019   0.0500254696413071
-0.274934157978528   0.150020477015651   106.92940103184   0.0500436381574135
-0.224919829213995   0.149980872760187   103.096439322198   0.0500356169680668
-0.174888788433236   0.149952575394051   20.6188802458597   0.0500217990948915
-0.124862963165077   0.150032389013473   57.1573330177597   0.0500076885126744
-0.074882361756078   0.150043866998802   98.5689618444607   0.050006473658823
-0.0249187958564193   0.150083109000147   90.3295877752387   0.0500219810295658
0.0250225341130318   0.150142547103068   93.656258236269   0.0500041113147603
0.099906901885746   0.200247291512727   111.680938389616   0.0500326980729929
0.149955726179795   0.200184296381842   96.297004061341   0.0500581434275638
0.19992492621554   0.200382596315997   87.4606394488376   0.0500074820028771
0.249851243962398   0.200276427441872   84.5736253811217   0.050004890702928
0.299892744702351   0.200198679477047   153.77374875414   0.050006506832009
0.349924117121536   0.199981781475324   95.6504888147785   0.0500911617631634
0.399955145753804   0.200171496919828   36.3456903895341   0.0500196111640581
0.450035882323723   0.200259541160977   108.785275637937   0.0500023368243426
0.500005290795323   0.200095081656077   88.8877257434353   0.0500185062284777
0.54994571574685   0.19998812269333   103.322247427036   0.0500274902801799
-0.400063311928722   0.199967201767069   48.3847166205228   0.0500428347728925
-0.350079567762416   0.199957819132141   85.7695557162519   0.0500185544391216
-0.3000320756177   0.200023627439961   40.3275150228888   0.0500368153819668
-0.249946525308838   0.199970832446697   136.577751884199   0.0500122163918161
-0.199939704791847   0.19997927978736   121.329192931947   0.0500209821499113
-0.149963508291173   0.199990911377898   94.826955664503   0.0500509980453355
-0.0999567347826142   0.200048149322131   122.707472535008   0.050003466679468
-0.0499619559800335   0.200112132061452   106.372250095684   0.0500302648794233
-3.5625637982571e-05   0.200205389238493   103.086478140411   0.0500203180752766
0.0499269228983509   0.200180441803349   110.208730096756   0.050076916913451
0.124891282404151   0.250161713794632   82.7743405047569   0.0500011378418331
0.174838494907908   0.250292844970532   90.1361705594588   0.0500161876680307
0.224865146248254   0.250341955153744   148.116709914911   0.0500003227449648
0.274932385162459   0.25021215145589   150.170978801928   0.0500170487614459
0.324950284828513   0.25007346590394   125.280796919448   0.0500315119987846
0.374940903443943   0.250016928294339   52.3278343124223   0.0500557484506981
0.424977293654128   0.250165429078829   33.450936429495   0.0500125292317339
0.475024439057305   0.250174895435916   106.799063075609   0.0500228690749337
0.52500390409046   0.250077251694448   116.332663885517   0.0500016304104269
0.575018939040812   0.249960846935469   109.790157199694   0.0500055188144916
-0.374988464882599   0.24997298765692   84.3930446451122   0.0500053840940968
-0.324981119594641   0.249975987222264   66.987329248338   0.0500092524985169
-0.274982740926639   0.250039433471289   72.2709645924262   0.050053569459299
-0.225027174125005   0.249955811737371   93.2056302432971   0.0500415817158399
-0.175034392009026   0.250026789392316   76.3090364878962   0.0501012433180612
-0.125057822268355   0.250038950851423   80.0160989602252   0.0500238221148531
-0.0750645462680962   0.25008562677054   83.0672184093417   0.0500104669257147
-0.0251195244824366   0.250276240833125   102.73264396158   0.0500001160294549
0.0248402616585455   0.25022133610489   90.9686727799471   0.0500024026755018
0.0748576236698495   0.250214434054807   71.8676285467826   0.0500230839452297
0.149838644095641   0.30027657750501   73.7351757530512   0.0500012400709672
0.199826000349003   0.300301789461935   101.561765854405   0.0500080380036646
0.249863117088846   0.300218165541739   147.81960677236   0.0500078922155068
0.299932047401767   0.30006275377375   122.679590009093   0.0500600287154609
0.349970702574432   0.299999213765548   74.2984173080583   0.0500031075237633
0.399957409450466   0.300045613688838   64.8020717569581   0.0500737642216715
0.449953639294215   0.300193505684154   99.78085409425   0.0500144503286037
0.499953171464195   0.300070889857547   129.556474515675   0.0500131748663478
0.550003329432023   0.300034673990315   109.495871227349   0.050092509187214
0.599955697626154   0.299924630996339   93.4310711726772   0.050017554520396
-0.349990099754707   0.299949674187909   150.194463187339   0.0500028513715861
-0.299975974021178   0.300007719137931   120.632188178817   0.0500430265443988
-0.250018593139708   0.300011355957782   108.370496094761   0.0500256777313334
-0.200010287160697   0.300020597903223   75.9740062033004   0.0500079504981338
-0.15005480529604   0.300127000358345   106.65397094096   0.0500070413190063
-0.100120318823591   0.300122599939666   85.6101874505917   0.050052862949861
-0.0501353933884419   0.300185292734391   70.7674626040203   0.0500012251352982
-0.00014456165236308   0.30020739943136   103.903298156299   0.0500336628440094
0.0498427290263313   0.300224302317068   113.6201070632   0.0501361135066775
0.0998480250760961   0.300217522737601   131.463131037906   0.0500067666810237
0.174805597403424   0.350337277606218   98.7356656068845   0.0500232183765835
0.224786403319997   0.350249035869024   117.589630753329   0.0500093602455141
0.274828929970997   0.350074273671368   124.879993486219   0.050011658079234
0.324899759223177   0.349934688382642   141.721080721751   0.050030454892973
0.374919958058051   0.350068539248379   86.8573773300964   0.0500173009967892
0.424874393111552   0.350136388091369   87.1237026384707   0.0500378681043809
0.474901698688312   0.350139260625058   118.16698873609   0.0500262218246535
0.524871141879605   0.350059936741206   104.716783304629   0.0500206225778083
0.574884733939294   0.349984515640628   129.665345315272   0.050037899868501
0.624872021604307   0.349941091740658   125.49413518071   0.0500140178242916
-0.325077384877479   0.349950142203972   157.23193350517   0.0500629458322458
-0.275074703490449   0.350035928845301   96.2964741584431   0.0500049189922614
-0.225097913413572   0.350020828939939   106.910775710685   0.0500872901943963
-0.17509277370014   0.350148820951954   85.712560373724   0.050003475232242
-0.125197328081545   0.350187637678108   110.23432107807   0.0500058600066266
-0.0751983326919181   0.350190349182812   104.91670505306   0.0500184534942548
-0.0251524820095671   0.350218985485378   84.920837609282   0.0500115767572991
0.0247992517952413   0.350236663317731   120.187748511243   0.0500495179566234
0.0748149054881329   0.350163024576199   100.35460667158   0.0500140833462102
0.124834837614027   0.350226872963811   55.5123593633785   0.050025692410798
0.199798584027676   0.40035347229959   114.802173802858   0.050007621737994
0.249874051108317   0.400117917044047   130.992039147792   0.0500011720857274
0.29986236739298   0.399940917988145   108.055554648412   0.0500151690172168
0.349858469518167   0.399973185632152   45.7304877256702   0.0500081874224341
0.3998621013062   0.40014506791539   74.5901042668841   0.0500940302121369
0.449876330670143   0.400082090883228   58.1617532103387   0.0500727665959029
0.499903032633824   0.400124875166996   70.4973741562721   0.0500105526726164
0.549884693081266   0.400082556306199   106.644908710817   0.0500161402221867
0.599888328924118   0.400000926500763   68.9124733504907   0.0500142459456548
0.649876297381023   0.399914947419097   74.3662707071087   0.0500802570932733
-0.300161307588936   0.400021812379643   76.465405599341   0.0500047469873204
-0.250158674126544   0.400014707896694   122.634069369862   0.0500425219840465
-0.200165639537443   0.400087363259748   74.0939958892866   0.050001528613692
-0.15019081919436   0.400191084079634   61.2404513942984   0.0500399997562966
-0.100178025807856   0.400218842486337   100.295731862005   0.0500271130755241
-0.0501705468250206   0.400203099027021   79.7519229151851   0.0501501676128889
-0.000210854023424284   0.400269421526303   99.3488305219495   0.0500015626577436
0.0498075948742576   0.400229791693388   78.0364143392359   0.0500358516586147
0.0998059674677626   0.400197905428649   87.1410345678484   0.05007763082674
0.1497589597661   0.400324130806035   81.9554287664262   0.0500092518988674
0.224811583810045   0.450137485079852   120.456436021376   0.050009993675332
0.274785300827404   0.449946943482953   123.378379374141   0.0500092795454579
0.324755843241655   0.4499671484959   94.6234401130297   0.0500492574987471
0.374862409742147   0.450049760609107   50.7888946207798   0.0500067914460397
0.424916188207252   0.450094355367003   116.778750257023   0.0500238515178965
0.47486045308765   0.450129220524539   80.6305203840138   0.0500375217133724
0.524824779774917   0.450139562840525   133.598629668776   0.0501196736482058
0.574852344460412   0.450024308767556   140.176703334234   0.0500354870358168
0.624867694387425   0.449966314568834   106.166236655065   0.0500182714033246
0.674850842131965   0.449988763399258   86.8571458067879   0.0500315173597192
0.724805553619789   0.450062690211238   119.616438269735   0.0501120841347584
-0.225221985220946   0.450057733732824   79.1417607992889   0.0500090652362117
-0.175224172858694   0.450129552167219   99.5903810251765   0.0500417498740936
-0.125262348585737   0.450218255971694   107.203920574294   0.0500490780235073
-0.0753040649594697   0.450195279958988   101.412393925565   0.0500613329791417
-0.0252546049279644   0.450252351949771   20.2801835960484   0.0500040226263641
0.0247910692414228   0.45020291970001   91.3256731253698   0.0500065638199815
0.0748152765688307   0.450318406566802   111.823318961227   0.0500096921566682
0.124795373561337   0.450332940671287   60.7368911416041   0.0500136848986379
0.174751283128514   0.450330039168524   95.925244218339   0.0500151805816218
-0.249699422872113   -0.499962968619856   132.6880887701   0.0500586411979511
0.299766598746842   0.49991300241647   78.9307500728323   0.0500022670818644
0.349829687302389   0.499974716885596   92.7369722220945   0.0500055301945356
-0.0996951375707543   -0.499925226365486   107.011089716744   0.050004848420164
-0.0496671716338881   -0.499871312338326   87.2080536443478   0.0500218244468022
0.000302409015520851   -0.499866975134957   119.369754203109   0.0500060802291367
0.0502894575895997   -0.499895486499915   116.968783553605   0.0500112133203354
0.599800158413112   0.499977777464288   102.287447835778   0.0500028820732392
0.649786208678474   0.499999215676044   86.5581136498207   0.0500670315741874
0.200237505800224   -0.499956804212896   112.320100609533   0.0500182680295743
0.25018569882331   -0.499957458612644   114.893312816396   0.0500015166674092
-0.699853688133449   -0.499883146130175   98.8396284990935   0.0500700046810562
-0.649852882661836   -0.499810203727422   103.014150724275   0.0500025765129157
-0.599879071829754   -0.499796586218186   114.266179779105   0.0500415629230652
-0.549800736807065   -0.499845743914789   110.679264570098   0.0500708744236494
-0.499757211584065   -0.499722271815614   113.424806777145   0.0500317508010656
-0.449809012878835   -0.499695786837129   108.399259019348   0.0500269196318168
-0.39976104716419   -0.499687335996686   104.40302244112   0.0500037239067705
-0.349706868795442   -0.499681005711118   153.603831749399   0.0500067588204125
-0.299671104397335   -0.499785266060621   118.911436766242   0.0500382943644031
-0.224774179320002   -0.449984833693709   122.480246006131   0.0500177949312459
-0.174752588621636   -0.449992913026487   91.2107315526192   0.0500477530090224
-0.124758660374039   -0.449922790958343   72.7899344017348   0.0500166327719052
-0.0747697976072349   -0.449902303078864   91.6179814300656   0.0500169327257474
-0.0247942929508563   -0.44984376490646   131.233426025422   0.0500173036032819
0.0252275868818132   -0.449924872901784   118.005736345086   0.0500095344179746
0.0752482521905507   -0.44997849209532   126.860057312585   0.0500169224768147
0.12520227599933   -0.450018663338725   116.426345376062   0.0500828208263162
0.175157203830315   -0.449981296254597   126.042604936962   0.050069943327232
0.225091089773156   -0.449893108108014   104.47564786421   0.0500628277244848
0.275056049759936   -0.449868023978773   111.876461746141   0.050053506780615
-0.674944885152274   -0.449828152476518   126.950164368085   0.0500219205364695
-0.624884732465336   -0.449804477038893   150.698936288343   0.0500060101905432
-0.574873429115524   -0.449797760004428   96.2516933594858   0.0500129240828681
-0.524910167066538   -0.449791496556377   110.412295159958   0.0500238484175031
-0.474903458559976   -0.449745472274669   125.485889780547   0.0500337966719918
-0.424835590816159   -0.449725009014295   151.728401942121   0.0500380707879826
-0.374788836890496   -0.449734310366345   161.268272919656   0.0500046890446347
-0.324783270387717   -0.449797277363129   147.705344028451   0.0500111005544104
-0.274731879395015   -0.449830653777752   114.050774907166   0.0500417531906123
-0.199751140875783   -0.399986986834076   105.673722005065   0.0500954114491143
-0.149798542907731   -0.399913187609363   103.844054153226   0.0500235757506607
-0.0998115544560813   -0.399859459297166   112.252787166431   0.0500030212090736
-0.0498106248670393   -0.399826813970136   90.0949768984471   0.0500161401816789
0.000181873220776759   -0.399820115104175   121.960573324087   0.0500318433011485
0.0502117359388851   -0.399974355426857   96.2434204090967   0.0500004545350978
0.100157461705025   -0.399989915381514   118.47324244862   0.0500037643250699
0.150090111219013   -0.399970219648631   88.9392022854036   0.0500125950508544
0.200047174676667   -0.399914121286696   68.5814711621105   0.0500169398092181
0.249946009094045   -0.399901591263778   130.217179895128   0.0500011589995324
0.299975206791956   -0.399832196408339   126.773923816619   0.0500273745853824
-0.650030719134105   -0.399854751093187   123.941382851738   0.0500364241457341
-0.599970312907171   -0.399835358970633   131.144305654024   0.0500025745344502
-0.549941106721276   -0.399738938036125   98.116767843061   0.0500128297970801
-0.500018994173664   -0.399799459952873   108.672818560378   0.050020346905121
-0.449995998285793   -0.3998319405111   140.504290483137   0.0500515792670161
-0.399932264447419   -0.399813451770453   161.162314430831   0.0500186306300714
-0.349880139343563   -0.399845380163271   146.21462725563   0.0500045998478599
-0.299866808662986   -0.399848884892056   97.0282050913475   0.0500153105906815
-0.249797951175842   -0.399877715159345   140.042995102912   0.0500180828912948
-0.174846811777953   -0.349987401048447   86.5439188715953   0.0500309841406523
-0.124926972500122   -0.349824750174074   99.4054805932064   0.0500377160450532
-0.0749374334311565   -0.349852130797712   118.627540395987   0.0500014968056148
-0.0248948795750548   -0.349852955695679   139.589977969911   0.0500068886917847
0.0251369778706105   -0.349868609594206   120.001689269498   0.0500384692698457
0.0751474672007669   -0.349909834275573   110.784314666714   0.0500989636801505
0.125069585913704   -0.349912988263885   97.9939590004182   0.0500364806601741
0.17502357180122   -0.34988851330007   82.1880325320367   0.0500027082154922
0.224965285244622   -0.349900732853829   88.6933407467898   0.0500125167038646
0.274938061851282   -0.349841993257874   79.0680956294204   0.0500185276772235
0.324861905291273   -0.349901003426923   107.423909605886   0.0500441605190775
-0.62507570719934   -0.349874031418973   115.201270704297   0.0500058518665632
-0.575125237022815   -0.349827807145929   120.150765471903   0.0500945099883256
-0.525070526596046   -0.349722124916089   131.836880519914   0.0500032515479165
-0.47502097876074   -0.349836828069661   132.071990158307   0.0500025990035277
-0.425066168591471   -0.349878451692348   63.8021057152204   0.0500256169511126
-0.374997886725622   -0.349917880234061   131.365775362581   0.0500028877413436
-0.324884901880019   -0.349954879455931   14.3794022479451   0.0500148968237658
-0.274855129447471   -0.349878208985235   84.3441010292194   0.0500427616422122
-0.224877476058492   -0.349958973981847   118.013803424412   0.0500253998567476
-0.149992828300236   -0.299850059015964   96.3174753155961   0.0500214371418665
-0.0999897258302057   -0.299845884588807   105.251713493897   0.0500144227209633
-0.0499036334784693   -0.299893046596059   19.8607982664806   0.0500335548628024
0.000125099630303484   -0.299895275965015   91.2491905788984   0.0500255785325887
0.0500246253363894   -0.29982213950339   120.520909697215   0.0500038072578839
0.100020102013974   -0.2998868198329   95.4173968408607   0.0500486311066204
0.149975871790007   -0.299862017156334   97.0131002277151   0.050019640347854
0.199950228224061   -0.299853315473249   98.7123399367963   0.0500058939936214
0.249959703094081   -0.299843362403256   85.1327150458573   0.0500328248967747
0.299919016721108   -0.29977370094388   112.53809538533   0.050003881509922
0.349873346836567   -0.299796599013588   79.6066490782093   0.05003116346583
-0.600152780916121   -0.299788478077596   68.3203010339115   0.0500524762801897
-0.550152265159214   -0.299789030708615   77.5029402432691   0.0500010246462991
-0.500104794905219   -0.299844842216053   138.108099976123   0.0500154069891313
-0.450083649683799   -0.299907667090304   81.1511069385744   0.0500720320600476
-0.399996769069537   -0.299897301763253   166.008383878359   0.0500059127511153
-0.349958659808814   -0.300008934777927   113.986751702109   0.0500450009222874
-0.299985612323662   -0.299910573524714   75.1973587021789   0.0500134972778678
-0.249964974094268   -0.29990994431455   142.04260005801   0.0500424448885054
-0.199910715547506   -0.299980116845866   116.554674058272   0.0500385180931625
-0.124963801957665   -0.249861899773812   76.4435957170039   0.0500160373443214
-0.0750124092370601   -0.249897419538454   116.81759941519   0.050013508164714
-0.0250171193299902   -0.249881319130878   105.757673924769   0.0500103111279634
0.0250078776606715   -0.249782195294902   116.244646178969   0.0500524837376907
0.0749970076840251   -0.249847360734049   114.406505330212   0.050002666977323
0.124989696183382   -0.249829601884602   108.249660610953   0.0500516155258858
0.174970062769495   -0.249781442396151   84.3420579020562   0.0500286362840802
0.224950543792897   -0.249809413892258   94.0931814885433   0.050037620612342
0.27493669188704   -0.249765571669392   103.919739674726   0.0500144190072579
0.324909696017327   -0.249767490042575   91.9329946641346   0.0500120389906321
0.374859796503058   -0.249749940509408   73.3368696537101   0.0500094341637126
-0.575066212273931   -0.249751882930331   51.5001151271178   0.05006450327243
-0.525072719138596   -0.249783683907074   87.1819945119232   0.0500069069073005
-0.475085968463304   -0.249925885433901   115.669101430475   0.0500264414454651
-0.425062138670891   -0.249947954987264   138.136196217102   0.0500186855098147
-0.375038759043418   -0.250004562850316   114.592180328248   0.0500418085086138
-0.325040709423026   -0.249966555070126   90.3628680721897   0.0500082709037967
-0.275045092787647   -0.24985725284357   123.011557288003   0.0500694420019031
-0.225015748852867   -0.250043003054238   68.2295492343245   0.0500257418444451
-0.175006381443579   -0.249890159911182   34.436195376104   0.0500057079581898
-0.100059464932154   -0.199931365321652   151.214804294481   0.0500023409771395
-0.0500286471033228   -0.199903682871552   78.2218524702484   0.0500734142172314
-4.10458568670613e-05   -0.199840080930486   74.6954120914854   0.0500390330354537
0.0499376570896408   -0.199841551119608   119.824887846874   0.0500037165842388
0.0999652228975649   -0.199920321639631   134.040178750653   0.0500018050213445
0.149988131090379   -0.199863524325666   79.5642232718395   0.0500013716569362
0.200020634557261   -0.1997744036612   82.3006692229217   0.0500217280637317
0.249960207992064   -0.199708220806886   77.8863337143898   0.0500845800939687
0.299915686275425   -0.199725969794807   68.6253605269782   0.0500381561509477
0.349980481759632   -0.199753714910856   76.1950849433057   0.0500047605450426
0.399994351529382   -0.199818828660414   57.6798332375162   0.0500104101757587
-0.549985585032161   -0.199753237229801   59.3576514361495   0.0500068111636872
-0.499979778015215   -0.199812762777637   107.040920671371   0.0500277707987932
-0.44999486049879   -0.199935239372581   67.8507640337109   0.0500101344599255
-0.400039101259716   -0.199971971953021   92.989062062266   0.0500749247069483
-0.350096021738959   -0.199993113232189   139.07468848407   0.0501422525741832
-0.300016771959892   -0.199893903335166   41.9370386591096   0.0500183507044304
-0.249998412213317   -0.20002233564078   115.477262204666   0.0500041437709065
-0.200038665458079   -0.199990515486943   68.5968081637581   0.0500533183981213
-0.150045121115472   -0.199881869160217   113.927038230828   0.0500271951571196
-0.0749877203125368   -0.149948073161323   52.7887620568425   0.05001443676258
-0.0250271256987499   -0.149865229486173   100.620339446968   0.0500367020868201
0.0249366407436135   -0.149780197743087   113.81734505499   0.0500184870290904
0.0749531427770845   -0.149961819232354   23.6691709159481   0.0500246607985418
0.125001381417167   -0.149915656455485   23.2582824477193   0.0500159543402491
0.175021921725607   -0.149801683512023   85.4167289351827   0.0500129439597755
0.224982779243304   -0.149737493285967   86.7349729918236   0.0500110750156506
0.274989015538283   -0.149682234772484   105.752601485214   0.0500010797263041
0.324995484188983   -0.149720018845687   101.990295880316   0.0500068985698143
0.375010920651512   -0.149826095121725   113.159091301083   0.0501362513001472
0.425070281233076   -0.149830250356948   22.3574451784399   0.0500294418333382
-0.524925456061082   -0.149800022770928   96.7117448959641   0.0500325656298562
-0.474920585950435   -0.149850224972945   101.302589024642   0.050012929964302
-0.424968090691414   -0.149921745503044   78.3738830942052   0.0500754661203295
-0.375016353841674   -0.149954532835451   83.3945945429775   0.0500981596201404
-0.325034408972948   -0.150053943418876   57.9071087114437   0.0500465497374303
-0.275038541094184   -0.149980443305687   141.150785011   0.0500102759181812
-0.225019583085011   -0.150074638099969   79.0640867719746   0.050017134537012
-0.174989594374783   -0.149938284517276   54.0724361682018   0.0500202051117707
-0.124993774145774   -0.149882243683038   81.1092711421231   0.0500111980992661
-0.0500102044614843   -0.0998940798469441   83.7965221081456   0.0500010336091864
-4.17543381620998e-05   -0.0998816195971872   57.5258579299988   0.0500694226671468
0.049966483145552   -0.0999340460291199   110.815881735196   0.0500125166757041
0.0999479171789276   -0.0999833003976578   101.999871605832   0.0500017237144036
0.149964682602344   -0.0998663569403623   62.2807332853965   0.0500465097674179
0.199979952420706   -0.0997456553569654   57.3495595302153   0.0500061169506099
0.249980519172035   -0.0996881292899266   62.3892389220863   0.0500429473540189
0.299959715620088   -0.0996960127030618   82.4653186285336   0.0500455125949418
0.349998623590597   -0.0997415295834273   122.902422236764   0.0500748695449941
0.400007619454312   -0.0999108929805797   94.7883968518871   0.0500282026525402
0.449958357103694   -0.0997738081809435   78.6188333293081   0.0500010664797601
-0.499998728884359   -0.0998036840948683   122.657030871205   0.0500045083279404
-0.449987065196665   -0.0998648404303022   95.7042744386647   0.0500103183843685
-0.400037922104258   -0.099902370668341   99.4732850021367   0.0500024937247713
-0.350015988100721   -0.0999752681518282   101.874299099623   0.050010715733085
-0.300093114690136   -0.0999621142678623   94.7471677879022   0.0500035992407089
-0.250074393404362   -0.100063318072201   128.728113289861   0.0500467414719167
-0.200014653407922   -0.100055426892442   3.83398896897673   0.0501390471063218
-0.149973124238975   -0.0999242500900152   80.91361132895   0.0500041689664088
-0.100002820396125   -0.0998800374301242   108.484729255562   0.0500536499812813
-0.0249806303789153   -0.0498426830209109   110.125755748217   0.0500027259194496
0.0250123090079405   -0.0498086241167885   101.566226283964   0.0500036949156443
0.0749989279842932   -0.0499877213551175   93.6265077229054   0.0500114297028351
0.124979687873554   -0.0499810774500227   62.5460222739137   0.0500087540805565
0.175018307008505   -0.0498314103487647   42.1568817191811   0.050011725307187
0.224994021222624   -0.0497089245428788   78.1038440204862   0.0500115363481381
0.275000607338492   -0.0496720802692231   99.931022347567   0.0500531317950903
0.324997602298332   -0.0497116352323107   104.273209733127   0.0500418485803465
0.375005705561829   -0.0498925010312562   101.961410232364   0.0500296132659892
0.424965523390345   -0.0498801221391973   59.949588687203   0.0500107623643659
0.474960594286179   -0.0497417411108547   106.863042387364   0.0500164839069628
-0.475043126295849   -0.0498280011443568   88.1834915566307   0.0500209902363895
-0.425011220367735   -0.0499160284287273   175.569590461845   0.050019757212893
-0.374992982250432   -0.0499088157122674   96.4144551187339   0.050030738659767
-0.32500048038798   -0.0499000992339531   83.2794847689395   0.0500065695479876
-0.274966309526218   -0.0500253162110855   167.120378261499   0.0500058025646697
-0.224999292584699   -0.0500987108871825   93.3134408947195   0.0500496949664346
-0.175011381158398   -0.0500080790987611   70.1913860860592   0.0500128879389031
-0.124981129599085   -0.0498715988315271   110.343180239027   0.0500271451851692
-0.075016426453737   -0.0499484664152463   92.1783968719705   0.0500058666505721
