1.4165140000000001   0   0   
1.4165420000000002   0   0   
1.4165700000000001   0   0   
1.416598   4e-06   4e-06   
1.4166260000000002   4e-06   4e-06   
1.4166540000000001   0   0   
1.416682   8e-06   8e-06   
1.4167100000000001   0   0   
1.4167380000000001   4e-06   4e-06   
1.4167660000000002   4e-06   4e-06   
1.4167940000000001   1.2e-05   8.5374989832437982e-06   
1.416822   4e-06   4e-06   
1.4168500000000002   4e-06   4e-06   
1.4168780000000001   8e-06   5.3333333333333333e-06   
1.416906   1.2e-05   8.5374989832437982e-06   
1.4169340000000001   1.2e-05   8.5374989832437982e-06   
1.4169620000000001   2.4e-05   1.0666666666666667e-05   
1.4169900000000002   1.6e-05   6.5319726474218083e-06   
1.4170180000000001   2e-05   8.9442719099991588e-06   
1.417046   3.2e-05   1.4360439485692011e-05   
1.4170740000000002   1.2e-05   6.1101009266077867e-06   
1.4171020000000001   2.8e-05   1.2e-05   
1.41713   2.4e-05   8.8443327742810663e-06   
1.4171580000000001   2.8e-05   1.4666666666666667e-05   
1.4171860000000001   4e-05   1.460593486680443e-05   
1.4172140000000002   2e-05   8.9442719099991588e-06   
1.4172420000000001   6e-05   2.1705094128132942e-05   
1.41727   3.2e-05   1.1623730516108463e-05   
1.4172980000000002   2e-05   6.6666666666666667e-06   
1.4173260000000001   5.2e-05   1.6918103387266027e-05   
1.417354   4.4e-05   1.2578641509408805e-05   
1.4173820000000001   8.8e-05   1.8666666666666667e-05   
1.4174100000000001   0.000104   3.1664912232101113e-05   
1.4174380000000002   6.8e-05   1.9821424996424674e-05   
1.4174660000000001   0.000112   1.3063945294843617e-05   
1.417494   9.2e-05   2.3132468763863297e-05   
1.4175220000000002   0.000176   3.3306655991458124e-05   
1.4175500000000001   0.000144   3.3306655991458124e-05   
1.417578   0.000168   3.666060555964672e-05   
1.4176060000000001   0.000208   2.9089898972361905e-05   
1.4176340000000001   0.00024   3.723797345005051e-05   
1.4176620000000002   0.000304   5.3065996645686398e-05   
1.4176900000000001   0.00026   3.3862466931200784e-05   
1.417718   0.000264   3.827386691841953e-05   
1.4177460000000002   0.000312   4.0792156108742279e-05   
1.4177740000000001   0.000364   5.1450083684199301e-05   
1.417802   0.000496   4.7403703559016474e-05   
1.4178300000000001   0.000504   8.0487404121528371e-05   
1.4178580000000001   0.000512   8.4495890761359251e-05   
1.4178860000000002   0.000596   9.2270134809578434e-05   
1.4179140000000001   0.000664   5.2051256789181693e-05   
1.417942   0.000736   5.9089386149760902e-05   
1.4179700000000002   0.000804   9.659997699562643e-05   
1.4179980000000001   0.000924   8.2289461995783856e-05   
1.418026   0.000916   9.246260505379098e-05   
1.4180540000000001   0.001148   0.0001232233744059949   
1.4180820000000001   0.00114   0.00010852547064066471   
1.41811   0.001228   0.00015911421474316282   
1.4181380000000001   0.001564   0.00013001880205912101   
1.418166   0.001756   0.00016775113842965253   
1.4181940000000002   0.001952   0.00021339998958658727   
1.4182220000000001   0.00224   0.00021224723529150831   
1.41825   0.002612   0.00022737536268372516   
1.4182780000000001   0.002584   0.00023095550316986267   
1.4183060000000001   0.002908   0.00022854515722038148   
1.418334   0.00342   0.00028932104428587055   
1.4183620000000001   0.003412   0.00028309715646752795   
1.41839   0.003876   0.00027243429381126827   
1.4184180000000002   0.004468   0.00042924429718595758   
1.4184460000000001   0.004668   0.00035008824284425459   
1.418474   0.005592   0.00048379242564462614   
1.4185020000000002   0.005836   0.00045946635712893423   
1.4185300000000001   0.006412   0.00053539767151778562   
1.418558   0.00696   0.00056628222253180044   
1.4185860000000001   0.007592   0.0006601764074009983   
1.418614   0.008404   0.00072478533220380349   
1.4186420000000002   0.009124   0.00084473690841849952   
1.4186700000000001   0.010064   0.00085966815302960557   
1.418698   0.011084   0.00095484635180512449   
1.4187260000000002   0.012216   0.0010141961239216889   
1.4187540000000001   0.012608   0.00092761677911133587   
1.418782   0.014544   0.0011560884241460272   
1.4188100000000001   0.01566   0.0014342136831340332   
1.418838   0.017088   0.0015298255528726869   
1.4188660000000002   0.01852   0.0016041723376523137   
1.4188940000000001   0.020448   0.0016869991767105941   
1.418922   0.021588   0.0018446419706815738   
1.4189500000000002   0.022944   0.0018031399773111842   
1.4189780000000001   0.02562   0.0020799764955936935   
1.419006   0.027832   0.0021932243133999971   
1.4190340000000001   0.030044   0.0026230191256133329   
1.419062   0.033224   0.0028501302894195323   
1.4190900000000002   0.035532   0.0030029558771317303   
1.4191180000000001   0.0378   0.0032193084143440912   
1.419146   0.040008   0.0032806980287060185   
1.4191740000000002   0.044332   0.0036130777277366545   
1.4192020000000001   0.047476   0.0038169654031558747   
1.41923   0.052652   0.0039212879970177599   
1.4192580000000001   0.054816   0.0042525399469023216   
1.419286   0.060196   0.004811779804696895   
1.4193140000000002   0.064412   0.0048403307508658722   
1.4193420000000001   0.068616   0.0053822265528930187   
1.41937   0.0737   0.0055967903500329742   
1.4193980000000002   0.0797   0.0061234797659863664   
1.4194260000000001   0.08584   0.0065267313582085039   
1.419454   0.09288   0.0071355211598188273   
1.4194820000000001   0.09856   0.007484975172526181   
1.41951   0.104848   0.0078354789685549324   
1.4195380000000002   0.111656   0.0082121237204513669   
1.4195660000000001   0.1211   0.0092218392959322383   
1.419594   0.12838   0.0099459485889146508   
1.4196220000000002   0.137288   0.010010332084623589   
1.4196500000000001   0.145316   0.010194319027990268   
1.419678   0.1551   0.010822603917521677   
1.4197060000000001   0.165556   0.011237378025539983   
1.4197340000000001   0.17652   0.012622629414402268   
1.4197620000000002   0.188972   0.013392606982129274   
1.4197900000000001   0.199868   0.01420895999009076   
1.419818   0.210604   0.014367481121538938   
1.4198460000000002   0.226012   0.015482846766664068   
1.4198740000000001   0.237172   0.016382139922624408   
1.419902   0.25234   0.017052341123076848   
1.4199300000000001   0.270288   0.018259287852730974   
1.4199580000000001   0.284124   0.018869240295606321   
1.4199860000000002   0.299804   0.018955957796956608   
1.4200140000000001   0.318264   0.02055569103138539   
1.420042   0.337212   0.021727344000897425   
1.4200700000000002   0.354716   0.022563152222644384   
1.4200980000000001   0.373816   0.023056845076655411   
1.420126   0.398632   0.025100955130122926   
1.4201540000000001   0.417312   0.026081370652462096   
1.4201820000000001   0.4398   0.026367921925450755   
1.4202100000000002   0.462804   0.02807489250795688   
1.4202380000000001   0.486452   0.029709208778125045   
1.420266   0.513576   0.030939302412591299   
1.4202940000000002   0.539588   0.032099619409304874   
1.4203220000000001   0.565884   0.033816546876738711   
1.42035   0.591892   0.035086969559779438   
1.4203780000000001   0.62324   0.035998738249493628   
1.4204060000000001   0.652404   0.038522807997341004   
1.4204340000000002   0.6852   0.03910860638444348   
1.4204620000000001   0.717276   0.040101667884404897   
1.42049   0.750808   0.04216331245684254   
1.4205180000000002   0.789872   0.042603340004693946   
1.4205460000000001   0.824324   0.045551906587735466   
1.420574   0.86362   0.046752709725390962   
1.4206020000000001   0.897576   0.047131192483204675   
1.4206300000000001   0.93328   0.049932550416648168   
1.4206580000000002   0.979444   0.051018353281496214   
1.4206860000000001   1.020356   0.051934266641164344   
1.420714   1.059944   0.053051039642132472   
1.4207420000000002   1.109176   0.056698523500273895   
1.4207700000000001   1.153084   0.05710283136004145   
1.420798   1.200904   0.05975389354492122   
1.4208260000000001   1.243852   0.059439450289068679   
1.4208540000000001   1.299712   0.061084219544276191   
1.4208820000000002   1.343212   0.063344596065226169   
1.4209100000000001   1.397916   0.066034706147600899   
1.420938   1.45284   0.067091307070621634   
1.4209660000000002   1.506524   0.069006763327147064   
1.4209940000000001   1.562352   0.06938658488337481   
1.421022   1.619184   0.071389401317313514   
1.4210500000000001   1.681104   0.072878506436702203   
1.4210780000000001   1.733728   0.074271119627124692   
1.4211060000000002   1.796   0.075947976346385367   
1.4211340000000001   1.856864   0.077395355404715483   
1.421162   1.920496   0.079711254066718138   
1.4211900000000002   1.98476   0.080515535340151041   
1.4212180000000001   2.050572   0.082535579301696712   
1.421246   2.125168   0.083112311653836488   
1.4212740000000001   2.187804   0.086154821561083987   
1.4213020000000001   2.254164   0.085025077492858933   
1.42133   2.317136   0.085822262887383196   
1.4213580000000001   2.397176   0.087474542978705144   
1.421386   2.47068   0.08833224713797586   
1.4214140000000002   2.55008   0.091380354805857722   
1.4214420000000001   2.623108   0.093331772758381817   
1.42147   2.697344   0.092650686622148438   
1.4214980000000002   2.77084   0.09249852044462357   
1.4215260000000001   2.855292   0.092664680851624009   
1.421554   2.934676   0.09327877785553487   
1.4215820000000001   3.011772   0.095596454243868271   
1.42161   3.108044   0.094650558526261922   
1.4216380000000002   3.191464   0.09612208241143713   
1.4216660000000001   3.268812   0.095390312119324896   
1.421694   3.35448   0.097984103019032859   
1.4217220000000002   3.445264   0.096938248238533564   
1.4217500000000001   3.53678   0.096458665643776028   
1.421778   3.621724   0.098653641203285886   
1.4218060000000001   3.718716   0.097941502804253293   
1.421834   3.809192   0.099011794906802221   
1.4218620000000002   3.899168   0.10081562115289696   
1.4218900000000001   3.9902   0.099549313832112597   
1.421918   4.089408   0.098381593906358091   
1.4219460000000002   4.18568   0.098740349604404379   
1.4219740000000001   4.286544   0.10063992425363693   
1.422002   4.383812   0.098877394257287702   
1.4220300000000001   4.475976   0.10088862756304873   
1.422058   4.572   0.098458312622370511   
1.4220860000000002   4.666648   0.099217305802297748   
1.4221140000000001   4.77486   0.098355542667067491   
1.422142   4.869036   0.096015354781294108   
1.4221700000000002   4.980724   0.09642167288875809   
1.4221980000000001   5.087736   0.094172283764031829   
1.422226   5.179812   0.096700182520797527   
1.4222540000000001   5.302112   0.092818596565798413   
1.422282   5.400724   0.091741003254936243   
1.4223100000000002   5.509508   0.09283729002699053   
1.4223380000000001   5.620584   0.091143673288080967   
1.422366   5.724768   0.092943011222528782   
1.4223940000000002   5.83674   0.091154282352016306   
1.4224220000000001   5.942008   0.087544613601675497   
1.42245   6.057708   0.087582258589029068   
1.4224780000000001   6.165024   0.086494529193726726   
1.422506   6.281212   0.083218223869534728   
1.4225340000000002   6.39648   0.085257007740647852   
1.4225620000000001   6.50166   0.085306037978302309   
1.42259   6.607036   0.083751569447317752   
1.4226180000000002   6.720788   0.079615413147622781   
1.4226460000000001   6.839428   0.07988171256162312   
1.422674   6.94218   0.07747081256834731   
1.4227020000000001   7.078184   0.075326206199731339   
1.4227300000000001   7.184456   0.074368862349178839   
1.4227580000000002   7.300108   0.073035736774692846   
1.4227860000000001   7.410268   0.070318677537811156   
1.422814   7.532112   0.070942147522549051   
1.4228420000000002   7.638304   0.066513612628460417   
1.4228700000000001   7.75478   0.070958977632620016   
1.422898   7.880456   0.072616337359822517   
1.4229260000000001   8.000896   0.066982059608027391   
1.4229540000000001   8.111436   0.065805084963938098   
1.4229820000000002   8.223088   0.061258876486958564   
1.4230100000000001   8.328032   0.059421808132854537   
1.423038   8.443872   0.064612953857738327   
1.4230660000000002   8.567548   0.059395277642437385   
1.4230940000000001   8.674756   0.061315633518522649   
1.423122   8.79544   0.059403234629474893   
1.4231500000000001   8.90144   0.055071427397113609   
1.4231780000000001   9.000732   0.050969437482998882   
1.4232060000000002   9.12436   0.054959318126127526   
1.4232340000000001   9.23096   0.051623401756266381   
1.423262   9.331168   0.049945918058102294   
1.4232900000000002   9.444976   0.049124619833417291   
1.4233180000000001   9.545664   0.049406192036581342   
1.423346   9.643244   0.050975695978029008   
1.4233740000000001   9.774324   0.049260709229341974   
1.4234020000000001   9.86672   0.046857339233037981   
1.4234300000000002   9.972248   0.046295237595243009   
1.4234580000000001   10.065028   0.043827986208712702   
1.423486   10.188664   0.044829782640065938   
1.4235140000000002   10.276768   0.044421870409367803   
1.4235420000000001   10.376376   0.049483629508488273   
1.42357   10.456952   0.048262856129510001   
1.4235980000000001   10.56554   0.048319110826991761   
1.4236260000000001   10.65178   0.049697644120331403   
1.4236540000000002   10.7387   0.048342559211435139   
1.4236820000000001   10.840492   0.048458333277156763   
1.42371   10.925536   0.046361402797298258   
1.4237380000000002   10.997864   0.048320509268839476   
1.4237660000000001   11.070392   0.05087522821788838   
1.423794   11.174604   0.054120031354183258   
1.4238220000000001   11.247704   0.049783731818514539   
1.4238500000000001   11.320488   0.050099250400247169   
1.4238780000000002   11.394764   0.053626658528094859   
1.4239060000000001   11.448584   0.053925948633287888   
1.423934   11.522864   0.056002699046067818   
1.4239620000000002   11.581104   0.056299472963785373   
1.4239900000000001   11.634988   0.058043465720862042   
1.424018   11.6954   0.05908767271323745   
1.4240460000000001   11.739544   0.063902441532212053   
1.4240740000000001   11.807484   0.064102580138746732   
1.4241020000000002   11.844132   0.064376125885300046   
1.4241300000000001   11.883592   0.069906897272173516   
1.424158   11.937144   0.068985775590173489   
1.4241860000000002   11.962852   0.072845693120610939   
1.4242140000000001   11.992304   0.068456946846580556   
1.424242   12.025912   0.074907168100849269   
1.4242700000000001   12.044912   0.078278990239328527   
1.4242980000000001   12.054   0.079551639804315512   
1.4243260000000002   12.090156   0.079636013617514073   
1.4243540000000001   12.091912   0.078202160993159265   
1.424382   12.1126   0.081548661410091689   
1.4244100000000002   12.099764   0.081391057646948469   
1.4244380000000001   12.100576   0.084057567406047519   
1.424466   12.103224   0.083385331659710993   
1.4244940000000001   12.09548   0.089202423285469112   
1.4245220000000001   12.076264   0.086131172150389299   
1.42455   12.039692   0.09520282125604846   
1.4245780000000001   12.040904   0.091518257403767378   
1.424606   11.991576   0.096565880553698212   
1.4246340000000002   11.973852   0.097805872498082188   
1.4246620000000001   11.936724   0.097243761424576749   
1.42469   11.874156   0.095696549005465999   
1.4247180000000002   11.84706   0.098794481222384076   
1.4247460000000001   11.792472   0.10202216888500266   
1.424774   11.73024   0.096385052414204184   
1.4248020000000001   11.665028   0.099466965155941759   
1.42483   11.586676   0.10072638678011723   
1.4248580000000002   11.531064   0.10173561171760631   
1.4248860000000001   11.449876   0.10047315094314722   
1.424914   11.390588   0.10042854645965957   
1.4249420000000002   11.310428   0.10386189925729904   
1.4249700000000001   11.223036   0.10374967351166836   
1.424998   11.111648   0.10659744350488794   
1.4250260000000001   11.022436   0.10441112796376959   
1.425054   10.93858   0.10375037447857451   
1.4250820000000002   10.81188   0.1031711565205013   
1.4251100000000001   10.720392   0.10216949486895675   
1.425138   10.587932   0.10330151046330349   
1.4251660000000002   10.48352   0.10468099791482905   
1.4251940000000001   10.351592   0.10256130191581358   
1.425222   10.233436   0.10508502740585306   
1.4252500000000001   10.10254   0.10510068252236361   
1.425278   9.965792   0.10096971652486259   
1.4253060000000002   9.834452   0.10202533681830651   
1.4253340000000001   9.6948   0.098703675041341134   
1.425362   9.548716   0.10352819278073216   
1.4253900000000002   9.415428   0.10339243626752071   
1.4254180000000001   9.264856   0.097822366213231399   
1.425446   9.109208   0.09939333074876468   
1.4254740000000001   8.95602   0.098646980243244707   
1.425502   8.802276   0.096808248216082635   
1.4255300000000002   8.65782   0.096377365576962911   
1.4255580000000001   8.491484   0.093444415506403233   
1.425586   8.328608   0.091930958983117088   
1.4256140000000002   8.17884   0.096273890218364899   
1.4256420000000001   8.013076   0.090669472789908728   
1.42567   7.857156   0.092672982508987543   
1.4256980000000001   7.684808   0.094147467078691685   
1.425726   7.513328   0.08854310223212698   
1.4257540000000002   7.351928   0.0906018607216332   
1.4257820000000001   7.173156   0.085317693452179072   
1.42581   7.007788   0.0831446719987383   
1.4258380000000002   6.845276   0.085081492845911495   
1.4258660000000001   6.678064   0.080757886758989536   
1.425894   6.5037   0.079718593788121704   
1.4259220000000001   6.333176   0.082322541414177012   
1.4259500000000001   6.17212   0.075755293764418421   
1.4259780000000002   6.006876   0.075597101519980397   
1.4260060000000001   5.838428   0.073471871334091752   
1.426034   5.681152   0.07112812946913322   
1.4260620000000002   5.528704   0.069220510563464252   
1.4260900000000001   5.367072   0.066285838621667736   
1.426118   5.189172   0.069621793535581303   
1.4261460000000001   5.038884   0.067214721257904344   
1.4261740000000001   4.874044   0.065726216369286174   
1.4262020000000002   4.72564   0.05968151710910543   
1.4262300000000001   4.570312   0.059054784899748432   
1.426258   4.434648   0.060268035028713376   
1.4262860000000002   4.270968   0.055905917412898056   
1.4263140000000001   4.130916   0.05520389888002074   
1.426342   3.980736   0.052082523987311609   
1.4263700000000001   3.83972   0.049399649481437505   
1.4263980000000001   3.717868   0.050612685998670329   
1.4264260000000002   3.570608   0.049097718362918294   
1.4264540000000001   3.435216   0.045448237594481533   
1.426482   3.303648   0.045605354383498047   
1.4265100000000002   3.175356   0.041745503848385344   
1.4265380000000001   3.047676   0.040429402919712335   
1.426566   2.933068   0.038545453249666455   
1.4265940000000001   2.805972   0.039637660677693885   
1.4266220000000001   2.695024   0.036882644976254679   
1.4266500000000002   2.577964   0.037790339717975546   
1.4266780000000001   2.469016   0.034110126590207781   
1.426706   2.362792   0.032367740758010557   
1.4267340000000002   2.260836   0.031552757625567022   
1.4267620000000001   2.163204   0.029296595448769961   
1.42679   2.065944   0.029630112130886187   
1.4268180000000001   1.975704   0.028470378649474343   
1.4268460000000001   1.881608   0.025943583098716339   
1.4268740000000002   1.79586   0.02641485457507238   
1.4269020000000001   1.706192   0.022684388209613335   
1.42693   1.617308   0.022421859215209311   
1.4269580000000002   1.54488   0.023425211869076256   
1.4269860000000001   1.462588   0.021785465531965215   
1.427014   1.389108   0.020354441546420934   
1.4270420000000001   1.320404   0.019702113547084796   
1.4270700000000001   1.252064   0.01827896636999903   
1.4270980000000002   1.184968   0.017833028832291315   
1.4271260000000001   1.124188   0.01615302605293097   
1.427154   1.062088   0.015672310813093972   
1.4271820000000002   1.003972   0.015642114150942356   
1.4272100000000001   0.948288   0.014326643772278899   
1.427238   0.898568   0.01412377261530675   
1.4272660000000001   0.844012   0.012805047685277171   
1.4272940000000001   0.802332   0.01186858269175857   
1.4273220000000002   0.7534   0.011101304828212263   
1.4273500000000001   0.708448   0.011091688660133466   
1.427378   0.664912   0.010199272828109964   
1.4274060000000002   0.624384   0.0094328130834161382   
1.4274340000000001   0.5847   0.0090673083106289044   
1.427462   0.551436   0.00788944600223756   
1.4274900000000001   0.515788   0.0076731892254061409   
1.4275180000000001   0.482532   0.0071285966828448544   
1.427546   0.45516   0.0075633361245771257   
1.4275740000000001   0.427732   0.0065751993294669195   
1.427602   0.397128   0.0066841365768345709   
1.4276300000000002   0.372572   0.0064390835786883008   
1.4276580000000001   0.346684   0.0056743836082285918   
1.427686   0.326372   0.0053502932006884756   
1.4277140000000001   0.302128   0.004323577942193505   
1.4277420000000001   0.281984   0.0052556617513348824   
1.42777   0.263736   0.003840417569888867   
1.4277980000000001   0.243736   0.0038310599635667991   
1.427826   0.22668   0.0040218867877320136   
1.4278540000000002   0.20964   0.0031694822570536308   
1.4278820000000001   0.196892   0.0031929202238007068   
1.42791   0.181564   0.003039955847632586   
1.4279380000000002   0.167484   0.0025694302005611197   
1.4279660000000001   0.1548   0.0021781623243255106   
1.427994   0.144788   0.0024662057226976557   
1.4280220000000001   0.134628   0.0016940161353029277   
1.42805   0.125732   0.0022150439172972521   
1.4280780000000002   0.115252   0.0019758726904557614   
1.4281060000000001   0.105964   0.0020307367026661914   
1.428134   0.097764   0.0021149411339325736   
1.4281620000000002   0.089184   0.0014981493769165863   
1.4281900000000001   0.081936   0.0014216134808339744   
1.428218   0.075532   0.001449757680901651   
1.4282460000000001   0.069912   0.0012288791641166352   
1.428274   0.065092   0.0010027703847065112   
1.4283020000000002   0.059324   0.0011617373962207543   
1.4283300000000001   0.055196   0.0011419507675708071   
1.428358   0.0491   0.00085419227603885792   
1.4283860000000002   0.045936   0.0010000568872708081   
1.4284140000000001   0.041504   0.00048468821593542656   
1.428442   0.037436   0.00055848843616795982   
1.4284700000000001   0.035252   0.00086777467633533124   
1.428498   0.03148   0.00061743555669127662   
1.4285260000000002   0.028468   0.0005416698461445147   
1.4285540000000001   0.026236   0.00035883515249577581   
1.428582   0.023984   0.00071028507578921359   
1.4286100000000002   0.022   0.0003750437011573155   
1.4286380000000001   0.020188   0.00044566255296032121   
1.428666   0.018056   0.00039876253028031051   
1.4286940000000001   0.01656   0.00036873356837213024   
1.428722   0.01436   0.0003803624002915582   
1.4287500000000002   0.013772   0.00040678905262228154   
1.4287780000000001   0.012696   0.00019832184840696589   
1.428806   0.01122   0.00033937196898585088   
1.4288340000000002   0.009784   0.00030534206683288462   
1.4288620000000001   0.008732   0.00022111233947174153   
1.42889   0.008068   0.0003569774347054571   
1.4289180000000001   0.007452   0.00035975547250875837   
1.428946   0.006424   0.00022691750826138462   
1.4289740000000002   0.006144   0.00019397136100179554   
1.4290020000000001   0.005364   0.00023028098778087029   
1.42903   0.00484   0.00014434526509572649   
1.4290580000000002   0.004344   0.00012032548450857043   
1.4290860000000001   0.0042   0.00021713283184877101   
1.429114   0.003596   9.4365718822509315e-05   
1.4291420000000001   0.002976   0.00014522932057802775   
1.4291700000000001   0.002912   0.00010080564358099093   
1.4291980000000002   0.002564   0.00012241278074159123   
1.4292260000000001   0.002124   0.00012109867418303509   
1.429254   0.00188   0.0001232161605562445   
1.4292820000000002   0.001952   9.7761614825724587e-05   
1.4293100000000001   0.001668   8.1551619644656149e-05   
1.429338   0.001312   5.7441757942768043e-05   
1.4293660000000001   0.001228   3.6295086903509865e-05   
1.4293940000000001   0.001196   7.6466405114344895e-05   
1.4294220000000002   0.00112   0.00010293471501663351   
1.4294500000000001   0.000884   5.51200709562517e-05   
1.429478   0.000896   4.5097425400767368e-05   
1.4295060000000002   0.000712   6.4442911859171051e-05   
1.4295340000000001   0.000656   5.6944417344166993e-05   
1.429562   0.000628   5.9643384656920111e-05   
1.4295900000000001   0.000492   4.6970439876822766e-05   
1.4296180000000001   0.00056   5.3995884616844232e-05   
1.4296460000000002   0.000364   3.838981346370125e-05   
1.4296740000000001   0.000372   4.7347415745505876e-05   
1.429702   0.000348   3.9123735336323226e-05   
1.4297300000000002   0.00028   3.0983866769659335e-05   
1.4297580000000001   0.000268   3.957552554574888e-05   
1.429786   0.000228   4.6207262536435883e-05   
1.4298140000000001   0.00024   2.7968235951204041e-05   
1.4298420000000001   0.000192   2.8472208672083497e-05   
1.4298700000000002   0.000196   2.2666666666666667e-05   
1.4298980000000001   0.000136   2.4e-05   
1.429926   0.000156   2.1039645117412667e-05   
1.4299540000000002   0.000152   3.0287511177601459e-05   
1.4299820000000001   0.000136   1.8086213288334048e-05   
1.43001   0.000108   2.5333333333333333e-05   
1.4300380000000001   8.8e-05   2.1333333333333333e-05   
1.4300660000000001   8e-05   2.1499353995462799e-05   
1.4300940000000002   4.8e-05   1.5549205052920801e-05   
1.4301220000000001   3.6e-05   1.2578641509408805e-05   
1.43015   4e-05   1.3333333333333333e-05   
1.4301780000000002   4e-05   1.460593486680443e-05   
1.4302060000000001   2.8e-05   2.8e-05   
1.430234   1.2e-05   8.5374989832437982e-06   
1.4302620000000001   2.8e-05   6.1101009266077867e-06   
1.4302900000000001   8e-06   5.3333333333333333e-06   
1.4303180000000002   1.2e-05   8.5374989832437982e-06   
1.4303460000000001   8e-06   5.3333333333333333e-06   
1.430374   1.6e-05   1.2220201853215573e-05   
1.4304020000000002   1.6e-05   1.2220201853215573e-05   
1.4304300000000001   2e-05   8.9442719099991588e-06   
1.430458   4e-06   4e-06   
1.4304860000000001   1.6e-05   8.8443327742810663e-06   
