0.22051341764707871   57.81279225350544  0.077532842239760454
0.44102683529415743   14.267511169649176  0.021539895301626015
0.6615402529412362   0.72134335246862703  0.0021081814660756044
0.88205367058831485   6.732498492260017e-06  3.341207537558115e-08
1.1025670882353935   0.085682591009028704  0.00024133251858055029
1.3230805058824724   0.17130177496523443  0.00090731274968955912
1.543593923529551   0.031894042679876585  0.00019650993305081969
1.7641073411766297   2.0937789630189712e-05  4.8269186432785157e-08
1.9846207588237084   0.017382687074203767  0.00011716987383282619
2.205134176470787   0.050319049779319454  0.00054252132530789521
2.4256475941178657   0.024923186521302125  0.00036057906946923708
2.6461610117649448   0.00015035164116792821  4.3827241851943379e-06
2.8666744294120234   0.28173323347550351  0.0024351777491292639
3.0871878470591021   0.38282926582106918  0.0082554448331137426
3.3077012647061808   0.040969571455054145  0.0005475928385049038
3.5282146823532594   0.00013055104990858432  9.9311777900925632e-07
3.7487281000003381   0.014549223566969753  0.00013454283497721884
3.9692415176474167   0.038780176891230973  0.0002883296809658237
4.1897549352944958   0.016523873849625275  8.8275117334450002e-05
4.410268352941574   0.0001756705376089751  2.0727266158697426e-06
4.6307817705886531   0.011443510525947853  5.8871168281063467e-05
4.8512951882357314   0.040296152726181749  0.00031805928308033097
5.0718086058828105   0.021163366536619634  0.00023679755304258505
5.2923220235298896   0.00031375717212092608  2.4452082376718964e-06
5.5128354411769678   0.028265621199541309  0.0003726047752311125
5.7333488588240469   0.45589911666413928  0.008514372905595337
5.9538622764711251   0.4209242795425599  0.0030456240757568246
6.1743756941182042   0.00089387850497047858  2.2063157690750025e-05
6.3948891117652824   0.017286921206258937  0.00023126503664410613
6.6154025294123615   0.045769246301074381  0.00051430954992529686
6.8359159470594397   0.022506807752120615  0.00016382832835133694
7.0564293647065188   0.00037650018346466953  1.2829248061073144e-06
7.2769427823535979   0.017255383354557791  0.00011440981524760828
7.4974562000006761   0.13115000797001881  0.00087593304177922526
7.7179696176477552   0.10209754969411372  0.00055401006211723638
7.9384830352948335   0.00064662559178907308  6.5213446274688574e-06
8.1589964529419117   0.34084859040647512  0.0027162561331066132
8.3795098705889917   10.896378783527661  0.0215377586004609
8.6000232882360699   65.524317011439335  0.36885218346039674
8.8205367058831481   765.0660444050973  0.13900893169314529
9.0410501235302281   45.272661754451855  0.2438730922020575
9.2615635411773063   16.749976503116686  0.019231921449147858
9.4820769588243845   1.2973022670631291  0.0036662617550094872
9.7025903764714627   0.0012431374320970193  1.1111439009169135e-05
9.9231037941185427   0.060887365455990233  0.00031573424574485296
10.143617211765621   0.20265197981086603  0.00085707815788588435
10.364130629412699   0.05481421607239587  0.00034757404089411935
10.584644047059779   0.00089474164533169053  2.0933128881178935e-06
10.805157464706857   0.012493321486209018  7.6666208875539389e-05
11.025670882353936   0.053768999686069382  0.00052756447126095568
11.246184300001014   0.034195545186719278  0.00047177042369452328
11.466697717648094   0.0027696706398916672  8.1818203806570355e-05
11.687211135295172   0.15715204604575587  0.0016025968038457805
11.90772455294225   0.29997376976771515  0.0071681124490094961
12.128237970589328   0.052153638865742717  0.00067439052254228752
12.348751388236408   0.0018407372853324378  1.1287664353142738e-05
12.569264805883487   0.0097744815222263694  5.5689058432629779e-05
12.789778223530565   0.035593997919651345  0.00026832019174817281
13.010291641177645   0.022459311544312548  0.00014880399539021735
13.230805058824723   0.0019218847672714714  2.4011984775939219e-05
13.451318476471801   0.0079793103122376649  5.4424695945880841e-05
13.671831894118879   0.039953375127349352  0.00033838285900886592
13.892345311765959   0.030122879074216323  0.0003467759651923531
14.112858729413038   0.0028659801065216108  2.0524647348572628e-05
14.333372147060116   0.017713466942156082  0.00018699775615874963
14.553885564707196   0.49561030494265893  0.0077807727553786417
14.774398982354274   0.53870055061051652  0.0032465808156198168
14.994912400001352   0.00601970969633283  0.00011390435314559238
15.21542581764843   0.011883037362700512  0.00012751884046846138
15.43593923529551   0.041490224392439295  0.00045167208295872786
15.656452652942589   0.028202019415279411  0.00021961333995666048
15.876966070589667   0.0025830961296683604  1.0893175522332872e-05
16.097479488236747   0.0096126179656642751  7.5138110336257468e-05
16.317992905883823   0.092816701610713789  0.0007580859160479687
16.538506323530903   0.10545067335285243  0.00098440069619365627
16.759019741177983   0.0041539617389644725  4.5280534881216759e-05
16.97953315882506   0.13401397851002033  0.0023021033167667431
17.20004657647214   7.3969565633073275  0.018312166712613511
17.42055999411922   65.709802916135899  0.55714071323745953
17.641073411766296   668.13249023581944  0.50237375642375129
17.861586829413376   31.602456006539933  0.5086695977926114
18.082100247060456   17.73643132257469  0.041687481584457652
18.302613664707533   2.0218947749589536  0.0094009244807165035
18.523127082354613   0.0089762422392341116  0.0001066729994661274
18.743640500001689   0.037091530291128538  0.00044342211058704575
18.964153917648769   0.21683108143783896  0.00078612086078976659
19.184667335295849   0.086320638267131701  0.00059661704961003749
19.405180752942925   0.0042581161293045094  1.366793671470449e-05
19.625694170590005   0.0091220770913487733  6.5898393598198411e-05
19.846207588237085   0.05593243737304157  0.0004874552444786375
20.066721005884162   0.045954061029066506  0.00052784790552279757
20.287234423531242   0.0091598510332270648  0.00022770528038004932
20.507747841178322   0.070884294308235457  0.00080757058921411838
20.728261258825398   0.22591704325648902  0.0056860523025264657
20.948774676472478   0.061150888162468087  0.00081763331790708923
21.169288094119558   0.0069016593158332351  3.1225824212275613e-05
21.389801511766635   0.0070909823847293631  3.2701520032024837e-05
21.610314929413715   0.032363984145889806  0.00024606897486219887
21.830828347060791   0.029047820106637209  0.00019805298802470354
22.051341764707871   0.0070857378310405467  0.00010522823677865596
22.271855182354951   0.0071565572753997176  6.1093253740411684e-05
22.492368600002028   0.039194879187723219  0.00033722737173465044
22.712882017649108   0.041874263000755411  0.00045690162766715117
22.933395435296188   0.010339463644522744  6.4664099482659309e-05
23.153908852943264   0.014218761184982591  8.6361989473389688e-05
23.374422270590344   0.48427416001213423  0.0062993181901012164
23.594935688237424   0.60102228201927251  0.003224781704329591
23.8154491058845   0.017590630759155131  0.00024601525570458022
24.03596252353158   0.010865954677196311  8.5257557892731649e-05
24.256475941178657   0.039670807934925859  0.0003750374752425374
24.476989358825737   0.036110784504279828  0.00029330221446486564
24.697502776472817   0.0087542227436220296  3.6560129227925441e-05
24.918016194119893   0.0081939518119930674  7.4631641540600426e-05
25.138529611766973   0.065110863060366045  0.00058227520184211143
25.359043029414053   0.098712807574414881  0.0013413562278700988
25.57955644706113   0.0129155263290755  0.00011945555113735819
25.80006986470821   0.045906144836635913  0.0014747021791377658
26.02058328235529   4.4113122062033899  0.017825457619352085
26.241096700002366   57.891464586964934  0.59447819140569659
26.461610117649446   530.23742831814913  0.95374785609610712
26.682123535296526   20.01692085087896  0.67156466134685995
26.902636952943602   17.011113256627167  0.084214583281884288
27.123150370590682   2.7690555239579474  0.01678321694866779
27.343663788237759   0.035245551099384595  0.00046623002546101128
27.564177205884839   0.023485768859989956  0.0004385678122484188
27.784690623531919   0.21165773857984195  0.00081063703056493598
28.005204041178995   0.12450145956858222  0.00094861509202449047
28.225717458826075   0.013024196239449938  5.616959395683872e-05
28.446230876473155   0.009930805837309763  9.8828350182620219e-05
28.666744294120232   0.058028296516161088  0.0004548969896755548
28.887257711767312   0.061924284440946582  0.0005414132726957506
29.107771129414392   0.021138791643597563  0.00036112455968843681
29.328284547061468   0.029033546644443597  0.00023286990046847573
29.548797964708548   0.17002729163700231  0.0041979618148487021
29.769311382355625   0.070666377701485303  0.0010579728279314724
29.989824800002705   0.017815734731471855  7.958551787991807e-05
30.210338217649785   0.0082443652712519164  6.2216784765234789e-05
30.430851635296861   0.031459698450939833  0.00020897893413642635
30.651365052943941   0.03701822615938257  0.00020350389903057039
30.871878470591021   0.01840253944613696  0.00030653761184980254
31.092391888238097   0.010227972655685012  9.1633311455509888e-05
31.312905305885177   0.040537589303295542  0.00034105291017827977
31.533418723532257   0.056548108974495953  0.00054235291129039798
31.753932141179334   0.026290767970597603  0.00014341143391461076
31.974445558826414   0.022065756795430106  0.00012487448882637388
32.194958976473494   0.4218939924020458  0.0045687669508305385
32.41547239412057   0.59178376134458138  0.0036179644298722598
32.635985811767647   0.03788687755764388  0.00039944704088183584
32.85649922941473   0.017493534775433064  0.00013026665997658368
33.077012647061807   0.042908344368953325  0.00029131288474022693
33.297526064708883   0.048467143637277203  0.00038773135771961588
33.518039482355967   0.021705921787053614  8.0524869322752352e-05
33.738552900003043   0.013600536798965738  0.00011172002577836497
33.95906631765012   0.052798997141512924  0.00038911671172501776
34.179579735297203   0.091430134205238882  0.0014668770126355209
34.400093152944279   0.028725028242450992  0.00023487545572677165
34.620606570591356   0.023887340968832094  0.00091492079342230823
34.841119988238439   2.2847785240467134  0.018449235027734528
35.061633405885516   44.133842573882087  0.49014270990462325
35.282146823532592   378.92726318153861  1.3344473035651294
35.502660241179676   12.197284775419011  0.72141273962699946
35.723173658826752   14.834641518541359  0.129463765735415
35.943687076473829   3.3640868148177293  0.024206793037855107
36.164200494120912   0.094881600493647024  0.0013154630571669896
36.384713911767989   0.025426510418556511  0.0003454605711885529
36.605227329415065   0.19265433048413534  0.00097024710977521707
36.825740747062142   0.16516599974693199  0.0013810270335084966
37.046254164709225   0.030816227361675384  0.00016077110276071499
37.266767582356302   0.018225841620359855  0.00014582343162317193
37.487281000003378   0.062603634791743747  0.00044782366935272746
37.707794417650462   0.083902324397906279  0.00061120909265722409
37.928307835297538   0.041644261561974488  0.00039253531565099095
38.148821252944614   0.024928340737356543  0.00013996328171401932
38.369334670591698   0.13490048586080402  0.0028707983592190042
38.589848088238774   0.085346072754274434  0.0013477572899979848
38.810361505885851   0.037218988634489912  0.00020087531856293902
39.030874923532934   0.016413578788960487  0.00012508545949961688
39.251388341180011   0.035303305581941143  0.00018867738526155413
39.471901758827087   0.048066576094390603  0.00020929320139960777
39.692415176474171   0.038802938891912656  0.00066102307123393905
39.912928594121247   0.01870678140352284  0.00014686074626772256
40.133442011768324   0.04652199138384335  0.00039066735172236904
40.353955429415407   0.074295314116182465  0.00056371396503899563
40.574468847062484   0.053346665571909508  0.00026572377592819194
40.79498226470956   0.044025689198105056  0.00020568423156683247
41.015495682356644   0.3305627228758709  0.0030269069251542231
41.23600910000372   0.52119464580323994  0.0045590001111103428
41.456522517650797   0.068390661253452653  0.00057558315478748844
41.67703593529788   0.035169786523552025  0.00023679785910034432
41.897549352944957   0.053771789916520244  0.00020186571863715061
42.118062770592033   0.067273148179534152  0.00050146361552683331
42.338576188239117   0.043996534197809123  0.00014104171965452436
42.559089605886193   0.027663189807959299  0.0001811380604247802
42.779603023533269   0.056731867605764095  0.00028799568126678177
43.000116441180346   0.095141354752801321  0.0013061512299744513
43.220629858827429   0.05423354098837673  0.00045358822789763318
43.441143276474506   0.036047100677092923  0.00079117096361025561
43.661656694121582   1.0422306252794317  0.017249725980734815
43.882170111768666   28.269738685817269  0.30668114277937736
44.102683529415742   240.1304154319075  1.5272925830408316
