1.4165140000000001   0   0   
1.4165420000000002   0   0   
1.4165700000000001   0   0   
1.416598   0   0   
1.4166260000000002   4e-06   4e-06   
1.4166540000000001   4e-06   4e-06   
1.416682   4e-06   4e-06   
1.4167100000000001   0   0   
1.4167380000000001   8e-06   8e-06   
1.4167660000000002   0   0   
1.4167940000000001   0   0   
1.416822   4e-06   4e-06   
1.4168500000000002   0   0   
1.4168780000000001   8e-06   5.3333333333333333e-06   
1.416906   0   0   
1.4169340000000001   4e-06   4e-06   
1.4169620000000001   0   0   
1.4169900000000002   8e-06   8e-06   
1.4170180000000001   1.2e-05   6.1101009266077867e-06   
1.417046   1.6e-05   6.5319726474218083e-06   
1.4170740000000002   1.6e-05   1.0666666666666667e-05   
1.4171020000000001   2.4e-05   1.359738536958076e-05   
1.41713   1.6e-05   6.5319726474218083e-06   
1.4171580000000001   8e-06   5.3333333333333333e-06   
1.4171860000000001   4e-06   4e-06   
1.4172140000000002   2.4e-05   1.6e-05   
1.4172420000000001   5.6e-05   2.0827332469084412e-05   
1.41727   4.4e-05   9.3333333333333333e-06   
1.4172980000000002   3.6e-05   1.2578641509408805e-05   
1.4173260000000001   6.8e-05   1.339983416149452e-05   
1.417354   2.8e-05   1.0413666234542206e-05   
1.4173820000000001   7.2e-05   2.3701851779508237e-05   
1.4174100000000001   8.8e-05   2.2150996967781533e-05   
1.4174380000000002   6.8e-05   1.339983416149452e-05   
1.4174660000000001   0.000128   2.3701851779508237e-05   
1.417494   0.000136   2.9933259094191531e-05   
1.4175220000000002   0.000108   2.4621580416825851e-05   
1.4175500000000001   0.000108   1.793816539609828e-05   
1.417578   0.000144   1.6e-05   
1.4176060000000001   0.000132   2.4621580416825851e-05   
1.4176340000000001   0.000228   2.4621580416825851e-05   
1.4176620000000002   0.000208   4.0353989201124149e-05   
1.4176900000000001   0.000232   3.666060555964672e-05   
1.417718   0.000268   4.0463975747982715e-05   
1.4177460000000002   0.000364   5.9164553952890107e-05   
1.4177740000000001   0.000372   4.5820907406505554e-05   
1.417802   0.000388   2.5333333333333333e-05   
1.4178300000000001   0.0004   4.9531134989351227e-05   
1.4178580000000001   0.000564   4.1931160516043701e-05   
1.4178860000000002   0.000588   4.5820907406505554e-05   
1.4179140000000001   0.0006   4.7702783519995514e-05   
1.417942   0.000788   6.8779842008154298e-05   
1.4179700000000002   0.000784   7.7562877718661264e-05   
1.4179980000000001   0.000984   7.4999259255601244e-05   
1.418026   0.001036   5.11033810579648e-05   
1.4180540000000001   0.001112   8.7391837910261009e-05   
1.4180820000000001   0.001048   7.298097164482138e-05   
1.41811   0.001288   9.1369822394729675e-05   
1.4181380000000001   0.001432   5.71314274283428e-05   
1.418166   0.00172   8.7635609200826578e-05   
1.4181940000000002   0.001788   7.8213383338999812e-05   
1.4182220000000001   0.00192   8.6615369434195812e-05   
1.41825   0.002264   0.00011838918869558994   
1.4182780000000001   0.00242   9.4516312525052168e-05   
1.4183060000000001   0.002708   0.0001533101431738944   
1.418334   0.003044   0.00018001975200269306   
1.4183620000000001   0.003236   0.00012414328638937973   
1.41839   0.00368   0.00013558105406811905   
1.4184180000000002   0.004192   0.0001482100611369627   
1.4184460000000001   0.004408   0.00017525093120690939   
1.418474   0.004988   0.00018969449122207002   
1.4185020000000002   0.005332   0.00024081712748242989   
1.4185300000000001   0.00596   0.00024994221554413554   
1.418558   0.006588   0.0002757809114335347   
1.4185860000000001   0.00728   0.00032160707565461166   
1.418614   0.007684   0.00025238066486955771   
1.4186420000000002   0.008524   0.00025650297810703442   
1.4186700000000001   0.009208   0.00030740780008899507   
1.418698   0.010484   0.00045370377021919391   
1.4187260000000002   0.010968   0.00034490836142050511   
1.4187540000000001   0.01216   0.0004927564194294062   
1.418782   0.013552   0.0004397494235988895   
1.4188100000000001   0.014704   0.00055962527144906925   
1.418838   0.015848   0.00052998280894551455   
1.4188660000000002   0.01694   0.00057861904565957731   
1.4188940000000001   0.018636   0.000436   
1.418922   0.019764   0.00053474646121108439   
1.4189500000000002   0.022344   0.00043275653920215027   
1.4189780000000001   0.024444   0.00071634752584048043   
1.419006   0.025928   0.00075593768114691688   
1.4190340000000001   0.027824   0.00079615073949598264   
1.419062   0.030488   0.0009001096229534119   
1.4190900000000002   0.032788   0.00096504323449493414   
1.4191180000000001   0.035664   0.00095534426604584101   
1.419146   0.037772   0.00079413516901511589   
1.4191740000000002   0.041456   0.0013351480983188511   
1.4192020000000001   0.045496   0.0010098747997207927   
1.41923   0.048572   0.0011588047481972295   
1.4192580000000001   0.05212   0.0014698389934501896   
1.419286   0.057024   0.0012739328431628132   
1.4193140000000002   0.060336   0.0016534967661158444   
1.4193420000000001   0.064944   0.0019586317219483152   
1.41937   0.069464   0.0017603454206490271   
1.4193980000000002   0.075044   0.0015024418642847901   
1.4194260000000001   0.079904   0.0020658252050398111   
1.419454   0.086188   0.0021082867188522743   
1.4194820000000001   0.093264   0.0019399262299834439   
1.41951   0.100764   0.0021680545298595339   
1.4195380000000002   0.10534   0.0027201519565396832   
1.4195660000000001   0.113896   0.0024942258652068114   
1.419594   0.122352   0.0025683253514909498   
1.4196220000000002   0.129448   0.0028536622863339041   
1.4196500000000001   0.138468   0.0032836351130348749   
1.419678   0.147732   0.003970209286395086   
1.4197060000000001   0.157424   0.0035049638451138916   
1.4197340000000001   0.167932   0.0035923872595005987   
1.4197620000000002   0.176144   0.0034945555113951505   
1.4197900000000001   0.189196   0.0035639600945515027   
1.419818   0.202364   0.0042109759227787354   
1.4198460000000002   0.215252   0.0045520556528525292   
1.4198740000000001   0.225272   0.0053138704872771933   
1.419902   0.239688   0.0051706996732658059   
1.4199300000000001   0.255784   0.0054856522350987985   
1.4199580000000001   0.26986   0.0063884903450571864   
1.4199860000000002   0.285676   0.0061002832721112223   
1.4200140000000001   0.300452   0.0062818455886785375   
1.420042   0.319052   0.0063618112026197206   
1.4200700000000002   0.336856   0.006807776468454619   
1.4200980000000001   0.357272   0.0073795966164975591   
1.420126   0.377312   0.0078287352178440106   
1.4201540000000001   0.398192   0.0070947637655449029   
1.4201820000000001   0.419908   0.008938313139389209   
1.4202100000000002   0.440588   0.0091049896943013246   
1.4202380000000001   0.464176   0.0096068997427196389   
1.420266   0.487848   0.0086420692995241471   
1.4202940000000002   0.509772   0.0088308108096343881   
1.4203220000000001   0.539656   0.010474131011422592   
1.42035   0.564852   0.011219009344263274   
1.4203780000000001   0.592624   0.011216827358928192   
1.4204060000000001   0.622472   0.011996012374488819   
1.4204340000000002   0.65112   0.012711996084189314   
1.4204620000000001   0.681808   0.013961650077583555   
1.42049   0.711748   0.013716129094366724   
1.4205180000000002   0.74646   0.013662749682581793   
1.4205460000000001   0.782296   0.014487228643801332   
1.420574   0.817868   0.014640210138139715   
1.4206020000000001   0.851776   0.014274365773029015   
1.4206300000000001   0.88808   0.016658833359178814   
1.4206580000000002   0.9297   0.015798471093396629   
1.4206860000000001   0.96918   0.017447261739947109   
1.420714   1.011584   0.017596355380210604   
1.4207420000000002   1.056692   0.019504652482021935   
1.4207700000000001   1.092808   0.018449573605431162   
1.420798   1.136516   0.019142714958960236   
1.4208260000000001   1.187352   0.01947533578657888   
1.4208540000000001   1.233224   0.020958594694195399   
1.4208820000000002   1.285672   0.021508510604977846   
1.4209100000000001   1.329932   0.021301369429113134   
1.420938   1.385252   0.023476024687137963   
1.4209660000000002   1.431204   0.022938546267993726   
1.4209940000000001   1.48588   0.024048722396187472   
1.421022   1.539116   0.024597573466593091   
1.4210500000000001   1.599956   0.025149383699097767   
1.4210780000000001   1.662576   0.026599930626475952   
1.4211060000000002   1.713124   0.026799686532163437   
1.4211340000000001   1.77774   0.026642620658553008   
1.421162   1.8312   0.026872213157832757   
1.4211900000000002   1.893844   0.028951530652300771   
1.4212180000000001   1.956936   0.028548249808195092   
1.421246   2.017252   0.029779194556677393   
1.4212740000000001   2.086324   0.029145898404025526   
1.4213020000000001   2.157568   0.030206774104127336   
1.42133   2.220672   0.029512862009639119   
1.4213580000000001   2.29392   0.032277021478995789   
1.421386   2.361236   0.034213709766700249   
1.4214140000000002   2.437376   0.033081615545663894   
1.4214420000000001   2.51254   0.032676060282040667   
1.42147   2.579404   0.033314949303745175   
1.4214980000000002   2.656184   0.035702087433525664   
1.4215260000000001   2.733728   0.034752693670179487   
1.421554   2.809496   0.037425561413439225   
1.4215820000000001   2.895184   0.035376308556873358   
1.42161   2.972516   0.036423561336646429   
1.4216380000000002   3.04698   0.036701907065195159   
1.4216660000000001   3.1295   0.036269366198548947   
1.421694   3.215816   0.03899622509366202   
1.4217220000000002   3.309984   0.037309062205671515   
1.4217500000000001   3.396012   0.036998149647426067   
1.421778   3.480672   0.039770282506749518   
1.4218060000000001   3.569688   0.038508181779980213   
1.421834   3.653984   0.041548179347729681   
1.4218620000000002   3.747272   0.040202757141491897   
1.4218900000000001   3.833672   0.042333998440969409   
1.421918   3.924648   0.042718181734089133   
1.4219460000000002   4.019584   0.043568679555642063   
1.4219740000000001   4.114992   0.04413605220225298   
1.422002   4.213292   0.045523685088094525   
1.4220300000000001   4.304892   0.044409512514525282   
1.422058   4.409612   0.045751944531838694   
1.4220860000000002   4.503376   0.045534652279579589   
1.4221140000000001   4.615168   0.046039997219808771   
1.422142   4.713216   0.048846657913651918   
1.4221700000000002   4.81354   0.045396165574736476   
1.4221980000000001   4.911824   0.045564033067029231   
1.422226   5.01664   0.048485119275001389   
1.4222540000000001   5.127272   0.042972867843171304   
1.422282   5.231788   0.048458240092773581   
1.4223100000000002   5.329328   0.048269582895327455   
1.4223380000000001   5.43514   0.048561727682976394   
1.422366   5.541416   0.050092912854237394   
1.4223940000000002   5.650572   0.046168036292559716   
1.4224220000000001   5.75592   0.043515266490942886   
1.42245   5.878656   0.048616385788241307   
1.4224780000000001   5.976568   0.045580414819427772   
1.422506   6.09764   0.045383477365422072   
1.4225340000000002   6.204032   0.050831355782299045   
1.4225620000000001   6.324168   0.051345772968938513   
1.42259   6.427124   0.04957598251841982   
1.4226180000000002   6.54648   0.050627113684270011   
1.4226460000000001   6.662552   0.0474627581911451   
1.422674   6.778708   0.048402751822597855   
1.4227020000000001   6.889088   0.048566863801933475   
1.4227300000000001   7.00728   0.04558899555326434   
1.4227580000000002   7.116612   0.051332564167397669   
1.4227860000000001   7.237636   0.049453874518473146   
1.422814   7.3481   0.048894491850650556   
1.4228420000000002   7.457792   0.048085579931340468   
1.4228700000000001   7.5851   0.04667306822759542   
1.422898   7.700776   0.049290004828565393   
1.4229260000000001   7.812408   0.046915696610456983   
1.4229540000000001   7.941204   0.047305624734861662   
1.4229820000000002   8.05436   0.046338680938402968   
1.4230100000000001   8.164224   0.043446972716430123   
1.423038   8.291044   0.048214126265603496   
1.4230660000000002   8.408696   0.046924346563851543   
1.4230940000000001   8.517404   0.048155390864713497   
1.423122   8.642016   0.045773193979785943   
1.4231500000000001   8.755116   0.045350042979276465   
1.4231780000000001   8.857436   0.047728826770505139   
1.4232060000000002   8.981176   0.042439589148707731   
1.4232340000000001   9.09724   0.041878395809242207   
1.423262   9.208768   0.044345571764395026   
1.4232900000000002   9.313752   0.040850075065890505   
1.4233180000000001   9.428492   0.036866877901745666   
1.423346   9.544416   0.041680730298571101   
1.4233740000000001   9.65268   0.038027125756929559   
1.4234020000000001   9.746848   0.037526449481221469   
1.4234300000000002   9.86672   0.042388324178559655   
1.4234580000000001   9.976884   0.039375309330707343   
1.423486   10.071648   0.042094453284647056   
1.4235140000000002   10.17658   0.03685490119675027   
1.4235420000000001   10.28674   0.0391818467036855   
1.42357   10.377672   0.035187594177493868   
1.4235980000000001   10.481988   0.032387598751511172   
1.4236260000000001   10.578832   0.036836316766051525   
1.4236540000000002   10.666552   0.034018459720830657   
1.4236820000000001   10.7522   0.037761616726217911   
1.42371   10.85698   0.031477902090196554   
1.4237380000000002   10.947076   0.032377298192131797   
1.4237660000000001   11.037348   0.030615267099203211   
1.423794   11.12278   0.03155974496446734   
1.4238220000000001   11.212604   0.032262057218968525   
1.4238500000000001   11.281788   0.033763277381728749   
1.4238780000000002   11.3438   0.029680192871490716   
1.4239060000000001   11.41058   0.030480816699469585   
1.423934   11.511164   0.035554463986021983   
1.4239620000000002   11.569892   0.028508275632797518   
1.4239900000000001   11.637936   0.028401319030401842   
1.424018   11.690324   0.03065381843896269   
1.4240460000000001   11.766784   0.030599355229227357   
1.4240740000000001   11.80554   0.02853425995380134   
1.4241020000000002   11.86794   0.029339311057578294   
1.4241300000000001   11.923284   0.034717189568793686   
1.424158   11.95698   0.0261322389226624   
1.4241860000000002   12.00612   0.029217793665276403   
1.4242140000000001   12.036828   0.030500106549904911   
1.424242   12.080664   0.030889044846928447   
1.4242700000000001   12.093876   0.02421529540508556   
1.4242980000000001   12.128612   0.035679559065536588   
1.4243260000000002   12.152036   0.03527772149356842   
1.4243540000000001   12.171468   0.032411748240414292   
1.424382   12.187708   0.031667184865935479   
1.4244100000000002   12.189136   0.035397946054663803   
1.4244380000000001   12.19746   0.037931342537098074   
1.424466   12.191148   0.034710248528192507   
1.4244940000000001   12.18772   0.032676549797472003   
1.4245220000000001   12.185628   0.042983480465044802   
1.42455   12.169644   0.038932956824663475   
1.4245780000000001   12.15798   0.041408502937869588   
1.424606   12.121352   0.042722218336078436   
1.4246340000000002   12.103612   0.037693480980727222   
1.4246620000000001   12.066772   0.045013849542853666   
1.42469   12.0365   0.046894774027722033   
1.4247180000000002   12.00024   0.046472640457704908   
1.4247460000000001   11.940424   0.044804751414703011   
1.424774   11.887484   0.042978137056983833   
1.4248020000000001   11.840988   0.043880127640855587   
1.42483   11.771356   0.050657531966025405   
1.4248580000000002   11.715148   0.046415392868218961   
1.4248860000000001   11.634464   0.050397599307903559   
1.424914   11.57626   0.048293197220496579   
1.4249420000000002   11.487064   0.050901583193016279   
1.4249700000000001   11.40274   0.053132810453303423   
1.424998   11.298396   0.053231916391077525   
1.4250260000000001   11.222616   0.054353518442793674   
1.425054   11.10236   0.054392016080793805   
1.4250820000000002   11.01114   0.058257624088564114   
1.4251100000000001   10.900752   0.051704756987255136   
1.425138   10.79916   0.054142565715176663   
1.4251660000000002   10.683972   0.055253156386460546   
1.4251940000000001   10.561   0.054997219162022676   
1.425222   10.441644   0.05359337950821081   
1.4252500000000001   10.321868   0.054397362043883456   
1.425278   10.176304   0.052442768364930714   
1.4253060000000002   10.043728   0.055521489829514565   
1.4253340000000001   9.916112   0.051752083474967461   
1.425362   9.772348   0.05977676101407079   
1.4253900000000002   9.638116   0.054374112288028312   
1.4254180000000001   9.48574   0.059700424640216941   
1.425446   9.327232   0.057371468805399147   
1.4254740000000001   9.174172   0.0606833796905435   
1.425502   9.018496   0.056363744753756965   
1.4255300000000002   8.856404   0.05474934510415018   
1.4255580000000001   8.70008   0.056938942424710034   
1.425586   8.543228   0.057956059999508804   
1.4256140000000002   8.374344   0.05647407718394147   
1.4256420000000001   8.221116   0.053417182237761487   
1.42567   8.056648   0.055754596199177467   
1.4256980000000001   7.87958   0.054786233875146251   
1.425726   7.716668   0.054520884006854552   
1.4257540000000002   7.54334   0.053834427728813915   
1.4257820000000001   7.366492   0.055537089924962165   
1.42581   7.203836   0.051266972326787115   
1.4258380000000002   7.026972   0.051098365462007576   
1.4258660000000001   6.859696   0.051840185596375576   
1.425894   6.688056   0.048916044975038614   
1.4259220000000001   6.515304   0.050599367303905639   
1.4259500000000001   6.352908   0.050164074635141036   
1.4259780000000002   6.19338   0.049193981294011521   
1.4260060000000001   6.013824   0.049301449228192069   
1.426034   5.855564   0.045405438519092742   
1.4260620000000002   5.685376   0.044917327396500825   
1.4260900000000001   5.52026   0.042509950207765094   
1.426118   5.359812   0.043324037997911091   
1.4261460000000001   5.198784   0.042988897047183397   
1.4261740000000001   5.030848   0.044652576404453477   
1.4262020000000002   4.873224   0.043066443012835152   
1.4262300000000001   4.71342   0.040057004381256466   
1.426258   4.563764   0.040013772051354737   
1.4262860000000002   4.411716   0.038838524951965463   
1.4263140000000001   4.264876   0.038619849565274647   
1.426342   4.110432   0.035921832568942129   
1.4263700000000001   3.98026   0.036272800094101727   
1.4263980000000001   3.828012   0.032491678825337557   
1.4264260000000002   3.692544   0.033190049486086775   
1.4264540000000001   3.552204   0.033594833174165342   
1.426482   3.41856   0.03413841472593594   
1.4265100000000002   3.271988   0.030206440549436911   
1.4265380000000001   3.152064   0.030734889447228104   
1.426566   3.027284   0.028083120719274298   
1.4265940000000001   2.902608   0.027169631282003075   
1.4266220000000001   2.787228   0.026625892861398408   
1.4266500000000002   2.675156   0.027643714463388116   
1.4266780000000001   2.555076   0.024797263970939304   
1.426706   2.455868   0.024736196815373396   
1.4267340000000002   2.33702   0.025286135155675947   
1.4267620000000001   2.2397   0.02174755873911164   
1.42679   2.13608   0.021878016566610623   
1.4268180000000001   2.038388   0.022537132658003423   
1.4268460000000001   1.945508   0.021035970928124257   
1.4268740000000002   1.856856   0.01919511530456526   
1.4269020000000001   1.767412   0.017182118922492264   
1.42693   1.685708   0.016863449548258703   
1.4269580000000002   1.594748   0.015895962925640376   
1.4269860000000001   1.51404   0.015395245442090952   
1.427014   1.444624   0.015676980661679296   
1.4270420000000001   1.364952   0.014142931080775144   
1.4270700000000001   1.299036   0.01420397997432801   
1.4270980000000002   1.229384   0.012806933122336511   
1.4271260000000001   1.162792   0.01186213066864465   
1.427154   1.099884   0.011970147237560985   
1.4271820000000002   1.046908   0.011508851163826522   
1.4272100000000001   0.983024   0.011470058723089046   
1.427238   0.928404   0.0092067636007448344   
1.4272660000000001   0.873452   0.010346448537219588   
1.4272940000000001   0.822124   0.0089652017638571108   
1.4273220000000002   0.777292   0.0090072130108165099   
1.4273500000000001   0.731804   0.0091004360335096031   
1.427378   0.688828   0.0075896679476480105   
1.4274060000000002   0.649388   0.0079499479802630712   
1.4274340000000001   0.607996   0.0068648708331297508   
1.427462   0.570372   0.0060701178461926645   
1.4274900000000001   0.536104   0.0062771719038999646   
1.4275180000000001   0.50436   0.0064426219645248297   
1.427546   0.470716   0.0063429973987067025   
1.4275740000000001   0.440176   0.0053589425159156996   
1.427602   0.411948   0.0050338729953519222   
1.4276300000000002   0.38328   0.0043308177313553871   
1.4276580000000001   0.357144   0.0036979763835553813   
1.427686   0.333276   0.0048074107607133197   
1.4277140000000001   0.313456   0.0038149656180189446   
1.4277420000000001   0.293464   0.0033784635561154125   
1.42777   0.271596   0.0031309917491640458   
1.4277980000000001   0.249756   0.0034328631393245688   
1.427826   0.234072   0.003329313843221553   
1.4278540000000002   0.216572   0.0024009705444997771   
1.4278820000000001   0.20118   0.0023413823077641787   
1.42791   0.188116   0.0023231889959947534   
1.4279380000000002   0.173524   0.0019666051967794653   
1.4279660000000001   0.162372   0.0019749547392844783   
1.427994   0.149228   0.0022253572996512518   
1.4280220000000001   0.13712   0.0017018473622638561   
1.42805   0.126688   0.0016198853183001703   
1.4280780000000002   0.116736   0.001749252030630997   
1.4281060000000001   0.108216   0.0014784881166621229   
1.428134   0.09946   0.0015695349629747023   
1.4281620000000002   0.092408   0.0015947892929440205   
1.4281900000000001   0.085712   0.0010552017184721917   
1.428218   0.07856   0.00099479534467033871   
1.4282460000000001   0.071916   0.00097800613495008303   
1.428274   0.06648   0.00071913528320862932   
1.4283020000000002   0.060472   0.0011613141980819259   
1.4283300000000001   0.055016   0.00081813229030789666   
1.428358   0.051104   0.00086531587039390166   
1.4283860000000002   0.047512   0.0010445337077694844   
1.4284140000000001   0.042872   0.00054385619014180169   
1.428442   0.038356   0.00054541156733037646   
1.4284700000000001   0.035612   0.00057286957988320131   
1.428498   0.032792   0.00044577223880462641   
1.4285260000000002   0.029588   0.00063545749049186776   
1.4285540000000001   0.026468   0.00058703170461417347   
1.428582   0.024228   0.00057153360939376669   
1.4286100000000002   0.021416   0.00049214993198775875   
1.4286380000000001   0.020792   0.0005293786714420763   
1.428666   0.01914   0.00041441793182996102   
1.4286940000000001   0.016496   0.00033758356990035322   
1.428722   0.01534   0.00051990597440520168   
1.4287500000000002   0.013848   0.00038379624223740851   
1.4287780000000001   0.0124   0.00025389411616306161   
1.428806   0.011192   0.00023670328355230826   
1.4288340000000002   0.010044   0.00028499980506815946   
1.4288620000000001   0.009364   0.00033303720179249912   
1.42889   0.008384   0.00022184679398179276   
1.4289180000000001   0.007276   0.00016345709596778667   
1.428946   0.00708   0.00024858711864365691   
1.4289740000000002   0.006064   0.00021276591205673275   
1.4290020000000001   0.005412   0.00025143499270299581   
1.42903   0.004828   0.00015109084831466281   
1.4290580000000002   0.004524   0.0001969952058074285   
1.4290860000000001   0.00382   0.0001634353422950835   
1.429114   0.003536   0.00013922962647687054   
1.4291420000000001   0.0032   0.00012816655830077777   
1.4291700000000001   0.002744   0.00013626118710443965   
1.4291980000000002   0.002604   0.00013759198943090966   
1.4292260000000001   0.002224   9.5069565173204733e-05   
1.429254   0.001952   8.5333333333333333e-05   
1.4292820000000002   0.001672   7.2e-05   
1.4293100000000001   0.001596   0.00011414610520439729   
1.429338   0.001324   3.7452191747168372e-05   
1.4293660000000001   0.001236   8.5883642214335554e-05   
1.4293940000000001   0.001172   8.5176940019650337e-05   
1.4294220000000002   0.000956   7.8757010269985914e-05   
1.4294500000000001   0.000992   8.214891627066327e-05   
1.429478   0.000768   6.9996825324835665e-05   
1.4295060000000002   0.000764   5.4471195242174658e-05   
1.4295340000000001   0.000588   6.1405754344903757e-05   
1.429562   0.000564   4.5975839065511113e-05   
1.4295900000000001   0.000576   3.919183588453085e-05   
1.4296180000000001   0.000468   5.499090833947008e-05   
1.4296460000000002   0.000404   6.0354508254700134e-05   
1.4296740000000001   0.000332   2.462158041682585e-05   
1.429702   0.000224   3.3836206774532054e-05   
1.4297300000000002   0.000292   4.5038255344145431e-05   
1.4297580000000001   0.000208   2.515728301881761e-05   
1.429786   0.000196   2.3437861108329261e-05   
1.4298140000000001   0.00014   1.6055459438389727e-05   
1.4298420000000001   0.000188   2.8627880738111851e-05   
1.4298700000000002   0.000156   2.4908722256359206e-05   
1.4298980000000001   0.000108   2.8627880738111851e-05   
1.429926   0.00012   2.6666666666666667e-05   
1.4299540000000002   0.0001   2.9363620727393654e-05   
1.4299820000000001   8.8e-05   1.9595917942265425e-05   
1.43001   6e-05   2.0869967789998037e-05   
1.4300380000000001   3.2e-05   1.3063945294843617e-05   
1.4300660000000001   7.6e-05   2.1039645117412667e-05   
1.4300940000000002   5.2e-05   1.6918103387266027e-05   
1.4301220000000001   2.8e-05   1.339983416149452e-05   
1.43015   7.2e-05   2.3701851779508237e-05   
1.4301780000000002   4.4e-05   1.2578641509408805e-05   
1.4302060000000001   3.2e-05   9.977753031397177e-06   
1.430234   1.6e-05   1.0666666666666667e-05   
1.4302620000000001   1.2e-05   6.1101009266077867e-06   
1.4302900000000001   8e-06   5.3333333333333333e-06   
1.4303180000000002   2.4e-05   1.0666666666666667e-05   
1.4303460000000001   0   0   
1.430374   8e-06   8e-06   
1.4304020000000002   4e-06   4e-06   
1.4304300000000001   1.2e-05   8.5374989832437982e-06   
1.430458   8e-06   5.3333333333333333e-06   
1.4304860000000001   0   0   
