-0.00359999   0.00685076     0
0.00692264   0.00376004     0
0.0488998   0.00754876     1
0.0575295   0.000266282     1
0.0983825   0.00516309     2
0.108761   0.00166306     2
0.149669   0.00962152     3
0.157945   0.00104952     3
0.20136   0.00966997     4
0.208087   -0.000160516     4
0.256764   0.010419     5
0.251351   -0.000487835     5
0.304987   0.0128555     6
0.301504   0.00144043     6
0.358748   0.00766848     7
0.348463   0.0054646     7
0.405385   0.0100807     8
0.40211   -0.00193102     8
0.458434   0.00321918     9
0.447999   0.00241842     9
0.502538   0.00796932     10
-0.495724   -0.00450909     10
-0.452044   0.00748785     11
-0.445037   -0.00300146     11
-0.402274   0.00967426     12
-0.395899   -0.00029753     12
-0.350839   0.00958837     13
-0.34881   -0.00274999     13
-0.30075   0.00829243     14
-0.302707   -0.00363287     14
-0.257606   0.00238202     15
-0.247486   -0.0024392     15
-0.194408   0.00384733     16
-0.204616   0.000168927     16
-0.152981   0.00865791     17
-0.143348   0.00197527     17
-0.100383   0.0103839     18
-0.0962479   -0.000606604     18
-0.0528968   0.00848206     19
-0.0445595   0.000444816     19
0.0207617   0.0555152     20
0.0303666   0.0503055     20
0.074095   0.0588422     21
0.0808265   0.0490522     21
0.132203   0.0567621     22
0.122873   0.0505523     22
0.175896   0.0604057     23
0.179726   0.0484589     23
0.22309   0.0573522     24
0.232626   0.0511517     24
0.274508   0.0622026     25
0.280282   0.0514138     25
0.323428   0.0602689     26
0.332163   0.0527518     26
0.374969   0.0586511     27
0.382484   0.0499754     27
0.426256   0.0594715     28
0.432844   0.0493875     28
0.476742   0.0598615     29
0.480022   0.0480371     29
0.525853   0.0616566     30
-0.474822   0.0491368     30
-0.426429   0.061641     31
-0.425918   0.0493801     31
-0.370704   0.0564894     32
-0.380487   0.0510531     32
-0.327818   0.060833     33
-0.324645   0.0493983     33
-0.276847   0.0585199     34
-0.277753   0.0465165     34
-0.230974   0.0547285     35
-0.226687   0.0432966     35
-0.173261   0.052857     36
-0.183908   0.0524017     36
-0.130873   0.0582188     37
-0.122014   0.0512156     37
-0.0769315   0.0623212     38
-0.0747614   0.0495341     38
-0.0306901   0.0569088     39
-0.0207512   0.0518276     39
0.0542216   0.106379     40
0.0464936   0.0981113     40
0.0969058   0.10278     41
0.107707   0.10076     41
0.156365   0.111601     42
0.150353   0.100709     42
0.201023   0.11161     43
0.202611   0.0994387     43
0.252298   0.111875     44
0.247807   0.100499     44
0.298712   0.113201     45
0.300826   0.101108     45
0.346096   0.108424     46
0.354807   0.10049     46
0.396088   0.107685     47
0.403979   0.0997325     47
0.446687   0.108477     48
0.455086   0.101546     48
0.505423   0.111072     49
0.498135   0.101507     49
-0.445812   0.112263     50
0.548685   0.101393     50
-0.40012   0.109911     51
-0.398946   0.0976293     51
-0.346305   0.108687     52
-0.35439   0.10055     52
-0.302437   0.111242     53
-0.299713   0.0988947     53
-0.255206   0.108325     54
-0.249044   0.0980671     54
-0.202025   0.106755     55
-0.206379   0.0956308     55
-0.148532   0.103645     56
-0.158948   0.0996448     56
-0.0965387   0.105947     57
-0.106864   0.101519     57
-0.0448687   0.109528     58
-0.053367   0.101828     58
0.00327356   0.107446     59
-0.00175273   0.0971504     59
0.0728392   0.157851     60
0.0787829   0.147206     60
0.130704   0.155087     61
0.121564   0.148942     61
0.171888   0.159054     62
0.182088   0.15541     62
0.224672   0.161744     63
0.228832   0.150002     63
0.279492   0.163396     64
0.273717   0.152702     64
0.326661   0.162489     65
0.324777   0.150231     65
0.381104   0.156368     66
0.371816   0.149924     66
0.428435   0.159474     67
0.423787   0.147567     67
0.481582   0.15647     68
0.472669   0.14967     68
0.531487   0.162604     69
0.526736   0.151267     69
0.575021   0.163387     70
-0.420969   0.151489     70
-0.372234   0.16055     71
-0.375174   0.149265     71
-0.321838   0.162226     72
-0.328495   0.15196     72
-0.274231   0.161651     73
-0.277858   0.149953     73
-0.221273   0.154852     74
-0.230438   0.148127     74
-0.171612   0.155553     75
-0.178808   0.146452     75
-0.120586   0.155267     76
-0.129191   0.147264     76
-0.0679392   0.154076     77
-0.0778287   0.149149     77
-0.0251273   0.159538     78
-0.0190622   0.149149     78
0.0257946   0.159516     79
0.0285233   0.14741     79
0.0957043   0.206557     80
0.101237   0.195732     80
0.154405   0.205478     81
0.143993   0.202065     81
0.195521   0.208445     82
0.20369   0.200138     82
0.246076   0.20779     83
0.256293   0.204192     83
0.298612   0.210856     84
0.308441   0.206428     84
0.353939   0.210925     85
0.355326   0.198318     85
0.401435   0.209369     86
0.403626   0.197061     86
0.450217   0.207688     87
0.455851   0.197174     87
0.499899   0.210485     88
0.502456   0.198378     88
0.546582   0.214612     89
0.552904   0.204536     89
0.598203   0.211844     90
-0.396844   0.201185     90
-0.355033   0.208476     91
-0.344803   0.203744     91
-0.303942   0.208884     92
-0.29441   0.20415     92
-0.251187   0.208203     93
-0.245251   0.198416     93
-0.202443   0.205941     94
-0.196436   0.195705     94
-0.15406   0.202134     95
-0.143275   0.199469     95
-0.0986081   0.207872     96
-0.0978417   0.195343     96
-0.0515401   0.209917     97
-0.0507872   0.197034     97
-0.00602425   0.205776     98
0.00404958   0.201645     98
0.0479616   0.209339     99
0.0507511   0.197268     99
0.125301   0.258197     100
0.122264   0.246767     100
0.177822   0.258148     101
0.169806   0.250305     101
0.229143   0.254173     102
0.218654   0.252739     102
0.281606   0.258885     103
0.272127   0.252046     103
0.323705   0.260793     104
0.331229   0.251081     104
0.373792   0.262     105
0.379273   0.251686     105
0.422801   0.25977     106
0.427436   0.247876     106
0.475199   0.26176     107
0.472421   0.249368     107
0.524731   0.264201     108
0.519431   0.253394     108
0.567522   0.260538     109
0.577818   0.255247     109
0.618803   0.260553     110
-0.372885   0.251423     110
-0.328957   0.261147     111
-0.324754   0.25032     111
-0.2808   0.260043     112
-0.273863   0.251201     112
-0.230948   0.255398     113
-0.221509   0.250182     113
-0.17825   0.255569     114
-0.171128   0.246477     114
-0.127336   0.257966     115
-0.12422   0.245782     115
-0.0741526   0.259375     116
-0.0784415   0.24816     116
-0.0268879   0.259684     117
-0.0290708   0.247091     117
0.0156458   0.252013     118
0.0261599   0.251011     118
0.0786677   0.255223     119
0.0701578   0.247734     119
0.150656   0.310028     120
0.147927   0.298249     120
0.194739   0.309608     121
0.200962   0.299142     121
0.244093   0.306069     122
0.252177   0.297949     122
0.294688   0.309018     123
0.303425   0.302635     123
0.347253   0.312176     124
0.349834   0.300032     124
0.395727   0.311999     125
0.400187   0.300891     125
0.448325   0.311338     126
0.44613   0.299316     126
0.49667   0.314391     127
0.496454   0.302054     127
0.551004   0.307766     128
0.540494   0.306987     128
0.592834   0.311671     129
0.599181   0.302104     129
0.642501   0.310965     130
-0.350891   0.300471     130
-0.305985   0.311435     131
-0.301787   0.300411     131
-0.258227   0.306195     132
-0.248521   0.300346     132
-0.206166   0.306423     133
-0.20136   0.295361     133
-0.158332   0.304944     134
-0.149045   0.297529     134
-0.107199   0.304798     135
-0.0975266   0.299833     135
-0.0554796   0.309054     136
-0.0476564   0.300647     136
-0.00625181   0.302271     137
0.00485293   0.301384     137
0.0512807   0.305384     138
0.0479609   0.293586     138
0.104048   0.30304     139
0.0939187   0.299513     139
0.168509   0.361102     140
0.17525   0.351418     140
0.218859   0.358663     141
0.223311   0.347336     141
0.269575   0.358403     142
0.269399   0.346156     142
0.31509   0.355252     143
0.325843   0.3547     143
0.368261   0.360348     144
0.375408   0.351708     144
0.419483   0.361221     145
0.425682   0.351405     145
0.477131   0.360461     146
0.467983   0.35462     146
0.520901   0.364106     147
0.522504   0.352147     147
0.57138   0.364446     148
0.569997   0.351526     148
0.614822   0.355875     149
0.625625   0.355003     149
-0.324558   0.36142     150
-0.330573   0.350896     150
-0.281989   0.358639     151
-0.275725   0.348364     151
-0.233921   0.357808     152
-0.229386   0.346708     152
-0.184884   0.354915     153
-0.177759   0.345408     153
-0.135763   0.353225     154
-0.125305   0.349069     154
-0.0738736   0.355239     155
-0.0843926   0.352551     155
-0.0303725   0.355781     156
-0.0230519   0.346937     156
0.0197198   0.35492     157
0.0258587   0.34439     157
0.0689424   0.353488     158
0.0785593   0.347391     158
0.121837   0.3595     159
0.123562   0.347309     159
0.189968   0.408702     160
0.196762   0.399192     160
0.239274   0.407688     161
0.247129   0.399949     161
0.294054   0.407741     162
0.293325   0.395749     162
0.337563   0.40943     163
0.34628   0.401316     163
0.387322   0.407531     164
0.397505   0.402019     164
0.439358   0.405977     165
0.449517   0.405738     165
0.491   0.413023     166
0.497585   0.403365     166
0.541425   0.412125     167
0.549534   0.404919     167
0.591982   0.412879     168
0.599295   0.403469     168
0.645025   0.410697     169
0.646281   0.398639     169
0.691083   0.412331     170
-0.301979   0.401983     170
-0.257238   0.41037     171
-0.254477   0.398437     171
-0.208095   0.407191     172
-0.205835   0.394958     172
-0.161579   0.400412     173
-0.151058   0.400373     173
-0.110287   0.405007     174
-0.102801   0.39666     174
-0.0597315   0.40421     175
-0.0503397   0.398198     175
-0.00882836   0.404316     176
0.00101904   0.398016     176
0.0435656   0.405792     177
0.0474386   0.393848     177
0.0919088   0.408307     178
0.0941613   0.396612     178
0.137455   0.40889     179
0.146967   0.402539     179
0.211765   0.459086     180
0.219276   0.44992     180
0.264407   0.458672     181
0.268152   0.447293     181
0.311896   0.463451     182
0.313184   0.451162     182
0.358134   0.454864     183
0.368169   0.450512     183
0.411734   0.458051     184
0.418321   0.449017     184
0.47049   0.456895     185
0.460665   0.45286     185
0.513647   0.458079     186
0.523992   0.45545     186
0.564071   0.459359     187
0.574758   0.457064     187
0.616317   0.461936     188
0.622047   0.451405     188
0.672127   0.462478     189
0.667658   0.451532     189
0.715472   0.460564     190
-0.279576   0.44974     190
-0.234321   0.459465     191
-0.230769   0.447766     191
-0.188246   0.453959     192
-0.179629   0.446193     192
-0.137756   0.456716     193
-0.131542   0.446917     193
-0.0884243   0.455348     194
-0.0803639   0.446727     194
-0.0379657   0.451872     195
-0.0275295   0.447765     195
0.0171601   0.458562     196
0.0179611   0.446189     196
0.064977   0.458281     197
0.0651669   0.445783     197
0.109673   0.45396     198
0.120435   0.453424     198
0.163946   0.460129     199
0.166849   0.447546     199
-0.24757   -0.491993     200
-0.238557   -0.499994     200
-0.188535   -0.489643     201
-0.196415   -0.498272     201
-0.145412   -0.489618     202
-0.138701   -0.499428     202
-0.0895109   -0.492309     203
0.385913   0.496621     203
-0.0451753   -0.491075     204
0.439825   0.497731     204
0.00286809   -0.496439     205
0.0130587   -0.497556     205
0.0552976   -0.493577     206
0.066058   -0.49423     206
0.107667   -0.489441     207
0.116854   -0.495539     207
0.162368   -0.488171     208
0.643109   0.499732     208
0.208531   -0.487603     209
0.215247   -0.49723     209
0.258425   -0.488967     210
-0.255649   0.499256     210
-0.692152   -0.491118     211
-0.206561   0.497841     211
-0.642523   -0.493022     212
-0.161093   0.495045     212
-0.595722   -0.493731     213
-0.109239   0.496174     213
-0.545793   -0.497304     214
-0.0562818   0.496286     214
-0.489766   -0.493333     215
-0.0124574   0.494846     215
-0.445378   -0.490743     216
0.0409265   0.498497     216
-0.397413   -0.492399     217
0.0913461   0.49932     217
-0.347756   -0.495156     218
-0.337591   -0.499213     218
-0.292792   -0.48839     219
0.18911   0.499559     219
-0.216153   -0.440138     220
-0.220613   -0.452214     220
-0.16248   -0.442992     221
-0.172988   -0.444591     221
-0.120468   -0.441969     222
-0.113379   -0.451805     222
-0.0610739   -0.442844     223
-0.070709   -0.448533     223
-0.0165045   -0.440804     224
-0.0165844   -0.453419     224
0.0331766   -0.441048     225
0.0325115   -0.453501     225
0.0775882   -0.443036     226
0.0879236   -0.447317     226
0.130956   -0.441031     227
0.139317   -0.449106     227
0.181356   -0.441366     228
0.190753   -0.446778     228
0.232057   -0.437681     229
0.237754   -0.447889     229
0.280324   -0.44344     230
-0.709123   -0.446107     230
-0.663044   -0.441234     231
-0.667083   -0.453269     231
-0.618325   -0.443778     232
-0.616684   -0.455713     232
-0.57185   -0.444631     233
-0.565377   -0.454234     233
-0.523029   -0.445918     234
-0.515543   -0.454624     234
-0.465586   -0.441426     235
-0.473333   -0.449571     235
-0.424594   -0.4466     236
-0.413328   -0.449254     236
-0.369605   -0.440384     237
-0.367214   -0.452861     237
-0.317614   -0.440543     238
-0.322218   -0.451786     238
-0.274213   -0.44247     239
-0.263725   -0.445561     239
-0.197555   -0.392175     240
-0.188202   -0.397176     240
-0.136771   -0.394677     241
-0.147405   -0.39668     241
-0.0917305   -0.392661     242
-0.0937049   -0.404888     242
-0.0475046   -0.395998     243
-0.0362821   -0.3964     243
0.0117762   -0.39224     244
0.00632401   -0.402903     244
0.0600025   -0.389994     245
0.0565531   -0.401221     245
0.104867   -0.390627     246
0.10872   -0.402162     246
0.151563   -0.392176     247
0.161895   -0.397274     247
0.213409   -0.392277     248
0.203449   -0.396297     248
0.255253   -0.39033     249
0.263272   -0.398583     249
0.304875   -0.392109     250
-0.687999   -0.401738     250
-0.645051   -0.391521     251
-0.63877   -0.401076     251
-0.592499   -0.392364     252
-0.593581   -0.404177     252
-0.543927   -0.392781     253
-0.545794   -0.40484     253
-0.491486   -0.396136     254
-0.499849   -0.403782     254
-0.447919   -0.394619     255
-0.438941   -0.40044     255
-0.390216   -0.391644     256
-0.395986   -0.4019     256
-0.342375   -0.389062     257
-0.346342   -0.40075     257
-0.298994   -0.390972     258
-0.290271   -0.397824     258
-0.249048   -0.393355     259
-0.239542   -0.399541     259
-0.174035   -0.343963     260
-0.164679   -0.349937     260
-0.123627   -0.347031     261
-0.112872   -0.347422     261
-0.0723062   -0.346362     262
-0.0628556   -0.352526     262
-0.0220108   -0.344013     263
-0.0130311   -0.35071     263
0.0297479   -0.340254     264
0.0342889   -0.351866     264
0.0780126   -0.339434     265
0.0839085   -0.349546     265
0.126666   -0.340409     266
0.134816   -0.348716     266
0.179457   -0.339637     267
0.183862   -0.351286     267
0.225953   -0.342631     268
0.236415   -0.346897     268
0.279176   -0.341666     269
0.286442   -0.351047     269
0.32968   -0.339429     270
-0.665091   -0.35022     270
-0.621665   -0.340848     271
-0.617074   -0.352032     271
-0.571423   -0.340656     272
-0.568046   -0.35326     272
-0.522893   -0.343722     273
-0.517365   -0.355216     273
-0.475205   -0.346967     274
-0.465092   -0.352518     274
-0.422854   -0.344135     275
-0.416365   -0.353063     275
-0.373835   -0.34015     276
-0.367242   -0.350331     276
-0.325369   -0.338541     277
-0.316894   -0.346965     277
-0.275684   -0.343523     278
-0.265707   -0.348749     278
-0.217243   -0.341539     279
-0.22399   -0.351238     279
-0.146975   -0.291944     280
-0.140837   -0.302476     280
-0.0958689   -0.293244     281
-0.0919117   -0.304104     281
-0.0495623   -0.292957     282
-0.0429412   -0.302715     282
-0.00132488   -0.292458     283
0.00703021   -0.301066     283
0.048719   -0.289751     284
0.0548028   -0.299494     284
0.0989388   -0.290261     285
0.105419   -0.300149     285
0.14841   -0.292246     286
0.156937   -0.29893     286
0.199323   -0.293285     287
0.20909   -0.298687     287
0.254546   -0.28967     288
0.25507   -0.301999     288
0.299975   -0.290041     289
0.30619   -0.300414     289
0.350395   -0.290181     290
-0.641285   -0.298653     290
-0.600091   -0.291149     291
-0.594762   -0.301788     291
-0.550089   -0.294415     292
-0.541466   -0.301209     292
-0.495869   -0.292268     293
-0.496169   -0.305072     293
-0.448398   -0.293044     294
-0.448174   -0.304958     294
-0.397681   -0.291087     295
-0.402229   -0.302303     295
-0.355056   -0.290987     296
-0.345553   -0.298717     296
-0.301649   -0.291487     297
-0.293465   -0.298833     297
-0.250755   -0.295665     298
-0.240673   -0.30037     298
-0.200074   -0.293265     299
-0.189979   -0.296946     299
-0.123861   -0.241443     300
-0.118626   -0.252439     300
-0.0745216   -0.241229     301
-0.0701575   -0.25183     301
-0.0244124   -0.240471     302
-0.0232983   -0.252466     302
0.0280019   -0.239894     303
0.0230531   -0.251108     303
0.0737172   -0.237833     304
0.0763571   -0.250077     304
0.120006   -0.241867     305
0.128632   -0.249513     305
0.170902   -0.243284     306
0.180138   -0.249536     306
0.22242   -0.241886     307
0.228522   -0.25191     307
0.271625   -0.242519     308
0.280819   -0.247559     308
0.326921   -0.239051     309
0.327958   -0.251527     309
0.37371   -0.239431     310
0.377798   -0.250294     310
-0.577661   -0.245242     311
-0.570044   -0.253588     311
-0.526649   -0.246071     312
-0.517753   -0.252275     312
-0.471598   -0.240156     313
-0.471076   -0.252913     313
-0.424692   -0.239916     314
-0.423006   -0.252068     314
-0.36917   -0.242851     315
-0.379535   -0.247408     315
-0.317804   -0.243564     316
-0.326538   -0.250039     316
-0.269174   -0.240396     317
-0.271708   -0.25238     317
-0.221328   -0.241271     318
-0.222744   -0.253533     318
-0.176977   -0.245122     319
-0.16742   -0.250241     319
-0.0919246   -0.193323     320
-0.100452   -0.200406     320
-0.0440074   -0.191757     321
-0.0500844   -0.201202     321
0.00480352   -0.188961     322
-0.00117852   -0.199261     322
0.0548725   -0.189336     323
0.0476322   -0.198188     323
0.100622   -0.188108     324
0.100466   -0.200361     324
0.149971   -0.190558     325
0.149239   -0.202709     325
0.194567   -0.197769     326
0.20536   -0.198081     326
0.251959   -0.19033     327
0.248154   -0.20222     327
0.305774   -0.192254     328
0.296195   -0.198548     328
0.353126   -0.187773     329
0.350067   -0.19954     329
0.397597   -0.193115     330
-0.594356   -0.201293     330
-0.551937   -0.193117     331
-0.548316   -0.205074     331
-0.503431   -0.193371     332
-0.498654   -0.205087     332
-0.455439   -0.19278     333
-0.445303   -0.19839     333
-0.403508   -0.194474     334
-0.393105   -0.198219     334
-0.349687   -0.193467     335
-0.34172   -0.201171     335
-0.300185   -0.192329     336
-0.292364   -0.200823     336
-0.246791   -0.188691     337
-0.243703   -0.200899     337
-0.200113   -0.191294     338
-0.19538   -0.202212     338
-0.143108   -0.192907     339
-0.150593   -0.202243     339
-0.0666016   -0.143672     340
-0.0762495   -0.149286     340
-0.0199789   -0.14012     341
-0.0233415   -0.151361     341
0.0282447   -0.136382     342
0.0257337   -0.148667     342
0.0826526   -0.14221     343
0.0720122   -0.145503     343
0.127155   -0.13874     344
0.128831   -0.151199     344
0.179543   -0.140339     345
0.17581   -0.152199     345
0.23031   -0.144076     346
0.22238   -0.152262     346
0.281132   -0.141032     347
0.274775   -0.151019     347
0.329031   -0.138727     348
0.324176   -0.149818     348
0.372955   -0.140154     349
0.379611   -0.149706     349
0.421882   -0.141418     350
-0.571842   -0.151541     350
-0.522655   -0.143655     351
-0.528446   -0.154356     351
-0.471224   -0.144477     352
-0.480842   -0.1504     352
-0.429434   -0.148341     353
-0.418743   -0.148693     353
-0.377198   -0.142072     354
-0.370598   -0.15284     354
-0.317167   -0.146107     355
-0.327485   -0.147345     355
-0.267616   -0.142036     356
-0.274682   -0.151118     356
-0.224437   -0.144366     357
-0.214064   -0.145529     357
-0.169584   -0.141591     358
-0.169046   -0.15427     358
-0.119347   -0.140563     359
-0.122152   -0.152534     359
-0.0440439   -0.0904427     360
-0.0483385   -0.101755     360
0.00470758   -0.0871639     361
0.0012622   -0.0991627     361
0.0491184   -0.0914759     362
0.058485   -0.0975095     362
0.10981   -0.0904552     363
0.100827   -0.0971199     363
0.153903   -0.089216     364
0.153477   -0.10177     364
0.197906   -0.0959792     365
0.208292   -0.100091     365
0.253905   -0.090423     366
0.253029   -0.103003     366
0.299976   -0.0878369     367
0.301715   -0.100134     367
0.345641   -0.0901588     368
0.35555   -0.0963057     368
0.407144   -0.0919589     369
0.397923   -0.0984432     369
0.451778   -0.0920449     370
-0.547876   -0.104562     370
-0.49714   -0.0911071     371
-0.499441   -0.103184     371
-0.450523   -0.0910484     372
-0.448268   -0.103289     372
-0.395638   -0.0948593     373
-0.403429   -0.103015     373
-0.352635   -0.0941861     374
-0.345386   -0.103441     374
-0.302277   -0.0959413     375
-0.292734   -0.100727     375
-0.25083   -0.0961345     376
-0.240673   -0.0977716     376
-0.194613   -0.0902143     377
-0.19398   -0.101965     377
-0.147208   -0.0900067     378
-0.144422   -0.102176     378
-0.0981894   -0.0906772     379
-0.0939477   -0.102198     379
-0.0166238   -0.0423318     380
-0.0269719   -0.0462076     380
0.0259694   -0.0414169     381
0.0345221   -0.0483598     381
0.078254   -0.0396848     382
0.0800962   -0.0517088     382
0.135508   -0.0441627     383
0.124482   -0.0444377     383
0.178286   -0.0382587     384
0.182082   -0.0505038     384
0.230432   -0.0417528     385
0.22668   -0.0539938     385
0.280965   -0.0388442     386
0.273938   -0.0472629     386
0.331328   -0.038231     387
0.324971   -0.0479346     387
0.37703   -0.0397987     388
0.377972   -0.0520568     388
0.422786   -0.0446389     389
0.432847   -0.0482328     389
0.477814   -0.040557     390
-0.523248   -0.053436     390
-0.46737   -0.0443582     391
-0.477117   -0.0488434     391
-0.420202   -0.0423289     392
-0.421433   -0.0539651     392
-0.375367   -0.0413877     393
-0.372329   -0.0531828     393
-0.327593   -0.0438565     394
-0.321776   -0.0548866     394
-0.278963   -0.0457144     395
-0.270852   -0.0517162     395
-0.228882   -0.0469242     396
-0.218437   -0.0498204     396
-0.175972   -0.0420846     397
-0.166429   -0.0469435     397
-0.124373   -0.0413905     398
-0.11764   -0.0507203     398
-0.0742799   -0.041055     399
-0.070339   -0.0522588     399
