0	1	0
1   0.22577978254523312   0.0067226520307156654   
2   0.10488364997830643   0.0086279754937777306   
3   0.089065685659929217   0.0092957169694061998   
4   0.077942448321808847   0.010075462099764495   
5   0.0731143535501241   0.010395544028629289   
6   0.073994173498200096   0.010078725016180742   
7   0.075338605082602379   0.0099780004361834469   
8   0.077343205166916714   0.0096938525758831728   
9   0.079885004010427316   0.00941769689429845   
10   0.080529864571344441   0.0094671815182897448   
