0.012959242694672959   0   0   
0.038877728084018875   0   0   
0.064796213473364797   0   0   
0.090714698862710719   0   0   
0.11663318425205663   0   0   
0.14255166964140256   0   0   
0.16847015503074847   0   0   
0.19438864042009438   0   0   
0.22030712580944031   0   0   
0.24622561119878622   0   0   
0.27214409658813216   0.06308805604294885   9.9142987121045289e-05   
0.29806258197747804   12.166346232408293   0.0039044441696561937   
0.32398106736682397   5.3656789388460629   0.003612692685983445   
0.34989955275616991   0.017083941825895037   3.6321943055373069e-05   
0.37581803814551579   1.0971694693191186e-06   5.026384012450668e-07   
0.40173652353486172   0   0   
0.42765500892420766   0   0   
0.45357349431355359   0   0   
0.47949197970289947   0   0   
0.50541046509224541   0   0   
0.53132895048159134   0   0   
0.55724743587093728   0   0   
0.5831659212602831   0   0   
0.60908440664962904   0   0   
0.63500289203897498   0   0   
0.66092137742832091   0   0   
0.68683986281766685   0   0   
0.71275834820701278   0   0   
0.73867683359635872   0   0   
0.76459531898570454   0   0   
0.79051380437505048   0   0   
0.81643228976439641   0   0   
0.84235077515374235   0   0   
0.86826926054308828   0   0   
0.89418774593243422   0   0   
0.92010623132178004   0   0   
0.94602471671112598   0   0   
0.97194320210047191   0   0   
0.99786168748981785   0   0   
1.0237801728791638   0   0   
1.0496986582685097   2.618758404136168e-08   2.618758404136168e-08   
1.0756171436578557   3.0284521135061455e-05   1.0001945667740847e-06   
1.1015356290472016   0.0032103152856525191   1.3321149701332053e-05   
1.1274541144365475   0.085521483111261302   0.00028781871868282518   
1.1533725998258935   0.67887868077625719   0.0024955836427848776   
1.1792910852152392   1.9338306127716978   0.0060841003843611889   
1.2052095706045851   2.5925576443609906   0.0020394084873150687   
1.231128055993931   2.4124754815757768   0.0071070399845383248   
1.257046541383277   2.1991714875468353   0.01095445004467259   
1.2829650267726229   2.1559061095033148   0.0089925951836430909   
1.3088835121619689   2.1883525162306651   0.0044071616820214756   
1.3348019975513148   2.2412591154585536   0.00055627223241111529   
1.3607204829406607   2.3086765510498651   0.0040285201378227317   
1.3866389683300067   2.4227630548563397   0.0071589112627693237   
1.4125574537193526   2.6487521259982894   0.0095981086033471798   
1.4384759391086985   3.0848361600532388   0.012573523231580439   
1.4643944244980445   3.5571208190530651   0.013304923782327374   
1.4903129098873904   3.2531249014904803   0.0062120508921224358   
1.5162313952767361   2.2694275354170862   0.0047373581893907506   
1.5421498806660821   1.5546657495683414   0.009828314539727506   
1.568068366055428   1.2211964385657154   0.010282298560185332   
1.5939868514447739   1.044173366990693   0.0090042386141168541   
1.6199053368341199   0.93300770638778032   0.0071094265710899837   
1.6458238222234658   0.86590861210729344   0.0046837044970277834   
1.6717423076128117   0.83353708261461327   0.0019037651212624584   
1.6976607930021577   0.82368839376343068   0.0010479434636065409   
1.7235792783915036   0.81412292373359055   0.0034363522282910311   
1.7494977637808495   0.74681441060656826   0.0046509547064504421   
1.7754162491701955   0.52571021678639354   0.0038550318820339574   
1.8013347345595414   0.21836895749698598   0.0016405182953007515   
1.8272532199488871   0.044771025257917167   0.00035481059155894035   
1.8531717053382331   0.0042371968803819029   3.9983972108085277e-05   
1.879090190727579   0.00018666509904682607   1.9000091373280921e-06   
1.9050086761169249   3.7806320307876027e-06   3.6618963873706592e-07   
1.9309271615062709   4.2708610215106634e-08   3.0385393023935715e-08   
1.9568456468956168   0   0   
1.9827641322849627   1.386401508072089e-08   1.386401508072089e-08   
2.0086826176743084   7.8005210012236696e-07   1.9466257903713958e-07   
2.0346011030636544   2.0374273983976092e-05   8.5823960018252488e-07   
2.0605195884530003   0.00028469362590475043   5.9321356034297227e-06   
2.0864380738423463   0.0026333639191759818   3.837362186548618e-05   
2.1123565592316922   0.016086421886534189   0.0001863524266405483   
2.1382750446210381   0.068075103234100805   0.00061020461151026074   
2.1641935300103841   0.20732981209431959   0.0012481302107317265   
2.19011201539973   0.47045728810111147   0.0014446193828847578   
2.2160305007890759   0.8223571749790209   0.0002923040238421008   
2.2419489861784219   1.1483361628550334   0.0020044936300960653   
2.2678674715677678   1.3272273266271133   0.0029124043627634023   
2.2937859569571137   1.3399313118406857   0.0015303618953612298   
2.3197044423464597   1.2850735959225229   0.00053355615583907396   
2.3456229277358056   1.2537708972083145   0.00081698446021918055   
2.3715414131251515   1.2659425445940417   0.00024305387307818748   
2.3974598985144975   1.3105900042676496   0.0007637939928747606   
2.4233783839038434   1.3793977189634657   0.00082371525579375272   
2.4492968692931893   1.4722404755806643   0.0005034659901799198   
2.4752153546825353   1.5809156223539326   0.00094272287581456838   
2.5011338400718812   1.6817281832741429   0.00076936186692041349   
2.5270523254612272   1.7526232534383738   0.0015715031744544998   
2.5529708108505731   1.771179103427305   0.0023140711947615584   
2.578889296239919   1.7332063154962814   0.00099696881262011476   
2.604807781629265   1.7151492988165732   0.0016966998343502597   
2.6307262670186109   1.7708600707857259   0.001462262720739941   
2.6566447524079564   1.8193059438754913   0.00089418889626454446   
2.6825632377973023   1.768744725878265   0.0018808223983379877   
2.7084817231866483   1.6503101191809723   0.0032910102831376205   
2.7344002085759942   1.5383384467720923   0.0036253054859533751   
2.7603186939653401   1.4648628196712207   0.0024938172658003555   
2.7862371793546861   1.4316006679961778   0.00063333433585297743   
2.812155664744032   1.439261441870291   0.0023030948658804609   
2.8380741501333779   1.4671421454740854   0.0044936433806463244   
2.8639926355227239   1.4715837913219684   0.0054215972985997791   
2.8899111209120698   1.4393575711472885   0.0049731955572843861   
2.9158296063014157   1.3731095244718409   0.0037221942292991362   
2.9417480916907617   1.2366216973079913   0.0013085309181594185   
2.9676665770801076   1.0180700885613754   0.0025914947835440311   
2.9935850624694536   0.79187283559179455   0.0057286589144422988   
3.0195035478587995   0.62930976380620488   0.006726641468555144   
3.0454220332481454   0.53290425192472316   0.0060061065065754847   
3.0713405186374914   0.47524502818310886   0.0043237647706831441   
3.0972590040268373   0.43785476335249085   0.0023763418583039356   
3.1231774894161832   0.40559759465779772   0.00046498804429019179   
3.1490959748055292   0.3659000734363487   0.0018424503401065414   
3.1750144601948751   0.31284185759194125   0.0031111556804120131   
3.200932945584221   0.2476316242212303   0.0034814728363183533   
3.226851430973567   0.17218822902129741   0.0029645562002241321   
3.2527699163629129   0.095758460576341532   0.0018226770731080656   
3.2786884017522588   0.038392091044605823   0.00079340926713501585   
3.3046068871416048   0.010380559288357056   0.00023175908912036196   
3.3305253725309503   0.0028637938957585484   2.6649365891032901e-05   
3.3564438579202962   0.0066514592923341428   8.2351090364694685e-05   
3.3823623433096421   0.026386129273361891   0.00028356003163847542   
3.4082808286989881   0.081216110201521057   0.00069320717095917174   
3.434199314088334   0.19715081887761782   0.0012959413170641532   
3.4601177994776799   0.39179379629869414   0.0016958508222262043   
3.4860362848670259   0.66007703747748013   0.0014452780840924862   
3.5119547702563718   0.97070953328886561   0.0003675497973726666   
3.5378732556457178   1.2740701705563127   0.0021182043544199685   
3.5637917410350637   1.519815434885475   0.0046592445289382713   
3.5897102264244096   1.6699694817205262   0.0062968740404558854   
3.6156287118137556   1.7192262982753854   0.0058721321079157865   
3.6415471972031015   1.704534458042931   0.0039584998517315881   
3.6674656825924474   1.6832756689120926   0.0014267398126141591   
3.6933841679817934   1.6968109962693   0.00073239120868143853   
3.7193026533711393   1.7529789369599448   0.0020081543000423382   
3.7452211387604852   1.8341429684103938   0.0030529642047111068   
3.7711396241498312   1.9098796110837792   0.0036714637896906691   
3.7970581095391771   1.9494664414287005   0.003159121498221995   
3.822976594928523   1.9291552452164237   0.0017517664359923077   
3.848895080317869   1.8362095809800407   0.00095902819192600689   
3.8748135657072149   1.6744467933154761   0.0018979393867864   
3.9007320510965608   1.4692452792691256   0.00064573235895250713   
3.9266505364859068   1.2683946615099134   0.0033120799238154703   
3.9525690218752527   1.1238431630198494   0.0065753593662384913   
3.9784875072645987   1.059630877119159   0.0078673619110354203   
4.0044059926539441   1.0635044873057458   0.0068161898137336031   
4.0303244780432905   1.0996982605555748   0.0043024320676531021   
4.056242963432636   1.1329267011528214   0.00093885554083588365   
4.0821614488219824   1.1403772042182951   0.0029396627226493153   
4.1080799342113279   1.1123078894668565   0.0057417902359774055   
4.1339984196006743   1.0501358489200603   0.0071383126240484409   
4.1599169049900198   0.96908990176533286   0.0067661183446910423   
4.1858353903793661   0.89334433836191182   0.0047782087795438251   
4.2117538757687116   0.84219223260233659   0.0019880381799912485   
4.237672361158058   0.82190922583343827   0.00053062861348158579   
4.2635908465474035   0.82803204680349775   0.0015108129780567045   
4.2895093319367499   0.84476242868124739   0.0014109833979569939   
4.3154278173260954   0.84860056111135847   0.00076895327460623856   
4.3413463027154409   0.8216778195579514   0.00035943271078375315   
4.3672647881047872   0.75857894639614671   0.00033407894464415165   
4.3931832734941327   0.66775574730892233   0.0011276771241403737   
4.4191017588834791   0.56317562678137975   0.0025706961061298053   
4.4450202442728246   0.4642417228035829   0.003690815066763579   
4.470938729662171   0.38721085095692307   0.0040722007334084731   
4.4968572150515165   0.33621248867591081   0.0033868757668664383   
4.5227757004408629   0.30665717114441537   0.0020917931570383567   
4.5486941858302083   0.29396646849521891   0.000578655895632871   
4.5746126712195547   0.29840131065228111   0.001106320427773614   
4.6005311566089002   0.31958795373355801   0.0021996940016077547   
4.6264496419982466   0.35523099180263108   0.0028053034077065894   
4.6523681273875921   0.40226669771921194   0.002878221621380863   
4.6782866127769385   0.45746728803231854   0.0025443437791168336   
4.704205098166284   0.51979637436007854   0.0022364495673614635   
4.7301235835556303   0.59266657112632531   0.0021143076365924682   
4.7560420689449758   0.68133544317837139   0.0022902646814547263   
4.7819605543343222   0.7901599750333813   0.0025338385223995088   
4.8078790397236677   0.92140942606611832   0.0025126718847968152   
4.8337975251130141   1.0764230659388002   0.0020104632052309153   
4.8597160105023596   1.2521105788742533   0.0015889716233447217   
4.885634495891706   1.4379286556787758   0.0012330618038782491   
4.9115529812810514   1.6132888541999314   0.0012765597114277836   
4.9374714666703978   1.7559020716589156   0.0018699618864054812   
4.9633899520597433   1.8502557258301163   0.0024723257544920162   
4.9893084374490888   1.892132297136539   0.0026604888322520946   
5.0152269228384352   1.8894483919990129   0.0023304546030400761   
5.0411454082277807   1.8577794306336804   0.0012813188990042816   
5.0670638936171271   1.814904298014018   0.0011302379738866344   
5.0929823790064725   1.7707751613549805   0.0033007289074268962   
5.1189008643958189   1.7269779171874039   0.0057021438043225689   
5.1448193497851644   1.6787942076654004   0.0075232824431096039   
5.1707378351745108   1.6200021421101134   0.0080302154164323281   
5.1966563205638563   1.5412582761387362   0.0071128601715597079   
5.2225748059532027   1.436109160650948   0.005180745581627137   
5.2484932913425482   1.3049430672316118   0.0030995738037980253   
5.2744117767318945   1.1569294941033039   0.0017074594421406552   
5.30033026212124   1.0083341777484688   0.0011901949643675832   
5.3262487475105864   0.87714917868357651   0.0015083601397103479   
5.3521672328999319   0.7785616999277624   0.0018722498741767297   
5.3780857182892783   0.71896726402351472   0.0017332477418958864   
5.4040042036786238   0.69290032880853451   0.00085943250108850253   
5.4299226890679702   0.68865754779419338   0.00096531587372409186   
5.4558411744573156   0.69516424764168798   0.0031072544926777952   
5.481759659846662   0.7016007581228499   0.0053245168019400237   
5.5076781452360075   0.69960660667639466   0.0070259298116993963   
5.5335966306253539   0.68479860571962446   0.0075220441575443718   
5.5595151160146994   0.65914025529263449   0.0065605692330132634   
5.5854336014040458   0.62913254961073722   0.0043666187618454355   
5.6113520867933913   0.60343649925939146   0.001592476095854063   
5.6372705721827376   0.58909515237576399   0.00099849209697198758   
5.6631890575720831   0.58772072895707067   0.0025976404220652071   
5.6891075429614286   0.59445922045373863   0.0031888603626945579   
5.715026028350775   0.60138651278720682   0.0029999378633983981   
5.7409445137401205   0.601340644564803   0.0023476378896699022   
5.7668629991294669   0.59227528890526274   0.0015364267502125013   
5.7927814845188124   0.57716261619158218   0.0010092307793454304   
5.8186999699081587   0.563706442325643   0.00085199550232297364   
5.8446184552975042   0.56265290903529546   0.0010198199302932349   
5.8705369406868506   0.5838881395004872   0.0013271001165443257   
5.8964554260761961   0.63142285113560802   0.0014159032136855059   
5.9223739114655425   0.7030369398477689   0.0010504960497873888   
5.948292396854888   0.78981338164472855   0.00024033116552010603   
5.9742108822442344   0.87977485904082788   0.0014809147914992383   
6.0001293676335798   0.96585077545963436   0.0033353664607745098   
6.0260478530229262   1.0365772556883222   0.005237033608160482   
6.0519663384122717   1.0861158842774621   0.006605168301336738   
6.0778848238016181   1.1233695075600875   0.006977648816823545   
6.1038033091909636   1.1552409120287142   0.0059936913009689139   
6.12972179458031   1.1913921382834475   0.0037235945025700904   
6.1556402799696555   1.239917030196876   0.00088394559505592112   
6.1815587653590018   1.3041324193020093   0.0024417339088925194   
6.2074772507483473   1.3820313145119372   0.0044361465258239138   
6.2333957361376937   1.4665002836634175   0.0051133163859432463   
6.2593142215270392   1.5461458955196669   0.004300444886034318   
6.2852327069163856   1.6114570180070288   0.0021699101950645556   
6.3111511923057311   1.6529047300129119   0.00081847741159592187   
6.3370696776950766   1.6629636844953467   0.0029925632861697932   
6.3629881630844229   1.6421593936850923   0.0038917557069467899   
6.3889066484737684   1.5955413009403326   0.0027086314729809884   
6.4148251338631148   1.5321553949210443   0.00040211659841578136   
6.4407436192524603   1.4634347949587418   0.003984001960304893   
6.4666621046418067   1.4002928616569363   0.0073792248661427692   
6.4925805900311522   1.346865492945675   0.0092060917089367679   
6.5184990754204986   1.3008300629938371   0.009244743708608205   
6.544417560809844   1.2543289800540259   0.0076721548021543808   
6.5703360461991904   1.1979406275984635   0.0050360359390924924   
6.5962545315885359   1.1264550777070732   0.0021834796914289232   
6.6221730169778823   1.0377522687319167   0.00061916955026035381   
6.6480915023672278   0.93513656514491161   0.0018765849203695063   
6.6740099877565742   0.82612130698308625   0.0021356304989458181   
6.6999284731459197   0.7204813996980424   0.0014421826039178615   
6.725846958535266   0.62855651093309735   0.00050209379473207209   
6.7517654439246115   0.55841194569605282   0.00078712399747618577   
6.7776839293139579   0.51320900252802004   0.00085961661947087693   
6.8036024147033034   0.49076293310167692   0.00026850658988399261   
6.8295209000926498   0.48502754480052449   0.001514913329746834   
6.8554393854819953   0.48847783966093297   0.0033487503020886259   
6.8813578708713417   0.49499959461729591   0.005028541575402712   
6.9072763562606871   0.50096779240063771   0.0061535147575288642   
6.9331948416500335   0.50463117018998486   0.0065670011531851095   
6.959113327039379   0.50678743688861623   0.0060949568207227143   
6.9850318124287245   0.51057825051723403   0.0047716211036088782   
7.0109502978180709   0.52037126201111947   0.0029471555433847139   
7.0368687832074164   0.54164579835777677   0.0010489901898187858   
7.0627872685967628   0.57774187037271064   0.00087998448896236701   
7.0887057539861082   0.6301439296796501   0.0018814504804781742   
7.1146242393754546   0.69746495847395083   0.0022102073854817671   
7.1405427247648001   0.77665946174849581   0.0018509509816447307   
7.1664612101541465   0.8636627047371843   0.00090302079450580129   
7.192379695543492   0.95371948667286036   0.00038041008164782796   
7.2182981809328384   1.0421387378827393   0.0015078596041381937   
7.2442166663221839   1.1246586561246551   0.0023930531053446614   
7.2701351517115302   1.1983963448366855   0.0026606082671113243   
7.2960536371008757   1.261594386518148   0.0024440637374328464   
7.3219721224902221   1.3145331669955   0.0018525548359649277   
7.3478906078795676   1.3569987722283979   0.0010083723061232928   
7.373809093268914   1.3890880590544609   0.0004631633923067792   
7.3997275786582595   1.4103564065883234   0.00055148918678422604   
7.4256460640476059   1.4202301004652898   0.00095649719567948019   
7.4515645494369513   1.4192945971848143   0.0014923435064113482   
7.4774830348262977   1.4091173668567357   0.0021007155487837593   
7.5034015202156432   1.3916835876240657   0.00288491381151828   
7.5293200056049896   1.3704837443732173   0.0036518734211656123   
7.5552384909943351   1.3483294298413098   0.0042545164516126026   
7.5811569763836815   1.3274956985768909   0.0044205774673289104   
7.607075461773027   1.3097803968370744   0.0040805945444618709   
7.6329939471623725   1.294813883015971   0.0032100712919078621   
7.6589124325517188   1.2815115943826416   0.0018591166808484441   
7.6848309179410643   1.2676587021074579   0.00038444042993965223   
7.7107494033304107   1.2507480986705378   0.0012341360004438349   
7.7366678887197562   1.2279886619808529   0.0019503611185730076   
7.7625863741091026   1.1995381110917526   0.0018703669454800741   
7.7885048594984481   1.1656517758851232   0.0011497248003773403   
7.8144233448877944   1.1282557452327702   0.00032800546435315772   
7.8403418302771399   1.089658781390219   0.0013882093895127896   
7.8662603156664863   1.0514570567032754   0.0024548773213184211   
7.8921788010558318   1.0139706556605515   0.0032052763314687927   
7.9180972864451782   0.97647130955433563   0.0035285881530118425   
7.9440157718345237   0.93690452098831493   0.0033703961206488199   
7.9699342572238701   0.89253753622068869   0.0028338956804729346   
7.9958527426132155   0.84142386488579412   0.0020652575841823501   
8.0217712280025619   0.78236652164548033   0.0013592374252546825   
8.0476897133919074   0.71674320147576532   0.00086143884267708568   
8.0736081987812529   0.64768633803193869   0.00060666403652392881   
8.0995266841706002   0.58023323190888746   0.00051621392498380858   
8.1254451695599457   0.52000405549082094   0.00041175456404488856   
8.1513636549492912   0.47142042794903625   0.00039913246072569051   
8.1772821403386367   0.43902142425831354   0.0010241056344268813   
8.2032006257279839   0.42498380279408274   0.0020965743909587413   
8.2291191111173294   0.43010810590459322   0.0035055526513127739   
8.2550375965066749   0.45363585735033234   0.0050765099351396838   
8.2809560818960204   0.49352399213548313   0.0065963417340437179   
8.3068745672853659   0.54641995801942109   0.0077494190329489304   
8.3327930526747132   0.60888715997914013   0.0082464970386245649   
8.3587115380640586   0.67777290423463751   0.0080269315913099099   
8.3846300234534041   0.7504972072048275   0.0070992925867310066   
8.4105485088427496   0.82587091974990946   0.0056017615872365673   
8.4364669942320969   0.90352574549344057   0.0040645779381401541   
8.4623854796214424   0.98407066747808885   0.0026042654934976673   
8.4883039650107879   1.0680640134757237   0.0015085115421473158   
8.5142224504001334   1.1548663380152031   0.00081135945501407547   
8.5401409357894806   1.2420832361152877   0.00029649195775419926   
8.5660594211788261   1.3256491912717199   0.0005837940689449536   
8.5919779065681716   1.4007152494063116   0.0013267243994715148   
8.6178963919575171   1.4622599559358913   0.002408128961437304   
8.6438148773468644   1.5069925479871627   0.0038699545989298804   
8.6697333627362099   1.5340306742539246   0.0053012255258935643   
8.6956518481255554   1.5425233137318759   0.0064489173194089047   
8.7215703335149009   1.5346202123019003   0.0069463490782098081   
8.7474888189042481   1.512487765865382   0.0068495803572083441   
8.7734073042935936   1.4784252301666716   0.0061859384741777342   
8.7993257896829391   1.4343203475312014   0.0051624791509733254   
8.8252442750722846   1.3822607336488364   0.0042977540750634816   
8.8511627604616319   1.3235625623021052   0.0037636089000269411   
8.8770812458509774   1.2610198699875145   0.0037788610474525148   
8.9029997312403228   1.1969523620507221   0.0040287119257864825   
8.9289182166296683   1.1357613753264282   0.0042159058969794301   
8.9548367020190156   1.0805599957182299   0.0039692471302875772   
8.9807551874083611   1.0338055849771308   0.0028676727125022445   
9.0066736727977066   0.99663803918180836   0.0011706676618563022   
9.0325921581870521   0.96825756655320556   0.0017251829457050412   
9.0585106435763976   0.94684620017207306   0.0039336190900894083   
9.0844291289657448   0.93009084336888931   0.0056844456328912194   
9.1103476143550903   0.91524444099296861   0.0066389246532491397   
9.1362660997444358   0.90068089854854196   0.0065446968035627462   
9.1621845851337813   0.88539516268118332   0.0054796490780363721   
9.1881030705231286   0.86837044770407844   0.0037080671984916565   
9.2140215559124741   0.8500175727710549   0.001725153285426219   
9.2399400413018196   0.83066336491681848   0.00053060279174627991   
9.2658585266911651   0.81047280667546035   0.0021717404139639189   
9.2917770120805123   0.78953368855975877   0.0034398073344114812   
9.3176954974698578   0.76759144180102176   0.004233067171954709   
9.3436139828592033   0.74432233991770241   0.0045173879147233293   
9.3695324682485488   0.71915532728897167   0.0043626924691690158   
9.3954509536378961   0.69207699919912549   0.0037682850078232991   
9.4213694390272416   0.66420559950372533   0.002815534362681727   
9.447287924416587   0.63726175803505274   0.0015325105195943626   
9.4732064098059325   0.61410820587880026   0.00023564660269993103   
9.4991248951952798   0.59801664305565201   0.0014543638918369562   
9.5250433805846253   0.59314054836706242   0.002904506536418357   
9.5509618659739708   0.60207266302829546   0.0042068623951802926   
9.5768803513633163   0.62706194144112314   0.0053847773631947369   
9.6027988367526635   0.66837799222252965   0.0064165451866431274   
9.628717322142009   0.72459267539914664   0.0073263567217143664   
9.6546358075313545   0.79273753414350021   0.0081547380708313754   
9.6805542929207   0.86849250881251008   0.0087728556847100744   
9.7064727783100455   0.9476803562731369   0.009104405685735836   
9.7323912636993928   1.0262431973355832   0.0089790814702389824   
9.7583097490887383   1.1011362220560044   0.0083035142238255473   
9.7842282344780838   1.1702656105605313   0.0070171492452304181   
9.8101467198674293   1.2325205323218494   0.0050584149521982718   
9.8360652052567765   1.2876522516896424   0.0026720416268692248   
9.861983690646122   1.3354798000056344   0.00062612226304051728   
9.8879021760354675   1.376928561611435   0.0033757604842664901   
9.913820661424813   1.4118274379389981   0.0063010592909411114   
9.9397391468141603   1.4403624966516033   0.0087457353847536395   
9.9656576322035058   1.4619836799684334   0.01047503331758431   
9.9915761175928512   1.4756117389577279   0.011317366557829543   
10.017494602982197   1.4789704052256853   0.011157392344282187   
10.043413088371544   1.4709852841522886   0.010223403684047607   
10.069331573760889   1.4500182922576112   0.0087650045777247765   
10.095250059150235   1.4156926424156924   0.0071176535762211332   
10.12116854453958   1.3686880789077913   0.0058016219117980381   
10.147087029928928   1.3111855593068675   0.004784129786761003   
10.173005515318273   1.2465951627828169   0.0042450946928444936   
10.198924000707619   1.1784857805228232   0.0041123432929552538   
10.224842486096964   1.1100298798363558   0.0040338853121036188   
10.250760971486311   1.0448014643917071   0.0037720379997437176   
10.276679456875657   0.98444551569527295   0.0030196219620311679   
10.302597942265002   0.92975678459059951   0.0017450204012017975   
10.328516427654348   0.88113821212529074   0.0003347734903757598   
10.354434913043693   0.83808647520408384   0.0023322261512771977   
10.380353398433041   0.80058946282914022   0.0044293205630661702   
10.406271883822386   0.76859708769338374   0.0062703173931522981   
10.432190369211732   0.74200705713708628   0.0075183274619192279   
10.458108854601077   0.72118410869234811   0.0080684186141470925   
10.484027339990424   0.70574773381750678   0.0078464322865100056   
10.50994582537977   0.69537846538550804   0.0069149700463328967   
10.535864310769115   0.6891809251204981   0.0055237807303008603   
10.561782796158461   0.68656514998615876   0.0039647590575450626   
10.587701281547808   0.68657250460553692   0.0024146932638667282   
10.613619766937154   0.68845752315364664   0.001076434711061423   
10.639538252326499   0.69221876096760867   0.00056703227340779601   
10.665456737715845   0.69833829085987308   0.0012945554889409107   
10.691375223105192   0.70752325819565144   0.0018805676838908313   
10.717293708494537   0.72101708840117731   0.0022386029472718446   
10.743212193883883   0.73886842558257436   0.0022416518547715954   
10.769130679273228   0.76156405033524943   0.0018990536173126476   
10.795049164662576   0.78831492032077587   0.001343574285612102   
10.820967650051921   0.81860380543180042   0.00051556599718944001   
10.846886135441267   0.85171073984981118   0.00094621163558636365   
10.872804620830612   0.8873207448768283   0.0022832083536582771   
10.898723106219959   0.92530660390591731   0.0037944842540503468   
10.924641591609305   0.9660620354379065   0.005123374351392053   
10.95056007699865   1.0094867283209197   0.0062063209640942778   
10.976478562387996   1.0548856288884106   0.0067453033939057063   
11.002397047777341   1.1014521105702634   0.0067993665852661599   
11.028315533166689   1.147641304276384   0.0062825831212212926   
11.054234018556034   1.1914163815277921   0.005342737362970436   
11.08015250394538   1.2310998858845244   0.0039601317044940324   
11.106070989334725   1.2651093974911647   0.0022248732820145416   
11.131989474724072   1.2923261911324159   0.00057916279106536137   
11.157907960113418   1.3128490313134561   0.0013905844998323146   
11.183826445502763   1.3267238874475897   0.0028525903580565029   
11.209744930892109   1.3345818588729606   0.0040972303887687029   
11.235663416281456   1.3366747324085862   0.0052198847431494103   
11.261581901670802   1.3334348756257315   0.0063220392332373911   
11.287500387060147   1.3252481806136682   0.0074202987699001112   
11.313418872449493   1.313142283651677   0.0083326102235096526   
11.33933735783884   1.2975888531077781   0.0089627440107579446   
11.365255843228185   1.2791383151456186   0.0093169717282939739   
11.391174328617531   1.258122420076199   0.0091538151494956383   
11.417092814006876   1.2341354211254837   0.0084609830710179446   
11.443011299396224   1.2065385770811955   0.0072679213827658455   
11.468929784785569   1.1745515731586943   0.0057390896133728461   
11.494848270174915   1.1377758950235955   0.0041955587880052749   
11.52076675556426   1.0953980735370533   0.0027528856223140634   
11.546685240953607   1.0478487306548731   0.0017328945798671464   
11.572603726342953   0.99638907706316803   0.0011275132918538648   
11.598522211732298   0.94310085922121257   0.00095090439412954035   
11.624440697121644   0.88972700897206337   0.00084385140024819528   
11.650359182510989   0.83879588898910961   0.00064253368105637874   
11.676277667900337   0.79147408905641232   0.00030040428206186816   
11.702196153289682   0.748932766110207   0.0011285765166052027   
11.728114638679028   0.7111996057578564   0.0024973229693240642   
11.754033124068373   0.67850759243850489   0.0040853575024565977   
11.77995160945772   0.65065342667951663   0.0057254197720687787   
11.805870094847066   0.62857435897189065   0.0071470297721083126   
11.831788580236411   0.61304736579639135   0.0082072469022465459   
11.857707065625757   0.60527396308840588   0.0087352065367539973   
11.883625551015104   0.60668351943935824   0.0087087560046599976   
11.90954403640445   0.61782502053913508   0.0083582587807525145   
11.935462521793795   0.63883346800979868   0.0077509680447422817   
11.961381007183141   0.66938673080999665   0.0070015541440297836   
11.987299492572488   0.70781502445955717   0.0061667329738344947   
12.013217977961833   0.75254879039626971   0.0053049020568317625   
12.039136463351179   0.80204748984031828   0.0042690913482603715   
12.065054948740524   0.85427913468902074   0.0031318666169985083   
12.090973434129872   0.90781270906914614   0.0018660455958655842   
12.116891919519217   0.96170313440924534   0.00065258023033708457   
12.142810404908563   1.0147051872776926   0.00085551876280825733   
12.168728890297908   1.0645625445838131   0.0023454421991171322   
12.194647375687255   1.1076393509553026   0.0042666399634717699   
12.220565861076601   1.1397506192157656   0.0065119989716296644   
12.246484346465946   1.1583971875659976   0.008486569693454779   
12.272402831855292   1.1632218804503717   0.0093220680234947859   
12.298321317244637   1.1565421518022845   0.0087020720597869139   
12.324239802633985   1.1420934568074523   0.0072594057077009737   
12.35015828802333   1.1212197607207521   0.0052113047490031193   
12.376076773412676   1.0963018092442929   0.0027955856313361252   
12.401995258802021   1.068282562043755   0.0010270805616408656   
12.427913744191368   1.0393970198366888   0.0029947549714819647   
12.453832229580714   1.0104872358375615   0.0045949322172166557   
12.479750714970059   0.97903641315536678   0.0058351408124587574   
12.505669200359405   0.94372589116963167   0.0064647758406463261   
12.531587685748752   0.90614525939138663   0.0064959735405494046   
12.557506171138098   0.8679635808126866   0.0062493776929728997   
12.583424656527443   0.83140076745461512   0.0054962694013706594   
12.609343141916789   0.79777585747820353   0.0042623130428882816   
12.635261627306136   0.76812552718891643   0.0030983406364500503   
12.661180112695481   0.742884301228069   0.0019085349917698677   
12.687098598084827   0.72300723363629346   0.0012108544230720191   
12.713017083474172   0.70774127441682423   0.0010536342734468019   
12.73893556886352   0.69539393933611264   0.00094432526655877389   
12.764854054252865   0.68517421111982526   0.00088381045542318291   
12.790772539642211   0.67575199533201942   0.0016599477949558118   
12.816691025031556   0.66672902253535024   0.0032754681569419927   
12.842609510420903   0.6571212099084647   0.0052785998956650669   
12.868527995810249   0.6462718038120784   0.0072301719200800215   
12.894446481199594   0.63355072845251225   0.008755154727993631   
12.92036496658894   0.61852861792179182   0.0094629424419279544   
12.946283451978285   0.60048663513452471   0.0092637986156291979   
