0.21486394446136323   26.928757355966955  0.23036540985094562
0.42972788892272645   12.133698214571363  0.074083839501821509
0.64459183338408965   1.3131587984704005  0.020402235406237719
0.85945577784545291   0.043475821704330381  0.00073766038295774429
1.0743197223068162   0.016719323620749431  0.00020392245465153662
1.2891836667681793   0.11414945468368785  0.0015454400951405113
1.5040476112295427   0.10186101289678393  0.0017532626337227984
1.7189115556909058   0.030812230941241  0.0011732145356664435
1.933775500152269   0.026528331255451664  0.00043064731029230292
2.1486394446136323   0.016380580058151695  0.00030491454523870748
2.3635033890749955   0.040689792208206728  0.00058762202375719692
2.5783673335363586   0.047763565704757935  0.0010683659834371148
2.7932312779977218   0.053282570480819165  0.0012539554576285034
3.0080952224590853   0.04820362086093244  0.001642781866852682
3.2229591669204485   0.016444380903628804  0.0001721885362476698
3.4378231113818116   0.025795400214710315  0.00048483422474897361
3.6526870558431748   0.034169067234345719  0.0012317594376022859
3.8675510003045379   0.058422985043426549  0.00095445035237788006
4.0824149447659011   0.098925134550895449  0.0012347324673742161
4.2972788892272646   0.15878814275394858  0.0096377229901549979
4.5121428336886273   0.14315488301202861  0.0084603098009178099
4.7270067781499909   0.088488814616805449  0.0026094129717616596
4.9418707226113545   0.13594688723187992  0.0034122494840133942
5.1567346670727172   0.074971988950117399  0.002357559905664267
5.3715986115340808   0.083326358908120242  0.0027893965405824606
5.5864625559954435   0.051214905704447854  0.0014397343560167935
5.8013265004568071   0.36055251853786442  0.02133540009125988
6.0161904449181707   0.12720697278778572  0.0052236823415065833
6.2310543893795334   0.062001006928491827  0.0027772011537919899
6.445918333840897   0.04359742400569523  0.00094495843812211105
6.6607822783022597   0.025165970120134046  0.0012860349943741631
6.8756462227636232   0.020223395922320328  0.0011773853883252449
7.0905101672249868   0.034695876325224386  0.00045446559895341399
7.3053741116863495   0.059571248642975991  0.0013325645293177222
7.5202380561477131   0.1108974042258002  0.0027728525506409055
7.7351020006090758   0.12030141078960412  0.0037111496212108254
7.9499659450704394   0.16891125836148728  0.003696479102622376
8.1648298895318021   0.59708891868360513  0.01015169010225126
8.3796938339931657   3.286394717123242  0.11685807306183117
8.5945577784545293   8.8574970860750812  0.26668341412233804
8.8094217229158929   14.1367405868288  0.80042069006896234
9.0242856673772547   3.1249130394658268  0.14095114822586515
9.2391496118386183   1.3779784066061716  0.11197287636425056
9.4540135562999819   0.71691144971178316  0.025726367406864462
9.6688775007613454   0.31916064999978104  0.015125640972058755
9.883741445222709   0.15627764826074162  0.013967874897949252
10.098605389684071   0.082294333432488456  0.0028610892058196148
10.313469334145434   0.090582753172287724  0.0015142339101928439
10.528333278606798   0.089534623404868316  0.0036082800377029297
10.743197223068162   0.07505831092261368  0.0032724178230821761
10.958061167529525   0.047808494953316335  0.0014640923905060316
11.172925111990887   0.038810201378034027  0.00091088740684818887
11.387789056452251   0.22166885613970639  0.011157682123382612
11.602653000913614   0.22535718708389366  0.018774239713085226
11.817516945374978   0.16748359602240115  0.0042078805428864886
12.032380889836341   0.12783543443183407  0.0009855151202327171
12.247244834297703   0.15181722680539906  0.00095876776787078853
12.462108778759067   0.2035957084955234  0.0030175284749362708
12.67697272322043   0.22631219910496323  0.0041833380286975946
12.891836667681794   0.25142360863680236  0.0054671497304803396
13.106700612143158   0.30665805987976766  0.016850777885383054
13.321564556604519   0.24781620108465162  0.0063028342890071402
13.536428501065883   0.27762441144895706  0.0076943606119866544
13.751292445527246   0.37408380503287508  0.0067205377629876389
13.96615638998861   0.56582978824450038  0.031391847301052688
14.181020334449974   0.41496112502230231  0.0056625430191989916
14.395884278911335   0.16914275102997225  0.002893189941656011
14.610748223372699   0.13776689590359987  0.0023996553502406748
14.825612167834063   0.13684155175372245  0.0033327367114801358
15.040476112295426   0.10869173177503283  0.0023987299457021021
15.25534005675679   0.080520186945730791  0.00086721140409158836
15.470204001218152   0.068960506386289551  0.00046770035186897617
15.685067945679515   0.070843003645233966  0.00071458793837723995
15.899931890140879   0.097971772720986838  0.0010410450562904187
16.114795834602241   0.16880743022468524  0.0023347955622653268
16.329659779063604   0.28513806707341879  0.0035021651788047112
16.544523723524968   0.45008697255590673  0.0090539925012593865
16.759387667986331   0.62368985133611581  0.0070616665302613582
16.974251612447695   1.3761539904199309  0.022849236596681598
17.189115556909059   3.2414387808534206  0.20518547623895628
17.403979501370422   3.501733495241268  0.20499903309042846
17.618843445831786   2.9160897065518899  0.16398045314174066
17.833707390293149   1.9973396835633101  0.084630300895564472
18.048571334754509   1.2930426415578731  0.046283240747250038
18.263435279215873   0.89076158730320882  0.029350787786557812
18.478299223677237   0.62316021557228384  0.023814687247622403
18.6931631681386   0.45913567899052103  0.014885086819627841
18.908027112599964   0.339057100562264  0.015773848733341097
19.122891057061327   0.27533177873808476  0.010692583602160507
19.337755001522691   0.23682733932747786  0.0075037376387118568
19.552618945984054   0.2334975725189904  0.0040340653361208983
19.767482890445418   0.18320061589221675  0.0049968090904670272
19.982346834906782   0.11599429354451507  0.0014549277276266042
20.197210779368142   0.13616635022756328  0.0019251361228494109
20.412074723829505   0.20660167971070791  0.0012134195817373621
20.626938668290869   0.28318939927803243  0.0022989163363208747
20.841802612752232   0.37154625923027382  0.0061202876617906811
21.056666557213596   0.51503092696963169  0.0062066462109576847
21.27153050167496   0.74544257460279878  0.015313283981208472
21.486394446136323   0.99040467179237852  0.02348523668391607
21.701258390597687   1.1912473470195668  0.029113932774340993
21.91612233505905   1.2264686026196737  0.030005569709436452
22.130986279520414   1.1120002173036589  0.02050462814477949
22.345850223981774   1.0538785814642148  0.013347337605682608
22.560714168443138   1.1477198936691806  0.019386731127147155
22.775578112904501   1.0075827186655021  0.024098576515637288
22.990442057365865   0.72094505737297041  0.026589497815877433
23.205306001827228   0.42856105230256927  0.009587116050618629
23.420169946288592   0.30437246984169738  0.0068338899316615932
23.635033890749956   0.2563227892708891  0.0053200055324227874
23.849897835211319   0.21327049398577288  0.0030487564919422145
24.064761779672683   0.17841231025355618  0.0011056073571006176
24.279625724134046   0.15541583636079512  0.0009011212360617564
24.494489668595406   0.15690065464569636  0.0015169082684579696
24.70935361305677   0.20740579687630702  0.0033449617679741692
24.924217557518134   0.36248922018675395  0.0065032949251275819
25.139081501979497   0.6158944356042  0.010916027767482032
25.353945446440861   0.87409630046109325  0.01403220340299694
25.568809390902224   1.0186127418166651  0.013586951485740703
25.783673335363588   1.1882882870029625  0.017989489901009517
25.998537279824951   1.5181125178521632  0.049594414615779205
26.213401224286315   1.6693497968772695  0.080984832160150185
26.428265168747679   1.5832848068642512  0.080802833954922741
26.643129113209039   1.349498923389022  0.058189112105368223
26.857993057670402   1.1157087139040439  0.04430748299952953
27.072857002131766   0.89483023284394894  0.030204934632774811
27.287720946593129   0.76772591647268048  0.025625644558554274
27.502584891054493   0.62821630363194675  0.014431217683339619
27.717448835515857   0.50212186960314559  0.0111763788802077
27.93231277997722   0.37769709085137377  0.0063607711686417835
28.147176724438584   0.33662397309377897  0.003786685867168668
28.362040668899947   0.32523010625487837  0.0041091306005140537
28.576904613361307   0.30183843858212377  0.0045099740875532679
28.791768557822671   0.27070312241520468  0.0033017521091970178
29.006632502284035   0.28943488346884891  0.0046822761867093724
29.221496446745398   0.36524847703766925  0.0057814457410198321
29.436360391206762   0.50609951744488124  0.0099414829798723285
29.651224335668125   0.74084520931665814  0.01617181201987471
29.866088280129489   1.1260165550258022  0.037385534398601857
30.080952224590852   1.7166051556095355  0.065239538470338273
30.295816169052216   2.4648811620982549  0.13460314197795762
30.51068011351358   2.9657294885303932  0.21211940569246252
30.72554405797494   2.7129245775856186  0.13901956865110657
30.940408002436303   2.1250535807308721  0.041023942620594477
31.155271946897667   1.8158986771774584  0.029563493118492234
31.37013589135903   1.5985528097190225  0.02983441981705815
31.584999835820394   1.3112176515039097  0.02982375922894162
31.799863780281758   0.99595967208428612  0.029369613368516317
32.014727724743118   0.7054306292438041  0.020408724553100355
32.229591669204481   0.52088550550849883  0.015830846608050943
32.444455613665845   0.41925556882584994  0.011146948491014973
32.659319558127208   0.36668395911391145  0.0084549124158282108
32.874183502588572   0.33540263843979409  0.0032619941674931287
33.089047447049936   0.32024772673655034  0.0016332823899255095
33.303911391511299   0.32038886999908708  0.0021702108603206707
33.518775335972663   0.37538196233832479  0.0043162589522856667
33.733639280434026   0.52350412171855903  0.0068050789388100341
33.94850322489539   0.75630017009595022  0.0044367684864721056
34.163367169356754   0.93753239150172518  0.010388150148345467
34.378231113818117   1.107255942009524  0.020772444018435932
34.593095058279481   1.1360545029612781  0.026397069189043994
34.807959002740844   1.1320263992294884  0.030206318279655048
35.022822947202208   1.1565044002701773  0.029865983186996353
35.237686891663571   1.1306868160189403  0.033259608588002067
35.452550836124935   1.0705166237591216  0.028068589918908762
35.667414780586299   0.97662860434358678  0.027601147867008466
35.882278725047662   0.90531549139474727  0.016844253370364527
36.097142669509019   0.854646068404797  0.015824662154911697
36.312006613970382   0.78926479368020374  0.014710963930126015
36.526870558431746   0.6745300508385691  0.013476721953851934
36.741734502893109   0.56683450895166095  0.010558754046726993
36.956598447354473   0.49326404458500825  0.0066748540296395522
37.171462391815837   0.45458819244526528  0.0054030660999348242
37.3863263362772   0.4339541993894834  0.0034344003812967556
37.601190280738564   0.42243607193325501  0.0011532120228930151
37.816054225199927   0.45886410338399016  0.004618088268333797
38.030918169661291   0.57270915397950439  0.0062495864263009683
38.245782114122655   0.77850855824725914  0.01476772410431403
38.460646058584018   1.118928817637519  0.03072730456164322
38.675510003045382   1.6010257054783939  0.067979736369197159
38.890373947506745   2.1752097437548011  0.11274573734158666
39.105237891968109   2.5527073898245536  0.10620056513055604
39.320101836429473   2.5867284028650343  0.096993446153993742
39.534965780890836   2.1512750304586622  0.05498887710694719
39.7498297253522   1.7855180620383526  0.023095776029850458
39.964693669813563   1.562239402696876  0.02073954527671212
40.179557614274927   1.4721017354067512  0.021947355736596902
40.394421558736283   1.28702914777506  0.020387455546656571
40.609285503197647   1.092758744212328  0.020455795733031432
40.824149447659011   0.89085631722690336  0.025679279727960261
41.039013392120374   0.72661329782180125  0.019378415608715825
41.253877336581738   0.62064127469655996  0.017307172704737872
41.468741281043101   0.5490017860942252  0.012003233605145881
41.683605225504465   0.52029581309951329  0.00737336353735831
41.898469169965828   0.51770436025875485  0.0020413591832222242
42.113333114427192   0.53575724257057455  0.0027542175810618942
42.328197058888556   0.59010940259118471  0.0042949231066771343
42.543061003349919   0.69719010391400855  0.0067908724332148195
42.757924947811283   0.8523209425341048  0.0042828629734259438
42.972788892272646   1.0153361827890861  0.0075377045091612406
