0.24242100977793915   0.65522398590292265  0.029780577355432681     
0.4848420195558783   0.63526014638160857  0.028823877706107557     
0.72726302933381748   0.60391661587052515  0.027295636775569823     
0.9696840391117566   0.56318250041745812  0.025464366309284645     
1.2121050488896958   0.51555086908947665  0.023388052710067768     
1.454526058667635   0.46439289751214042  0.02128520519575895     
1.6969470684455741   0.41372918657060437  0.019279366307664671     
1.9393680782235132   0.3677549005549104  0.017534214646732007     
2.1817890880014525   0.33109754156158427  0.016091591213478912     
2.4242100977793917   0.30881200634259511  0.014912713408521023     
2.6666311075573308   0.30641507405716338  0.013844673188611088     
2.9090521173352699   0.3307627709036069  0.012485971807812124     
3.151473127113209   0.39092364676768932  0.010210339799994179     
3.3938941368911482   0.50145844968012476  0.006886589901125836     
3.6363151466690873   0.68677680581392865  0.0096549141549502945     
3.8787361564470264   0.99931610251350164  0.028019803422867925     
4.1211571662249655   1.5690392470023415  0.072604465705056439     
4.3635781760029051   2.8039798733208785  0.1847217491714072     
4.6059991857808438   6.510230565422483  0.5665283139158282     
4.8484201955587833   33.97259199413377  4.5791867139070024     
5.090841205336722   301.92722408912533  5.3619353763625698     
5.3332622151146616   7.6045274328667749  0.71817024436237613     
5.5756832248926003   1.9840521267818992  0.21029846848692334     
5.8181042346705398   0.83000170488740166  0.072876137409727432     
6.0605252444484785   0.45538391473735085  0.0253128836172285     
6.3029462542264181   0.31056213159193814  0.017740496151827921     
6.5453672640043568   0.2456296284836438  0.022683061758149152     
6.7877882737822963   0.21499817442368028  0.025236978380580387     
7.030209283560235   0.19879135670285024  0.025361347679070316     
7.2726302933381746   0.18831569640241988  0.023806794928258345     
7.5150513031161132   0.18117677307718358  0.021539749355295949     
7.7574723128940528   0.17880383904678927  0.019526680907930368     
7.9998933226719924   0.18442618019309303  0.017628437421297608     
8.2423143324499311   0.2045123345233152  0.016458512183655472     
8.4847353422278697   0.25598049377553962  0.016319349856399402     
8.7271563520058102   0.35893165230526692  0.016336370205369322     
8.9695773617837489   0.57329124916301706  0.015539200859623517     
9.2119983715616875   1.0441873277909677  0.013617976596869968     
9.4544193813396262   2.3495630743127764  0.055740001109192122     
9.6968403911175667   7.4770643902851439  0.17792442337088363     
9.9392614008955054   84.655604943440735  11.534629883278304     
10.181682410673444   138.89150362907434  8.8334110481375189     
10.424103420451383   9.9303016404560209  0.13372151138478793     
10.666524430229323   3.5497482153789458  0.12918084818965646     
10.908945440007262   1.7199710058436344  0.081006836765281276     
11.151366449785201   1.0052733285585793  0.050060555583708329     
11.393787459563139   0.67125634381087035  0.033847267227839819     
11.63620846934108   0.47542230280724581  0.021699489996154895     
11.878629479119018   0.35420407122460364  0.013615832759867469     
12.121050488896957   0.27792866130784313  0.0084512061233265666     
12.363471498674897   0.22787644024228641  0.0074186691930077185     
12.605892508452836   0.19370939698848928  0.0079871085658154596     
12.848313518230775   0.17417689044786481  0.0091073653626498572     
13.090734528008714   0.16546280865021828  0.0095388712677985947     
13.333155537786654   0.16828586966958128  0.010034819076979948     
13.575576547564593   0.19694090674887142  0.010207290287909757     
13.817997557342531   0.26156410044880348  0.011714509171807515     
14.06041856712047   0.41965812086506351  0.0089495017925683708     
14.30283957689841   0.8214740732782256  0.020655280751846777     
14.545260586676349   2.0919703987219436  0.093572353791650698     
14.787681596454288   7.2992846038468852  0.52264165288613966     
15.030102606232226   77.237128193671825  8.687893188332831     
15.272523616010167   48.847440018173394  4.9860436624805164     
15.514944625788106   6.5336862061092597  0.43915003317810298     
15.757365635566044   2.8596285639943269  0.11136796577075189     
15.999786645343985   1.4392092107304256  0.040848463275869384     
16.242207655121923   0.86012265561364408  0.016762475990367792     
16.484628664899862   0.61056904144111426  0.010545149966024207     
16.727049674677801   0.45799965788584731  0.0086656708314922802     
16.969470684455739   0.35868781796298074  0.0064380891523081267     
17.211891694233678   0.29449466247198304  0.0058281685645103935     
17.45431270401162   0.25180748382287627  0.0047531144755898873     
17.696733713789559   0.22097453267711975  0.0041562288204691665     
17.939154723567498   0.20588747708393934  0.0041704031931208331     
18.181575733345436   0.20392720162941465  0.004416036404344749     
18.423996743123375   0.21677984666693956  0.0054902833796250135     
18.666417752901314   0.26127547261308639  0.0052403489484970527     
18.908838762679252   0.36998668980949279  0.0092467999390402311     
19.151259772457191   0.6256083154767784  0.016431616901398131     
19.393680782235133   1.3016237533431546  0.045627620247056297     
19.636101792013072   3.4009702131798  0.15870487447938744     
19.878522801791011   12.340849536682521  2.0104590409400437     
20.120943811568949   38.347306459429293  2.8083257849850652     
20.363364821346888   17.452816031834553  1.7353721243390034     
20.605785831124827   4.6886817759808932  0.39139891479716282     
20.848206840902765   2.4426706595472444  0.14207140793819921     
21.090627850680708   1.3095785393922918  0.055698627297098593     
21.333048860458646   0.76314565379518354  0.014267186476860169     
21.575469870236585   0.54795642962106336  0.011788704164504953     
21.817890880014524   0.40888020955884025  0.0066548264877865759     
22.060311889792462   0.32582951029406639  0.0049085917492089507     
22.302732899570401   0.27515341083182663  0.0045471104104556153     
22.54515390934834   0.24644769897276313  0.0038434026648432718     
22.787574919126278   0.22942398106036851  0.0028079454135359163     
23.029995928904221   0.22672998717155377  0.0028227816749593229     
23.272416938682159   0.24295638219421593  0.0034057668639277452     
23.514837948460098   0.27945193962144582  0.0048662058773403297     
23.757258958238037   0.36263765510343544  0.0071176381433529175     
23.999679968015975   0.55151212974687111  0.015325720286489057     
24.242100977793914   0.98704859088466368  0.047146278334937851     
24.484521987571853   2.0141051543209844  0.097232361326345804     
24.726942997349795   4.6418574435369125  0.25988565171081677     
24.969364007127734   11.70682418650502  1.5689498224489323     
25.211785016905672   14.400053657857779  0.56334234393934106     
25.454206026683611   7.4108607749921907  0.54507753562772329     
25.69662703646155   3.4620957698899292  0.26478282462067913     
25.939048046239488   2.1511269089353736  0.14196980293504555     
26.181469056017427   1.2877432561143568  0.064960873176205164     
26.423890065795366   0.76890339532933383  0.021924733684533696     
26.666311075573308   0.56656609119743744  0.014455208360611208     
26.908732085351247   0.41463352551640743  0.0053462985003049998     
27.151153095129185   0.33534665713144183  0.0053039963179964725     
27.393574104907124   0.29031648313423414  0.0061058253205328732     
27.635995114685063   0.26852623573738245  0.0056603757489511258     
27.878416124463001   0.26631604083009189  0.0058631438022608713     
28.12083713424094   0.27921413813269122  0.0069762712565633309     
28.363258144018882   0.31786386573773182  0.005647498861543041     
28.605679153796821   0.38752921116192846  0.0096338020309559051     
28.84810016357476   0.53182410480781198  0.013235057754237379     
29.090521173352698   0.83631973837822383  0.033173159310251635     
29.332942183130637   1.4624455580947334  0.076001850543158207     
29.575363192908576   2.6064159831865527  0.13915887883941281     
29.817784202686514   4.8627576999740274  0.4174383096349821     
30.060205212464453   7.1089203877285627  0.56275182488027254     
30.302626222242395   5.8359790314080349  0.14808470623922454     
30.545047232020334   3.8869711318520801  0.18626131672017699     
30.787468241798273   2.5168386411501046  0.13463492114161407     
31.029889251576211   1.8726733779561818  0.11491217610545476     
31.27231026135415   1.2518147532595932  0.069982575661053566     
31.514731271132089   0.8252058020203443  0.032672161433616406     
31.757152280910027   0.6265737556990137  0.018928420008100095     
31.99957329068797   0.46227227185399259  0.0087583912685517245     
32.241994300465905   0.38054442360737311  0.0062887060190453844     
32.484415310243847   0.33956612817716526  0.0022653202661403927     
32.726836320021782   0.32171439553753723  0.0023352493628866437     
32.969257329799724   0.3312429721732984  0.0034527254432321997     
33.211678339577666   0.36029499694960228  0.0056940026525316316     
33.454099349355602   0.42063073443569048  0.0052421582971170233     
33.696520359133544   0.5331636585022811  0.012909174293206233     
33.938941368911479   0.73642378044881791  0.022630973479893852     
34.181362378689421   1.1322101068408099  0.045165383678062211     
34.423783388467356   1.8653625547669848  0.092688806400992711     
34.666204398245299   2.7790461942441033  0.183521714578204     
34.908625408023241   3.7773184144040684  0.28596678423358684     
35.151046417801176   3.7949280688211287  0.13804182079665311     
35.393467427579118   3.0543549651396684  0.058600644071385528     
35.635888437357053   2.4073051400521564  0.072770430849548655     
35.878309447134995   1.8796529118185924  0.060962773650804106     
36.120730456912931   1.5927643178697931  0.075838609776572578     
36.363151466690873   1.1956903207615307  0.059900618826064567     
36.605572476468815   0.89632816165427348  0.035073026339392985     
36.84799348624675   0.704511839403263  0.020901133924069259     
37.090414496024692   0.55118401653786034  0.012709081255091034     
37.332835505802628   0.46851792223786546  0.0087029395253380207     
37.57525651558057   0.42617174028622014  0.0032368912497347429     
37.817677525358505   0.41627974385688651  0.003277499822754439     
38.060098535136447   0.43353047742265835  0.0027712377272043184     
38.302519544914382   0.47707413506770948  0.0061968312995667481     
38.544940554692324   0.56325915146080193  0.0092704714244982422     
38.787361564470267   0.71299297802789597  0.016702446425988519     
39.029782574248202   0.97050722672941263  0.035432184412020485     
39.272203584026144   1.3654964678824476  0.053793674362504757     
39.514624593804079   1.9088655671754801  0.078566081819025571     
39.757045603582021   2.4627599311120987  0.17829918788938798     
39.999466613359957   2.5770457287404953  0.12623268994491362     
40.241887623137899   2.2575210388263005  0.042945788567608933     
40.484308632915841   1.9501636968110439  0.023379593805916776     
40.726729642693776   1.6876859805217039  0.035415972945351149     
40.969150652471718   1.4842867266005479  0.035676617944926449     
41.211571662249654   1.3379928902673554  0.048586302109937965     
41.453992672027596   1.1166458824545141  0.045139114697677207     
41.696413681805531   0.93335568572620468  0.033657374023427259     
41.938834691583473   0.76852350893670117  0.022807282957298556     
42.181255701361415   0.64609777492448408  0.016569735327990744     
42.42367671113935   0.57690303738036079  0.011616023541558575     
42.666097720917293   0.5344669558127713  0.0059128959223470411     
42.908518730695228   0.53757836685373692  0.0043766135107446122     
43.15093974047317   0.56297013134362022  0.0023505551376682701     
43.393360750251105   0.61666543331776047  0.0067409879564574373     
43.635781760029047   0.73026457306673955  0.012473064310378301     
43.87820276980699   0.89249258028018026  0.020105910369439029     
44.120623779584925   1.1509766591166596  0.036065322722784504     
44.363044789362867   1.4760007925252667  0.05893607473990411     
44.605465799140802   1.7246960638171422  0.065016060768986727     
44.847886808918744   1.9091243573344877  0.091902729134486099     
45.090307818696679   1.7801855280607162  0.049362527665695286     
45.332728828474622   1.5975205388665377  0.023994103571707824     
45.575149838252557   1.4566291660724356  0.015102495699438613     
45.817570848030499   1.3280877055751984  0.016774345764205614     
46.059991857808441   1.2572889435641223  0.019793413574284428     
46.302412867586376   1.1635673156132507  0.029341172685873555     
46.544833877364319   1.0429650080949579  0.029945710000495646     
46.787254887142254   0.94278802966285292  0.026614019575417039     
47.029675896920196   0.82478365410812482  0.021078256846280312     
47.272096906698131   0.73684615823023096  0.015498320602831108     
47.514517916476073   0.68408701612036704  0.012138003788195954     
47.756938926254016   0.65145578649502054  0.0060808945962672334     
47.999359936031951   0.66476995037239043  0.0056655105186657001     
48.241780945809893   0.70241193119368258  0.0047496634416763267     
48.484201955587828   0.76753495701847532  0.0092218209798425459     
