-0.0279266   -0.028748     0
-0.0381829   -0.0501571     0
0.0738226   -0.0303244     1
0.0618392   -0.051119     1
0.17373   -0.028561     2
0.162662   -0.0497502     2
0.271848   -0.0275739     3
0.263832   -0.0500035     3
0.372183   -0.0283381     4
0.36238   -0.049903     4
0.471909   -0.0284357     5
0.461808   -0.0502001     5
-0.428223   -0.029371     6
-0.437381   -0.0510516     6
-0.329007   -0.0284787     7
-0.336653   -0.05145     7
-0.22751   -0.0292773     8
-0.237631   -0.0504692     8
-0.128935   -0.0273882     9
-0.136351   -0.0502343     9
0.0308833   0.071429     10
0.0222402   0.0491832     10
0.129772   0.0709175     11
0.121605   0.0490294     11
0.231568   0.0716514     12
0.220755   0.0506823     12
0.331175   0.072325     13
0.320808   0.0508519     13
0.429566   0.0727295     14
0.421926   0.0502417     14
0.529832   0.0722864     15
0.521951   0.0493326     15
-0.370536   0.0716595     16
-0.380245   0.0500514     16
-0.270624   0.0715445     17
-0.27939   0.0499692     17
-0.169006   0.0707913     18
-0.182044   0.0505146     18
-0.0671017   0.0701005     19
-0.0807406   0.0511304     19
0.0858051   0.171977     20
0.0785377   0.149451     20
0.186682   0.171122     21
0.177088   0.149345     21
0.28695   0.172938     22
0.277879   0.151164     22
0.386568   0.173431     23
0.377584   0.15119     23
0.486704   0.171923     24
0.477507   0.150138     24
-0.413354   0.172751     25
-0.422143   0.150855     25
-0.31199   0.17217     26
-0.321207   0.150069     26
-0.213944   0.171555     27
-0.221632   0.148989     27
-0.113007   0.170753     28
-0.122024   0.148881     28
-0.0130191   0.171789     29
-0.0217311   0.149984     29
0.128039   0.271488     30
0.137444   0.249671     30
0.228958   0.272577     31
0.234126   0.24928     31
0.326653   0.272308     32
0.336633   0.250347     32
0.426528   0.271874     33
0.436747   0.250316     33
0.526398   0.271836     34
0.536355   0.250583     34
0.626386   0.272224     35
-0.363306   0.250055     35
-0.27259   0.271862     36
-0.264995   0.249189     36
-0.17478   0.268383     37
-0.161355   0.248863     37
-0.072314   0.271006     38
-0.0627574   0.24935     38
0.028815   0.272551     39
0.0361715   0.249915     39
0.169005   0.371835     40
0.180038   0.350874     40
0.2701   0.372614     41
0.278966   0.34981     41
0.370382   0.372057     42
0.379504   0.34993     42
0.470054   0.372096     43
0.480338   0.350908     43
0.569906   0.372064     44
0.579186   0.350074     44
0.668628   0.371321     45
-0.321279   0.349227     45
-0.230895   0.370463     46
-0.220072   0.348909     46
-0.130777   0.369969     47
-0.121817   0.347941     47
-0.0299985   0.371354     48
-0.0210488   0.348982     48
0.0697552   0.371117     49
0.0811167   0.350216     49
0.211841   0.473194     50
0.220858   0.450509     50
0.310904   0.471263     51
0.322553   0.450927     51
0.411881   0.472645     52
0.422225   0.451559     52
0.512874   0.473976     53
0.520286   0.451107     53
0.611481   0.471299     54
0.623116   0.450957     54
0.71509   0.47166     55
-0.280447   0.447873     55
-0.189323   0.469919     56
-0.177975   0.449021     56
-0.0879742   0.471098     57
-0.0806042   0.448634     57
0.0107615   0.470937     58
0.022406   0.450219     58
0.111877   0.472187     59
0.121284   0.450546     59
-0.227025   -0.426885     60
-0.218624   -0.449431     60
-0.127582   -0.427561     61
-0.120056   -0.450529     61
-0.0296963   -0.427474     62
-0.0190051   -0.448689     62
0.0713269   -0.428099     63
0.0820842   -0.449427     63
0.171249   -0.42911     64
0.182836   -0.450148     64
0.273596   -0.427699     65
0.280806   -0.450263     65
-0.628174   -0.428791     66
-0.618707   -0.450878     66
-0.528493   -0.428697     67
-0.518769   -0.450087     67
-0.428632   -0.428012     68
-0.418812   -0.450147     68
-0.328231   -0.427773     69
-0.317861   -0.449326     69
-0.185563   -0.326718     70
-0.17786   -0.348875     70
-0.0869749   -0.326825     71
-0.0750151   -0.347034     71
0.0144094   -0.327895     72
0.0227441   -0.350705     72
0.113852   -0.328876     73
0.123972   -0.35017     73
0.215426   -0.327405     74
0.222724   -0.349697     74
0.314229   -0.327928     75
0.321302   -0.350281     75
-0.58615   -0.328591     76
-0.579124   -0.351906     76
-0.486288   -0.327612     77
-0.478675   -0.350312     77
-0.386296   -0.326451     78
-0.37909   -0.34975     78
-0.287335   -0.328226     79
-0.277074   -0.349503     79
-0.144843   -0.22773     80
-0.133928   -0.248922     80
-0.0444131   -0.228231     81
-0.0339521   -0.249541     81
0.0573845   -0.227992     82
0.0655617   -0.251169     82
0.156563   -0.227966     83
0.165825   -0.24949     83
0.257387   -0.228541     84
0.264678   -0.251268     84
0.355372   -0.227708     85
0.365936   -0.249456     85
-0.545499   -0.228618     86
-0.535479   -0.250275     86
-0.444917   -0.228322     87
-0.434577   -0.249773     87
-0.344556   -0.228132     88
-0.333781   -0.249127     88
-0.243404   -0.227874     89
-0.234534   -0.249599     89
-0.0843041   -0.128952     90
-0.0949859   -0.150444     90
0.0137449   -0.128095     91
0.00711116   -0.151187     91
0.115539   -0.129576     92
0.105635   -0.150395     92
0.21506   -0.127293     93
0.206282   -0.150241     93
0.312704   -0.127537     94
0.306054   -0.150223     94
0.412999   -0.128083     95
0.404454   -0.150336     95
-0.485068   -0.129654     96
-0.496654   -0.149208     96
-0.385627   -0.128897     97
-0.394233   -0.150491     97
-0.284523   -0.128638     98
-0.294445   -0.149739     98
-0.184175   -0.128805     99
-0.195149   -0.149814     99
