0.24242100977793915   0.01790889184084653  7.1848435016780799e-05     
0.4848420195558783   0.017778290075360007  6.3308381206005718e-05     
0.72726302933381748   0.017599162276063412  4.3649931703094282e-05     
0.9696840391117566   0.017438670847661685  5.976940678945831e-05     
1.2121050488896958   0.0173212319524367  9.9740779029092822e-05     
1.454526058667635   0.017365335421357281  0.00015575446172461596     
1.6969470684455741   0.017734898798790331  0.0002260382915959631     
1.9393680782235132   0.018651582699538378  0.00030553354568989504     
2.1817890880014525   0.02049553125120631  0.00039662998846868731     
2.4242100977793917   0.023790812688572872  0.00049810076773113624     
2.6666311075573308   0.029490392647114822  0.00060956454313864642     
2.9090521173352699   0.039105534007722043  0.00072901455717917489     
3.151473127113209   0.055494034819692024  0.00085485905402026688     
3.3938941368911482   0.084065526157165588  0.00097211793041261828     
3.6363151466690873   0.13638430928189051  0.0010728326569247174     
3.8787361564470264   0.24034751537739444  0.0011487251626867895     
4.1211571662249655   0.47688403460095199  0.0012774797510607635     
4.3635781760029051   1.168656297980802  0.0034085205928208973     
4.6059991857808438   4.6634195651696129  0.014501477526099885     
4.8484201955587833   373.59829147005126  0.11623775994874166     
5.090841205336722   9.8893605095508006  0.045372166455568872     
5.3332622151146616   2.3295619672378121  0.0093566687773475773     
5.5756832248926003   1.0726030977390869  0.0030336950172288931     
5.8181042346705398   0.63737639236748839  0.0018240977054059677     
6.0605252444484785   0.43339709541034645  0.0017861210285177087     
6.3029462542264181   0.32195364020484936  0.0021468718015657448     
6.5453672640043568   0.25629052144238976  0.0026067820927119774     
6.7877882737822963   0.21705732349024312  0.0030136995241454158     
7.030209283560235   0.19638664390947216  0.0034312559606841694     
7.2726302933381746   0.1907527515565422  0.0038438110062843605     
7.5150513031161132   0.2008361466496804  0.004272621911856709     
7.7574723128940528   0.22988682570929898  0.00470153418433174     
7.9998933226719924   0.28642881642105325  0.0051488006760257515     
8.2423143324499311   0.38740842422943506  0.005566339748092186     
8.4847353422278697   0.56874248526363215  0.0059365729362754409     
8.7271563520058102   0.9155852631496408  0.0063631218179286998     
8.9695773617837489   1.6644375602384847  0.0068048673104403095     
9.2119983715616875   3.7020782790412975  0.010472647571144419     
9.4544193813396262   12.661285601127685  0.027997641537560261     
9.6968403911175667   303.25549528180516  0.38907089781772003     
9.9392614008955054   42.934798727510653  0.20608988489245622     
10.181682410673444   8.0468440018241714  0.032576911635048255     
10.424103420451383   3.3825333273088456  0.010240352758832878     
10.666524430229323   1.8899728236256607  0.0050201273548198015     
10.908945440007262   1.2215623052249416  0.0034894705874041898     
11.151366449785201   0.86621279321515439  0.0040749521907226037     
11.393787459563139   0.65853404498540447  0.0051697585072023975     
11.63620846934108   0.53102136888214926  0.0060615389696058128     
11.878629479119018   0.45533165131618943  0.006974278801221787     
12.121050488896957   0.41674076421051416  0.0078241014798215528     
12.363471498674897   0.41183310266900559  0.0087291936235867113     
12.605892508452836   0.44238807852625602  0.0095954012494962821     
12.848313518230775   0.51927576268339064  0.010553006469414886     
13.090734528008714   0.66641929873755162  0.011530258682589571     
13.333155537786654   0.93427189677128087  0.012578228509896797     
13.575576547564593   1.4429010195923673  0.014281862891181335     
13.817997557342531   2.5148416064693703  0.016672022265293772     
14.06041856712047   5.3057864234888401  0.023042645419291851     
14.30283957689841   16.393602250691855  0.046507132167139934     
14.545260586676349   211.27609088523209  0.64495541871788805     
14.787681596454288   98.897383603861766  0.4599668179458042     
15.030102606232226   14.349371493515012  0.051574080451244654     
15.272523616010167   5.6147989511368299  0.016062671851292622     
15.514944625788106   3.0166366488522813  0.0066402425978225721     
15.757365635566044   1.8946848042357984  0.0031848406165398246     
15.999786645343985   1.3103719089067202  0.0040637197692328216     
16.242207655121923   0.97173674114621351  0.0058166636476865668     
16.484628664899862   0.76175999967216095  0.0070876695310943283     
16.727049674677801   0.63189682038020767  0.0084102921377852328     
16.969470684455739   0.55559903183182174  0.0095629595775050744     
17.211891694233678   0.52408607797347833  0.010854224731162229     
17.45431270401162   0.53515858416016236  0.011998063123217238     
17.696733713789559   0.59710254505537153  0.013397395585614132     
17.939154723567498   0.73173398946548033  0.014902916510192729     
18.181575733345436   0.98470805642784154  0.016764027058672814     
18.423996743123375   1.467339494261728  0.020180799418798162     
18.666417752901314   2.4686115915609569  0.025453310810459609     
18.908838762679252   4.9873771022893  0.037470551117810522     
19.151259772457191   14.183733170557846  0.081939596465906975     
19.393680782235133   123.13116701637992  0.73206175493399545     
19.636101792013072   166.19943554366893  0.69005297857371382     
19.878522801791011   17.234249048433566  0.052957917836271858     
20.120943811568949   6.2650420056508006  0.017628730328680737     
20.363364821346888   3.247944328800896  0.0037910600028122619     
20.605785831124827   1.991597854211826  0.002349287212733636     
20.848206840902765   1.3506864932014061  0.0033879663186149793     
21.090627850680708   0.98309466074979462  0.0050815187621837181     
21.333048860458646   0.75437176038427871  0.0061945990491073338     
21.575469870236585   0.61025501985268458  0.0074337651035587604     
21.817890880014524   0.51981633687340411  0.0084193184108685091     
22.060311889792462   0.47166232823875104  0.0096515651412656733     
22.302732899570401   0.46011547799633442  0.010587851772130378     
22.54515390934834   0.4887189399341488  0.012040417380147533     
22.787574919126278   0.57091734452619772  0.013596676081629916     
23.029995928904221   0.73469770831658682  0.015781053579241007     
23.272416938682159   1.052688271160383  0.020007516983757567     
23.514837948460098   1.7054493366121096  0.026711741485037384     
23.757258958238037   3.3019329143184532  0.041542112206587511     
23.999679968015975   8.7131245076757503  0.095690778241417141     
24.242100977793914   57.104719641946443  0.61361389860708567     
24.484521987571853   225.77722790427629  0.7530040688735541     
24.726942997349795   14.493649043247249  0.074603810078460405     
24.969364007127734   4.8537876843051788  0.025389179253519649     
25.211785016905672   2.4227947488397405  0.0075383215883172165     
25.454206026683611   1.4489833376149887  0.0068668761110901391     
25.69662703646155   0.96368239365457353  0.005140138283526827     
25.939048046239488   0.68917287588124145  0.0050055307676125544     
26.181469056017427   0.51869889087788784  0.0051273671742473282     
26.423890065795366   0.41083850944783692  0.0055867752992399253     
26.666311075573308   0.34085936806575787  0.0058900392817791282     
26.908732085351247   0.29932595621703741  0.0065361393479632819     
27.151153095129185   0.28002429704076287  0.0068218225685738594     
27.393574104907124   0.28352200200712126  0.0079202818578249205     
27.635995114685063   0.314524303537092  0.0089401895945722971     
27.878416124463001   0.38391440079260977  0.010656497595499707     
28.12083713424094   0.52393144960416402  0.014044258763294586     
28.363258144018882   0.80930239434776872  0.019477347296711891     
28.605679153796821   1.4910216945819077  0.030975253811143045     
28.84810016357476   3.641854812947374  0.073901603810038223     
29.090521173352698   19.13635402958142  0.37234612266408225     
29.332942183130637   259.41384167581495  0.61062470882306597     
29.575363192908576   7.9205183588667237  0.10526459750937217     
29.817784202686514   2.419462182400348  0.031500990644912165     
30.060205212464453   1.1581174069923181  0.012723319365603947     
30.302626222242395   0.67369186874787536  0.0090680510326101646     
30.545047232020334   0.43937812875623032  0.0059936217434640778     
30.787468241798273   0.30940269297616325  0.0046508358422513313     
31.029889251576211   0.22983590205027919  0.0039586710500057088     
31.27231026135415   0.18019814301289273  0.0036971432823805596     
31.514731271132089   0.14808378395334632  0.0033963039336874797     
31.757152280910027   0.12845651046022051  0.003391899548485625     
31.99957329068797   0.11731679937792081  0.0031061162530474741     
32.241994300465905   0.11562290319136822  0.0037002567300191189     
32.484415310243847   0.12280436719598385  0.004001536444625574     
32.726836320021782   0.1424306934180628  0.004779113312027038     
32.969257329799724   0.18396205986641876  0.0062923787187235812     
33.211678339577666   0.26783172149041191  0.0088521244225346012     
33.454099349355602   0.4629388042941625  0.013293641770151085     
33.696520359133544   1.0308587845119794  0.034420037169466207     
33.938941368911479   4.356439809449637  0.13866770642242769     
34.181362378689421   257.85347100302587  0.52347771453467504     
34.423783388467356   2.8691098585718776  0.066557483895987079     
34.666204398245299   0.81977290512063995  0.017524019147057307     
34.908625408023241   0.39366681050467698  0.0076424574420850017     
35.151046417801176   0.23603411058445035  0.0043630258133775025     
35.393467427579118   0.1623845498180444  0.0028369812380223356     
35.635888437357053   0.12177453862697637  0.0018019779888540819     
35.878309447134995   0.098849712257715203  0.0012790914161485062     
36.120730456912931   0.084745307176423154  0.0011224340067839546     
36.363151466690873   0.077073177773371522  0.0010476433849661826     
36.605572476468815   0.073336741144333101  0.00085293109610257201     
36.84799348624675   0.072168493456918106  0.00071785776516640421     
37.090414496024692   0.076693805193713231  0.0008333110318887078     
37.332835505802628   0.084545194817408645  0.00096350277165319495     
37.57525651558057   0.10204086959804475  0.0010738904279867328     
37.817677525358505   0.13485004061037561  0.0013021912586954982     
38.060098535136447   0.20134790670658966  0.0022050479932828303     
38.302519544914382   0.35060825680215651  0.0028927213660301799     
38.544940554692324   0.77975459837764286  0.0080231188784751243     
38.787361564470267   2.8341349862774218  0.040035224219390108     
39.029782574248202   224.19413048983668  0.79763807249164229     
39.272203584026144   5.1758246860889276  0.10852696536333375     
39.514624593804079   1.3474300185946068  0.02499727014788381     
39.757045603582021   0.67516559972951214  0.011802753829189593     
39.999466613359957   0.43390810634848704  0.0085052671596558062     
40.241887623137899   0.31886170387816424  0.0049293155575925647     
40.484308632915841   0.25248753242256033  0.0045173835545044938     
40.726729642693776   0.21490483618009426  0.0036836544723114586     
40.969150652471718   0.18877196566162193  0.0026883436712237136     
41.211571662249654   0.17363108874081377  0.0022785957343693979     
41.453992672027596   0.16481556952952645  0.0019347607640679173     
41.696413681805531   0.16179032923034159  0.0017411288113335768     
41.938834691583473   0.16871956468391001  0.0021161398161551251     
42.181255701361415   0.18298936234083648  0.0019940479699620819     
42.42367671113935   0.21787395107036143  0.0026116207462263007     
42.666097720917293   0.28404195334740193  0.0029765223405806774     
42.908518730695228   0.42143099515020671  0.0043565083347459728     
43.15093974047317   0.7275882743077699  0.0071354555714188133     
43.393360750251105   1.5977132066565045  0.014400134004229099     
43.635781760029047   5.4604663228107288  0.067365324319895272     
43.87820276980699   171.17369687384144  1.0917018037421022     
44.120623779584925   17.440588555192138  0.34913332761569801     
44.363044789362867   3.7634594035886613  0.065232648891013825     
44.605465799140802   1.7655420438522046  0.030014478311540102     
44.847886808918744   1.0879512691005876  0.019578395416298718     
45.090307818696679   0.77093641563124007  0.011573733871264456     
45.332728828474622   0.59181214995727488  0.0098831719379374352     
45.575149838252557   0.48643924507401188  0.0076618093440101931     
45.817570848030499   0.41318362763555864  0.0056712321840502066     
46.059991857808441   0.36632152152778438  0.0043569029052790053     
46.302412867586376   0.33513998235563106  0.0037916676562505136     
46.544833877364319   0.31783324110706834  0.0030255932204060534     
46.787254887142254   0.31676706409418792  0.0037338415899990722     
47.029675896920196   0.32942780232256907  0.0031992215740127425     
47.272096906698131   0.37399897481683214  0.0041932280251335636     
47.514517916476073   0.46464754771339453  0.0043958493356367935     
47.756938926254016   0.65819781534189216  0.0064897952241139767     
47.999359936031951   1.0867168113974165  0.0094427289296978868     
48.241780945809893   2.2657403078542575  0.019591145470304564     
48.484201955587828   7.0890189771556178  0.072670404506583595     
