0.21486394446136323   21.549437914939386  0.013884452590849988
0.42972788892272645   10.669705408418431  0.022568155047966705
0.64459183338408965   1.7631479443811215  0.011920274724985286
0.85945577784545291   0.034855116759066148  0.00075700653819964455
1.0743197223068162   0.0086029078135208277  0.0004189816255273949
1.2891836667681793   0.069471722197983894  0.0011796817879363963
1.5040476112295427   0.13028687022386263  0.0019587436681867038
1.7189115556909058   0.05388745366455087  0.00082143651647833376
1.933775500152269   0.032966908860028848  0.00080436971333303909
2.1486394446136323   0.012661738746241291  0.00059668409230893786
2.3635033890749955   0.02761308747171952  0.00066795779663389109
2.5783673335363586   0.16997013069797736  0.0028296600683020859
2.7932312779977218   0.30367166257563707  0.011018503853374767
3.0080952224590853   0.049713242185515482  0.00098364810478280208
3.2229591669204485   0.014870602405887436  0.00043888529984019807
3.4378231113818116   0.020491224941184113  0.00073309378726339084
3.6526870558431748   0.077576542849095051  0.00055118489601028399
3.8675510003045379   0.05562411673926446  0.00054546488606070033
4.0824149447659011   0.040668438014777982  0.00032517412237554402
4.2972788892272646   0.011885647946198167  0.0001854195792558817
4.5121428336886273   0.010097360314735402  0.00013114493004214756
4.7270067781499909   0.028123308843799826  0.00042078502063363566
4.9418707226113545   0.12883590658181976  0.0012757710761896641
5.1567346670727172   0.1769674254505082  0.0013316910984574706
5.3715986115340808   0.13050104891981698  0.0013000942069284514
5.5864625559954435   0.014011098696645699  0.0003729972392811164
5.8013265004568071   0.037313725326790876  0.00049987666167979506
6.0161904449181707   0.053773500584172806  0.00080276265887163818
6.2310543893795334   0.07120809004758742  0.00064266730882027641
6.445918333840897   0.02786382197052414  0.00056652473092580968
6.6607822783022597   0.014717902776321003  0.00066598607427503124
6.8756462227636232   0.030537558946422209  0.00099298084827240108
7.0905101672249868   0.044142456763810732  0.00070870885477904862
7.3053741116863495   0.091899220443859006  0.001239634460558773
7.5202380561477131   0.12877061443335215  0.0014581461543790212
7.7351020006090758   0.032759427324062964  0.00081321500262881493
7.9499659450704394   0.089179971986881174  0.0016017243884736314
8.1648298895318021   6.265738343480121  0.038006799037109672
8.3796938339931657   5.2610862493978625  0.067430540872419627
8.5945577784545293   1.8093554839497857  0.018274141100343002
8.8094217229158929   0.087291351334834036  0.00068845132761629235
9.0242856673772547   0.060543636423561803  0.00088576917668990399
9.2391496118386183   0.17933349117891106  0.0024330204639846083
9.4540135562999819   0.63010516225452702  0.0041551508729326639
9.6688775007613454   0.41749347935267407  0.0036895276409650082
9.883741445222709   0.040043971095892118  0.00064168961719632224
10.098605389684071   0.41839778033984649  0.0076378144971919303
10.313469334145434   0.57901880639937006  0.0081308865415680115
10.528333278606798   0.1942429257819255  0.0027322407541462011
10.743197223068162   0.065044304493819859  0.001073186323713885
10.958061167529525   0.058538025412210692  0.0020240194935621278
11.172925111990887   0.035599743994188675  0.00087434503700466847
11.387789056452251   0.1037632501267375  0.0011242471519274026
11.602653000913614   0.072396145878172047  0.00099512162536871377
11.817516945374978   0.056484680128541674  0.00089371628335097518
12.032380889836341   0.045386992664149175  0.000650751593565778
12.247244834297703   0.051399544122261969  0.00098269907952213547
12.462108778759067   0.13975737783960132  0.0016247817303737033
12.67697272322043   0.10248421446671579  0.0021928759052534216
12.891836667681794   0.10868716470599302  0.0013558574877934895
13.106700612143158   0.39687988116397694  0.0048128970301649931
13.321564556604519   0.083787626001664232  0.00041191187136078011
13.536428501065883   0.099828871008569085  0.0012360441271707343
13.751292445527246   3.0371215446141978  0.01263450500493381
13.96615638998861   0.24468196730751908  0.002349726850424604
14.181020334449974   0.16485146937657552  0.0012651210349230065
14.395884278911335   0.03860051217590638  0.0004483930299382671
14.610748223372699   0.033442831287710055  0.00049913478375040023
14.825612167834063   0.04111368764834811  0.00043621621001753003
15.040476112295426   0.05017300660551085  0.00053067397295057626
15.25534005675679   0.042046429035299795  0.00042847394390612491
15.470204001218152   0.03270386304703897  0.00068670173632939595
15.685067945679515   0.049787486413091742  0.0010700495236974471
15.899931890140879   0.070976101603680931  0.0010161694712946909
16.114795834602241   0.17965694421136499  0.0031354201935622832
16.329659779063604   0.58168241201639507  0.0071116203615871554
16.544523723524968   0.46827873826352679  0.0086963796863416771
16.759387667986331   0.18063235778088801  0.0021622869422399318
16.974251612447695   0.17445382065269124  0.0032515558771392758
17.189115556909059   0.43364009211320543  0.0058405400396536936
17.403979501370422   0.22406631953731644  0.0035142045749747861
17.618843445831786   0.086216142633660836  0.00074721245346113057
17.833707390293149   0.075991658031831971  0.00034960711568094617
18.048571334754509   0.07868618655848917  0.00071353699118784571
18.263435279215873   0.084788253205482483  0.0007795645486113077
18.478299223677237   0.072606964943575988  0.00065964878267172785
18.6931631681386   0.057310834710737975  0.00043610687366396799
18.908027112599964   0.047557031984106857  0.00042454634301451878
19.122891057061327   0.088239869429110561  0.0010696683001134707
19.337755001522691   0.46910548480994794  0.0039039097109426221
19.552618945984054   0.1342656709342492  0.0022663001275243969
19.767482890445418   0.075681008183816711  0.00056681225131162893
19.982346834906782   0.26118142729934501  0.0076743020432429624
20.197210779368142   0.49977800193966664  0.010607662390079979
20.412074723829505   0.33726486117145024  0.0061515537681274561
20.626938668290869   0.12659423834655237  0.001935765604566293
20.841802612752232   0.18207265083595757  0.0015352197811117696
21.056666557213596   0.22298985193834614  0.0026746367615477329
21.27153050167496   0.62057260347307044  0.0074223397306853075
21.486394446136323   1.8494609122192591  0.031216008168224593
21.701258390597687   3.0918926413531539  0.052913750365345902
21.91612233505905   6.1605485494362502  0.07284922919514405
22.130986279520414   1.0922272401055245  0.017778549852064373
22.345850223981774   0.23238930206119179  0.0021524408096205481
22.560714168443138   0.17128421499611596  0.0016339160621585228
22.775578112904501   0.10319263135895898  0.00087262428193740645
22.990442057365865   0.11112813948987208  0.00088088585377433328
23.205306001827228   0.057280495368716117  0.00042531592547581828
23.420169946288592   0.044733087647824255  0.00035809790534464618
23.635033890749956   0.047315006971235752  0.00036377601852487306
23.849897835211319   0.068184879965691342  0.0003885378093159679
24.064761779672683   0.08258718094195425  0.00051254291185863493
24.279625724134046   0.088667397529483613  0.00049949034307306212
24.494489668595406   0.10417260546742686  0.00099423129570764378
24.70935361305677   0.15130173345505047  0.0024184745506138096
24.924217557518134   0.22947192789048932  0.0050372736063246486
25.139081501979497   0.22264881065488683  0.0016439305209331183
25.353945446440861   0.18081047155045442  0.0013550798830214439
25.568809390902224   0.20827696121085914  0.0035415611461181464
25.783673335363588   0.32855455345158689  0.0052110984712199312
25.998537279824951   0.41982706300711311  0.0070751121300978463
26.213401224286315   0.14048446531171502  0.0010611591199485472
26.428265168747679   0.12230838881088066  0.00083545605686834434
26.643129113209039   0.10867928109073161  0.00071154662287028705
26.857993057670402   0.1114568859629651  0.00062904748343798009
27.072857002131766   0.1461510663515012  0.0011500551922317428
27.287720946593129   0.12385897590447184  0.0014312637989676543
27.502584891054493   0.70389978278315791  0.0057750212094302446
27.717448835515857   0.082898737532519373  0.00054794919183293214
27.93231277997722   0.065771955539092474  0.00054294488214448852
28.147176724438584   0.075689309422931848  0.00073252109629283657
28.362040668899947   0.072715376678623127  0.00033890456053487596
28.576904613361307   0.080553817541866821  0.00088522668190796661
28.791768557822671   0.1112337757312472  0.0013338338387239957
29.006632502284035   0.16209010633048151  0.0025924906189489791
29.221496446745398   0.22443022677977243  0.0035261475512867845
29.436360391206762   0.44881166650183316  0.0068979901199911055
29.651224335668125   0.98558696446642808  0.014096559340374429
29.866088280129489   5.925354541443796  0.15861785230772623
30.080952224590852   51.661438707903611  0.80753928197338171
30.295816169052216   87.864196669460887  0.99616881900738841
30.51068011351358   3.2503304755856202  0.072592771300476663
30.72554405797494   0.79278724282621823  0.016358012327544085
30.940408002436303   0.31316204476085275  0.0038668628918615217
31.155271946897667   0.14047868757983299  0.00095172323305523758
31.37013589135903   0.11693654043774145  0.00082362022316122562
31.584999835820394   0.089576482886859085  0.00052878263811216555
31.799863780281758   0.098978688470890981  0.00075835435062166666
32.014727724743118   0.08959809709893989  0.00048696698127237432
32.229591669204481   0.067247679390771349  0.00035721693077773848
32.444455613665845   0.066308339265549306  0.0003370160687333579
32.659319558127208   0.11285254758136154  0.00048690949959425323
32.874183502588572   0.19369991185652344  0.0018503376672210018
33.089047447049936   0.27982617055483957  0.0036289542375203508
33.303911391511299   0.16367649871433513  0.00076039080486375529
33.518775335972663   0.15373411669953381  0.00084924187348868311
33.733639280434026   0.17565490290057331  0.00049579639726086792
33.94850322489539   0.19654393417533765  0.00080128978311734759
34.163367169356754   0.23751254154591127  0.0013988422060962817
34.378231113818117   0.38263663910182704  0.0065826562895293715
34.593095058279481   0.4727568622111848  0.0076217256821550977
34.807959002740844   0.24578400026663244  0.0016353498906651772
35.022822947202208   0.2744097672224719  0.0019125765945952451
35.237686891663571   0.25053854723414219  0.0021599934418485161
35.452550836124935   0.23010545459953481  0.00095356793642048203
35.667414780586299   0.1918620328449637  0.00091844578001874597
35.882278725047662   0.32420676931386073  0.0039618724053667794
36.097142669509019   0.19608132656748923  0.0012073435797059007
36.312006613970382   0.14725839578341794  0.0006254340234918503
36.526870558431746   0.11185334880253125  0.00062236442802399794
36.741734502893109   0.09520787793252088  0.00042089136622438323
36.956598447354473   0.088346076556185869  0.00057551201051429786
37.171462391815837   0.10586984570886638  0.00061099787876323879
37.3863263362772   0.14263328365503093  0.0010282383456597053
37.601190280738564   0.21255791158956275  0.0015943956660429383
37.816054225199927   0.28891277106713429  0.0038828254890841737
38.030918169661291   0.40615608591885081  0.0072550823765485519
38.245782114122655   0.98259822108316361  0.015634859268155748
38.460646058584018   3.8531531398484591  0.13394045467760995
38.675510003045382   7.3684898494954653  0.1818553852747455
38.890373947506745   6.4313538485867734  0.16216118033269451
39.105237891968109   1.7731315901731749  0.023791664498272891
39.320101836429473   0.80924384533392674  0.010517896521514509
39.534965780890836   0.52931580494408857  0.0053154029091602698
39.7498297253522   0.43727166463157812  0.0044808483711849756
39.964693669813563   0.38875952047680977  0.003713230910040356
40.179557614274927   0.25505883966566574  0.0033407124067376003
40.394421558736283   0.1582057310562637  0.0016799678177111541
40.609285503197647   0.16354054993849251  0.00083170294604995604
40.824149447659011   0.16946165862681133  0.00083854901295317565
41.039013392120374   0.1193559160963621  0.00065494895787558685
41.253877336581738   0.099499923276964605  0.00075411692540553576
41.468741281043101   0.13866831807036024  0.00083746388006731979
41.683605225504465   0.19127717015714003  0.0015675033297495368
41.898469169965828   0.22970705586573707  0.0017612794000991667
42.113333114427192   0.23300400882393302  0.0014136061513598512
42.328197058888556   0.24217763737224137  0.00096493393014231228
42.543061003349919   0.26746584094313378  0.0010298617728375872
42.757924947811283   0.3230533241280971  0.0025169265163303048
42.972788892272646   0.50525892560997877  0.0034700448459220294
