1.086001   0.0005752   1.3773404323792526e-05   
1.0860030000000001   0.0002802   8.9713123033614455e-06   
1.0860050000000001   0.0002732   8.1714951712237665e-06   
1.0860070000000002   0.0002664   1.1936126302578702e-05   
1.086009   0.0002716   9.783432708183542e-06   
1.0860110000000001   0.0002822   1.4929314935536876e-05   
1.0860130000000001   0.000278   1.3730744092485787e-05   
1.0860150000000002   0.0002772   1.2996409760648002e-05   
1.086017   0.000273   1.0754843869934452e-05   
1.0860190000000001   0.000279   2.0906670918366915e-05   
1.0860210000000001   0.0003014   1.0180809834629507e-05   
1.0860230000000002   0.000287   1.7256882684888369e-05   
1.086025   0.0002938   1.2769581912585166e-05   
1.0860270000000001   0.0002886   9.9154200897166003e-06   
1.0860290000000001   0.0002818   8.2594054130898416e-06   
1.086031   0.0002866   1.6873516395688113e-05   
1.086033   0.0002924   1.0715720538846964e-05   
1.0860350000000001   0.0002998   1.6945533662623645e-05   
1.0860370000000001   0.0002666   1.6376270094933773e-05   
1.086039   0.0002744   1.3395853421446835e-05   
1.086041   0.000281   1.2512216252748973e-05   
1.0860430000000001   0.0003044   1.3674956835194927e-05   
1.0860450000000001   0.0002836   1.6329387278428082e-05   
1.086047   0.0002906   9.0923655398972556e-06   
1.086049   0.0003072   1.4016498215396819e-05   
1.0860510000000001   0.000297   9.0982293759707872e-06   
1.0860530000000002   0.00028   1.7361515550844696e-05   
1.086055   0.000298   1.8501651577929769e-05   
1.0860570000000001   0.000311   1.8165290467751342e-05   
1.0860590000000001   0.0002858   1.091563608366966e-05   
1.0860610000000002   0.000295   1.5147423690002351e-05   
1.086063   0.0002918   1.0833897421211507e-05   
1.0860650000000001   0.0002792   8.718817452944968e-06   
1.0860670000000001   0.0003072   1.0646647881427802e-05   
1.0860690000000002   0.0002844   1.2909255938623608e-05   
1.086071   0.0002718   1.2488038721557165e-05   
1.0860730000000001   0.000289   1.6325168027040675e-05   
1.0860750000000001   0.000294   1.0434983894999019e-05   
1.0860770000000002   0.0002704   1.40658767550725e-05   
1.086079   0.0003058   7.9969438606952289e-06   
1.0860810000000001   0.0002774   1.0009106964271199e-05   
1.0860830000000001   0.0002944   1.511967077830878e-05   
1.086085   0.0003014   8.380135241549904e-06   
1.086087   0.0002846   1.4063506754085989e-05   
1.0860890000000001   0.0003024   1.7989626640557793e-05   
1.0860910000000001   0.0002834   1.1806024827274514e-05   
1.086093   0.0002894   8.1978316916392254e-06   
1.086095   0.000288   1.313857763314668e-05   
1.0860970000000001   0.0002784   8.087301431531067e-06   
1.0860990000000001   0.0002814   1.2729842453419794e-05   
1.086101   0.0002758   2.1693726691782991e-05   
1.086103   0.0002812   8.784835418682204e-06   
1.0861050000000001   0.000293   1.9675704138183551e-05   
1.0861070000000002   0.0003088   1.5541199724888967e-05   
1.086109   0.0002888   1.2575814530721702e-05   
1.086111   0.0002848   8.6728183295730217e-06   
1.0861130000000001   0.000281   1.2261049438499681e-05   
1.0861150000000002   0.0003032   1.2249988662126273e-05   
1.086117   0.0002888   1.1787752589493517e-05   
1.0861190000000001   0.0002866   1.3175903932726758e-05   
1.0861210000000001   0.000284   1.6701297354796523e-05   
1.0861230000000002   0.0002802   1.949917377166986e-05   
1.086125   0.0003002   8.7404551114661962e-06   
1.0861270000000001   0.0002764   1.156162233906259e-05   
1.0861290000000001   0.000303   1.7448973226716427e-05   
1.0861310000000002   0.0002628   1.5264191939161259e-05   
1.086133   0.0003052   7.075466219424853e-06   
1.0861350000000001   0.0002978   1.9914149073795077e-05   
1.0861370000000001   0.0002756   8.8583921289989816e-06   
1.086139   0.0002666   1.4688014766392965e-05   
1.086141   0.0002934   1.0587413911495731e-05   
1.0861430000000001   0.0002848   1.4913677540357971e-05   
1.0861450000000001   0.0003016   8.9084229805280351e-06   
1.086147   0.0002706   1.131783253690093e-05   
1.086149   0.0002822   1.5490355422362365e-05   
1.0861510000000001   0.0002788   1.4367246701361322e-05   
1.0861530000000001   0.0002944   1.153082824431966e-05   
1.086155   0.000277   1.1674283228056825e-05   
1.086157   0.0002842   1.0672706623282899e-05   
1.0861590000000001   0.0002942   1.2005369169204623e-05   
1.0861610000000002   0.0003032   1.4070299688824447e-05   
1.086163   0.000294   1.6119001899069999e-05   
1.086165   0.0002778   1.0329891900047486e-05   
1.0861670000000001   0.0002652   1.6444384384274705e-05   
1.0861690000000002   0.0003042   9.6168833020082158e-06   
1.086171   0.0002776   1.1576988670058664e-05   
1.0861730000000001   0.00028   7.0047602861673052e-06   
1.0861750000000001   0.0002916   1.591030413844367e-05   
1.0861770000000002   0.0002732   1.3499629624548964e-05   
1.086179   0.000308   1e-05   
1.0861810000000001   0.000282   9.0431066441670242e-06   
1.0861830000000001   0.000265   1.0495501681937627e-05   
1.0861850000000002   0.0002762   1.7662137784286225e-05   
1.086187   0.0002872   6.1550340733780219e-06   
1.0861890000000001   0.000276   9.16515138991168e-06   
1.0861910000000001   0.0002876   1.116263608850725e-05   
1.0861930000000002   0.000283   1.674979270186815e-05   
1.086195   0.0002972   1.1513084343958882e-05   
1.0861970000000001   0.0002582   1.1964577347784213e-05   
1.0861990000000001   0.0003102   1.4411261028946927e-05   
1.086201   0.000271   9.1857377372630109e-06   
1.086203   0.0002878   1.111735380185211e-05   
1.0862050000000001   0.0002774   1.6947107258893609e-05   
1.0862070000000001   0.000273   1.1227941336980109e-05   
1.086209   0.0002826   1.0791148636215187e-05   
1.086211   0.0002804   9.9634889025436824e-06   
1.0862130000000001   0.0003046   7.0493498518184876e-06   
1.0862150000000002   0.0002878   1.369655268874455e-05   
1.086217   0.0002588   1.4233606554754686e-05   
1.086219   0.0003002   1.1548737304715756e-05   
1.0862210000000001   0.000281   1.1223982260221983e-05   
1.0862230000000002   0.0003072   1.5872267918885722e-05   
1.086225   0.0003074   1.4443914520193848e-05   
1.0862270000000001   0.0002846   7.8545103815154089e-06   
1.0862290000000001   0.0002818   1.691665845648405e-05   
1.0862310000000002   0.0002754   1.5082145441253082e-05   
1.086233   0.0002864   1.470842540103385e-05   
1.0862350000000001   0.0003004   1.0982005483719467e-05   
1.0862370000000001   0.0002832   1.6621806293073098e-05   
1.0862390000000002   0.0002798   1.6268442526014044e-05   
1.086241   0.000289   1.8835545592782222e-05   
1.0862430000000001   0.0002928   1.7661508680995768e-05   
1.0862450000000001   0.0002974   1.4382242137055296e-05   
1.0862470000000002   0.000286   1.2139924949429373e-05   
1.086249   0.000293   1.3317490587777998e-05   
1.0862510000000001   0.0002866   6.2896740774065551e-06   
1.0862530000000001   0.0002758   1.1374239901344324e-05   
1.086255   0.0002858   9.2108631517355636e-06   
1.086257   0.0002722   7.0392550110868346e-06   
1.0862590000000001   0.0002844   1.3342663402284668e-05   
1.0862610000000001   0.0002564   8.9134106204577431e-06   
1.086263   0.0002756   8.803029781463501e-06   
1.086265   0.0002824   1.0831230565155353e-05   
1.0862670000000001   0.0002736   1.0296925107364172e-05   
1.0862690000000002   0.0002538   1.0173822618203379e-05   
1.086271   0.0002818   1.4543268775164223e-05   
1.086273   0.0003012   1.7555499296674975e-05   
1.0862750000000001   0.0002698   1.1413247663229876e-05   
1.0862770000000002   0.000278   8.6358426211793472e-06   
1.086279   0.0002808   6.1478090044792018e-06   
1.0862810000000001   0.0002792   1.3223548019431934e-05   
1.0862830000000001   0.0002922   1.0517498646435747e-05   
1.0862850000000002   0.0002708   1.5958835936384723e-05   
1.086287   0.000267   1.2060035010083696e-05   
1.0862890000000001   0.0002748   1.1227743416297962e-05   
1.0862910000000001   0.0002734   1.3300125312692859e-05   
1.0862930000000002   0.0002898   1.66598652789004e-05   
1.086295   0.0002924   8.6605106341626557e-06   
1.0862970000000001   0.0002754   9.4565673828650249e-06   
1.0862990000000001   0.0002816   9.5349648953499328e-06   
1.0863010000000002   0.0002954   1.6807537991429123e-05   
1.086303   0.0003012   6.9614813238435269e-06   
1.0863050000000001   0.000286   1.6002777536693088e-05   
1.0863070000000001   0.0002978   1.3068877364010864e-05   
1.086309   0.0003112   1.1524659551491219e-05   
1.086311   0.0002902   1.0676870119822361e-05   
1.0863130000000001   0.0002728   1.0452857132010473e-05   
1.0863150000000001   0.0002678   8.2054182641038408e-06   
1.086317   0.0002684   1.1332548992467082e-05   
1.086319   0.0002876   1.4846772937802567e-05   
1.0863210000000001   0.0002772   1.2561670094201469e-05   
1.0863230000000001   0.0002846   1.5697275064304774e-05   
1.086325   0.0002648   1.1466666666666667e-05   
1.086327   0.0003004   1.1752257466357498e-05   
1.0863290000000001   0.0002784   1.0941460394095276e-05   
1.0863310000000002   0.0002806   1.1907234029035552e-05   
1.086333   0.0002564   1.0227631419074724e-05   
1.0863350000000001   0.0002892   1.0554409294487094e-05   
1.0863370000000001   0.0003016   1.6090853164315295e-05   
1.0863390000000002   0.0002984   7.9822024251177416e-06   
1.086341   0.000273   1.5558491786373982e-05   
1.0863430000000001   0.0002754   7.1990740145289982e-06   
1.0863450000000001   0.0002794   1.7030821732637826e-05   
1.0863470000000002   0.0002664   1.6719383295378385e-05   
1.086349   0.0002894   1.4063506754085989e-05   
1.0863510000000001   0.000308   1.3216151734399339e-05   
1.0863530000000001   0.0002782   5.072365216433936e-06   
1.0863550000000002   0.0002896   1.5425231854911542e-05   
1.086357   0.00028   1.0881176406988355e-05   
1.0863590000000001   0.0002848   1.3708715800135653e-05   
1.0863610000000001   0.0002828   1.4246091081805953e-05   
1.086363   0.0002808   9.0588201341136155e-06   
1.086365   0.0002772   8.1986448744763776e-06   
1.0863670000000001   0.0002914   1.8566517055052505e-05   
1.0863690000000001   0.0002802   1.4052125185260136e-05   
1.086371   0.000272   7.8145164064493886e-06   
1.086373   0.0002852   1.2656838292225889e-05   
1.0863750000000001   0.0002788   1.2920956276959965e-05   
1.0863770000000001   0.0002764   9.1350363375790076e-06   
1.086379   0.0003012   1.2278979327832315e-05   
1.086381   0.0002986   1.2865284899898469e-05   
1.0863830000000001   0.0002848   1.0775280352114587e-05   
1.0863850000000002   0.0002898   1.0883014288330233e-05   
1.086387   0.0002976   7.5765720774268654e-06   
1.086389   0.0002834   1.0532700402925063e-05   
1.0863910000000001   0.0003096   1.76025250713893e-05   
1.0863930000000002   0.0002954   9.0629894503843365e-06   
1.086395   0.0002582   1.7936802638399322e-05   
1.0863970000000001   0.0002802   1.0829794293727118e-05   
1.0863990000000001   0.000282   1.6005554591384135e-05   
1.0864010000000002   0.0002724   1.1657329597010343e-05   
1.086403   0.0002712   1.2851977798507642e-05   
1.0864050000000001   0.0002816   1.6719383295378385e-05   
1.0864070000000001   0.0002872   1.5310707945022587e-05   
1.0864090000000002   0.000286   1.0110500592068734e-05   
1.086411   0.0002772   9.1418451820917058e-06   
1.0864130000000001   0.0002722   1.063516180726305e-05   
1.0864150000000001   0.0002926   8.0113807937347619e-06   
1.086417   0.0002646   1.670409131520379e-05   
1.086419   0.0002872   1.1188088904425694e-05   
1.0864210000000001   0.0002816   8.4789936509784775e-06   
1.0864230000000001   0.000296   7.8824700020573077e-06   
1.086425   0.0002906   1.0704308582165512e-05   
1.086427   0.0002736   1.5190055226291239e-05   
1.0864290000000001   0.0002586   1.7093338533540551e-05   
1.0864310000000001   0.0002728   1.2519140900592536e-05   
1.086433   0.0002578   1.3324830622229729e-05   
1.086435   0.000292   1.4307729068972166e-05   
1.0864370000000001   0.0002784   8.180192880094916e-06   
1.0864390000000002   0.0002762   1.1942268535658448e-05   
1.086441   0.0002746   1.4838538412600556e-05   
1.086443   0.00026   1.6174053295324583e-05   
1.0864450000000001   0.0002794   1.0443711558211052e-05   
1.0864470000000002   0.0002798   1.2130585769496505e-05   
1.086449   0.0003156   1.8144604340317445e-05   
1.0864510000000001   0.0002844   1.1006260844527436e-05   
1.0864530000000001   0.000267   1.1904247607938568e-05   
1.0864550000000002   0.0002476   1.0442647599574013e-05   
1.086457   0.0002798   1.2445257909920728e-05   
1.0864590000000001   0.0002726   1.9255129186790724e-05   
1.0864610000000001   0.0002802   1.2780019127094016e-05   
1.0864630000000002   0.0002624   1.4690284015104829e-05   
1.086465   0.0002594   1.0507351923507866e-05   
1.0864670000000001   0.00029   7.3333333333333334e-06   
1.0864690000000001   0.0002908   2.0602480972499944e-05   
1.0864710000000002   0.000277   8.6986589004665924e-06   
1.086473   0.000289   1.2455253242440851e-05   
1.0864750000000001   0.000294   1.6500505042775711e-05   
1.0864770000000001   0.0002772   1.2824282522707546e-05   
1.086479   0.0002996   6.4484278876499986e-06   
1.086481   0.0002618   1.6344757909223101e-05   
1.0864830000000001   0.0002624   1.0744714462883083e-05   
1.0864850000000001   0.0002548   7.4845025070326337e-06   
1.086487   0.0002588   1.1862920757085453e-05   
1.086489   0.0002842   1.3467491723900681e-05   
1.0864910000000001   0.0002922   1.1342937107390758e-05   
1.0864930000000002   0.0002818   8.6227090355126277e-06   
1.086495   0.0002728   1.2394263906250253e-05   
1.086497   0.0002884   1.1134730451260247e-05   
1.0864990000000001   0.0002666   1.2347019433405331e-05   
1.0865010000000002   0.0002656   1.1995554732205315e-05   
1.086503   0.0002798   1.3953733072789757e-05   
1.0865050000000001   0.0002926   1.5079198328234237e-05   
1.0865070000000001   0.000283   1.4742983265118209e-05   
1.0865090000000002   0.0002678   6.4666666666666666e-06   
1.086511   0.0002646   1.1779643458101777e-05   
1.0865130000000001   0.0002746   1.3643231940335024e-05   
1.0865150000000001   0.0002792   8.7086164228308965e-06   
1.0865170000000002   0.000282   1.069579356569675e-05   
1.086519   0.0002638   1.3592318091889665e-05   
1.0865210000000001   0.0002596   1.0827126427019621e-05   
1.0865230000000001   0.0002888   1.1408378987003855e-05   
1.0865250000000002   0.0002818   7.7771745797843863e-06   
1.086527   0.000268   1.2314399881620072e-05   
1.0865290000000001   0.0002524   8.2018967995891725e-06   
1.0865310000000001   0.0002568   1.1967363025235667e-05   
1.086533   0.0002766   1.4431601127772036e-05   
1.086535   0.0002618   1.2261774386731763e-05   
1.0865370000000001   0.0002832   9.5693956618656611e-06   
1.0865390000000001   0.0002712   9.0194850801534736e-06   
1.086541   0.0002494   9.0727920485127155e-06   
1.086543   0.0002704   1.0144730432867872e-05   
1.0865450000000001   0.000294   1.2375603240066949e-05   
1.0865470000000002   0.0002556   1.3887804402104427e-05   
1.086549   0.0003072   1.5745757806116824e-05   
1.086551   0.0002778   1.6134022023868279e-05   
1.0865530000000001   0.0002702   1.1567963423947094e-05   
1.0865550000000002   0.0002784   1.1626788990182209e-05   
1.086557   0.0002808   1.2289833196589773e-05   
1.0865590000000001   0.000284   1.2285492799775406e-05   
1.0865610000000001   0.000258   1.2128936932440168e-05   
1.0865630000000002   0.0002806   1.7212527737410073e-05   
1.086565   0.0002486   8.0113807937347618e-06   
1.0865670000000001   0.0002826   1.2458107578779549e-05   
1.0865690000000001   0.0002688   1.6672532301163292e-05   
1.0865710000000002   0.0002508   9.8576535409464119e-06   
1.086573   0.0002624   1.1445717297069872e-05   
1.0865750000000001   0.0002866   1.4609129565674564e-05   
1.0865770000000001   0.000268   1.1608426058495422e-05   
1.0865790000000002   0.0002644   1.1154670172921594e-05   
1.086581   0.0002748   1.066749996745046e-05   
1.0865830000000001   0.0002822   1.4243751066500862e-05   
1.0865850000000001   0.0002752   1.0579645026601265e-05   
1.086587   0.0002792   1.1933891979475002e-05   
1.086589   0.0002732   2.0494335260695278e-05   
1.0865910000000001   0.000277   1.3387390418682135e-05   
1.0865930000000001   0.0002704   1.2320894628412518e-05   
1.086595   0.0002774   1.2365004380643516e-05   
1.086597   0.000264   2.0748226162467212e-05   
1.0865990000000001   0.0002648   1.2045100433140624e-05   
1.0866010000000002   0.0002708   1.2286216305726963e-05   
1.086603   0.0002626   1.3633455582173989e-05   
1.086605   0.0002668   1.417729013442116e-05   
1.0866070000000001   0.000278   1.2785408349625235e-05   
1.0866090000000002   0.0002526   1.328340652426511e-05   
1.086611   0.000271   1.5529899477388055e-05   
1.0866130000000001   0.0002666   1.5161500951789408e-05   
1.0866150000000001   0.000277   1.3384070133308975e-05   
1.0866170000000002   0.000274   1.8054239268259285e-05   
1.086619   0.0002668   1.1310565365572531e-05   
1.0866210000000001   0.0002874   1.0079902997769594e-05   
1.0866230000000001   0.0002738   1.0547037498748168e-05   
1.0866250000000002   0.0002682   1.4377296917942074e-05   
1.086627   0.0002542   1.3595587519485872e-05   
1.0866290000000001   0.0002984   1.5201754284730869e-05   
1.0866310000000001   0.0002548   1.1052199378906947e-05   
1.0866330000000002   0.0002802   1.0046337088157499e-05   
1.086635   0.0002824   1.4906523553278425e-05   
1.0866370000000001   0.0002472   1.0922759114192104e-05   
1.0866390000000001   0.0002946   1.332349637128166e-05   
1.086641   0.000253   1.7777013872476508e-05   
1.086643   0.0002856   1.371390211103722e-05   
1.0866450000000001   0.0002854   1.3053905333058167e-05   
1.0866470000000001   0.000283   9.4715949613099014e-06   
1.086649   0.0002702   8.6123941696448923e-06   
1.086651   0.0002768   1.1795290962451452e-05   
1.0866530000000001   0.0002822   1.2348459193131929e-05   
1.0866550000000001   0.0002998   1.0895258907739029e-05   
1.086657   0.000287   8.2744586932721265e-06   
1.086659   0.0002692   6.9933301557031231e-06   
1.0866610000000001   0.0002816   9.6921503175393322e-06   
1.0866630000000002   0.0002766   9.9422778521266889e-06   
1.086665   0.0002506   1.6468286020240371e-05   
1.086667   0.0002668   1.0659164028092343e-05   
1.0866690000000001   0.0002828   1.1933891979475002e-05   
1.0866710000000002   0.000278   1.1151482213390091e-05   
1.086673   0.00027   1.4176663139744055e-05   
1.0866750000000001   0.0002778   9.0747512974797887e-06   
1.0866770000000001   0.0002744   1.4852758815938689e-05   
1.0866790000000002   0.0002528   1.0621571342215698e-05   
1.086681   0.0002836   9.3846209892094796e-06   
1.0866830000000001   0.0002812   1.7779388815892032e-05   
1.0866850000000001   0.000292   1.3236313686219438e-05   
1.0866870000000002   0.0002596   1.3255774423079006e-05   
1.086689   0.00028   1.501110699893027e-05   
1.0866910000000001   0.0002654   1.474238032943723e-05   
1.0866930000000001   0.0002926   7.0367290380940175e-06   
1.086695   0.000272   8.2354248355638717e-06   
1.086697   0.0002644   1.4480024554920862e-05   
1.0866990000000001   0.0002726   1.135311998233672e-05   
1.0867010000000001   0.0002664   9.5768238761896188e-06   
1.086703   0.0002896   1.2826361742737321e-05   
1.086705   0.0002652   1.1956216421222523e-05   
1.0867070000000001   0.0002736   8.57800805678231e-06   
1.0867090000000001   0.000263   1.239085684419497e-05   
1.086711   0.0002896   1.2281150868980752e-05   
1.086713   0.0002588   1.2938143435422084e-05   
1.0867150000000001   0.0002704   1.1332548992467082e-05   
1.0867170000000002   0.0002534   1.1139718727747722e-05   
1.086719   0.0002554   1.2018689150189753e-05   
1.086721   0.000272   1.2372011423639515e-05   
1.0867230000000001   0.0002646   9.9957768860432032e-06   
1.0867250000000002   0.0002756   8.8080771012873305e-06   
1.086727   0.0002262   1.0252154245165582e-05   
1.0867290000000001   0.0002846   1.3993808154561312e-05   
1.0867310000000001   0.0002742   1.1571804814576967e-05   
1.0867330000000002   0.0002674   1.5762261541063481e-05   
1.086735   0.0002758   1.1409352888456616e-05   
1.0867370000000001   0.0002904   8.5831877010299099e-06   
1.0867390000000001   0.0002674   1.0679367438612125e-05   
1.0867410000000002   0.0002662   1.2980155794305569e-05   
1.086743   0.0002418   8.6535798629494629e-06   
1.0867450000000001   0.0002784   1.4873690418543297e-05   
1.0867470000000001   0.0002812   9.1806559920544046e-06   
1.0867490000000002   0.0002748   1.0729813087323045e-05   
1.086751   0.0002576   1.7409575909060316e-05   
1.0867530000000001   0.0002688   1.3519368821558695e-05   
1.0867550000000001   0.0002704   1.3916576846017526e-05   
1.086757   0.000242   1.2620970203945848e-05   
1.086759   0.0002544   1.0880359471185785e-05   
1.0867610000000001   0.0002648   8.7188174529449678e-06   
1.0867630000000001   0.000267   8.7648287046708576e-06   
1.086765   0.0002738   1.5218263881125059e-05   
1.086767   0.0002724   1.0318483954104455e-05   
1.0867690000000001   0.000243   9.3249962764365517e-06   
1.0867710000000002   0.0002754   7.4419232878485266e-06   
1.086773   0.0002624   1.0678326960093827e-05   
1.086775   0.0002692   9.6064792949573594e-06   
1.0867770000000001   0.0002746   1.5905414871112989e-05   
1.0867790000000002   0.0002742   8.9960485152587349e-06   
1.086781   0.0002676   1.2175750033935851e-05   
1.0867830000000001   0.0002544   1.4995703088255352e-05   
1.0867850000000001   0.0002734   1.0241744643044628e-05   
1.0867870000000002   0.0002598   1.1200992019558902e-05   
1.086789   0.000256   1.0494442973942606e-05   
1.0867910000000001   0.0002756   6.5645512667152913e-06   
1.0867930000000001   0.0002658   1.2156205548333466e-05   
1.0867950000000002   0.0002412   1.1318421562508911e-05   
1.086797   0.0002596   7.4404300950953098e-06   
1.0867990000000001   0.00027   1.3603921003397023e-05   
1.0868010000000001   0.0002592   1.7613631085043197e-05   
1.0868030000000002   0.0002872   1.4982063349960252e-05   
1.086805   0.0002352   1.5097313962718298e-05   
1.0868070000000001   0.0002584   1.5402164350073228e-05   
1.0868090000000001   0.0002538   1.6633166331826969e-05   
1.086811   0.0002506   1.0557988023819269e-05   
1.086813   0.000293   1.2358532814753268e-05   
1.0868150000000001   0.0002568   8.6265739304649663e-06   
1.0868170000000001   0.0002688   1.6530644942718424e-05   
1.086819   0.000259   8.860649587423662e-06   
1.086821   0.0002598   1.0948160677585172e-05   
1.0868230000000001   0.0002568   1.9772483685948792e-05   
1.0868250000000002   0.0002578   1.0996767201722918e-05   
1.086827   0.0002866   1.6127409380719934e-05   
1.086829   0.0002688   1.362089897506361e-05   
1.0868310000000001   0.000275   7.6376261582597333e-06   
1.0868330000000002   0.0002304   1.4912485447510828e-05   
1.086835   0.0002734   8.0886752108529284e-06   
1.0868370000000001   0.0002696   1.3355980766017231e-05   
1.0868390000000001   0.0002578   1.5667234032279668e-05   
1.0868410000000002   0.0002772   1.1108355213781902e-05   
1.086843   0.000262   8.8994381845147956e-06   
1.0868450000000001   0.0002506   1.2436684088257252e-05   
1.0868470000000001   0.0002518   1.5556206335593378e-05   
1.0868490000000002   0.0002642   1.7031865559722001e-05   
1.086851   0.0002634   1.5617796117108059e-05   
1.0868530000000001   0.0002568   1.3760490947314021e-05   
1.0868550000000001   0.0002608   1.1306635220082056e-05   
1.0868570000000002   0.0002524   7.8587530817554001e-06   
1.086859   0.0002502   1.3116401945655676e-05   
1.0868610000000001   0.0003042   1.5253269230634534e-05   
1.0868630000000001   0.0002558   1.8309560344257314e-05   
1.086865   0.0002596   1.2581467852891146e-05   
1.086867   0.000278   9.7616027827856676e-06   
1.0868690000000001   0.0002644   4.587906809089401e-06   
1.0868710000000001   0.0002752   1.4892802139139416e-05   
1.086873   0.000281   7.18176703728113e-06   
1.086875   0.0002552   1.2199089219190824e-05   
1.0868770000000001   0.000268   1.6308143841515366e-05   
1.0868790000000002   0.0002608   1.7545369759569047e-05   
1.086881   0.0002688   1.3853840221717908e-05   
1.086883   0.0002714   1.4198747988623661e-05   
1.0868850000000001   0.0002616   8.6348132579691612e-06   
1.0868870000000002   0.000267   9.4575073060740717e-06   
1.086889   0.0002656   1.0140348448976823e-05   
1.0868910000000001   0.0002542   1.1912458464425665e-05   
1.0868930000000001   0.00027   9.7934218285087215e-06   
1.0868950000000002   0.000244   1.1779454807229219e-05   
1.086897   0.000236   1.6217959866216904e-05   
1.0868990000000001   0.000258   8.5479042265731233e-06   
1.0869010000000001   0.000247   2.0383544561456648e-05   
1.0869030000000002   0.000256   1.2198360545581525e-05   
1.086905   0.000258   1.1135528725660044e-05   
1.0869070000000001   0.0002754   1.805682388707629e-05   
1.0869090000000001   0.0002598   1.02e-05   
1.0869110000000002   0.0002652   1.1551623262554921e-05   
1.086913   0.0002692   1.3280562237094231e-05   
1.0869150000000001   0.0002618   9.5751994467188225e-06   
1.0869170000000001   0.0002516   7.4880645771194515e-06   
1.086919   0.000279   1.401348556847217e-05   
1.086921   0.0002846   1.0315252999536388e-05   
1.0869230000000001   0.0002628   1.1547775158493133e-05   
1.0869250000000001   0.0002588   9.1369822394729675e-06   
1.086927   0.0002518   1.4637698665508258e-05   
1.086929   0.0002662   1.0584894897919393e-05   
1.0869310000000001   0.0002686   1.1309975930812389e-05   
1.0869330000000001   0.0002504   1.2940204360398984e-05   
1.086935   0.0002504   1.2124538937396525e-05   
1.086937   0.0002808   1.0713231694187022e-05   
1.0869390000000001   0.000256   1.3811428440083797e-05   
1.0869410000000002   0.0002542   1.1567963423947094e-05   
1.086943   0.0002798   1.918436863699194e-05   
1.0869450000000001   0.0002742   1.3407957836051444e-05   
1.0869470000000001   0.000274   1.3856406460551018e-05   
1.0869490000000002   0.0002402   5.0548106899379635e-06   
1.086951   0.0002706   1.3074317488028879e-05   
1.0869530000000001   0.0002776   1.140292360172016e-05   
1.0869550000000001   0.00027   1.5420044674960503e-05   
1.0869570000000002   0.0002644   1.130506277932345e-05   
1.086959   0.0002844   1.3537766104904868e-05   
1.0869610000000001   0.0002514   1.0995150446143669e-05   
1.0869630000000001   0.0002516   1.3235642115976928e-05   
1.0869650000000002   0.0002454   9.1070180508099235e-06   
1.086967   0.000255   1.3873235623554682e-05   
1.0869690000000001   0.0002534   1.1270610749496527e-05   
1.0869710000000001   0.0002456   1.0382891911430285e-05   
1.086973   0.00027   1.3554826938523905e-05   
1.086975   0.0002702   8.1237648633841905e-06   
1.0869770000000001   0.0002528   1.3805634920406796e-05   
1.0869790000000001   0.0002468   1.4026007589078543e-05   
1.086981   0.0002668   1.6223987727367701e-05   
1.086983   0.000246   1.5099668870541499e-05   
1.0869850000000001   0.0002576   1.6682126163452108e-05   
1.0869870000000001   0.0002626   1.3111657239096649e-05   
1.086989   0.00025   1.5028861123407411e-05   
1.086991   0.0002388   8.9750270813580897e-06   
1.0869930000000001   0.000242   6.0882400303097992e-06   
1.0869950000000002   0.0002346   1.182859059886492e-05   
1.086997   0.0002728   6.7672413549064109e-06   
1.086999   0.0002534   1.2525706899545963e-05   
