0.42972788892272645   10.806591559998742  0.018185686004071781
0.85945577784545291   5.4692118729046828  0.010387977841193278
1.2891836667681793   1.0215990058443607  0.0046348425264357973
1.7189115556909058   0.035706445251111773  0.00034013449294256075
2.1486394446136323   0.0061356596323944003  0.00018610657254259189
2.5783673335363586   0.068637264652716011  0.00080164023055622288
3.0080952224590853   0.15249056707547147  0.0017794669891656094
3.4378231113818116   0.12575578527996712  0.002607830500050583
3.8675510003045379   0.059166900208801913  0.0016054992870897734
4.2972788892272646   0.89280712267310811  0.0099248207621018973
4.7270067781499909   0.0882141233914345  0.00083126257901926602
5.1567346670727172   0.34675140579966849  0.0045188761393226802
5.5864625559954435   2.1202582567576115  0.011391074373181651
6.0161904449181707   0.049850908031937677  0.001362220219036899
6.445918333840897   0.018989827682978143  0.00026078498651904548
6.8756462227636232   0.01681584303509975  0.00030688689724181226
7.3053741116863495   0.038170327336606213  0.00044059866842417843
7.7351020006090758   0.041191075038207242  0.0013630059415107539
8.1648298895318021   0.047445371074351188  0.00091538880357000566
8.5945577784545293   0.12530929883950069  0.0022571345866570436
9.0242856673772547   0.022734099998788421  7.0640244845208333e-05
9.4540135562999819   0.034896241119547455  0.00046497073051558231
9.883741445222709   0.055279686153186552  0.00046876695927862971
10.313469334145434   0.047625088486105941  0.00063816377368614951
10.743197223068162   0.040224193023514074  0.00029412107469972869
11.172925111990887   0.032170994261341212  0.00020008796791481433
11.602653000913614   0.041881738646496723  0.00080732470821939949
12.032380889836341   0.075518313577103045  0.0014689705996193796
12.462108778759067   0.088550432954146564  0.0020859547935582068
12.891836667681794   0.44924425938872516  0.016430808888272475
13.321564556604519   0.068058526413259184  0.0011859936301695268
13.751292445527246   0.12773402923839372  0.0017363514138664647
14.181020334449974   0.068349649655773623  0.00064430924103874897
14.610748223372699   0.070873302720932345  0.00080718388175705941
15.040476112295426   0.064577954884993953  0.00095752816584850669
15.470204001218152   0.046690812371395905  0.00045760272886221116
15.899931890140879   0.098689024774923337  0.0024462060310239084
16.329659779063604   2.2283704028133589  0.028768205729634289
16.759387667986331   1.996565785356317  0.029115661633095823
17.189115556909059   0.67787116491030006  0.0034812492640208874
17.618843445831786   0.15686737136999711  0.0039874915352145963
18.048571334754509   0.063970647035890018  0.0022794083996447447
18.478299223677237   0.13332586888719085  0.0028957002192990479
18.908027112599964   0.47389159715039055  0.0090896594838845582
19.337755001522691   0.49592325143510811  0.0076682710110566966
19.767482890445418   0.30159879552069244  0.01247085168346601
20.197210779368142   0.80997511309619132  0.016195563265189616
20.626938668290869   2.1747333662088043  0.014923449287278471
21.056666557213596   3.0086080339195191  0.15769584685135126
21.486394446136323   5.4316223061011904  0.052940749659353869
21.91612233505905   6.0438733221429819  0.038025135071213373
22.345850223981774   1.0119250538487676  0.052300937140459837
22.775578112904501   0.53286045690430655  0.0039364820765947588
23.205306001827228   0.3272129053842219  0.004187670591124624
23.635033890749956   0.1276273054180141  0.0017878905107941484
24.064761779672683   0.088642073149951055  0.00040131397030026748
24.494489668595406   0.10089040415915834  0.00077787123413864459
24.924217557518134   0.28877675978559509  0.0063129174702351512
25.353945446440861   0.24796766130330056  0.0022521437642363856
25.783673335363588   0.36361314718539474  0.0016896666783749921
26.213401224286315   0.2000555061368484  0.0010266596085776817
26.643129113209039   0.11447795036755502  0.00091253787306785763
27.072857002131766   0.17288351640102924  0.0016740987951473484
27.502584891054493   1.0456627972609194  0.0068240234212520695
27.93231277997722   0.2226566384588583  0.0020917715260755467
28.362040668899947   0.1386988053526672  0.0024408218832356044
28.791768557822671   0.084767589416509272  0.00068856373572240722
29.221496446745398   0.13563102772456907  0.0048624987866372915
29.651224335668125   0.35189900733491007  0.0041374695955129546
30.080952224590852   0.77280524571373371  0.0060329870414579303
30.51068011351358   0.60032795917304466  0.0048692025047026869
30.940408002436303   0.88277341263765831  0.047392364030406222
31.37013589135903   0.45704067325282547  0.0078646060251670186
31.799863780281758   0.2937558213188776  0.012353375538272093
32.229591669204481   0.21997462259274169  0.0022545387357261654
32.659319558127208   0.2878201336535464  0.0054452217287385883
33.089047447049936   0.32836402322737904  0.0039757707505732384
33.518775335972663   0.20637725321146506  0.0037271580015843294
33.94850322489539   0.13651317485470137  0.001955956401260879
34.378231113818117   0.25584019394540119  0.003561580640555329
34.807959002740844   0.23705030677972895  0.0022432034794669577
35.237686891663571   0.42813809326222845  0.012145588882321475
35.667414780586299   0.71417797028995124  0.0027477405713356692
36.097142669509019   0.79844092997642169  0.057591094281643823
36.526870558431746   0.51472769587743704  0.023384319023974107
36.956598447354473   0.36035780923953789  0.0078654014241966213
37.3863263362772   0.55440683284292588  0.065187192259072729
37.816054225199927   0.96936925828743962  0.060945939985028839
38.245782114122655   1.5160318047804844  0.012172186381595774
38.675510003045382   2.3724638590132014  0.044663958735074222
39.105237891968109   0.81608599035102084  0.011542843034649606
39.534965780890836   0.38294960007946831  0.0037403291376727288
39.964693669813563   0.7030794635159851  0.011339348933104632
40.394421558736283   0.95222298340205972  0.021399266354273849
40.824149447659011   0.74191006224351104  0.0051304858279731276
41.253877336581738   0.61081951759253978  0.0045527577766340441
41.683605225504465   0.68224084578616387  0.012557239622406709
42.113333114427192   0.4907613183345781  0.0038459989329137076
42.543061003349919   0.49491685274974593  0.0061912115074685918
42.972788892272646   1.3965481008591313  0.014791070256437603
