-0.0142968   -0.0283326     0
-0.0162059   -0.052022     0
0.0872093   -0.0294602     1
0.0839677   -0.0528093     1
0.187281   -0.0297031     2
0.183178   -0.0535901     2
0.284821   -0.0290535     3
0.285886   -0.0529781     3
0.387025   -0.0291406     4
0.384105   -0.0526671     4
-0.514468   -0.0298502     5
-0.516118   -0.0532178     5
-0.415134   -0.0313192     6
-0.418023   -0.0544683     6
-0.315109   -0.0305421     7
-0.318126   -0.054022     7
-0.212061   -0.0303766     8
-0.219071   -0.0525295     8
-0.114229   -0.0298973     9
-0.116419   -0.0535371     9
0.0389782   0.0702175     10
0.0349165   0.0468282     10
0.135047   0.070037     11
0.1379   0.0470729     11
0.240242   0.0712261     12
0.234463   0.0477637     12
0.338765   0.0700335     13
0.334886   0.0466467     13
0.436853   0.0709763     14
0.435584   0.0472956     14
-0.462295   0.0699076     15
-0.464246   0.0465904     15
-0.362986   0.0696643     16
-0.36596   0.0464855     16
-0.264157   0.0691023     17
-0.265345   0.0453244     17
-0.164511   0.0701506     18
-0.16626   0.0461258     18
-0.061131   0.0701768     19
-0.0672416   0.0477677     19
0.0854348   0.171843     20
0.0860851   0.147962     20
0.187223   0.16983     21
0.186035   0.145926     21
0.286695   0.171047     22
0.287916   0.147381     22
0.386504   0.170348     23
0.386927   0.146523     23
0.485934   0.169861     24
0.488376   0.146137     24
-0.413798   0.170956     25
-0.411834   0.1468     25
-0.313827   0.170061     26
-0.312101   0.146048     26
-0.214597   0.169028     27
-0.213152   0.145378     27
-0.113092   0.169598     28
-0.114789   0.14578     28
-0.013873   0.170114     29
-0.0139548   0.146694     29
0.135116   0.270486     30
0.137401   0.246722     30
0.237717   0.270273     31
0.234692   0.247058     31
0.335736   0.27034     32
0.337846   0.246302     32
0.43639   0.269991     33
0.436706   0.246189     33
0.536232   0.269937     34
0.536689   0.246135     34
0.634556   0.270319     35
-0.36177   0.246817     35
-0.264186   0.269863     36
-0.263471   0.245932     36
-0.16438   0.268627     37
-0.163055   0.24498     37
-0.0627675   0.270197     38
-0.0640372   0.246505     38
0.0373402   0.271316     39
0.0342535   0.247728     39
0.183778   0.370064     40
0.187827   0.346344     40
0.285247   0.370761     41
0.285218   0.346456     41
0.384236   0.369929     42
0.386045   0.345951     42
0.485429   0.370301     43
0.485717   0.346155     43
0.58636   0.370043     44
0.586257   0.346127     44
0.685457   0.37058     45
-0.31403   0.346353     45
-0.214068   0.369268     46
-0.213665   0.345525     46
-0.114709   0.369216     47
-0.113814   0.345216     47
-0.0140929   0.371318     48
-0.0136065   0.34763     48
0.0860463   0.371416     49
0.0871251   0.347617     49
0.237817   0.470958     50
0.234028   0.446927     50
0.338497   0.470101     51
0.334711   0.446645     51
0.437193   0.469541     52
0.435903   0.445489     52
0.535289   0.47038     53
0.537432   0.446846     53
0.638087   0.471042     54
0.63587   0.447169     54
-0.263051   0.470132     55
-0.264287   0.445948     55
-0.165704   0.468915     56
-0.163324   0.445073     56
-0.0637107   0.470817     57
-0.0658868   0.447238     57
0.0332358   0.471005     58
0.0372252   0.447424     58
0.134426   0.470517     59
0.137371   0.446979     59
-0.214012   -0.43008     60
-0.212654   -0.453792     60
-0.115076   -0.429474     61
-0.11169   -0.453517     61
-0.0160148   -0.429063     62
-0.0145243   -0.452482     62
0.0840501   -0.430024     63
0.0857277   -0.45411     63
0.184853   -0.429531     64
0.186617   -0.45327     64
-0.713077   -0.429096     65
-0.715041   -0.453151     65
-0.613712   -0.429762     66
-0.614496   -0.453548     66
-0.516248   -0.428116     67
-0.513446   -0.451532     67
-0.413872   -0.430538     68
-0.414556   -0.454062     68
-0.313687   -0.430549     69
-0.313181   -0.45444     69
-0.162567   -0.32887     70
-0.166079   -0.35209     70
-0.0647423   -0.328952     71
-0.0646851   -0.35259     71
0.0353114   -0.330035     72
0.0342779   -0.354013     72
0.134206   -0.330458     73
0.136239   -0.353809     73
0.236074   -0.329795     74
0.235361   -0.353069     74
0.33442   -0.328974     75
-0.664181   -0.352605     75
-0.562572   -0.329401     76
-0.567253   -0.352134     76
-0.465324   -0.330055     77
-0.463712   -0.353749     77
-0.363679   -0.329854     78
-0.366039   -0.353641     78
-0.266183   -0.330061     79
-0.26374   -0.353471     79
-0.114047   -0.228194     80
-0.115994   -0.252296     80
-0.0152407   -0.229786     81
-0.0155572   -0.253651     81
0.0818064   -0.229701     82
0.0856331   -0.253707     82
0.183478   -0.229984     83
0.182755   -0.253426     83
0.281567   -0.22973     84
0.284572   -0.253605     84
0.381145   -0.22887     85
-0.614535   -0.252807     85
-0.518377   -0.228753     86
-0.513465   -0.252006     86
-0.413201   -0.231108     87
-0.415525   -0.254323     87
-0.314296   -0.230289     88
-0.315069   -0.254231     88
-0.212455   -0.230218     89
-0.216874   -0.25316     89
-0.0639913   -0.128876     90
-0.0668186   -0.152734     90
0.0345567   -0.128734     91
0.0345436   -0.152519     91
0.134454   -0.130382     92
0.13235   -0.153464     92
0.23519   -0.129233     93
0.230651   -0.15295     93
0.334208   -0.129255     94
0.330251   -0.152633     94
0.434098   -0.129919     95
-0.569915   -0.153062     95
-0.468757   -0.131195     96
-0.46509   -0.154705     96
-0.368961   -0.130902     97
-0.363119   -0.153791     97
-0.265743   -0.129473     98
-0.266509   -0.153438     98
-0.165612   -0.128867     99
-0.166246   -0.152436     99
