0.44213184308663317   80.961560794648101  0.016423330115966918     
0.88426368617326634   1.4937592575763518e-06  1.280306710222313e-09     
1.3263955292598995   8.9363958766696905  0.016459232050167223     
1.7685273723465327   2.0904421913366707e-06  1.5953789603201454e-09     
2.2106592154331657   3.2284220189950252  0.016539082794641013     
2.6527910585197989   4.2723474031247009e-06  4.6482449546327695e-09     
3.0949229016064321   1.7406523115858649  0.016662143472026074     
3.5370547446930654   1.3232803777567499e-05  1.2101803171536049e-08     
3.9791865877796986   1.2609320877329513  0.016852713039321897     
4.4213184308663314   3.6358753510255621e-05  5.4004223038628064e-08     
4.8634502739529646   1.2447857956207266  0.017143629257330874     
5.3055821170395978   4.5989963829801332e-05  4.1459083680830495e-08     
5.747713960126231   1.6879929207086846  0.017589160497889063     
6.1898458032128643   3.9236920881354017e-05  4.2233139498567307e-08     
6.6319776462994975   3.1219227414795224  0.018356641855668498     
7.0741094893861307   4.3527393981183589e-05  3.0817763683167846e-08     
7.5162413324727639   8.7110473542702538  0.020060542876376074     
7.9583731755593972   0.00011620986016792024  1.0195958112803899e-07     
8.4005050186460295   79.97067226727485  0.028228804740857082     
8.8426368617326627   199.00185701224005  0.00020263213404458009     
9.2847687048192959   81.152276167223621  0.00480230173993431     
9.7269005479059292   0.00023823738082565589  2.4169898924912615e-07     
10.169032390992562   9.0805318285911744  0.012623797356586545     
10.611164234079196   0.00011388196346911889  1.275155391643087e-07     
11.053296077165829   3.3107008746478092  0.014491457248240143     
11.495427920252462   0.00010480452888078809  8.0088142977074318e-08     
11.937559763339095   1.7841148851304792  0.015480517694075858     
12.379691606425729   0.00016469790158650603  1.0731893798369733e-07     
12.821823449512362   1.273107680171237  0.016298049434685964     
13.263955292598995   0.00040642536424725234  5.5480626634166455e-07     
13.706087135685628   1.2252736123595787  0.01716393690198652     
14.148218978772261   0.00055744977802160863  5.4320058213435004e-07     
14.590350821858895   1.6278628040499961  0.018239614573448497     
15.032482664945528   0.00045841072771581321  4.8922975640706465e-07     
15.474614508032161   2.9944185461113811  0.019901084842363496     
15.916746351118794   0.00040704130340533873  4.0322232732129228e-07     
16.358878194205428   8.411086561785573  0.023333693113348697     
16.801010037292059   0.00064589192681606038  6.7147411525272543e-07     
17.243141880378694   78.208657635320465  0.039672983123774981     
17.685273723465325   196.03752048000895  0.00079922360305531376     
18.12740556655196   80.5380077976066  0.0078782107700271147     
18.569537409638592   0.0012522215173478643  1.3563046287822166e-06     
19.011669252725227   9.1396056057969957  0.0086778766450855418     
19.453801095811858   0.00071071091009389188  9.5000506882906623e-07     
19.895932938898493   3.3666087864903008  0.012266132598270449     
20.338064781985125   0.00064698737048617473  3.3015979897407721e-07     
20.78019662507176   1.8172805269321188  0.014075339880340518     
21.222328468158391   0.00075210943380257334  3.2743709588551279e-07     
21.664460311245026   1.2811167860839136  0.015495372075303959     
22.106592154331658   0.0015566978055065335  1.987154060871928e-06     
22.548723997418293   1.2033717708323776  0.016915923726099188     
22.990855840504924   0.0023580140550900121  2.4932848081300971e-06     
23.432987683591559   1.562518293336429  0.018601300302241817     
23.875119526678191   0.0020364962472556166  2.1289112362789358e-06     
24.317251369764826   2.8500259221863126  0.021139243444198333     
24.759383212851457   0.0017413646686318558  2.0262427004457127e-06     
25.201515055938092   8.0455393862777336  0.026202801581433283     
25.643646899024723   0.0021293435132976988  2.2873079056574536e-06     
26.085778742111358   75.727385198387218  0.050473689632426604     
26.52791058519799   191.19576217340708  0.0017566921423504683     
26.970042428284625   79.138368958705456  0.019156921688024345     
27.412174271371256   0.0039047098992052449  4.1987911435352626e-06     
27.854306114457891   9.1126742091586257  0.0048561744200594645     
28.296437957544523   0.0025770712599212497  3.6758971641399894e-06     
28.738569800631154   3.395136202059338  0.0099252167204451612     
29.180701643717789   0.0024441841790117731  1.3345567015379912e-06     
29.622833486804421   1.8397035306396393  0.012485829889968482     
30.064965329891056   0.0025287501706252906  1.5830827051115997e-06     
30.507097172977687   1.2851585836042158  0.014468615514891374     
30.949229016064322   0.0042505303327567718  5.3101221734483472e-06     
31.391360859150954   1.1803418395603208  0.016410879225131315     
31.833492702237589   0.0066719965066561548  7.4432964628393458e-06     
32.27562454532422   1.4945904087795447  0.018671973596317979     
32.717756388410855   0.0059723272609019567  6.0831006327711755e-06     
33.15988823149749   2.6935222511897086  0.022048448953837319     
33.602020074584118   0.0050883683710473459  6.3386278710806427e-06     
34.044151917670753   7.6253856195811186  0.02860886350585745     
34.486283760757388   0.0055013271900839553  5.6670570867687671e-06     
34.928415603844023   72.598997202790562  0.060388278768415773     
35.370547446930651   184.61962106811747  0.003022600209115527     
35.812679290017286   76.996347702100465  0.029938030800950387     
36.254811133103921   0.0093778721338828164  9.7714050738097337e-06     
36.696942976190556   9.0016807300647594  0.0024366835447301991     
37.139074819277184   0.0068402225943641227  9.9823586576066914e-06     
37.581206662363819   3.3964006973287162  0.0075449703238886208     
38.023338505450454   0.0066998041292728259  4.1167520050334512e-06     
38.465470348537089   1.8515549935045808  0.010758440183543728     
38.907602191623717   0.0066369929876602099  5.0839771673687389e-06     
39.349734034710352   1.2857656159349327  0.013248920327448307     
39.791865877796987   0.0094987648353894651  1.1872459561989566e-05     
40.233997720883622   1.1576062525872114  0.015668534682777716     
40.67612956397025   0.01497702105688752  1.7292453909283082e-05     
41.118261407056885   1.4268849970492563  0.018459084452263481     
41.56039325014352   0.013727671291728741  1.3615534057139959e-05     
42.002525093230155   2.5300504985998389  0.022616866140891639     
42.444656936316782   0.011742278869567726  1.5058642160980036e-05     
42.886788779403417   7.1629767008691766  0.030510264205726208     
43.328920622490052   0.011959375589904228  1.1635974986554616e-05     
43.77105246557668   68.912405030805661  0.069208182896138     
44.213184308663315   176.499388734886  0.0045289337799255785     
