0.44102683529415743   14.115727855999206  0.01268974495594715
0.88205367058831485   3.3563980505532704  0.015091053640018122
1.3230805058824724   0.17133624406842551  0.0018690456121103335
1.7641073411766297   9.3195485270941237e-06  1.2126312234384771e-07
2.205134176470787   0.04973145766217684  0.00099925212840715046
2.6461610117649448   0.74951498471698189  0.0079829857092339
3.0871878470591021   0.82941757089399024  0.0074917648490843295
3.5282146823532594   4.5079309492684156e-05  4.5700886741776161e-07
3.9692415176474167   0.038658484280858822  0.00029164537171249013
4.410268352941574   0.12313663988948307  0.0010124597052104075
4.8512951882357314   0.050096791173024967  0.00038054772500496601
5.2923220235298896   0.00014487317545496757  1.0328599043150928e-06
5.7333488588240469   0.74014745513786514  0.005928226539395568
6.1743756941182042   0.70139434742856687  0.0070305902576654769
6.6154025294123615   0.060976089512725436  0.0012730517302551707
7.0564293647065188   0.00017985670146099334  1.9528429660771794e-06
7.4974562000006761   0.09842374172244072  0.0016002428942842243
7.9384830352948335   2.6323842770847231  0.020400483282540357
8.3795098705889917   15.111138158523982  0.031647102962304765
8.8205367058831481   192.8431636529319  0.0081435391595225468
9.2615635411773063   12.010895403271674  0.0038103452208589535
9.7025903764714627   3.9218685627248609  0.0066772439055498485
10.143617211765621   0.27286378505563009  0.0016654960980887477
10.584644047059779   0.0004666063283489288  4.5881209772062244e-06
11.025670882353936   0.038958978139518894  0.00067654386609354264
11.466697717648094   0.74220111864408332  0.008252298963049237
11.90772455294225   0.84920076493934114  0.0085828400173169918
12.348751388236408   0.00062678683360096616  6.6303320379592697e-06
12.789778223530565   0.028821357036364966  0.00021894365867605896
13.230805058824723   0.11789598593697273  0.00091288128401008604
13.671831894118879   0.06221515665192782  0.00047547192120009647
14.112858729413038   0.0017084256389444173  9.0248127619544509e-06
14.553885564707196   0.60043192702826073  0.004218156013228455
14.994912400001352   0.60981667523308828  0.0056423726762927565
15.43593923529551   0.072410688395825665  0.0014001013715381948
15.876966070589667   0.0014703272226333316  1.1538523016694521e-05
16.317992905883823   0.052723879731343704  0.0011317847858986063
16.759019741177983   1.8722920329165942  0.02193363004242555
17.20004657647214   14.68757414151707  0.050849785948547798
17.641073411766296   172.52775725668661  0.029992300518000094
18.082100247060456   9.2909183619643864  0.012817004046042821
18.523127082354613   4.2254457612834744  0.0055063178071308426
18.964153917648769   0.39835348976925909  0.00076291848742037897
19.405180752942925   0.0026746637097010608  1.8385522780648509e-05
19.846207588237085   0.030180238377444807  0.00039095887375666336
20.287234423531242   0.67935307172851361  0.007733211541729496
20.728261258825398   0.79723630955115052  0.0089426710852690405
21.169288094119558   0.0029157926007821632  2.5804897693843856e-05
21.610314929413715   0.0217495446702915  0.00016354616680861156
22.051341764707871   0.10933078585810847  0.00075382995573210747
22.492368600002028   0.074494012843901269  0.00056195902719492748
22.933395435296188   0.0070166864342457611  3.372662716003089e-05
23.374422270590344   0.44058077521813133  0.0026624477749275424
23.8154491058845   0.49476831246141406  0.0041326872047505041
24.256475941178657   0.084961608244000991  0.0013078372280091489
24.697502776472817   0.0056848010620935005  3.8826593113834066e-05
25.138529611766973   0.02940577264633576  0.00067272657321028839
25.57955644706113   1.1889628367888569  0.020098459031863033
26.02058328235529   12.830680376078555  0.065958067199633584
26.461610117649446   142.28460458557134  0.058563109733596256
26.902636952943602   6.4913661397707099  0.016390276023994013
27.343663788237759   4.2091297208736124  0.015901052232941083
27.784690623531919   0.53576235150294144  0.0011803748810801712
28.225717458826075   0.0092063865177419839  4.9883487072022681e-05
28.666744294120232   0.025849686358328193  0.00019266069673143808
29.107771129414392   0.57362988839672576  0.0065010014652568278
29.548797964708548   0.68861604170904434  0.0084606852311426429
29.989824800002705   0.0093662046995203129  6.8966620605958245e-05
30.430851635296861   0.018791842087614403  0.00011778779449692889
30.871878470591021   0.10065327505948739  0.00060660243581890436
31.312905305885177   0.08706020122640401  0.000628340267115703
31.753932141179334   0.018898121617331606  9.1039796447146903e-05
32.194958976473494   0.29343180955353401  0.0014631191431516671
32.635985811767647   0.37871903514373274  0.0027958674127761417
33.077012647061807   0.10039313482058782  0.00099319296279204601
33.518039482355967   0.015326926840195831  9.8263153931236249e-05
33.95906631765012   0.022923985301099996  0.00033277381510968698
34.400093152944279   0.66238250731993461  0.015964206485162206
34.841119988238439   9.861898693567025  0.073087471396855133
35.282146823532592   106.77144658704744  0.084526057657016668
35.723173658826752   4.0555472607103161  0.015290720697393282
36.164200494120912   3.8761198971254369  0.024677661818659548
36.605227329415065   0.66659613394893061  0.0037222399299965321
37.046254164709225   0.023391613910845956  0.00010575523039011121
37.487281000003378   0.028775352605149256  8.7658493923485941e-05
37.928307835297538   0.44783102693824865  0.004798339335207494
38.369334670591698   0.55134228438170811  0.0072176862382498293
38.810361505885851   0.023002378244592685  0.00014549373826558945
39.251388341180011   0.021429486248174425  7.4560761419218497e-05
39.692415176474171   0.095348994717650754  0.00053697502444371243
40.133442011768324   0.10088138165952826  0.00067489666715133261
40.574468847062484   0.039481030954437471  0.00019274454864832285
41.015495682356644   0.18519630103886731  0.00068957184620586334
41.456522517650797   0.28111177034359823  0.0018233591553510021
41.897549352944957   0.12066761793765209  0.00060874461893322655
42.338576188239117   0.032862234698213897  0.00019529403750923843
42.779603023533269   0.028863204066771383  0.00013464737102113593
43.220629858827429   0.32760907791829736  0.010867455579226046
43.661656694121582   6.3904795806395307  0.06979795446162297
44.102683529415742   71.159651899111294  0.098927717108216118
