0.000581744307951261   -0.0034094332088955   83.3440135355803   0.0500062492984531
0.100613533082861   -0.00341666299053937   102.882689276863   0.050005511595459
0.20060675474962   -0.00343240257538252   89.4774334750494   0.0500177805484534
0.30059342331926   -0.00344991819528081   93.5197449699011   0.0500238088797546
0.40057599218168   -0.00344943113044117   85.3570732495176   0.0500061666911745
-0.499467375418313   -0.00340496227173668   83.6291861270952   0.0500074105682058
-0.399463113220423   -0.00350171504526565   90.9212752775719   0.050017639125508
-0.299444307175112   -0.00349283169494265   87.5936740383186   0.0500055656040924
-0.199395705784952   -0.00345120122117847   82.3675362261678   0.0500013394881119
-0.0994090789490373   -0.003471981837801   99.7438918958214   0.0500004264054166
0.0506685308754598   0.0966431051552826   83.1830983386743   0.0500046326490269
0.150597470809713   0.0965804876794663   91.972506518806   0.0500000584790092
0.250617646315586   0.0965513951540818   77.7262395398659   0.050007862430015
0.350621288096459   0.0965282277633879   70.4397723902042   0.0500004329110083
0.45061666912898   0.096575879994646   87.4164507601099   0.0500152538863294
-0.449327141203911   0.0965126811163386   80.2496372706232   0.0500009928909843
-0.349343195635454   0.0965265318301232   72.2074450003181   0.0500028337463163
-0.249389722167931   0.0965433224503142   78.6971400489325   0.0500150044860041
-0.149383604844999   0.0965264052551046   72.6887373955354   0.0500211233543664
-0.0493525507388699   0.0966036114720712   80.7006784071934   0.050002180493789
0.100694720108354   0.196687116723275   79.3819699291079   0.050002026247899
0.200718889723942   0.196531500242847   84.388558624161   0.050001577421913
0.300728702820389   0.196563940605985   85.4535568483516   0.0500021888508671
0.400718623606688   0.196532208024803   83.2798496567929   0.0500060559638839
0.500719162559715   0.196509858770296   92.8451399502792   0.0500029646925447
-0.399265552999145   0.196562402249324   95.7909970266344   0.0500229700646408
-0.299257744432645   0.196557725927669   94.630883656386   0.0500171867886379
-0.199296300294588   0.19650503340512   103.662804986411   0.0500027884044916
-0.0993255155648782   0.196495355262708   82.5965370984585   0.0500011809640838
0.000663308894225426   0.196618700134484   78.6238250763545   0.050000891011797
0.150720464683725   0.296610510917444   112.80803449548   0.0500014320162758
0.250705103823859   0.296559254228496   78.465657213135   0.0500015603792459
0.350779368287953   0.29648232476279   89.7139468319627   0.0500088813466072
0.450742049821016   0.296530997858657   95.5038681866159   0.0500049398327485
0.550728754003503   0.296492320547045   89.947150042667   0.0500036410316394
-0.349288458234856   0.296542559001941   85.0219673195126   0.0500097845185237
-0.249289350114525   0.296554855193787   77.9940566022728   0.0500006070927892
-0.149254807191225   0.296486680539454   91.4850133602746   0.0500094228161488
-0.0492800394800379   0.29651957845912   77.4727412742968   0.0500031585953735
0.0507105256202042   0.296619436345311   76.5920985121428   0.0500019440287115
0.200644253540579   0.396521039242938   99.84786858113   0.0500026520184649
0.300686703730145   0.39651909709899   94.2487966993437   0.0500115247086095
0.400680745310854   0.396537317576915   104.419558999724   0.0500012849997245
0.500728676910412   0.396489491628084   91.712688957956   0.0500127859033816
0.600720068928966   0.39653877614881   84.555038870441   0.0500047635833971
-0.299277915993579   0.396551702545696   86.7320392362193   0.0500204341880759
-0.199245673380166   0.396528640029825   92.199480642492   0.0500297548321233
-0.0992683364355066   0.396501063058245   92.235098657059   0.0500035153833604
0.000695896108189295   0.396589638382472   94.8159295497171   0.0500064220676404
0.100641331827235   0.396655221050444   99.4405606928056   0.0500120346893938
0.250655516713497   0.496545462546961   81.1653173842707   0.0500239852806253
0.350668719219651   0.496589119543939   87.4140375995052   0.0500114069829703
0.450716862351622   0.496483667422549   93.1034025165705   0.0500124773478781
0.550709935088913   0.496557022192431   93.240986943922   0.0500048065700594
0.650751266338298   0.496581609909573   86.0117999159273   0.0500106855774614
-0.249252589840713   0.496543745457343   80.403120564252   0.0500170463038493
-0.149295520900843   0.496474261283501   87.9959814074482   0.0500168737866065
-0.0493283961343395   0.49663714507906   81.7764299910185   0.0500013067923852
0.0506830406810631   0.496647636383695   87.4959345784549   0.0500110179223403
0.150688590707266   0.49654174479044   98.0900974443193   0.0500005375419455
-0.199306773841017   -0.403456985493363   85.7449098383118   0.0500057799354769
-0.099269395314066   -0.403431543029143   100.389814387242   0.0500088696184851
0.000648480145192011   -0.403458711664836   87.5473589934748   0.0500100504295935
0.100637911945355   -0.403490409372363   97.5443487991118   0.0500118997159815
0.200637687863839   -0.403436960563991   109.600665917208   0.0500155781947363
-0.699281550354633   -0.403446592922881   90.0387042398768   0.0500113303905576
-0.599294377847274   -0.403421220392875   78.6861136549476   0.050006603709463
-0.499294767152992   -0.403369613210722   91.3390558386486   0.0500084321975826
-0.399268553937519   -0.403399701550966   97.383953404859   0.0500037579170027
-0.299288628247622   -0.403507674869126   90.149697547144   0.0500035823976846
-0.149353217238227   -0.30340241839497   74.2879244108937   0.0500014819951251
-0.0493250119096164   -0.303428675057702   101.953202930331   0.0500046468510044
0.0506366451192862   -0.303494126672543   92.5776672782866   0.0500093982553078
0.150645050016127   -0.303464786333987   95.140635542979   0.0500045733919594
0.250677893105827   -0.303478686759868   91.0803889922479   0.0500021002039315
-0.649347408496911   -0.303393333685013   87.4133868904491   0.0500080469234088
-0.549322610068237   -0.303389788478913   65.5570206472336   0.0500055443549541
-0.449313906617824   -0.303400983621706   91.5449731844436   0.0500050622887487
-0.349329132160794   -0.303366895564081   88.9047876690023   0.0500117495382229
-0.249396881771447   -0.303493806773042   99.4969209504075   0.0500002834565104
-0.0993472276431555   -0.203405105805033   88.0976574438623   0.0500069756213179
0.000665394851349382   -0.203504458677447   80.6398263906296   0.0500299948833079
0.100591832762428   -0.203460644950015   99.1400356687724   0.0500187660660852
0.200597651044175   -0.203460089364128   85.4424681037695   0.0500003234844318
0.300610633543152   -0.203490492534418   73.1992410223766   0.0500009457208891
-0.599339109115829   -0.203466328340729   93.5695177748907   0.0500046165138084
-0.499394458324775   -0.203353624624093   108.178162542308   0.05000806633014
-0.399361742501129   -0.203362417823895   85.3445984387761   0.0500038119819036
-0.299362937286484   -0.203423771690488   100.609837516114   0.0500015437047219
-0.199369749059754   -0.203490653303816   80.0695260833024   0.050001054597244
-0.0493781769336622   -0.10349772234247   90.988973838113   0.050017270003022
0.050634912632107   -0.103401801025855   83.982921504685   0.0500017200332915
0.150580489044256   -0.103489713798606   83.4710665391489   0.0500003960067701
0.2506003551053   -0.103450241075943   86.2068804494483   0.0500005081207603
0.35055293386841   -0.103447094738547   94.0913191639294   0.0500035505469986
-0.549423412305875   -0.103463634857784   81.3633104598168   0.0500016060830695
-0.449447171975032   -0.103426655473701   90.9858048628977   0.0500002538081837
-0.349431608243778   -0.103427686300508   109.398937901743   0.050010208744695
-0.249392041094525   -0.103446793574122   95.071537949677   0.0500044664548639
-0.149397332606951   -0.103431111420714   91.4800138404304   0.050007500198187
