0.4848420195558783   6.8616096809914702e-09  8.3017213756972015e-12     
0.9696840391117566   7.6616192757929011e-09  3.8305072891472027e-12     
1.454526058667635   9.175125967213915e-09  3.4908339513687374e-12     
1.9393680782235132   1.1901295259600491e-08  5.14146062679815e-12     
2.4242100977793917   1.6889029403802028e-08  9.1048503036586322e-12     
2.9090521173352699   2.6777910767251198e-08  1.1570655664162918e-11     
3.3938941368911482   4.9953538515236225e-08  1.8987386825186713e-11     
3.8787361564470264   1.2258600445349685e-07  6.1254067566978822e-11     
4.3635781760029051   5.5579101217179844e-07  6.7178651178624999e-10     
4.8484201955587833   99.999935930846054  -nan     
5.3332622151146616   8.3025374277278598e-07  1.0054824536372017e-09     
5.8181042346705398   2.7581823986173577e-07  1.3797540939045959e-10     
6.3029462542264181   1.7228840088745597e-07  6.5613142875758111e-11     
6.7877882737822963   1.457911005033714e-07  6.2969852010977726e-11     
7.2726302933381746   1.5200151514264188e-07  8.1943212624542928e-11     
7.7574723128940528   1.9042095313766902e-07  8.2296880699176688e-11     
8.2423143324499311   2.946246856499689e-07  1.1187918666543115e-10     
8.7271563520058102   6.2059249830259291e-07  3.0992755188330462e-10     
9.2119983715616875   2.4770464226897935e-06  2.991098054153716e-09     
9.6968403911175667   99.999743723638859  2.0885264914858975e-07     
10.181682410673444   3.0259620416118365e-06  3.6681557545924709e-09     
10.666524430229323   9.2705611351115415e-07  4.6401178341519043e-10     
11.151366449785201   5.392936139709131e-07  2.0557823935466962e-10     
11.63620846934108   4.2844863152813747e-07  1.8501552144656978e-10     
12.121050488896957   4.2222782266263941e-07  2.276175900465185e-10     
12.605892508452836   5.0283173963501373e-07  2.1735870902262712e-10     
13.090734528008714   7.4319091229290108e-07  2.819429507958304e-10     
13.575576547564593   1.5016835538980547e-06  7.4953689825516766e-10     
14.06041856712047   5.7706314162020937e-06  6.9613859378962815e-09     
14.545260586676349   99.999423379142335  5.5675332821218384e-07     
15.030102606232226   6.5939802390170872e-06  8.001136860941323e-09     
15.514944625788106   1.9613768377474558e-06  9.82267104771815e-10     
15.999786645343985   1.110192313720799e-06  4.2361033912741316e-10     
16.484628664899862   8.5987650447944019e-07  3.712373013517402e-10     
16.969470684455739   8.2757062403595104e-07  4.4612328827598599e-10     
17.45431270401162   9.6401289867509169e-07  4.1679383822800493e-10     
17.939154723567498   1.3956558611427029e-06  5.2895575017879417e-10     
18.423996743123375   2.7658629744176832e-06  1.3797725261328361e-09     
18.908838762679252   1.0436548670069392e-05  1.2577788197944879e-08     
19.393680782235133   99.998974898629692  9.8086421155906754e-07     
19.878522801791011   1.1534301170464803e-05  1.4009229115800563e-08     
20.363364821346888   3.378783360309538e-06  1.6930733092445382e-09     
20.848206840902765   1.8849873464279033e-06  7.1993392715417944e-10     
21.333048860458646   1.4400786465808395e-06  6.2159317059833025e-10     
21.817890880014524   1.3680339273395809e-06  7.3745326623482564e-10     
22.302732899570401   1.5739683698110979e-06  6.806390849198353e-10     
22.787574919126278   2.2520244726338363e-06  8.5269503114372666e-10     
23.272416938682159   4.4131359130534256e-06  2.2003293412581445e-09     
23.757258958238037   1.6474799963875311e-05  1.9835431400242866e-08     
24.242100977793914   99.998398283883384  1.5401070784379648e-06     
24.726942997349795   1.7846916774048784e-05  2.1697223885440028e-08     
25.211785016905672   5.1792799791194496e-06  2.5967667874601792e-09     
25.69662703646155   2.8636828561345421e-06  1.0947737372422931e-09     
26.181469056017427   2.1690602960827414e-06  9.3604026029691934e-10     
26.666311075573308   2.0436230766179414e-06  1.1015981364929059e-09     
27.151153095129185   2.3327034037065141e-06  1.0089303794395333e-09     
27.635995114685063   3.3123029848797881e-06  1.2529386374066239e-09     
28.12083713424094   6.44350887289792e-06  3.2109067402815775e-09     
28.605679153796821   2.3885386179212789e-05  2.8729430728445904e-08     
29.090521173352698   99.997693537195134  2.2173542053507509e-06     
29.575363192908576   2.5531818090398951e-05  3.1069900476020312e-08     
30.060205212464453   7.3628723422252625e-06  3.6936883788701343e-09     
30.545047232020334   4.0462842845827948e-06  1.5483547317977005e-09     
31.029889251576211   3.0468280021985876e-06  1.3145348595698618e-09     
31.514731271132089   2.8543447518329569e-06  1.538546165876444e-09     
31.99957329068797   3.2402245620945849e-06  1.4017027607775533e-09     
32.484415310243847   4.5764989336005546e-06  1.7294648322806666e-09     
32.969257329799724   8.8569897068085295e-06  4.4112086156151535e-09     
33.454099349355602   3.2668307299428912e-05  3.9254890070529554e-08     
33.938941368911479   99.996860661365913  3.0140808918569508e-06     
34.423783388467356   3.458899526255994e-05  4.2132026049676274e-08     
34.908625408023241   9.9295674477217088e-06  4.9841833662820981e-09     
35.393467427579118   5.432798371147365e-06  2.0809020818184584e-09     
35.878309447134995   4.0733896250273516e-06  1.7570324216079558e-09     
36.363151466690873   3.8002069688014825e-06  2.048283276131844e-09     
36.84799348624675   4.2965397177249907e-06  1.8589903715324614e-09     
37.332835505802628   6.044621152034884e-06  2.2820523211992695e-09     
37.817677525358505   1.1653587617244227e-05  5.8009433593977545e-09     
38.302519544914382   4.2823562409330037e-05  5.1406902104448562e-08     
38.787361564470267   99.995899659705904  3.9358878605017792e-06     
39.272203584026144   4.5018437535826105e-05  5.4888355541716561e-08     
39.757045603582021   1.2879373643642231e-05  6.4686014689647505e-09     
40.241887623137899   7.0232331527529968e-06  2.6926411474469605e-09     
40.726729642693776   5.2487543354635457e-06  2.2634875696014073e-09     
41.211571662249654   4.8812190791206432e-06  2.6307930448579786e-09     
41.696413681805531   5.5016580542976162e-06  2.3808264528328982e-09     
42.181255701361415   7.716679770836984e-06  2.9104802746112759e-09     
42.666097720917293   1.4833313156082433e-05  7.3798238685814692e-09     
43.15093974047317   5.4351149694842921e-05  6.5180548385600034e-08     
43.635781760029047   99.994810536034488  4.985813635763686e-06     
44.120623779584925   5.682013325752745e-05  6.934363158308786e-08     
44.605465799140802   1.6212300627833132e-05  8.1472968374417678e-09     
45.090307818696679   8.8175979637763073e-06  3.3837974581352191e-09     
45.575149838252557   6.5729326150940091e-06  2.8338541029527675e-09     
46.059991857808441   6.0973917700801071e-06  3.2860567064739451e-09     
46.544833877364319   6.855590066383155e-06  2.9672433396015654e-09     
47.029675896920196   9.5926862179573388e-06  3.614528350704695e-09     
47.514517916476073   1.8396178224405526e-05  9.1475675477033419e-09     
47.999359936031951   6.7251066442626493e-05  8.0570899438974434e-08     
48.484201955587828   99.993593294680224  6.1537205344282138e-06     
