0.42972788892272645   9.8445532122604424  1.0051963543823907e-05
0.85945577784545291   4.4828173843345884  3.4137949638518338e-06
1.2891836667681793   0.60452647876383695  9.1134121516145339e-07
1.7189115556909058   0.0006752189950686988  1.1850212719263832e-08
2.1486394446136323   0.0012669681309902689  7.8558234387297207e-09
2.5783673335363586   0.0036747493121081701  2.9237109435959997e-08
3.0080952224590853   0.017920328570912099  1.0458949491098762e-07
3.4378231113818116   0.055040859795425014  2.7887909811513193e-07
3.8675510003045379   0.00049417369893176093  7.5393393076070421e-08
4.2972788892272646   0.32079022394028945  9.4297301755848128e-07
4.7270067781499909   0.03031274001204782  3.9338671367109129e-07
5.1567346670727172   0.34135891099485887  2.427115721997455e-06
5.5864625559954435   2.3767575924241747  5.6640036202242359e-06
6.0161904449181707   0.043777323140531849  9.9917267590377397e-07
6.445918333840897   0.0026292976391251483  9.5510894634654598e-08
6.8756462227636232   0.012796951600594943  9.0371718104666792e-08
7.3053741116863495   0.10358873668357862  2.8735463230687825e-07
7.7351020006090758   0.011166429102097415  2.8186409878598337e-07
8.1648298895318021   0.034531764167360259  1.2359938194363871e-06
8.5945577784545293   0.64765191371575181  4.921147701394947e-06
9.0242856673772547   0.00076929452534495709  1.7457493374556497e-07
9.4540135562999819   0.0048409034208626814  4.8389931387948452e-07
9.883741445222709   0.043798567760920967  1.4443998195057164e-06
10.313469334145434   0.0031423327565658837  3.634334405087679e-07
10.743197223068162   0.015467167207635993  6.1396676901326887e-07
11.172925111990887   1.471193757263822e-05  1.3120379478622289e-08
11.602653000913614   6.2419528442085617e-05  4.5021244215536064e-08
12.032380889836341   0.036600131988354807  1.0756957601347004e-06
12.462108778759067   0.034985773392393122  1.9986980182678456e-06
12.891836667681794   1.7904128795993609  3.0299913506257897e-06
13.321564556604519   0.00071052322516054535  3.0508035135084837e-07
13.751292445527246   0.032595476696448232  6.3910572032008633e-07
14.181020334449974   0.0010437958035755409  1.2608949912901744e-07
14.610748223372699   0.12893935362958814  1.6517653169144774e-06
15.040476112295426   0.15289413066208978  1.0763656273678938e-06
15.470204001218152   0.0053160105450562741  2.4526202971346003e-07
15.899931890140879   0.00055439017891020456  2.6032541106873002e-07
16.329659779063604   2.523702032661093  2.1022534986965146e-05
16.759387667986331   0.30556050429013926  1.5653752768011457e-05
17.189115556909059   0.029645820235041718  1.23069505020326e-06
17.618843445831786   0.010548324781297773  7.0393354199633348e-07
18.048571334754509   0.00085140944767002404  1.2143576144490236e-07
18.478299223677237   0.0049950665183605784  2.7437645008241153e-07
18.908027112599964   0.00011364323136540231  6.1103595274824501e-08
19.337755001522691   0.26583815319147408  3.3982176167076237e-06
19.767482890445418   0.2620166293445972  3.1162349701448769e-06
20.197210779368142   0.089556276071153701  3.0177188248896186e-06
20.626938668290869   1.6617075677819205  4.6006609434176707e-05
21.056666557213596   2.9547424594947036  0.00012535584858290871
21.486394446136323   11.130479222862401  0.00028472850713875341
21.91612233505905   6.3944500878007568  0.00018533049031811372
22.345850223981774   0.002453198662604704  5.0746471765122692e-07
22.775578112904501   0.25350543625150648  4.5930369506779669e-06
23.205306001827228   0.16755878165382831  3.3635605799626597e-06
23.635033890749956   0.0020401374460901063  2.1386327080279486e-07
24.064761779672683   0.030380345520557173  1.1343870799753236e-06
24.494489668595406   3.3806468502088805e-05  4.4414703795561775e-08
24.924217557518134   0.0014178545676156179  3.7202665355888314e-07
25.353945446440861   0.065079625754578264  5.0807846591571102e-06
25.783673335363588   0.37826763372957358  8.3222632346215749e-06
26.213401224286315   0.013938342117437424  1.2494790157751156e-06
26.643129113209039   0.0064692048073349036  1.2963036886841833e-06
27.072857002131766   0.14229613922024003  4.245852239496526e-06
27.502584891054493   1.2878234414398149  1.7343786924053682e-05
27.93231277997722   0.13480402299811224  6.1814905254176016e-06
28.362040668899947   0.00053516360698193471  1.491539165255652e-07
28.791768557822671   0.007154782171533178  5.2951771325370138e-07
29.221496446745398   0.016220399027465134  1.2928669193399431e-06
29.651224335668125   0.0060708796146977762  2.5507058055309156e-06
30.080952224590852   0.3357319850321055  9.6309181466999891e-06
30.51068011351358   0.0057423987608473274  5.0799455573009599e-06
30.940408002436303   0.0026283556069621867  1.0080121328671726e-06
31.37013589135903   0.00050094402681843358  2.5632804385874015e-07
31.799863780281758   0.040295713913543443  2.244934078717007e-06
32.229591669204481   0.026780917656453725  1.8347898633451655e-06
32.659319558127208   0.10024929648269882  4.2997426510871861e-06
33.089047447049936   0.00097087230106667729  3.27343723631181e-07
33.518775335972663   3.1228120132308325e-05  4.2412620740893019e-08
33.94850322489539   0.0072948964759938748  2.988458863055345e-06
34.378231113818117   1.4597786885193765  8.1116352562213122e-06
34.807959002740844   0.00060047987703940576  6.1121293632645237e-07
35.237686891663571   0.024365139640602078  2.6624172593050869e-06
35.667414780586299   0.0001247413323213123  1.1109327351754574e-07
36.097142669509019   0.0097716515584329302  8.6267858009723307e-07
36.526870558431746   0.066224010741087939  2.1341475178669849e-06
36.956598447354473   0.39394671524334892  1.2433361563600159e-05
37.3863263362772   0.20221028687638346  8.7275349830767448e-06
37.816054225199927   0.0018256604160885417  6.0178395943134437e-07
38.245782114122655   1.5117014379152643  0.00011355173488732185
38.675510003045382   0.38767401953239863  4.1838891015567415e-05
39.105237891968109   0.14725744957380079  5.4051747194317181e-06
39.534965780890836   0.024371367756185675  2.4205230157612239e-06
39.964693669813563   0.0020579372420582606  4.1143569356965891e-07
40.394421558736283   0.053217659967484757  2.0420058358467483e-06
40.824149447659011   0.65796711372841424  1.7912699867876491e-05
41.253877336581738   0.45806538607768026  2.0529784402444842e-05
41.683605225504465   0.036045545128222056  3.9879426421622453e-06
42.113333114427192   0.010885346213417789  1.5145233332634888e-06
42.543061003349919   0.019133113801427213  5.5438601650478441e-06
42.972788892272646   3.6864392355052533  4.991236820132816e-05
