0.0064796213473364795   0   0   
0.019438864042009438   0   0   
0.032398106736682399   0   0   
0.045357349431355359   0   0   
0.058316592126028313   0   0   
0.071275834820701281   0   0   
0.084235077515374235   0   0   
0.097194320210047189   0   0   
0.11015356290472016   0   0   
0.12311280559939311   0   0   
0.13607204829406608   0   0   
0.14903129098873902   0   0   
0.16199053368341199   0   0   
0.17494977637808495   0   0   
0.18790901907275789   0   0   
0.20086826176743086   0   0   
0.21382750446210383   0   0   
0.2267867471567768   0   0   
0.23974598985144974   0   0   
0.2527052325461227   0   0   
0.26566447524079567   0   0   
0.27862371793546864   0   0   
0.29158296063014155   0   0   
0.30454220332481452   35.383326318353878   -nan   
0.31750144601948749   0   0   
0.33046068871416046   0   0   
0.34341993140883342   0   0   
0.35637917410350639   0   0   
0.36933841679817936   0   0   
0.38229765949285227   0   0   
0.39525690218752524   0   0   
0.40821614488219821   0   0   
0.42117538757687117   0   0   
0.43413463027154414   0   0   
0.44709387296621711   0   0   
0.46005311566089002   0   0   
0.47301235835556299   0   0   
0.48597160105023596   0   0   
0.49893084374490893   0   0   
0.51189008643958189   0   0   
0.52484932913425486   0   0   
0.53780857182892783   0   0   
0.5507678145236008   0   0   
0.56372705721827376   0   0   
0.57668629991294673   0   0   
0.58964554260761959   0   0   
0.60260478530229256   0   0   
0.61556402799696552   0   0   
0.62852327069163849   0   0   
0.64148251338631146   0   0   
0.65444175608098443   0   0   
0.66740099877565739   0   0   
0.68036024147033036   0   0   
0.69331948416500333   0   0   
0.7062787268596763   0   0   
0.71923796955434927   0   0   
0.73219721224902223   0   0   
0.7451564549436952   0   0   
0.75811569763836806   0   0   
0.77107494033304103   0   0   
0.78403418302771399   0   0   
0.79699342572238696   0   0   
0.80995266841705993   0   0   
0.8229119111117329   0   0   
0.83587115380640586   0   0   
0.84883039650107883   0   0   
0.8617896391957518   0   0   
0.87474888189042477   0   0   
0.88770812458509774   0   0   
0.9006673672797707   0   0   
0.91362660997444356   0   0   
0.92658585266911653   0   0   
0.9395450953637895   0   0   
0.95250433805846246   0   0   
0.96546358075313543   0   0   
0.9784228234478084   0   0   
0.99138206614248137   0   0   
1.0043413088371542   0   0   
1.0173005515318272   0   0   
1.0302597942265002   0   0   
1.0432190369211731   0   0   
1.0561782796158461   0   0   
1.0691375223105191   0   0   
1.082096765005192   0   0   
1.095056007699865   0   0   
1.108015250394538   0   0   
1.1209744930892109   0   0   
1.1339337357838839   0   0   
1.1468929784785569   0   0   
1.1598522211732298   0   0   
1.1728114638679028   0   0   
1.1857707065625758   0   0   
1.1987299492572487   17.978554994190619   -nan   
1.2116891919519217   0   0   
1.2246484346465947   0   0   
1.2376076773412676   0   0   
1.2505669200359406   0   0   
1.2635261627306136   0   0   
1.2764854054252865   0   0   
1.2894446481199595   0   0   
1.3024038908146325   0   0   
1.3153631335093054   0   0   
1.3283223762039782   0   0   
1.3412816188986512   0   0   
1.3542408615933241   15.914031932656767   0   
1.3672001042879971   0   0   
1.3801593469826701   8.2149408766065926e-06   4.1496457605424454e-07   
1.393118589677343   15.469911275083058   4.1110247128907842e-07   
1.406077832372016   0   0   
1.419037075066689   0   0   
1.4319963177613619   0   0   
1.4449555604560349   0   0   
1.4579148031507079   29.564734879335681   0   
1.4708740458453808   0   0   
1.4838332885400538   0   0   
1.4967925312347268   0   0   
1.5097517739293997   0   0   
1.5227110166240727   0   0   
1.5356702593187457   0   0   
1.5486295020134186   0   0   
1.5615887447080916   0   0   
1.5745479874027646   0   0   
1.5875072300974375   0   0   
1.6004664727921105   0   0   
1.6134257154867835   0   0   
1.6263849581814565   0   0   
1.6393442008761294   0   0   
1.6523034435708024   0   0   
1.6652626862654751   0   0   
1.6782219289601481   0   0   
1.6911811716548211   0   0   
1.704140414349494   0   0   
1.717099657044167   0   0   
1.73005889973884   0   0   
1.7430181424335129   12.364433732064179   -nan   
1.7559773851281859   0   0   
1.7689366278228589   0   0   
1.7818958705175318   0   0   
1.7948551132122048   0   0   
1.8078143559068778   0   0   
1.8207735986015507   0   0   
1.8337328412962237   0   0   
1.8466920839908967   0   0   
1.8596513266855697   0   0   
1.8726105693802426   0   0   
1.8855698120749156   0   0   
1.8985290547695886   0   0   
1.9114882974642615   0   0   
1.9244475401589345   0   0   
1.9374067828536075   0   0   
1.9503660255482804   0   0   
1.9633252682429534   0   0   
1.9762845109376264   0   0   
1.9892437536322993   0   0   
2.0022029963269721   0   0   
2.0151622390216453   0   0   
2.028121481716318   0   0   
2.0410807244109912   0   0   
2.0540399671056639   0   0   
2.0669992098003371   0   0   
2.0799584524950099   0   0   
2.0929176951896831   0   0   
2.1058769378843558   0   0   
2.118836180579029   0   0   
2.1317954232737018   0   0   
2.1447546659683749   0   0   
2.1577139086630477   0   0   
2.1706731513577204   0   0   
2.1836323940523936   0   0   
2.1965916367470664   0   0   
2.2095508794417396   0   0   
2.2225101221364123   0   0   
2.2354693648310855   0   0   
2.2484286075257582   0   0   
2.2613878502204314   9.5301795814477479   -nan   
2.2743470929151042   0   0   
2.2873063356097774   4.7110944389876261   -nan   
2.3002655783044501   0   0   
2.3132248209991233   0   0   
2.326184063693796   0   0   
2.3391433063884692   0   0   
2.352102549083142   0   0   
2.3650617917778152   0   0   
2.3780210344724879   0   0   
2.3909802771671611   0   0   
2.4039395198618339   17.90439886512117   3.6322386592085476e-05   
2.416898762556507   0.025558629733443209   3.6127628303818892e-05   
2.4298580052511798   0   0   
2.442817247945853   0   0   
2.4557764906405257   0   0   
2.4687357333351989   0   0   
2.4816949760298717   0   0   
2.4946542187245444   0   0   
2.5076134614192176   0   0   
2.5205727041138903   0   0   
2.5335319468085635   0   0   
2.5464911895032363   0   0   
2.5594504321979095   0   0   
2.5724096748925822   0   0   
2.5853689175872554   12.503324765031937   0.00013846635695168194   
2.5983281602819281   4.1477275975131801   0.00013777575168329005   
2.6112874029766013   0   0   
2.6242466456712741   0   0   
2.6372058883659473   0   0   
2.65016513106062   8.1318859772315174   1.2558867173170218e-06   
2.6631243737552932   0.0002221635950697462   1.2497749741124696e-06   
2.676083616449966   0   0   
2.6890428591446391   0   0   
2.7020021018393119   5.9934659868556534   0.00016043311610634369   
2.7149613445339851   1.9731679174378445   0.00015966732557593624   
2.7279205872286578   7.9003151399649982   -nan   
2.740879829923331   0   0   
2.7538390726180038   0   0   
2.7667983153126769   0   0   
2.7797575580073497   0   0   
2.7927168007020229   0   0   
2.8056760433966956   0   0   
2.8186352860913688   0   0   
2.8315945287860416   0   0   
2.8445537714807143   0   0   
2.8575130141753875   0   0   
2.8704722568700602   0   0   
2.8834314995647334   0   0   
2.8963907422594062   3.720394489849289   -nan   
2.9093499849540794   0   0   
2.9223092276487521   14.749590571730662   0   
2.9352684703434253   0   0   
2.9482277130380981   0   0   
2.9611869557327712   0   0   
2.974146198427444   0   0   
2.9871054411221172   0   0   
3.0000646838167899   0   0   
3.0130239265114631   0   0   
3.0259831692061359   0   0   
3.038942411900809   0   0   
3.0519016545954818   0   0   
3.064860897290155   0   0   
3.0778201399848277   0   0   
3.0907793826795009   0   0   
3.1037386253741737   0   0   
3.1166978680688469   0   0   
3.1296571107635196   0   0   
3.1426163534581928   0   0   
3.1555755961528655   0   0   
3.1685348388475383   0   0   
3.1814940815422115   0   0   
3.1944533242368842   6.746066875752254   3.0464596991823158e-06   
3.2074125669315574   0.00044788723111749857   3.0341508402575703e-06   
3.2203718096262302   0   0   
3.2333310523209033   0   0   
3.2462902950155761   0   0   
3.2592495377102493   0   0   
3.272208780404922   0   0   
3.2851680230995952   0   0   
3.298127265794268   0   0   
3.3110865084889411   0   0   
3.3240457511836139   0   0   
3.3370049938782871   0   0   
3.3499642365729598   0   0   
3.362923479267633   0   0   
3.3758827219623058   0   0   
3.388841964656979   0   0   
3.4018012073516517   0   0   
3.4147604500463249   0   0   
3.4277196927409976   0   0   
3.4406789354356708   0   0   
3.4536381781303436   0   0   
3.4665974208250168   0   0   
3.4795566635196895   0   0   
3.4925159062143623   0   0   
3.5054751489090354   0   0   
3.5184343916037082   3.0404521067056425e-06   1.3756528092219384e-07   
3.5313936342983814   6.1028092164399454   1.3706587921444498e-07   
3.5443528769930541   6.0804984898085272   0   
3.5573121196877273   0   0   
3.5702713623824001   0   0   
3.5832306050770732   0   0   
3.596189847771746   0   0   
3.6091490904664192   0   0   
3.6221083331610919   11.899938010466062   1.241763432820638e-09   
3.6350675758557651   0   0   
3.6480268185504379   5.90769569080864   -nan   
3.6609860612451111   0   0   
3.6739453039397838   0   0   
3.686904546634457   0   0   
3.6998637893291297   0   0   
3.7128230320238029   0   0   
3.7257822747184757   0   0   
3.7387415174131489   0.51230285292317537   0.00036156565435785543   
3.7517007601078216   16.72279667640608   0.00036031672290622011   
3.7646600028024948   0   0   
3.7776192454971675   0   0   
3.7905784881918407   0   0   
3.8035377308865135   0   0   
3.8164969735811862   0   0   
3.8294562162758594   0   0   
3.8424154589705322   0   0   
3.8553747016652054   0   0   
3.8683339443598781   0   0   
3.8812931870545513   0   0   
3.894252429749224   0   0   
3.9072116724438972   0   0   
3.92017091513857   0   0   
3.9331301578332432   0   0   
3.9460894005279159   10.922931605665893   -nan   
3.9590486432225891   5.8774979057243335e-07   4.0930481009189905e-08   
3.9720078859172618   5.4258275934912598   4.0796700867512599e-08   
3.984967128611935   0   0   
3.9979263713066078   0   0   
4.010885614001281   0   0   
4.0238448566959537   0   0   
4.0368040993906265   0   0   
4.0497633420853001   0   0   
4.0627225847799728   5.3046773108855893   -nan   
4.0756818274746456   5.2878102924090057   -nan   
4.0886410701693183   0   0   
4.101600312863992   0   0   
4.1145595555586647   5.2378467305909676   6.2088171641031901e-10   
4.1275187982533375   0   0   
4.1404780409480102   0   0   
4.1534372836426829   0   0   
4.1663965263373566   0   0   
4.1793557690320293   0   0   
4.1923150117267021   0   0   
4.2052742544213748   0   0   
4.2182334971160484   0   0   
4.2311927398107212   0   0   
4.2441519825053939   5.0779122327388817   4.0692627481477594e-08   
4.2571112252000667   2.457858394028552e-07   4.0574619900592601e-08   
4.2700704678947403   0   0   
4.2830297105894131   0   0   
4.2959889532840858   0   0   
4.3089481959787586   0   0   
4.3219074386734322   0   0   
4.3348666813681049   0   0   
4.3478259240627777   0   0   
4.3607851667574504   0   0   
4.3737444094521241   0   0   
4.3867036521467968   9.8257981504439126   -nan   
4.3996628948414696   0   0   
4.4126221375361423   0   0   
4.4255813802308159   0   0   
4.4385406229254887   0   0   
4.4514998656201614   0   0   
4.4644591083148342   0   0   
4.4774183510095078   0   0   
4.4903775937041805   0   0   
4.5033368363988533   0   0   
4.516296079093526   0   0   
4.5292553217881988   0   0   
4.5422145644828724   0   0   
4.5551738071775452   0   0   
4.5681330498722179   0   0   
4.5810922925668907   0   0   
4.5940515352615643   0   0   
4.607010777956237   0   0   
4.6199700206509098   0   0   
4.6329292633455825   0   0   
4.6458885060402562   0   0   
4.6588477487349289   9.251829412865826   1.756118687953918e-09   
4.6718069914296017   0   0   
4.6847662341242744   0   0   
4.697725476818948   0   0   
4.7106847195136208   0   0   
4.7236439622082935   0   0   
4.7366032049029663   0   0   
4.7495624475976399   0   0   
4.7625216902923126   0   0   
4.7754809329869854   0   0   
4.7884401756816581   0   0   
4.8013994183763318   0   0   
4.8143586610710045   8.9529814245223086   4.2926237030435614e-08   
4.8273179037656773   2.0057778988752689e-07   4.2810273656513902e-08   
4.84027714646035   4.452520313152964   0   
4.8532363891550228   0   0   
4.8661956318496964   0   0   
4.8791548745443691   2.2085210318228848   -nan   
4.8921141172390419   0   0   
4.9050733599337146   9.2204072365052409e-06   2.6126482039631549e-07   
4.9180326026283883   8.7642402740477611   2.6057511357450632e-07   
4.930991845323061   4.3706079815049468   -nan   
4.9439510880177338   0   0   
4.9569103307124065   0   0   
4.9698695734070801   0   0   
4.9828288161017529   0.00025780028419528715   1.839924809345796e-06   
4.9957880587964256   4.3514782039365649   6.9225424743020632e-05   
5.0087473014910984   4.2650419200477245   7.011949402115873e-05   
5.021706544185772   0   0   
5.0346657868804447   0   0   
5.0476250295751175   0   0   
5.0605842722697902   4.2586846016968811   -nan   
5.0735435149644639   0   0   
5.0865027576591366   0   0   
5.0994620003538094   0   0   
5.1124212430484821   0   0   
5.1253804857431557   0   0   
5.1383397284378285   0   0   
5.1512989711325012   8.3673777960384013   -nan   
5.164258213827174   0   0   
5.1772174565218467   2.081090366850194   0.00011483648598648186   
5.1901766992165204   2.0764562681797244   0.00011454975318728818   
5.2031359419111931   0   0   
5.2160951846058659   0   0   
5.2290544273005386   0   0   
5.2420136699952122   0   0   
5.254972912689885   0   0   
5.2679321553845577   0   0   
5.2808913980792305   0   0   
5.2938506407739041   0   0   
5.3068098834685768   0   0   
5.3197691261632496   0   0   
5.3327283688579223   0   0   
5.345687611552596   0   0   
5.3586468542472687   8.0436098522981002   0   
5.3716060969419415   0   0   
5.3845653396366142   3.4332911340802473   0.0004779404029619717   
5.3975245823312878   0.56778840516756144   0.00047679288698845692   
5.4104838250259606   3.5993866048783894   9.4752524197639638e-05   
5.4234430677206333   4.3567234561255361   9.4526114342189023e-05   
5.4364023104153061   0   0   
5.4493615531099797   0   0   
5.4623207958046525   0   0   
5.4752800384993252   0   0   
5.488239281193998   1.9634195241589517   0   
5.5011985238886707   0   0   
5.5141577665833443   0   0   
5.5271170092780171   0   0   
5.5400762519726898   0   0   
5.5530354946673626   0   0   
5.5659947373620362   0   0   
5.578953980056709   3.8629880068818403   4.390296719884795e-10   
5.5919132227513817   0   0   
5.6048724654460544   0   0   
5.6178317081407281   0   0   
5.6307909508354008   0   0   
5.6437501935300736   0   0   
5.6567094362247463   3.8098885153783094   0   
5.6696686789194199   0   0   
5.6826279216140927   0   0   
5.6955871643087654   0   0   
5.7085464070034382   0   0   
5.7215056496981118   0   0   
5.7344648923927846   0   0   
5.7474241350874573   0   0   
5.7603833777821301   0   0   
5.7733426204768037   0   0   
5.7863018631714764   0   0   
5.7992611058661492   0   0   
5.8122203485608219   0   0   
5.8251795912554947   0   0   
5.8381388339501683   0   0   
5.8510980766448411   7.3666282921932769   -nan   
5.8640573193395138   0   0   
5.8770165620341865   3.6670702027841943   -nan   
5.8899758047288602   0   0   
5.9029350474235329   0   0   
5.9158942901182057   0   0   
5.9288535328128784   0   0   
5.941812775507552   3.6270803423394377   -nan   
5.9547720182022248   0   0   
5.9677312608968975   0   0   
5.9806905035915703   0   0   
5.9936497462862439   0   0   
6.0066089889809167   5.3818420038278286   9.6762491586707984e-05   
6.0195682316755894   0   0   
6.0325274743702622   0   0   
6.0454867170649358   0   0   
6.0584459597596085   0   0   
6.0714052024542813   0   0   
6.084364445148954   0   0   
6.0973236878436277   0   0   
6.1102829305383004   0   0   
6.1232421732329732   5.1964031917963432   0.000641966563359335   
6.1362014159276459   3.6202259775860305   0.00064430459279173839   
6.1491606586223186   1.7272720389397151   6.6891089719233668e-05   
6.1621199013169923   0   0   
6.175079144011665   3.4900657648743593   0   
6.1880383867063378   0   0   
6.2009976294010105   0   0   
6.2139568720956841   3.4682301083683674   -nan   
6.2269161147903569   5.1914686287345634   7.44247730354199e-05   
6.2398753574850296   0   0   
6.2528346001797024   0   0   
6.265793842874376   0   0   
6.2787530855690488   0   0   
6.2917123282637215   0   0   
6.3046715709583943   1.7091637584405263   -nan   
6.3176308136530679   0   0   
6.3305900563477406   1.7021661586106778   0   
6.3435492990424134   3.3973776036008831   -nan   
6.3565085417370861   0   0   
6.3694677844317598   0   0   
6.3824270271264325   0   0   
6.3953862698211053   0   0   
6.408345512515778   0   0   
6.4213047552104516   0   0   
6.4342639979051244   0   0   
6.4472232405997971   0   0   
6.4601824832944699   0   0   
6.4731417259891426   0   0   
