0.42972788892272645   7.4658244656030737  0.0081059517180472262
0.85945577784545291   3.3748083947230537  0.0065599553022969438
1.2891836667681793   0.3198341652573631  0.0031010211223791345
1.7189115556909058   0.030448427286033463  0.0004930396903419799
2.1486394446136323   0.0044416919565245593  0.0002090073999113484
2.5783673335363586   0.085660090250914825  0.0019182881144073373
3.0080952224590853   0.30226869935622234  0.0054766486764598338
3.4378231113818116   0.11645628356592328  0.001061721565018324
3.8675510003045379   0.08429476117022961  0.0011101457308025773
4.2972788892272646   0.50105414611219229  0.0036676416429640989
4.7270067781499909   0.16376432779825133  0.0022857668456246427
5.1567346670727172   0.24272150866475057  0.0025838127528292707
5.5864625559954435   1.2249864423762051  0.011031259608862724
6.0161904449181707   0.46034650827262306  0.0024684812812204692
6.445918333840897   0.028739206265408009  0.0001945225731540592
6.8756462227636232   0.022502014108669875  0.00084518480049105182
7.3053741116863495   0.079989547192153314  0.00078344128522182575
7.7351020006090758   0.14711141558496715  0.0043281515676429127
8.1648298895318021   0.71446429475419341  0.013498505535939418
8.5945577784545293   9.6098401244208512  0.076644641849774606
9.0242856673772547   11.35531395682354  0.24380960136341209
9.4540135562999819   0.48678329111600983  0.0092439064458572104
9.883741445222709   0.27871313871437313  0.0062892675883714619
10.313469334145434   0.15313854878445071  0.0025597859889194592
10.743197223068162   0.11525178240562576  0.0015876794480526467
11.172925111990887   0.046438318352448395  0.00072601557550698304
11.602653000913614   0.15259912344481968  0.0017661574672605109
12.032380889836341   0.19112405582489777  0.0054104869810873235
12.462108778759067   0.23464468398110782  0.0063084840627627432
12.891836667681794   0.11815847078220535  0.0020973783091187481
13.321564556604519   0.31965844286774662  0.010162223942865346
13.751292445527246   0.23553687725245952  0.0052988727397589903
14.181020334449974   0.48624669211213189  0.0082856148418702427
14.610748223372699   0.34165985647586712  0.0062521193612447311
15.040476112295426   0.13176697186168844  0.0025427419674732807
15.470204001218152   0.039565222995226929  0.00039322086368380339
15.899931890140879   0.084823003480976951  0.0020177381434360249
16.329659779063604   0.31343623022111755  0.0053035907309553917
16.759387667986331   0.62530169685948174  0.011811977735099386
17.189115556909059   1.683646925932318  0.042306605188875628
17.618843445831786   3.5289751493447771  0.083545933290616638
18.048571334754509   1.2859501824301743  0.049410085613923828
18.478299223677237   0.53026349505913069  0.0080983113149851726
18.908027112599964   0.25393896229200495  0.0028547367223874322
19.337755001522691   0.19177860560292282  0.0030637008830695291
19.767482890445418   0.11501274090499922  0.0018629336031103077
20.197210779368142   0.096117111076137381  0.0010486753024796256
20.626938668290869   0.19642904607823295  0.0022202908771546729
21.056666557213596   0.31119348097645846  0.0027551854325598849
21.486394446136323   0.46567525693707806  0.0084759841622174075
21.91612233505905   1.5554535324250937  0.050106297506612378
22.345850223981774   2.571390799045962  0.10428244937574581
22.775578112904501   0.59104475783623039  0.007364935998692924
23.205306001827228   0.74824640139543903  0.017436340764207058
23.635033890749956   0.48333362035818093  0.0097116055847881632
24.064761779672683   0.1758804535479003  0.0018283231382240168
24.494489668595406   0.15062369412833548  0.0026074377753981964
24.924217557518134   0.35635334164080192  0.0089763035196890288
25.353945446440861   1.0597224829047469  0.031545989584563007
25.783673335363588   1.0571764292926189  0.010106493206967989
26.213401224286315   1.2944316305375155  0.016902597922857102
26.643129113209039   3.6231981646720722  0.111296971174103
27.072857002131766   0.89515851007276508  0.01504710173648547
27.502584891054493   0.66348225972192539  0.011620519485307339
27.93231277997722   0.50739797236782137  0.010571161690043991
28.362040668899947   0.3477699035200124  0.0062705040967286474
28.791768557822671   0.25268940693732178  0.0075044520415613655
29.221496446745398   0.40426610205824534  0.0078540451694366226
29.651224335668125   1.2288869999228634  0.042417897578600829
30.080952224590852   1.3318987762026457  0.046956781098897161
30.51068011351358   0.92573616815878088  0.016274548612172891
30.940408002436303   3.9202561515228202  0.1167338238851811
31.37013589135903   2.1969475266281249  0.051257804116205249
31.799863780281758   1.1675782904874625  0.01720213849250319
32.229591669204481   1.3556836486797848  0.041533854552757559
32.659319558127208   0.616913213986659  0.012245683338635069
33.089047447049936   0.24357693425074339  0.0020618941350042174
33.518775335972663   0.24280639087022154  0.002305037161932993
33.94850322489539   0.46786572042814305  0.0034564703553103876
34.378231113818117   0.72069026024552161  0.012625295474210473
34.807959002740844   0.80051153291327803  0.011289465451569239
35.237686891663571   1.6263472278229804  0.058843163816940374
35.667414780586299   2.2079059513856586  0.091659564948685311
36.097142669509019   0.68071974421626362  0.0052146762216313853
36.526870558431746   0.61997975171887849  0.0029586108135533506
36.956598447354473   0.50976757406772849  0.0068709987859414976
37.3863263362772   0.3874573795331831  0.0042632585700701594
37.816054225199927   0.37888459241523761  0.011192487527500505
38.245782114122655   0.87743147298701203  0.024620358957765209
38.675510003045382   1.5373558386457761  0.07060353528109036
39.105237891968109   1.0301479664558244  0.013351515259679719
39.534965780890836   1.1146698850836158  0.013198442902551727
39.964693669813563   2.417190376372302  0.069830189799728683
40.394421558736283   1.5877109326548947  0.050749838130769775
40.824149447659011   1.5784703637308118  0.029922773703057454
41.253877336581738   0.84250656390921683  0.013930160629710066
41.683605225504465   0.45768654139854681  0.0027763462871710336
42.113333114427192   0.42234199683279887  0.0037230693209313125
42.543061003349919   0.43896529367887223  0.0024647915572218426
42.972788892272646   0.56631224160696851  0.0039700836208351312
