8.14582e-06   -0.000853579     0
0.000175399   0.00116231     0
0.0503072   -0.00088912     1
0.049871   0.0010726     1
0.100215   -0.00103473     2
0.0999338   0.000964671     2
0.150216   0.000959927     3
0.149942   -0.00104099     3
0.199706   -0.000804391     4
0.200515   0.000994215     4
0.250192   0.00114509     5
0.249998   -0.000867595     5
0.300187   -0.00089859     6
0.300036   0.00111949     6
0.350139   0.00107384     7
0.350058   -0.000949024     7
0.39991   0.0010692     8
0.400332   -0.00089696     8
0.450127   -0.000898051     9
0.45007   0.00112668     9
0.499728   0.00107119     10
-0.499607   -0.000804474     10
-0.450003   -0.000904199     11
-0.449908   0.00111815     11
-0.399816   0.00108143     12
-0.400077   -0.00092138     12
-0.349891   0.00107574     13
-0.350034   -0.000943694     13
-0.300416   0.000972573     14
-0.299437   -0.000709636     14
-0.249809   -0.00094072     15
-0.250072   0.00106301     15
-0.200054   -0.000991977     16
-0.199835   0.00101722     16
-0.14996   -0.000897928     17
-0.149973   0.00112715     17
-0.0997647   -0.000896263     18
-0.100116   0.0010891     18
-0.050117   -0.000951694     19
-0.0497346   0.00102536     19
0.0247099   0.0492745     20
0.0255604   0.0510472     20
0.0748749   0.0490736     21
0.0753875   0.0510113     21
0.125093   0.0509866     22
0.125132   0.048962     22
0.174714   0.0491038     23
0.175544   0.0508893     23
0.225266   0.0511003     24
0.224978   0.0491026     24
0.275135   0.0491135     25
0.275066   0.051137     25
0.325457   0.0510124     26
0.324733   0.0491654     26
0.375005   0.0511084     27
0.375087   0.0490854     27
0.42484   0.0491185     28
0.425229   0.0510933     28
0.47488   0.0491185     29
0.475186   0.0511126     29
-0.475017   0.0490649     30
0.525124   0.0510837     30
-0.424834   0.0511149     31
-0.425033   0.0491028     31
-0.374887   0.0511005     32
-0.375   0.0490784     32
-0.324544   0.051025     33
-0.325289   0.0491906     33
-0.275179   0.0491491     34
-0.27464   0.0510768     34
-0.224892   0.0490742     35
-0.22496   0.0510992     35
-0.175372   0.0492038     36
-0.174521   0.0509758     36
-0.12532   0.0491508     37
-0.12456   0.050979     37
-0.0747928   0.0490404     38
-0.075047   0.0510456     38
-0.0244917   0.0510108     39
-0.0252973   0.0492104     39
0.0502024   0.101112     40
0.050214   0.0990847     40
0.10012   0.101014     41
0.100256   0.0989933     41
0.149931   0.100945     42
0.15036   0.0989805     42
0.200067   0.099024     43
0.200238   0.10104     43
0.250029   0.101118     44
0.250206   0.0991031     44
0.300053   0.101112     45
0.300186   0.0990929     45
0.350026   0.101102     46
0.350234   0.0990907     46
0.400316   0.101086     47
0.399888   0.099121     47
0.449812   0.0991654     48
0.450344   0.101095     48
0.500134   0.0990888     49
0.500028   0.10111     49
0.550028   0.101105     50
-0.449901   0.0990796     50
-0.399869   0.099087     51
-0.399924   0.101111     51
-0.349929   0.101082     52
-0.349849   0.0990588     52
-0.299812   0.0990873     53
-0.299978   0.101104     53
-0.250003   0.10109     54
-0.249776   0.0990803     54
-0.199905   0.0990575     55
-0.199843   0.101085     55
-0.149507   0.100943     56
-0.150227   0.0990949     56
-0.100098   0.0990825     57
-0.0996623   0.101045     57
-0.0502342   0.0991406     58
-0.0495056   0.100984     58
-0.000128067   0.0991189     59
0.000473691   0.101024     59
0.0749113   0.151004     60
0.075448   0.149074     60
0.124826   0.150943     61
0.12549   0.149066     61
0.175037   0.149007     62
0.175281   0.151012     62
0.224976   0.14908     63
0.22525   0.151081     63
0.27511   0.149102     64
0.275148   0.151127     64
0.325541   0.149157     65
0.324715   0.150946     65
0.375123   0.151133     66
0.375161   0.149108     66
0.425176   0.151164     67
0.425095   0.149141     67
0.475128   0.149146     68
0.475072   0.15117     68
0.525067   0.149099     69
0.525104   0.151124     69
-0.424922   0.149039     70
0.575041   0.151064     70
-0.374556   0.14916     71
-0.375243   0.151025     71
-0.324954   0.151066     72
-0.324821   0.149046     72
-0.275024   0.151116     73
-0.274843   0.1491     73
-0.224578   0.149084     74
-0.225202   0.150979     74
-0.174511   0.149123     75
-0.175225   0.150976     75
-0.125052   0.149061     76
-0.124658   0.151035     76
-0.0748101   0.149031     77
-0.0748799   0.151055     77
-0.0248803   0.151085     78
-0.0248186   0.149061     78
0.0252887   0.149093     79
0.0250079   0.151092     79
0.0998265   0.201011     80
0.100385   0.19909     80
0.150362   0.198981     81
0.149946   0.200949     81
0.20025   0.201096     82
0.200045   0.199085     82
0.250218   0.20109     83
0.250046   0.199075     83
0.299778   0.201023     84
0.300482   0.199167     84
0.349901   0.199085     85
0.350302   0.20106     85
0.400042   0.201165     86
0.400157   0.199143     86
0.450146   0.201168     87
0.450065   0.199145     87
0.499937   0.199168     88
0.500245   0.201162     88
0.549693   0.200996     89
0.550431   0.199158     89
-0.400271   0.19913     90
0.600368   0.201017     90
-0.349794   0.199084     91
-0.350113   0.201076     91
-0.299596   0.201098     92
-0.300209   0.199198     92
-0.249707   0.19905     93
-0.250079   0.20103     93
-0.199788   0.201039     94
-0.199981   0.199026     94
-0.149634   0.199065     95
-0.150099   0.201019     95
-0.100008   0.201024     96
-0.099692   0.199032     96
-0.0500657   0.199099     97
-0.0496367   0.201064     97
-0.000114326   0.201109     98
0.000295385   0.199139     98
0.0496696   0.20093     99
0.0505496   0.199175     99
0.125262   0.250963     100
0.124953   0.248969     100
0.175289   0.251006     101
0.174872   0.249038     101
0.225344   0.24911     102
0.224894   0.251068     102
0.274996   0.251112     103
0.275227   0.249104     103
0.325013   0.24911     104
0.325259   0.251116     104
0.375455   0.251081     105
0.374838   0.249183     105
0.425275   0.251144     106
0.425005   0.249143     106
0.475356   0.251157     107
0.474878   0.249208     107
0.524961   0.251148     108
0.525272   0.249155     108
0.575193   0.251057     109
0.574993   0.249044     109
-0.37518   0.249139     110
0.62543   0.251038     110
-0.324353   0.250853     111
-0.325394   0.24922     111
-0.274853   0.25117     112
-0.274805   0.249145     112
-0.224884   0.248988     113
-0.224825   0.251013     113
-0.17498   0.251081     114
-0.174804   0.249066     114
-0.124757   0.251041     115
-0.125016   0.249037     115
-0.0751025   0.249075     116
-0.0746783   0.251041     116
-0.0246397   0.249208     117
-0.0252211   0.25112     117
0.0253119   0.249105     118
0.0248045   0.251044     118
0.0751962   0.249012     119
0.0749787   0.251021     119
0.149739   0.299097     120
0.150487   0.30093     120
0.200163   0.301066     121
0.200052   0.299045     121
0.25002   0.29904     122
0.250135   0.301061     122
0.30006   0.29904     123
0.300124   0.301065     123
0.350411   0.301053     124
0.349837   0.299139     124
0.400308   0.299128     125
0.39997   0.301116     125
0.44995   0.301184     126
0.45027   0.299192     126
0.499961   0.301166     127
0.500243   0.299167     127
0.55001   0.301119     128
0.550297   0.299119     128
0.600109   0.301044     129
0.600139   0.299018     129
-0.349388   0.299164     130
0.649675   0.300879     130
-0.299832   0.301108     131
-0.299832   0.299082     131
-0.249406   0.299158     132
-0.25025   0.300935     132
-0.200062   0.299071     133
-0.199624   0.301032     133
-0.149957   0.301094     134
-0.149789   0.299078     134
-0.0997474   0.30107     135
-0.100028   0.29907     135
-0.0497113   0.301117     136
-0.050078   0.299136     136
6.30451e-05   0.301117     137
0.000153938   0.299094     137
0.0501114   0.299036     138
0.0500604   0.301061     138
0.099831   0.300969     139
0.100387   0.299048     139
0.17507   0.349058     140
0.175174   0.351079     140
0.225105   0.349043     141
0.225073   0.351068     141
0.27522   0.351044     142
0.274906   0.349051     142
0.32489   0.349033     143
0.325261   0.351013     143
0.37519   0.351142     144
0.374984   0.34913     144
0.424986   0.349141     145
0.425173   0.351154     145
0.474863   0.349214     146
0.475368   0.351154     146
0.525301   0.349143     147
0.524897   0.351114     147
0.574605   0.350905     148
0.575598   0.349232     148
0.624792   0.350977     149
0.625415   0.349082     149
0.674513   0.349318     150
-0.324243   0.350751     150
-0.274909   0.351105     151
-0.274794   0.349084     151
-0.22467   0.349058     152
-0.225058   0.351034     152
-0.174966   0.349084     153
-0.174711   0.351088     153
-0.124967   0.351126     154
-0.124809   0.349109     154
-0.0749476   0.349123     155
-0.0748055   0.351144     155
-0.0247087   0.351122     156
-0.0250062   0.349124     156
0.0252751   0.349095     157
0.0249757   0.351091     157
0.0748319   0.350927     158
0.0754073   0.349013     158
0.125476   0.350912     159
0.124807   0.349039     159
0.200062   0.399094     160
0.200212   0.401113     160
0.250077   0.401055     161
0.250145   0.399032     161
0.300167   0.40102     162
0.300032   0.399001     162
0.350486   0.400966     163
0.3497   0.399154     163
0.399798   0.399212     164
0.400393   0.40112     164
0.450485   0.401003     165
0.449752   0.399162     165
0.499969   0.399204     166
0.500287   0.401196     166
0.549938   0.401106     167
0.550293   0.399123     167
0.60013   0.399025     168
0.600097   0.40105     168
0.650245   0.400976     169
0.649979   0.398973     169
0.700286   0.401045     170
-0.300084   0.399066     170
-0.250294   0.40094     171
-0.249439   0.399169     171
-0.199776   0.401044     172
-0.199974   0.399032     172
-0.150202   0.399184     173
-0.149577   0.401079     173
-0.0998426   0.401162     174
-0.0999078   0.399138     174
-0.0497404   0.40113     175
-0.0499893   0.399122     175
9.62201e-05   0.399126     176
0.000161279   0.401151     176
0.0501269   0.401054     177
0.0501814   0.399029     177
0.100163   0.398955     178
0.100124   0.40098     178
0.150246   0.40104     179
0.149986   0.399037     179
0.224822   0.451048     180
0.225393   0.449132     180
0.275203   0.448999     181
0.274918   0.450997     181
0.325139   0.449031     182
0.324943   0.451044     182
0.375375   0.451045     183
0.374844   0.449114     183
0.425352   0.44913     184
0.42493   0.451096     184
0.47534   0.451117     185
0.47485   0.449172     185
0.525421   0.449259     186
0.524735   0.451124     186
0.575538   0.449201     187
0.574671   0.450963     187
0.625241   0.448984     188
0.624983   0.450988     188
0.675093   0.448976     189
0.675117   0.451002     189
-0.27463   0.449111     190
0.724787   0.451024     190
-0.224868   0.449028     191
-0.224961   0.45105     191
-0.175021   0.451066     192
-0.174855   0.449049     192
-0.124813   0.449105     193
-0.125066   0.45111     193
-0.0751615   0.451124     194
-0.0747195   0.449162     194
-0.0247054   0.44918     195
-0.0251472   0.451141     195
0.0248889   0.451043     196
0.0252894   0.44907     196
0.0748444   0.450993     197
0.0754346   0.449085     197
0.125406   0.451016     198
0.124854   0.449093     198
0.175323   0.449052     199
0.174852   0.451005     199
0.250508   0.499168     200
-0.250319   -0.49909     200
0.299882   0.499025     201
-0.199735   -0.498981     201
0.350305   0.499044     202
-0.150096   -0.499005     202
-0.100052   -0.498897     203
0.400269   0.499128     203
0.450076   0.49913     204
-0.0498641   -0.498845     204
-9.63547e-05   -0.498849     205
0.500241   0.499181     205
0.0497431   -0.498942     206
0.550411   0.499219     206
0.600281   0.499061     207
0.0998965   -0.498983     207
0.150215   -0.498987     208
0.649945   0.498999     208
0.700125   0.499018     209
0.199996   -0.49897     209
0.249862   -0.498979     210
-0.249786   0.499055     210
-0.70011   -0.498932     211
-0.199845   0.499078     211
-0.649857   -0.498889     212
-0.150042   0.499091     212
-0.0998355   0.499127     213
-0.600089   -0.498882     213
-0.0499233   0.499084     214
-0.549967   -0.498895     214
-0.500132   -0.498925     215
0.000404231   0.499174     215
-0.450168   -0.499009     216
0.0503744   0.499092     216
-0.399905   -0.498955     217
0.100159   0.499026     217
-0.350207   -0.499016     218
0.150474   0.499152     218
-0.299488   -0.499019     219
0.199721   0.499133     219
-0.225159   -0.448972     220
-0.224764   -0.450945     220
-0.175266   -0.448988     221
-0.174626   -0.450874     221
-0.12496   -0.448902     222
-0.124941   -0.450928     222
-0.0747036   -0.450847     223
-0.0752204   -0.44891     223
-0.0246857   -0.450789     224
-0.0252449   -0.448869     224
0.0252709   -0.450861     225
0.02488   -0.448886     225
0.0748361   -0.448979     226
0.0753565   -0.450914     226
0.125147   -0.451018     227
0.125022   -0.448997     227
0.175248   -0.451011     228
0.17489   -0.449026     228
0.224965   -0.448905     229
0.225125   -0.450923     229
-0.724805   -0.450908     230
0.274895   -0.448912     230
-0.675094   -0.448921     231
-0.674817   -0.450921     231
-0.624711   -0.450848     232
-0.625151   -0.448887     232
-0.574898   -0.450914     233
-0.574963   -0.44889     233
-0.524672   -0.450895     234
-0.525152   -0.448947     234
-0.475323   -0.449044     235
-0.474503   -0.450836     235
-0.425223   -0.448999     236
-0.424553   -0.450874     236
-0.375183   -0.448988     237
-0.374591   -0.450895     237
-0.324672   -0.450939     238
-0.32516   -0.448993     238
-0.274893   -0.450884     239
-0.274937   -0.448859     239
-0.19987   -0.398932     240
-0.199987   -0.400952     240
-0.149929   -0.400936     241
-0.150053   -0.398916     241
-0.100176   -0.398864     242
-0.0998424   -0.400853     242
-0.0500343   -0.398827     243
-0.0500047   -0.400851     243
0.000694914   -0.400488     244
-0.000657273   -0.399192     244
0.0499225   -0.398907     245
0.0502477   -0.400898     245
0.0998316   -0.399023     246
0.100289   -0.400978     246
0.150248   -0.400989     247
0.149819   -0.399025     247
0.200389   -0.399047     248
0.199671   -0.400896     248
0.249574   -0.399042     249
0.250403   -0.400829     249
0.29965   -0.398997     250
-0.699638   -0.400849     250
-0.650111   -0.400897     251
-0.649901   -0.398885     251
-0.600212   -0.398944     252
-0.599665   -0.40087     252
-0.549793   -0.400926     253
-0.549998   -0.398914     253
-0.499924   -0.400936     254
-0.49993   -0.398911     254
-0.449741   -0.398989     255
-0.450151   -0.400958     255
-0.400223   -0.398991     256
-0.399682   -0.400918     256
-0.349866   -0.400951     257
-0.350078   -0.39894     257
-0.300246   -0.400873     258
-0.299726   -0.398939     258
-0.250216   -0.398922     259
-0.249709   -0.400861     259
-0.175055   -0.348929     260
-0.174886   -0.350944     260
-0.125181   -0.350845     261
-0.124891   -0.348848     261
-0.0748609   -0.350833     262
-0.075242   -0.348855     262
-0.0252413   -0.348886     263
-0.0248097   -0.35085     263
0.0247429   -0.348933     264
0.0252397   -0.350875     264
0.075374   -0.350886     265
0.0746921   -0.349017     265
0.1249   -0.348969     266
0.125092   -0.350983     266
0.174878   -0.348988     267
0.175125   -0.350993     267
0.22497   -0.348924     268
0.224975   -0.350949     268
0.275126   -0.348941     269
0.274802   -0.350932     269
0.325132   -0.348961     270
-0.675259   -0.350937     270
-0.625367   -0.348998     271
-0.624667   -0.350856     271
-0.574611   -0.350851     272
-0.575405   -0.349042     272
-0.525331   -0.348961     273
-0.524642   -0.350824     273
-0.474779   -0.35095     274
-0.47513   -0.348965     274
-0.424748   -0.349002     275
-0.425249   -0.350943     275
-0.374994   -0.350979     276
-0.374935   -0.348955     276
-0.324996   -0.348945     277
-0.324886   -0.350966     277
-0.275197   -0.350836     278
-0.274701   -0.348891     278
-0.224902   -0.350953     279
-0.225036   -0.348933     279
-0.14993   -0.298873     280
-0.150083   -0.300891     280
-0.0997612   -0.298874     281
-0.100273   -0.300814     281
-0.0496728   -0.298939     282
-0.0503008   -0.300831     282
-3.49867e-05   -0.300912     283
0.000110801   -0.298893     283
0.0501851   -0.300882     284
0.0497878   -0.298909     284
0.10002   -0.300949     285
0.0999265   -0.298926     285
0.150036   -0.298965     286
0.149913   -0.300986     286
0.200024   -0.298943     287
0.199939   -0.300966     287
0.249919   -0.300926     288
0.250062   -0.298907     288
0.299804   -0.298911     289
0.30014   -0.300898     289
0.349949   -0.298864     290
-0.650056   -0.300889     290
-0.599986   -0.300914     291
-0.600091   -0.298892     291
-0.550165   -0.300939     292
-0.549916   -0.298935     292
-0.499807   -0.300949     293
-0.500239   -0.298985     293
-0.449911   -0.298986     294
-0.450107   -0.300998     294
-0.400129   -0.298955     295
-0.399881   -0.30096     295
-0.349996   -0.298966     296
-0.350004   -0.300992     296
-0.300221   -0.300868     297
-0.299743   -0.29892     297
-0.250459   -0.29904     298
-0.249491   -0.300731     298
-0.200143   -0.298937     299
-0.199767   -0.300916     299
-0.124754   -0.248919     300
-0.125186   -0.250882     300
-0.0747764   -0.250872     301
-0.0751929   -0.248905     301
-0.0250087   -0.250895     302
-0.0250162   -0.248869     302
0.0252738   -0.250807     303
0.0246474   -0.248914     303
0.0752888   -0.250858     304
0.0746592   -0.248967     304
0.12479   -0.248956     305
0.125199   -0.250927     305
0.174802   -0.250886     306
0.175216   -0.248918     306
0.225051   -0.250934     307
0.224932   -0.248912     307
0.274846   -0.248896     308
0.275166   -0.250888     308
0.324995   -0.248867     309
0.324974   -0.250892     309
0.375032   -0.248854     310
-0.625151   -0.250869     310
-0.575165   -0.25091     311
-0.574833   -0.248921     311
-0.524759   -0.250875     312
-0.525265   -0.248935     312
-0.4752   -0.249011     313
-0.474809   -0.250985     313
-0.425236   -0.248974     314
-0.424761   -0.250924     314
-0.375079   -0.250995     315
-0.374925   -0.248977     315
-0.324759   -0.248961     316
-0.325257   -0.250904     316
-0.27494   -0.248841     317
-0.275051   -0.250863     317
-0.22474   -0.248978     318
-0.22523   -0.250927     318
-0.175184   -0.250877     319
-0.17477   -0.248908     319
-0.0997312   -0.200838     320
-0.100386   -0.198959     320
-0.050053   -0.200916     321
-0.0499906   -0.19889     321
5.60969e-05   -0.198837     322
-9.83337e-05   -0.200855     322
0.0500485   -0.200899     323
0.0498902   -0.198882     323
0.0999226   -0.201004     324
0.100034   -0.198983     324
0.149964   -0.20098     325
0.150046   -0.198957     325
0.19992   -0.200902     326
0.200167   -0.198897     326
0.249919   -0.200863     327
0.250101   -0.198848     327
0.30011   -0.198874     328
0.299809   -0.200869     328
0.349814   -0.200857     329
0.350208   -0.198883     329
0.39998   -0.198888     330
-0.599943   -0.200911     330
-0.550071   -0.2009     331
-0.549882   -0.198886     331
-0.50028   -0.198976     332
-0.499681   -0.200881     332
-0.450204   -0.200964     333
-0.449723   -0.199016     333
-0.399871   -0.200978     334
-0.400133   -0.198975     334
-0.349908   -0.200974     335
-0.350134   -0.198963     335
-0.299894   -0.198888     336
-0.300082   -0.200902     336
-0.249659   -0.200843     337
-0.250341   -0.198976     337
-0.199953   -0.200929     338
-0.200102   -0.198911     338
-0.150193   -0.198881     339
-0.149829   -0.200863     339
-0.0751356   -0.150905     340
-0.074821   -0.148913     340
-0.0246159   -0.148971     341
-0.025379   -0.150796     341
0.0249425   -0.148841     342
0.0250939   -0.150858     342
0.0751666   -0.150963     343
0.0748568   -0.148969     343
0.124725   -0.150988     344
0.125291   -0.14907     344
0.175364   -0.148984     345
0.174725   -0.150871     345
0.225169   -0.148878     346
0.224901   -0.150879     346
0.275143   -0.150846     347
0.274944   -0.148833     347
0.32503   -0.150896     348
0.325076   -0.148871     348
0.37492   -0.150916     349
0.37523   -0.148921     349
0.425394   -0.148965     350
-0.575254   -0.150849     350
-0.524996   -0.148896     351
-0.524882   -0.150917     351
-0.474731   -0.148964     352
-0.475129   -0.150937     352
-0.424892   -0.148914     353
-0.42508   -0.15093     353
-0.375198   -0.150942     354
-0.37478   -0.148974     354
-0.325228   -0.150944     355
-0.324805   -0.148978     355
-0.275357   -0.148955     356
-0.274727   -0.150846     356
-0.224913   -0.15094     357
-0.225102   -0.148926     357
-0.175005   -0.14891     358
-0.175028   -0.150935     358
-0.124988   -0.148834     359
-0.125039   -0.15086     359
-0.0496682   -0.0989759     360
-0.0502169   -0.1009     360
0.00037908   -0.0989358     361
-0.000273619   -0.100817     361
0.0501912   -0.100936     362
0.0499057   -0.0989358     362
0.100266   -0.100984     363
0.0998024   -0.0990304     363
0.149812   -0.100975     364
0.150285   -0.0990242     364
0.200578   -0.0990497     365
0.199602   -0.100734     365
0.249679   -0.100773     366
0.25048   -0.0989696     366
0.299838   -0.100845     367
0.300307   -0.0988923     367
0.35014   -0.100889     368
0.350069   -0.0988642     368
0.400132   -0.0989465     369
0.399999   -0.100966     369
0.450037   -0.0988659     370
-0.550002   -0.100891     370
-0.500028   -0.0988911     371
-0.499869   -0.100908     371
-0.449681   -0.0989659     372
-0.450281   -0.100869     372
-0.400124   -0.0989315     373
-0.399903   -0.100941     373
-0.349787   -0.098934     374
-0.350222   -0.100896     374
-0.300084   -0.100896     375
-0.300013   -0.0988727     375
-0.249891   -0.0989605     376
-0.250159   -0.100963     376
-0.199596   -0.0990235     377
-0.200398   -0.100828     377
-0.149596   -0.0990004     378
-0.150399   -0.100802     378
-0.0999608   -0.0988727     379
-0.0999677   -0.100898     379
-0.0249418   -0.0509179     380
-0.0248569   -0.0488953     380
0.0251893   -0.0508736     381
0.0249682   -0.0488645     381
0.0749786   -0.048993     382
0.0751694   -0.0510061     382
0.124861   -0.051052     383
0.125298   -0.0490901     383
0.174772   -0.0509118     384
0.175484   -0.0490602     384
0.225067   -0.0508843     385
0.225149   -0.0488613     385
0.275081   -0.0488392     386
0.275116   -0.0508637     386
0.325082   -0.0488779     387
0.325089   -0.0509036     387
0.375142   -0.0489033     388
0.375061   -0.0509269     388
0.424685   -0.0508429     389
0.425422   -0.0490028     389
0.475049   -0.048878     390
-0.524934   -0.0509043     390
-0.474866   -0.0489088     391
-0.474978   -0.05093     391
-0.424984   -0.0509022     392
-0.424935   -0.0488768     392
-0.375105   -0.0489336     393
-0.374872   -0.0509407     393
-0.32485   -0.0488417     394
-0.325055   -0.0508528     394
-0.275448   -0.0491173     395
-0.274424   -0.0507637     395
-0.225129   -0.0489546     396
-0.224835   -0.0509527     396
-0.17522   -0.0508899     397
-0.174656   -0.0489714     397
-0.124876   -0.0488801     398
-0.124952   -0.0509059     398
-0.0749223   -0.0489472     399
-0.0749072   -0.0509725     399
