0.25441477107328347   4.7951948846504846e-05  8.8592590334156043e-07     
0.50882954214656695   4.5983639579427152e-05  8.7613601724836848e-07     
0.76324431321985042   4.2590678321124596e-05  8.3248112716044787e-07     
1.0176590842931339   3.7930727687122459e-05  7.1440036822411048e-07     
1.2720738553664175   3.2171040582054534e-05  5.9528036037530494e-07     
1.5264886264397008   2.5587804891024832e-05  4.6181366374799703e-07     
1.7809033975129842   1.8502516173443403e-05  3.2902517445653814e-07     
2.0353181685862678   1.148304466389925e-05  1.9161097707145211e-07     
2.2897329396595514   5.4001082659095e-06  7.3363974982611808e-08     
2.544147710732835   1.7114335062552762e-06  5.8822033578619121e-09     
2.7985624818061181   2.7963180021286236e-06  2.8901750960951502e-08     
3.0529772528794017   1.2912280290488293e-05  2.266289046517024e-07     
3.3073920239526853   3.9810351084191579e-05  7.5205772220114351e-07     
3.5618067950259684   9.9047591923428684e-05  1.863827886830277e-06     
3.816221566099252   0.00022472195428973485  4.2781407598654955e-06     
4.0706363371725356   0.00050182262020811651  9.6109858182678793e-06     
4.3250511082458187   0.0011895683542321396  2.3221471066564135e-05     
4.5794658793191028   0.0033758789111799969  6.4535870642573852e-05     
4.8338806503923859   0.016167715125365958  0.00028666666255219164     
5.0882954214656699   787.73237783072344  0.0010564691417061494     
5.3427101925389531   0.021968691233508394  0.00042479613763839101     
5.5971249636122362   0.0059425457699328694  0.00011304182361673469     
5.8515397346855202   0.0027772826112886244  5.4581897911803188e-05     
6.1059545057588034   0.0015839287719003807  2.9524447965944592e-05     
6.3603692768320865   0.00098387712700441415  1.7818689080886447e-05     
6.6147840479053706   0.0006300961231445416  1.1010455926860404e-05     
6.8691988189786537   0.00039740840434364309  6.7418572156621425e-06     
7.1236135900519368   0.00023565793142975669  3.7489228508664009e-06     
7.3780283611252209   0.00012227693661200917  1.6508530041722271e-06     
7.632443132198504   4.8853231414907819e-05  4.6141150277158565e-07     
7.886857903271788   1.6637863254388975e-05  2.887525244845668e-08     
8.1412726743450712   3.7548219849266516e-05  6.0885323310676047e-07     
8.3956874454183552   0.00013883931469589353  2.8036748165038606e-06     
8.6501022164916375   0.00037924829569160008  7.5273825735801865e-06     
8.9045169875649215   0.00089082366952437879  1.7613742048447488e-05     
9.1589317586382055   0.0019999761296045629  3.9290883907489798e-05     
9.4133465297114878   0.004707630738236705  9.2256009568911013e-05     
9.6677613007847718   0.0131620894168163  0.00025309940661480159     
9.9221760718580558   0.061630691078521355  0.001054250012120371     
10.17659084293134   751.68974103226166  0.0041431121338372779     
10.431005614004622   0.084468621152954761  0.0017165076236158546     
10.685420385077906   0.022431759253805065  0.0004265889144053971     
10.93983515615119   0.010424823988704562  0.00020676074333538644     
11.194249927224472   0.0059532419370557092  0.0001103614171276171     
11.448664698297756   0.0037332129041825416  6.6518061730231798e-05     
11.70307946937104   0.0024461157982352071  4.166839549310738e-05     
11.957494240444323   0.0016083700464229008  2.6299003713040595e-05     
12.211909011517607   0.0010271952612352525  1.5741496804116757e-05     
12.466323782590891   0.00061104343857072998  8.0322357552159608e-06     
12.720738553664173   0.00031572392519012479  3.4887784756193873e-06     
12.975153324737457   0.00012875566913470104  5.5323959956493067e-07     
13.229568095810741   6.3414883010562677e-05  2.1344980038545092e-07     
13.483982866884023   0.00016768634560107621  3.2961513995032315e-06     
13.738397637957307   0.00055222440918613759  1.1621777127716873e-05     
13.992812409030591   0.0014769047093558119  3.0687282861979021e-05     
14.247227180103874   0.0035884561395671277  7.3206553435270552e-05     
14.501641951177158   0.0089038790791048908  0.00017640002265777355     
14.756056722250442   0.025776313412359461  0.00050059450580028061     
15.010471493323726   0.12328315811550687  0.0020483413130551733     
15.264886264397008   694.10451274267556  0.0090150972483664885     
15.519301035470292   0.18310576004575944  0.003927100594456998     
15.773715806543576   0.049137195429722367  0.00093544160269566018     
16.02813057761686   0.023309190820050244  0.00046824089578998179     
16.282545348690142   0.013625295441603925  0.00025221787108610209     
16.536960119763425   0.0087824261520502756  0.00015456570297983304     
16.79137489083671   0.0059634343624879675  9.9514061950338953e-05     
17.045789661909993   0.0041092904697178781  6.5225912084586374e-05     
17.300204432983275   0.0028036881692796999  4.1704527864396752e-05     
17.554619204056561   0.0018438412877591411  2.3629900351060384e-05     
17.809033975129843   0.0011203282159856786  1.2933165278347545e-05     
18.063448746203125   0.00059244985078185347  4.0719541322468819e-06     
18.317863517276411   0.0002620455963409341  1.1213289044627563e-06     
18.572278288349693   0.00019148044044207806  1.4949577327560745e-06     
18.826693059422976   0.00053235035705034068  1.1160057757339697e-05     
19.081107830496261   0.0016636053563738558  3.6629049057713891e-05     
19.335522601569544   0.0045449420061764424  9.7946831252963741e-05     
19.589937372642826   0.012229321183200043  0.00024739300970490482     
19.844352143716112   0.037409066981594052  0.00073853389312108351     
20.098766914789394   0.18584963865126954  0.0030270931761349615     
20.35318168586268   618.53963370554452  0.015275301052170248     
20.607596456935962   0.30666636002020644  0.0069750171909114603     
20.862011228009244   0.083859926234485738  0.0016008866148738421     
21.11642599908253   0.040920723481508703  0.0008358344665514264     
21.370840770155812   0.024619389150454315  0.00045671684274229581     
21.625255541229095   0.016367612967304522  0.00028544950146234121     
21.87967031230238   0.011525040460187211  0.0001890841410006453     
22.134085083375663   0.0082937774164251379  0.00012841651242099297     
22.388499854448945   0.0059808352017650349  8.6778188731402822e-05     
22.642914625522231   0.0042424415867127888  5.314857406161942e-05     
22.897329396595513   0.002875052630481763  3.3654660698412225e-05     
23.151744167668795   0.0017969788829418711  1.4533674265684513e-05     
23.406158938742081   0.00098147689299223173  6.2058617546079363e-06     
23.660573709815363   0.00049451231423568807  1.7513858460783942e-06     
23.914988480888645   0.00049968648313896613  6.3396977417857946e-06     
24.169403251961931   0.0014494949991825883  3.26995914931816e-05     
24.423818023035214   0.0045291054144861039  0.00010531688737908529     
24.678232794108496   0.013590643857752304  0.0002849044254958338     
24.932647565181782   0.044786810415510882  0.00090851984832182492     
25.187062336255064   0.23458619051083695  0.0037956480513136755     
25.441477107328346   529.66263720178084  0.022388913065424249     
25.695891878401632   0.43843772606405246  0.010637499872068667     
25.950306649474914   0.12277829825300237  0.0023562041858186046     
26.204721420548196   0.061911224730298119  0.0012916305617785167     
26.459136191621482   0.038432559780353293  0.00071708064153230701     
26.713550962694764   0.026378471495127902  0.0004571813434695184     
26.967965733768047   0.019241054552447981  0.00031123336247985817     
27.222380504841333   0.014405680478008925  0.00021832228396120003     
27.476795275914615   0.010890590055091337  0.0001546190507200974     
27.731210046987897   0.0082019316843128886  0.00010063529256066536     
27.985624818061183   0.0060180070704610708  7.059977548835992e-05     
28.240039589134465   0.0042087994412895545  3.6606294973449688e-05     
28.494454360207747   0.0027006718551947408  2.0702551879680249e-05     
28.748869131281033   0.0015524170727669181  7.4583565357829898e-06     
29.003283902354315   0.00089774925458733111  2.6086064065929117e-06     
29.257698673427601   0.0011894041277468075  2.0476406434917855e-05     
29.512113444500883   0.0036913215949760129  9.3319046725592044e-05     
29.766528215574166   0.012605561630979102  0.00027974432665553324     
30.020942986647452   0.045833703645360324  0.00097275193315600702     
30.275357757720734   0.2579083466362457  0.0042281787409267924     
30.529772528794016   432.95007006663591  0.029701651155283     
30.784187299867302   0.55845062043083759  0.014562447440362676     
31.038602070940584   0.16091411401457761  0.0031163714283943409     
31.293016842013866   0.084216293714093877  0.0018044173730789468     
31.547431613087152   0.054052294651269214  0.0010182897936997116     
31.801846384160434   0.038324903268809195  0.00066198268037402288     
32.05626115523372   0.02893176065376518  0.00046250176257023715     
32.310675926306999   0.022470099385945979  0.00033416045292078426     
32.565090697380285   0.017705953993720625  0.00024648615648980771     
32.819505468453571   0.014012732364060667  0.00016858296316605158     
33.073920239526849   0.010935240514552933  0.00012780463383142221     
33.328335010600135   0.0082965283895515461  7.4784414618824668e-05     
33.582749781673421   0.0059604000239427712  5.0418547058585358e-05     
33.8371645527467   0.0039728790564399233  2.2924635238109269e-05     
34.091579323819985   0.0023905877613499851  1.2110103183982951e-05     
34.345994094893271   0.0015806968692197303  6.597008569510759e-06     
34.60040886596655   0.0027135888256694615  6.5745949633592265e-05     
34.854823637039836   0.0097661810067824199  0.00023493191132592159     
35.109238408113121   0.040188961295677013  0.00092049442980334532     
35.3636531791864   0.24965782254256006  0.0042762603507272482     
35.618067950259686   334.34132893871438  0.036462163105246652     
35.872482721332972   0.64647368741175867  0.018301360007760723     
36.12689749240625   0.19281837342709224  0.0037913584674184199     
36.381312263479536   0.10529517162332135  0.0023329874269257674     
36.635727034552822   0.070046112871259779  0.001338436257964655     
36.890141805626101   0.051357123569921171  0.00088681456343213299     
37.144556576699387   0.040108627898934849  0.0006351015186867198     
37.398971347772672   0.032250726102344571  0.00047157675444825399     
37.653386118845951   0.02638263392250318  0.00036065203877383533     
37.907800889919237   0.021791135035114524  0.00025723495950065767     
38.162215660992523   0.017883642159043243  0.00020748741643037571     
38.416630432065801   0.014448742017083701  0.00013245796395533691     
38.671045203139087   0.011278578082913013  0.0001006097795063938     
38.925459974212373   0.0084112037347066954  5.5988302167227204e-05     
39.179874745285652   0.0057829615089968257  3.3979219762601262e-05     
39.434289516358938   0.0035969845122847146  1.9399597871330629e-05     
39.688704287432223   0.0027744238925253146  3.2453323156075409e-05     
39.943119058505502   0.0064853314701390274  0.00016403488242006665     
40.197533829578788   0.029507395711270128  0.000768803337512757     
40.451948600652074   0.21071641160939207  0.0039634117312207082     
40.706363371725359   239.86420113476987  0.041852900519642645     
40.960778142798638   0.68543673817101027  0.021361021465944263     
41.215192913871924   0.21340041792467713  0.0043007692708632541     
41.46960768494521   0.12246366960019208  0.0028308400874575969     
41.724022456018488   0.084720746657731093  0.0016510976852641161     
41.978437227091774   0.064339660778002945  0.0011146944426483003     
42.23285199816506   0.051997894755200185  0.00081754449426360366     
42.487266769238339   0.043240512654957644  0.00062283149305414661     
42.741681540311625   0.03662607507279525  0.00049224101243063474     
42.99609631138491   0.031427840075210145  0.00036420826278792113     
43.250511082458189   0.026924562857907752  0.00030937476614971534     
43.504925853531475   0.022894874244157766  0.00021111313417031467     
43.759340624604761   0.019060195394043742  0.000174986564882843     
44.013755395678039   0.015470323056171454  0.00011272988805173705     
44.268170166751325   0.011911976693699168  7.9023135749708621e-05     
44.522584937824611   0.0083751039952508155  5.1597824965839564e-05     
44.77699970889789   0.005438429020275424  4.0536180610032926e-05     
45.031414479971176   0.0050142727285009769  8.8653868473423656e-05     
45.285829251044461   0.017495572576318121  0.00055569739860519748     
45.54024402211774   0.14975051424450167  0.0033671656038406487     
45.794658793191026   155.25615767269377  0.045040789408358671     
46.049073564264312   0.66488419259663412  0.023268628438918064     
46.30348833533759   0.21880273005988152  0.0045870478032636126     
46.557903106410876   0.13328341663100785  0.0032515783106254426     
46.812317877484162   0.096334956819139042  0.0019284061011873708     
47.066732648557441   0.075973148731728066  0.0013266249663833675     
47.321147419630726   0.06360635610565509  0.00099583713097315722     
47.575562190704012   0.054688931289763437  0.00077749998695249659     
47.829976961777291   0.047889663754611821  0.00063353340849273911     
48.084391732850577   0.042562183227309777  0.00048450414037777234     
48.338806503923863   0.037877287813882598  0.00043037179175572344     
48.593221274997141   0.033639488953184565  0.00030979327450626427     
48.847636046070427   0.029512970442905517  0.00027484473340976556     
49.102050817143713   0.025597009398713483  0.00019718188401080401     
49.356465588216992   0.02152224732619443  0.00015561180657321107     
49.610880359290277   0.017066967103204057  0.00011329894348734721     
49.865295130363563   0.012480220125440921  0.00010571511591475869     
50.119709901436842   0.0082351331876445548  7.4673410243307251e-05     
50.374124672510128   0.0096663068235009581  0.00032469337364890038     
50.628539443583414   0.082967135124950767  0.0025910959291805862     
50.882954214656692   85.605631263898923  0.045276209673760583     
