0.46400628289657042   97.582819580078522  0.0065438324991456613     
0.92801256579314084   2.149633294456633  0.0020189254654588114     
1.3920188486897112   10.022456146297353  0.0011942290580439021     
1.8560251315862817   2.380125532365403  0.0043846225672103289     
2.3200314144828522   2.814139861505496  0.0035689964639678457     
2.7840376973794223   2.6346475890143358  0.0018055787431022878     
3.2480439802759928   0.75948640453561322  0.0030119010888583393     
3.7120502631725634   2.8046709027959752  0.0043508760316618441     
4.1760565460691339   0.062212668981148631  0.00037943411959305375     
4.6400628289657044   2.8283240012811417  0.0072211039841045617     
5.104069111862275   0.10698807050270817  0.00064237764183279199     
5.5680753947588446   2.6909742016040692  0.0034930340679770111     
6.0320816776554151   0.88183061161493618  0.0032672384404676963     
6.4960879605519857   2.4155959606625661  0.0024089684905473213     
6.9600942434485562   2.976311675902714  0.0031179445532274273     
7.4241005263451267   2.0507617044747777  0.0040907495084781981     
7.8881068092416973   10.095706964355456  0.0019134831615821694     
8.3521130921382678   1.5841228217081541  0.0014649973957222769     
8.8161193750348374   92.946140688769184  0.0058513808965379735     
9.2801256579314089   198.95274278914958  0.00074791865196292643     
9.7441319408279785   101.31488611378722  0.0074476313451557168     
10.20813822372455   2.7872332963771095  0.0026595772758084902     
10.67214450662112   9.8312501640689897  0.0005896200055854551     
11.136150789517689   2.7116219850035345  0.004555748968369478     
11.600157072414261   2.6181571039736824  0.0038888156033600391     
12.06416335531083   2.831284025645516  0.0010979387407208175     
12.528169638207402   0.63550510880070595  0.0026738980911221579     
12.992175921103971   2.8822581014909761  0.0051034197892704869     
13.456182204000543   0.029324034490542402  0.00017815174079184009     
13.920188486897112   2.7890109176849072  0.0070158457334561051     
14.384194769793684   0.16174103217999563  0.00094955481965334847     
14.848201052690253   2.545654196061084  0.0025735426806580085     
15.312207335586823   0.9977605999549525  0.0034190481229436349     
15.776213618483395   2.1816787250470314  0.0028812716653977773     
16.240219901379966   3.0995794093065838  0.0025582409391291865     
16.704226184276536   1.7324017856272871  0.0036981647491529876     
17.168232467173105   10.051072125550539  0.0025777013979939149     
17.632238750069675   1.1010428140322342  0.0010047493895944513     
18.096245032966248   87.532160518007407  0.0051675905023722268     
18.560251315862818   195.84030086451087  0.0029508485382024831     
19.024257598759387   104.03724847974077  0.0089072692880715963     
19.488263881655957   3.4826347231071166  0.0033742962845083766     
19.952270164552527   9.5259966252433786  0.00077565538546470657     
20.4162764474491   3.0354246577889697  0.004587110359630299     
20.88028273034567   2.3948019517680007  0.0040649687834867871     
21.344289013242239   2.9983749949124605  0.00034804782703627215     
21.808295296138809   0.51459584656795961  0.0022789646534786452     
22.272301579035378   2.9205942372788652  0.0057130950773918437     
22.736307861931952   0.0094570102040157264  5.0277903368108765e-05     
23.200314144828521   2.7119777690448047  0.0066175303977463371     
23.664320427725091   0.22391300067567612  0.0012793092407931101     
24.128326710621661   2.3742652177499605  0.0016396198341128848     
24.592332993518234   1.1027234058229815  0.0034532787344232769     
25.056339276414803   1.9404575758071689  0.0032068258345313973     
25.520345559311373   3.1804436126344756  0.0019226009032191741     
25.984351842207943   1.4326161651265187  0.0032357736708331656     
26.448358125104512   9.892470516501357  0.0031334814520217099     
26.912364408001086   0.70666142834152129  0.00063918551100214434     
27.376370690897655   81.485118122427156  0.0045831726778985667     
27.840376973794225   190.74942218271863  0.0064888408268070559     
28.304383256690794   105.67153536474188  0.011180632134943981     
28.768389539587368   4.2179665063788335  0.0041457543335492656     
29.232395822483937   9.1144984885695639  0.0014495908945983     
29.696402105380507   3.3411898819278038  0.0044703231752071809     
30.160408388277077   2.1515227030941558  0.0040952427387573112     
30.624414671173646   3.1296149743261625  0.0005755494745076377     
31.088420954070219   0.40111470289784686  0.0018554143085144893     
31.552427236966789   2.9180811685057805  0.0061509560210567416     
32.016433519863362   0.0029088941314447394  2.1934457965857318e-06     
32.480439802759932   2.6003110441608106  0.0060496023668281343     
32.944446085656502   0.29047225127795063  0.0016076470473226384     
33.408452368553071   2.1830977530226371  0.00074375876091346985     
33.872458651449641   1.1926661100545716  0.0033640691816735474     
34.33646493434621   1.699126273752166  0.0033802880305378126     
34.80047121724278   3.2171436805859126  0.0012573217018897899     
35.26447750013935   1.1574366751474354  0.0027348588836528449     
35.728483783035919   9.6273496820756689  0.0035495165065954023     
36.192490065932496   0.40327307516395041  0.0003641644069228887     
36.656496348829066   74.960386697019571  0.004529530245543593     
37.120502631725635   183.82061790216732  0.011170236386588394     
37.584508914622205   106.16955330715122  0.014304263295370616     
38.048515197518775   4.9723745526379086  0.0049534275212544239     
38.512521480415344   8.6081608154028398  0.002127812149258657     
38.976527763311914   3.6185617340197327  0.0042066327964003035     
39.440534046208484   1.8963776290489266  0.0039871210839227776     
39.904540329105053   3.2198965935118107  0.0013881298273286805     
40.36854661200163   0.29880974217064518  0.001431720244576861     
40.8325528948982   2.874768921994431  0.0063986312612329418     
41.296559177794769   0.0091429404791557362  2.8548133980086634e-05     
41.760565460691339   2.4583997852290065  0.0053449373599369506     
42.224571743587909   0.35812580608427073  0.0019103648415155163     
42.688578026484478   1.97881702553401  0.0002220681684333659     
43.152584309381048   1.2642737051645711  0.0031544300515373298     
43.616590592277618   1.4641828085637703  0.0034062772601428953     
44.080596875174187   3.2096928578072535  0.0006565977972859393     
44.544603158070757   0.91123344313610676  0.0022264707822706093     
45.008609440967334   9.2662012103691341  0.003807594228240613     
45.472615723863903   0.18949384290963195  0.00017237863148255077     
45.936622006760473   68.118479210670691  0.0054319986589521321     
46.400628289657043   175.24229418562803  0.016743429242674301     
