0.0064796213473364795   0   0   
0.019438864042009438   0   0   
0.032398106736682399   0   0   
0.045357349431355359   0   0   
0.058316592126028313   0   0   
0.071275834820701281   0   0   
0.084235077515374235   0   0   
0.097194320210047189   0   0   
0.11015356290472016   0   0   
0.12311280559939311   0   0   
0.13607204829406608   0   0   
0.14903129098873902   0   0   
0.16199053368341199   0   0   
0.17494977637808495   0   0   
0.18790901907275789   0   0   
0.20086826176743086   0   0   
0.21382750446210383   0   0   
0.2267867471567768   0   0   
0.23974598985144974   0   0   
0.2527052325461227   0   0   
0.26566447524079567   0   0   
0.27862371793546864   0   0   
0.29158296063014155   0   0   
0.30454220332481452   35.383326318353878   -nan   
0.31750144601948749   0   0   
0.33046068871416046   0   0   
0.34341993140883342   0   0   
0.35637917410350639   0   0   
0.36933841679817936   0   0   
0.38229765949285227   0   0   
0.39525690218752524   0   0   
0.40821614488219821   0   0   
0.42117538757687117   0   0   
0.43413463027154414   0   0   
0.44709387296621711   0   0   
0.46005311566089002   0   0   
0.47301235835556299   0   0   
0.48597160105023596   0   0   
0.49893084374490893   0   0   
0.51189008643958189   0   0   
0.52484932913425486   0   0   
0.53780857182892783   0   0   
0.5507678145236008   0   0   
0.56372705721827376   0   0   
0.57668629991294673   0   0   
0.58964554260761959   0   0   
0.60260478530229256   0   0   
0.61556402799696552   0   0   
0.62852327069163849   0   0   
0.64148251338631146   0   0   
0.65444175608098443   0   0   
0.66740099877565739   0   0   
0.68036024147033036   0   0   
0.69331948416500333   0   0   
0.7062787268596763   0   0   
0.71923796955434927   0   0   
0.73219721224902223   0   0   
0.7451564549436952   0   0   
0.75811569763836806   0   0   
0.77107494033304103   0   0   
0.78403418302771399   0   0   
0.79699342572238696   0   0   
0.80995266841705993   0   0   
0.8229119111117329   0   0   
0.83587115380640586   0   0   
0.84883039650107883   0   0   
0.8617896391957518   0   0   
0.87474888189042477   0   0   
0.88770812458509774   0   0   
0.9006673672797707   0   0   
0.91362660997444356   0   0   
0.92658585266911653   0   0   
0.9395450953637895   0   0   
0.95250433805846246   0   0   
0.96546358075313543   0   0   
0.9784228234478084   0   0   
0.99138206614248137   0   0   
1.0043413088371542   0   0   
1.0173005515318272   0   0   
1.0302597942265002   0   0   
1.0432190369211731   0   0   
1.0561782796158461   0   0   
1.0691375223105191   0   0   
1.082096765005192   0   0   
1.095056007699865   0   0   
1.108015250394538   0   0   
1.1209744930892109   0   0   
1.1339337357838839   0   0   
1.1468929784785569   0   0   
1.1598522211732298   0   0   
1.1728114638679028   0   0   
1.1857707065625758   0.003737499818927138   9.7210842588299746e-06   
1.1987299492572487   17.974431742882086   9.8293578990435708e-06   
1.2116891919519217   0.00042159906532112427   2.0702561703505547e-06   
1.2246484346465947   0   0   
1.2376076773412676   0   0   
1.2505669200359406   0   0   
1.2635261627306136   0   0   
1.2764854054252865   0   0   
1.2894446481199595   0   0   
1.3024038908146325   0   0   
1.3153631335093054   0   0   
1.3283223762039782   4.7027680083778923e-08   2.599552826646068e-08   
1.3412816188986512   0.43749691381958668   8.8804310036839229e-05   
1.3542408615933241   15.103218059939183   0.00019948770113781543   
1.3672001042879971   0.37516089376974203   0.00012998060309796065   
1.3801593469826701   4.9107708534062218   0.00063884571863915845   
1.393118589677343   10.560860221786108   0.00071173039079454251   
1.406077832372016   0.042363189247869219   8.144321298060854e-05   
1.419037075066689   1.1005336092665158e-08   1.1005336092665158e-08   
1.4319963177613619   0   0   
1.4449555604560349   0.00012102721090080947   2.5666807094873676e-06   
1.4579148031507079   24.584947621512923   0.0008688201836645202   
1.4708740458453808   4.9357935856479724   0.00085957849538071654   
1.4838332885400538   0   0   
1.4967925312347268   0   0   
1.5097517739293997   0   0   
1.5227110166240727   0   0   
1.5356702593187457   0   0   
1.5486295020134186   0   0   
1.5615887447080916   0   0   
1.5745479874027646   0   0   
1.5875072300974375   0   0   
1.6004664727921105   0   0   
1.6134257154867835   0   0   
1.6263849581814565   0   0   
1.6393442008761294   0   0   
1.6523034435708024   0   0   
1.6652626862654751   0   0   
1.6782219289601481   0   0   
1.6911811716548211   0   0   
1.704140414349494   0   0   
1.717099657044167   0   0   
1.73005889973884   0.83371174862614207   0.00063251680425645479   
1.7430181424335129   11.535313297011747   0.00063242883227820019   
1.7559773851281859   0.0015954248927093779   9.4046123439779681e-06   
1.7689366278228589   0   0   
1.7818958705175318   0   0   
1.7948551132122048   0   0   
1.8078143559068778   0   0   
1.8207735986015507   0   0   
1.8337328412962237   0   0   
1.8466920839908967   0   0   
1.8596513266855697   0   0   
1.8726105693802426   0   0   
1.8855698120749156   0   0   
1.8985290547695886   0   0   
1.9114882974642615   0   0   
1.9244475401589345   0   0   
1.9374067828536075   0   0   
1.9503660255482804   0   0   
1.9633252682429534   0   0   
1.9762845109376264   0   0   
1.9892437536322993   0   0   
2.0022029963269721   0   0   
2.0151622390216453   0   0   
2.028121481716318   0   0   
2.0410807244109912   0   0   
2.0540399671056639   0   0   
2.0669992098003371   0   0   
2.0799584524950099   0   0   
2.0929176951896831   0   0   
2.1058769378843558   0   0   
2.118836180579029   0   0   
2.1317954232737018   0   0   
2.1447546659683749   0   0   
2.1577139086630477   0   0   
2.1706731513577204   0   0   
2.1836323940523936   0   0   
2.1965916367470664   0   0   
2.2095508794417396   0   0   
2.2225101221364123   0   0   
2.2354693648310855   4.7504772490425952e-07   6.8922199440074852e-08   
2.2484286075257582   1.0030471680120179   0.00011325146828057367   
2.2613878502204314   8.5016672284238865   0.00012721563375664683   
2.2743470929151042   0.12435476404431572   3.9808310579283748e-05   
2.2873063356097774   4.6183027497197999   3.9317430145084362e-05   
2.3002655783044501   6.313962822515811e-07   8.3488542552981923e-08   
2.3132248209991233   0   0   
2.326184063693796   0   0   
2.3391433063884692   0   0   
2.352102549083142   0   0   
2.3650617917778152   0   0   
2.3780210344724879   0   0   
2.3909802771671611   0.0058488848249974559   1.9999507309083409e-05   
2.4039395198618339   11.060369187845219   0.00034053634070287114   
2.416898762556507   6.8265346552520619   0.00032062292760435469   
2.4298580052511798   0.00056723800135772376   3.4746481694409366e-06   
2.442817247945853   0   0   
2.4557764906405257   0   0   
2.4687357333351989   0   0   
2.4816949760298717   0   0   
2.4946542187245444   0   0   
2.5076134614192176   0   0   
2.5205727041138903   0   0   
2.5335319468085635   0   0   
2.5464911895032363   0   0   
2.5594504321979095   9.1525390036468468e-08   3.310945343092715e-08   
2.5724096748925822   0.078470633675813095   0.0001826119905506704   
2.5853689175872554   11.320654046299815   0.0008638234409843644   
2.5983281602819281   5.246796798967815   0.00068352007465260598   
2.6112874029766013   1.4861709631934911e-05   5.7545157781936904e-07   
2.6242466456712741   0   0   
2.6372058883659473   4.6604488736587665e-06   1.3875197956190437e-07   
2.65016513106062   5.3018896205436459   0.00014915222394779795   
2.6631243737552932   2.8164425864692769   0.00014833211232149854   
2.676083616449966   4.6686074659441545e-08   1.4556941342414931e-08   
2.6890428591446391   0.0019508136988560607   7.7689925973266716e-06   
2.7020021018393119   4.2062283347141905   8.1929977594728077e-05   
2.7149613445339851   4.8915337962371003   0.00045829621608964463   
2.7279205872286578   6.6621869682640136   0.00051228476084640045   
2.740879829923331   0.10147775600857504   0.00010532805663491608   
2.7538390726180038   1.8714250339221436e-07   4.785929037130536e-08   
2.7667983153126769   0   0   
2.7797575580073497   0   0   
2.7927168007020229   0   0   
2.8056760433966956   0   0   
2.8186352860913688   0   0   
2.8315945287860416   0   0   
2.8445537714807143   0   0   
2.8575130141753875   0   0   
2.8704722568700602   0   0   
2.8834314995647334   6.8784587133774392e-07   8.9196959143694888e-08   
2.8963907422594062   3.6379743638708399   4.0409003093550812e-05   
2.9093499849540794   0.098246255706279965   7.8025857908027102e-05   
2.9223092276487521   14.012564715967465   0.00063181275936994426   
2.9352684703434253   0.71772093235769629   0.00058863017979135727   
2.9482277130380981   0   0   
2.9611869557327712   0   0   
2.974146198427444   0   0   
2.9871054411221172   0   0   
3.0000646838167899   0   0   
3.0130239265114631   0   0   
3.0259831692061359   0   0   
3.038942411900809   0   0   
3.0519016545954818   0   0   
3.064860897290155   0   0   
3.0778201399848277   0   0   
3.0907793826795009   0   0   
3.1037386253741737   0   0   
3.1166978680688469   0   0   
3.1296571107635196   0   0   
3.1426163534581928   0   0   
3.1555755961528655   0   0   
3.1685348388475383   0   0   
3.1814940815422115   0.00010229717660586574   1.6043578891880261e-06   
3.1944533242368842   4.3966618925667348   0.00046048047618338006   
3.2074125669315574   2.3402575106456884   0.00045783274747802439   
3.2203718096262302   1.338443731961877e-06   1.0355556856592596e-07   
3.2333310523209033   0   0   
3.2462902950155761   0   0   
3.2592495377102493   0   0   
3.272208780404922   0   0   
3.2851680230995952   0   0   
3.298127265794268   0   0   
3.3110865084889411   0   0   
3.3240457511836139   0   0   
3.3370049938782871   0   0   
3.3499642365729598   0   0   
3.362923479267633   0   0   
3.3758827219623058   0   0   
3.388841964656979   0   0   
3.4018012073516517   0   0   
3.4147604500463249   0   0   
3.4277196927409976   0   0   
3.4406789354356708   0   0   
3.4536381781303436   0   0   
3.4665974208250168   0   0   
3.4795566635196895   0   0   
3.4925159062143623   0   0   
3.5054751489090354   0.00011762157391970696   9.5088786984552873e-07   
3.5184343916037082   1.9113421069216873   0.00011671779945398934   
3.5313936342983814   4.5086672505468392   0.00018199463766691607   
3.5443528769930541   5.7209479952645835   0.00022968954291359249   
3.5573121196877273   0.050201722336625402   6.3638566783813015e-05   
3.5702713623824001   0   0   
3.5832306050770732   0   0   
3.596189847771746   1.3027938401587404e-08   6.6335015416106972e-09   
3.6091490904664192   0.085977849425798788   0.00012924790312810195   
3.6221083331610919   9.8871607348732457   0.00066376290819072748   
3.6350675758557651   2.7214797505475498   0.0006854076947489205   
3.6480268185504379   5.1092972242311555   0.00020088149572164213   
3.6609860612451111   1.8129586846456809e-06   1.4293740103678928e-07   
3.6739453039397838   0   0   
3.686904546634457   0   0   
3.6998637893291297   0   0   
3.7128230320238029   0   0   
3.7257822747184757   0.0024690228258117348   1.185915882852598e-05   
3.7387415174131489   4.4602687249327854   0.00092225284979296868   
3.7517007601078216   12.746270235793352   0.0010473706926708514   
3.7646600028024948   0.039608972186545769   0.00012456464323385038   
3.7776192454971675   0   0   
3.7905784881918407   0   0   
3.8035377308865135   0   0   
3.8164969735811862   0   0   
3.8294562162758594   0   0   
3.8424154589705322   0   0   
3.8553747016652054   0   0   
3.8683339443598781   0   0   
3.8812931870545513   0   0   
3.894252429749224   0   0   
3.9072116724438972   0   0   
3.92017091513857   0   0   
3.9331301578332432   0.012580420990873725   2.8013691513403902e-05   
3.9460894005279159   10.888822238661415   4.9473247468114324e-05   
3.9590486432225891   1.6715436831036901   0.00047374983652359809   
3.9720078859172618   3.7770923193832946   0.00048470551458636401   
3.984967128611935   0.0040620824897831896   2.3278821900714086e-05   
3.9979263713066078   0   0   
4.010885614001281   0   0   
4.0238448566959537   0   0   
4.0368040993906265   1.1722007818635343e-06   9.8555695397774022e-08   
4.0497633420853001   0.28057012968189085   6.9324354658916467e-05   
4.0627225847799728   5.4527780931682564   0.0002375624346864826   
4.0756818274746456   4.7575217199489791   0.00032977354201456548   
4.0886410701693183   0.10354214572459878   9.9970836116833811e-05   
4.101600312863992   0.0068893470180732413   1.7453045484697381e-05   
4.1145595555586647   4.9678375990352289   0.00021289683386695867   
4.1275187982533375   0.2623155544381278   0.00019728028444209736   
4.1404780409480102   0   0   
4.1534372836426829   0   0   
4.1663965263373566   0   0   
4.1793557690320293   0   0   
4.1923150117267021   0   0   
4.2052742544213748   0   0   
4.2182334971160484   0   0   
4.2311927398107212   5.0934650442959641e-07   3.599563764017264e-08   
4.2441519825053939   3.6032797628392624   0.00021288982686475324   
4.2571112252000667   1.4701432217081885   0.00021223174281489021   
4.2700704678947403   0   0   
4.2830297105894131   0   0   
4.2959889532840858   0   0   
4.3089481959787586   0   0   
4.3219074386734322   0   0   
4.3348666813681049   0   0   
4.3478259240627777   0   0   
4.3607851667574504   0   0   
4.3737444094521241   0.16599619213638604   0.00035860738838326354   
4.3867036521467968   9.5662753497373534   0.00057423583990968222   
4.3996628948414696   0.093740068315581735   0.00021709644718221149   
4.4126221375361423   0   0   
4.4255813802308159   0   0   
4.4385406229254887   0   0   
4.4514998656201614   0   0   
4.4644591083148342   0   0   
4.4774183510095078   0   0   
4.4903775937041805   0   0   
4.5033368363988533   0   0   
4.516296079093526   0   0   
4.5292553217881988   0   0   
4.5422145644828724   0   0   
4.5551738071775452   0   0   
4.5681330498722179   0   0   
4.5810922925668907   0   0   
4.5940515352615643   0   0   
4.607010777956237   0   0   
4.6199700206509098   0   0   
4.6329292633455825   3.3708651808303073e-09   3.3708651808303073e-09   
4.6458885060402562   0.054488577502110537   9.8766210957964022e-05   
4.6588477487349289   8.4394945579977914   0.00068871794615204788   
4.6718069914296017   0.75589284907313704   0.00059300916396139728   
4.6847662341242744   2.3568315397449854e-06   1.3063441547339995e-07   
4.697725476818948   0   0   
4.7106847195136208   0   0   
4.7236439622082935   0   0   
4.7366032049029663   0   0   
4.7495624475976399   0   0   
4.7625216902923126   0   0   
4.7754809329869854   0   0   
4.7884401756816581   0   0   
4.8013994183763318   0.019117551694344466   5.927177439072958e-05   
4.8143586610710045   6.3223505102043031   0.00055733683959868501   
4.8273179037656773   2.6980428627849957   0.00052221491384254983   
4.84027714646035   4.0138756832444348   0.00013543558855582558   
4.8532363891550228   0.34448095476277228   0.00010412998525553619   
4.8661956318496964   0.096346801256712176   6.2603528924437719e-05   
4.8791548745443691   2.1124148961703652   6.2327504444344865e-05   
4.8921141172390419   0.00060059167025590292   3.6224747466101633e-06   
4.9050733599337146   2.7920529680154198   0.00022736602195860877   
4.9180326026283883   6.7844397367037454   0.00010549253327863634   
4.930991845323061   3.5616069967603757   0.00029807258658876217   
4.9439510880177338   0.0056375486233294243   1.8962733009229303e-05   
4.9569103307124065   0   0   
4.9698695734070801   0.00047432558058972174   4.2666317615558877e-06   
4.9828288161017529   1.5206809403410719   0.00028990242391994805   
4.9957880587964256   4.5444670593987774   0.00018242799760694817   
5.0087473014910984   2.5514964450651947   0.0001449601730245757   
5.021706544185772   0.0080090835689170632   2.5119159538896069e-05   
5.0346657868804447   3.1018900956160487e-09   3.1018900956160487e-09   
5.0476250295751175   0.011292778476002083   2.3732553173842264e-05   
5.0605842722697902   4.2239693293094954   5.391528630010272e-05   
5.0735435149644639   0.023391511241050589   3.2976311267319675e-05   
5.0865027576591366   0   0   
5.0994620003538094   0   0   
5.1124212430484821   0   0   
5.1253804857431557   0   0   
5.1383397284378285   0.011595144875585914   5.7667897656657597e-05   
5.1512989711325012   6.5402183754131699   0.00091339039950834878   
5.164258213827174   1.8110161693830581   0.00085512087574850823   
5.1772174565218467   2.0797561469811513   7.0292580638823944e-05   
5.1901766992165204   2.0778082584266495   6.9871704616080959e-05   
5.2031359419111931   0   0   
5.2160951846058659   0   0   
5.2290544273005386   0   0   
5.2420136699952122   0   0   
5.254972912689885   0   0   
5.2679321553845577   0   0   
5.2808913980792305   0   0   
5.2938506407739041   0   0   
5.3068098834685768   0   0   
5.3197691261632496   0   0   
5.3327283688579223   0   0   
5.345687611552596   0.11205186725067355   0.0001974052417807207   
5.3586468542472687   7.9215380707354862   0.00022219090744632093   
5.3716060969419415   0.010774491574572358   3.0606995150829914e-05   
5.3845653396366142   2.1807298458005419   0.00013168879449302715   
5.3975245823312878   1.8188327187676144   0.00012833178799336305   
5.4104838250259606   2.2778520249334673   8.7574521211436174e-05   
5.4234430677206333   5.1998489309918508   0.00025221964249617355   
5.4364023104153061   0.47211472511212469   0.00019333118883073302   
5.4493615531099797   2.1562554790375233e-05   2.8489741106196708e-07   
5.4623207958046525   0   0   
5.4752800384993252   1.9883177917788371e-05   3.0228835093575042e-07   
5.488239281193998   1.874903040288772   6.1618613567869992e-05   
5.5011985238886707   0.088288174973735774   6.1356681584267952e-05   
5.5141577665833443   0   0   
5.5271170092780171   0   0   
5.5400762519726898   0   0   
5.5530354946673626   0   0   
5.5659947373620362   0.12156321707605477   0.00020037385140068588   
5.578953980056709   3.7203071144223903   0.00025541616739050925   
5.5919132227513817   0.021350457635290128   5.8086385178026861e-05   
5.6048724654460544   0   0   
5.6178317081407281   0   0   
5.6307909508354008   0   0   
5.6437501935300736   0.067808463843331752   0.00013278975832594081   
5.6567094362247463   3.7378924502512516   0.00014715862486570267   
5.6696686789194199   0.0043330203981479939   1.6834040987480588e-05   
5.6826279216140927   0   0   
5.6955871643087654   0   0   
5.7085464070034382   0   0   
5.7215056496981118   0   0   
5.7344648923927846   0   0   
5.7474241350874573   0   0   
5.7603833777821301   0   0   
5.7733426204768037   0   0   
5.7863018631714764   0   0   
5.7992611058661492   0   0   
5.8122203485608219   0   0   
5.8251795912554947   4.8256990964723087e-08   8.7559262507903484e-09   
5.8381388339501683   0.70677351965647169   0.00084387539595173387   
5.8510980766448411   6.6523741750582017   0.00088106318168451812   
5.8640573193395138   0.06851653939983329   9.9536418282530808e-05   
5.8770165620341865   3.2685981753887332   0.00018401341651857956   
5.8899758047288602   0.33836315407904257   0.00012508548485369746   
5.9029350474235329   3.3334933495170407e-06   9.8990396944303518e-08   
5.9158942901182057   2.212181040961769e-06   1.2585363107236957e-07   
5.9288535328128784   0.39128435096449342   0.00023782038789288539   
5.941812775507552   3.2004945372317106   0.00030697599112613991   
5.9547720182022248   0.036073961239543862   7.341814402544655e-05   
5.9677312608968975   1.308452011017193e-08   8.9384288910093353e-09   
5.9806905035915703   3.6243922240082487e-05   5.5993897999256326e-07   
5.9936497462862439   0.91142829631992059   0.00053444522147521179   
6.0066089889809167   4.4132938246780269   0.00064007446206337597   
6.0195682316755894   0.058903700868400203   0.00010198704156828981   
6.0325274743702622   1.2943977466668473e-07   2.0052723664836426e-08   
6.0454867170649358   0   0   
6.0584459597596085   0   0   
6.0714052024542813   0   0   
6.084364445148954   0   0   
6.0973236878436277   1.0245137531535259e-08   1.0245137531535259e-08   
6.1102829305383004   0.091357438389899376   0.00022103939344876417   
6.1232421732329732   6.6777755039066823   0.00022896160375825418   
6.1362014159276459   2.752056357796426   9.4163462429477153e-05   
6.1491606586223186   1.024735205185728   8.1183666115814938e-05   
6.1621199013169923   0.40343563393920591   0.00011407892026309785   
6.175079144011665   3.0396690475934079   0.00014172772749019529   
6.1880383867063378   0.050445098927699657   3.9253508672325693e-05   
6.2009976294010105   0.74293792256713695   0.00016795000678537822   
6.2139568720956841   2.7848664339461212   0.00015264391542240184   
6.2269161147903569   4.5122746666606032   0.0001886400104897473   
6.2398753574850296   0.62006569862232874   0.00011253903749686489   
6.2528346001797024   4.0925412176120282e-05   4.7018599745473142e-07   
6.265793842874376   0   0   
6.2787530855690488   0.00018274002823266865   1.6836598275022163e-06   
6.2917123282637215   0.44462136861655847   0.00012538196714687334   
6.3046715709583943   1.2523086949564606   0.0001615065630348444   
6.3176308136530679   0.14916893904878657   0.00023840738383046864   
6.3305900563477406   1.5391565340004275   0.0002683076642321916   
6.3435492990424134   2.859676494217975   0.00029991910264216417   
6.3565085417370861   0.56355047778903666   0.00034265615428220238   
6.3694677844317598   2.6529017597616996e-06   1.0673607930762841e-07   
6.3824270271264325   0   0   
6.3953862698211053   0   0   
6.408345512515778   0   0   
6.4213047552104516   0   0   
6.4342639979051244   0   0   
6.4472232405997971   0   0   
6.4601824832944699   0   0   
6.4731417259891426   0   0   
