0.21486394446136323   21.245367443902428  0.0089611901809650395
0.42972788892272645   10.650746470403443  0.010863039498358352
0.64459183338408965   1.8043080006473201  0.0058777146489783515
0.85945577784545291   0.026170289867594813  0.00042912524395229114
1.0743197223068162   0.0063282538307232751  0.0002469147508474335
1.2891836667681793   0.062147919006109953  0.000394502274380863
1.5040476112295427   0.12278197609613784  0.001163045141490344
1.7189115556909058   0.04641283234124343  0.00043533786736897205
1.933775500152269   0.024172900668274351  0.00043918041911003196
2.1486394446136323   0.0095629775612045016  0.00035933128039288096
2.3635033890749955   0.022082657891725999  0.00041497954075152864
2.5783673335363586   0.14644292971672145  0.0018319833704735718
2.7932312779977218   0.19776526902797831  0.0062803249338222659
3.0080952224590853   0.031760982143058829  0.00024375401331290449
3.2229591669204485   0.01111347560322106  0.00028959173826732397
3.4378231113818116   0.013443122943573056  0.00043152467745278937
3.6526870558431748   0.066669584519936015  0.00035503346419129579
3.8675510003045379   0.045718722840211158  0.00030213547514720845
4.0824149447659011   0.031646399277858952  0.00014742465427100848
4.2972788892272646   0.017982457134202933  0.00022324372487782611
4.5121428336886273   0.0058783988098662904  0.0001207779171216097
4.7270067781499909   0.019874091579232819  0.00030876291814285183
4.9418707226113545   0.1055139020410295  0.00070744725864268722
5.1567346670727172   0.1438289903318317  0.00064278087003823209
5.3715986115340808   0.13025618011936512  0.00090391257615567458
5.5864625559954435   0.005301093628570355  0.00016994917397392043
5.8013265004568071   0.028127864752400234  0.0003565643945726348
6.0161904449181707   0.029842209342634635  0.00037645868890235074
6.2310543893795334   0.05564354936632265  0.0004295330993282402
6.445918333840897   0.02251007350442656  0.00026454064108529058
6.6607822783022597   0.0079114261461253402  0.00036278400374861534
6.8756462227636232   0.018280335956440922  0.00052766589887177244
7.0905101672249868   0.024641259138101935  0.00055080092480896075
7.3053741116863495   0.076599308126946739  0.00035613540416936258
7.5202380561477131   0.14854310222069368  0.0003956152786984801
7.7351020006090758   0.018818971752041998  0.00045633714670979238
7.9499659450704394   0.031456049139327124  0.000681100155987632
8.1648298895318021   7.5113672077496978  0.014825925947618515
8.3796938339931657   3.3377029617361842  0.0088233194864399323
8.5945577784545293   2.9493606014052898  0.0058729423355345169
8.8094217229158929   0.018715956200815366  0.00012299143489386352
9.0242856673772547   0.025612042197466525  0.00051710033074074205
9.2391496118386183   0.10259503641647846  0.00095968905134634282
9.4540135562999819   0.62228207018290002  0.003628703266191296
9.6688775007613454   0.61443754062974444  0.0041421955443152092
9.883741445222709   0.040722746314445989  0.00029969237003790576
10.098605389684071   0.25174483159144311  0.0023935321296707072
10.313469334145434   0.60364390347983543  0.0076541310107807986
10.528333278606798   0.28474061688309244  0.0032343147068090965
10.743197223068162   0.054485342722691768  0.00052922304861932618
10.958061167529525   0.023812490458745717  0.0014671356045837009
11.172925111990887   0.014122817858888323  0.00037816957511160352
11.387789056452251   0.084824242403859784  0.00089769006760911464
11.602653000913614   0.067231565196602436  0.0004901166473376561
11.817516945374978   0.033025506565845825  0.00062152604942163103
12.032380889836341   0.023914538642205313  0.00046551594740942545
12.247244834297703   0.017798210787869451  0.00073564418881161427
12.462108778759067   0.11266835713359987  0.0010596645788140232
12.67697272322043   0.0877862180839588  0.0012611442652879484
12.891836667681794   0.25998754595071274  0.002238037605347464
13.106700612143158   0.32796845489857215  0.0020044181329564505
13.321564556604519   0.030699210029048286  0.00049261717028139953
13.536428501065883   0.05932255290869783  0.00043060707492372802
13.751292445527246   3.0370032667738189  0.003678432054534383
13.96615638998861   0.03382117763801914  0.0005635104420067411
14.181020334449974   0.092614862581470735  0.000389715201222807
14.395884278911335   0.01360492063934231  7.722732590495552e-05
14.610748223372699   0.01202289669530502  0.00022766493374657479
14.825612167834063   0.019024195597179879  0.00031104433559535699
15.040476112295426   0.024422899365748892  0.00026957650917771185
15.25534005675679   0.022958904251274226  0.00027350176288529427
15.470204001218152   0.010549508851745795  0.000226375855892375
15.685067945679515   0.016785716616169158  0.00044910913845818622
15.899931890140879   0.028882171554018837  0.0005163468740304436
16.114795834602241   0.12770754586947315  0.0008664999375783985
16.329659779063604   0.97694531726867421  0.0042347777279155471
16.544523723524968   0.29179843251189704  0.0011423786687366347
16.759387667986331   0.04141918582112547  0.0010221129822200465
16.974251612447695   0.051786656354002265  0.0012590374500963579
17.189115556909059   0.68330595752444718  0.0047236761325192815
17.403979501370422   0.12914037329001247  0.0015321547739199554
17.618843445831786   0.028738744341284482  0.0005596877163247338
17.833707390293149   0.021301041034000905  0.00052630968254073665
18.048571334754509   0.035900363288100519  0.00070119916366233039
18.263435279215873   0.047107339340916596  0.00033211236893385351
18.478299223677237   0.049651130374108089  0.00064097000450961084
18.6931631681386   0.023301413891913605  0.0002371902932780135
18.908027112599964   0.0079365937978384654  0.00014785420366307147
19.122891057061327   0.053411497873707613  0.00081680528101648073
19.337755001522691   0.2784659418195447  0.0029954536114852055
19.552618945984054   0.24729880255961529  0.0024482391558378725
19.767482890445418   0.076059873867258078  0.0011316663773249583
19.982346834906782   0.098176506648062216  0.00088256109669279049
20.197210779368142   0.65976872866632299  0.0065622144440944624
20.412074723829505   0.73334324625852124  0.0056588058356310685
20.626938668290869   0.17766677532505086  0.0012485003983588601
20.841802612752232   0.054646609639900245  0.0006466745730748789
21.056666557213596   0.042541291404034732  0.00087308577206970491
21.27153050167496   0.4228066134516671  0.0047167470186083446
21.486394446136323   4.5750592213185897  0.026341591982543762
21.701258390597687   0.97573607214767911  0.0077033693939090243
21.91612233505905   10.849542747769833  0.030892121724158852
22.130986279520414   0.42100927400187889  0.0012218688968817076
22.345850223981774   0.062439687004534217  0.00045837106861853273
22.560714168443138   0.15790849866935307  0.00071678367731916841
22.775578112904501   0.027521151316988544  0.00028487806066308359
22.990442057365865   0.045374011405396938  0.00026518506985004905
23.205306001827228   0.021594232609091542  0.00011047353624695552
23.420169946288592   0.011099668064650389  0.00025578444852729267
23.635033890749956   0.020899401462153422  0.0004110237435317893
23.849897835211319   0.027930485311421634  0.0003309016337736219
24.064761779672683   0.028624523315999609  0.00035321395308978666
24.279625724134046   0.026510563227148131  0.00014522485130344007
24.494489668595406   0.020535579617907636  0.00029248846824424797
24.70935361305677   0.072439122877350523  0.0017253677376207657
24.924217557518134   0.039125498661151336  0.00082829033225144067
25.139081501979497   0.065189465079717168  0.00040229089339314651
25.353945446440861   0.035505378826416699  0.00047981095020403553
25.568809390902224   0.076784286383890836  0.0014740176435513819
25.783673335363588   0.46507601401923345  0.0064011685414326835
25.998537279824951   0.25031454838185281  0.002174713324438151
26.213401224286315   0.042945233300481568  0.00076737299630913727
26.428265168747679   0.046691766078019395  0.00049993650228393839
26.643129113209039   0.024386259122065784  0.0006199713598343143
26.857993057670402   0.037872106683651661  0.00072938455837405774
27.072857002131766   0.10399957514505815  0.00054320818371137943
27.287720946593129   0.1735052893456508  0.0012142033911237795
27.502584891054493   0.64909945137793632  0.0015915024032581024
27.717448835515857   0.012501116232315144  0.00012904779981560381
27.93231277997722   0.020762232717184123  0.00046735291265072807
28.147176724438584   0.042100146468054062  0.00060524597409348438
28.362040668899947   0.042294840375398929  0.00040053096546698215
28.576904613361307   0.032575909909834384  0.00046040265275861276
28.791768557822671   0.014181922159284283  0.00014909594375142975
29.006632502284035   0.033539783010036721  0.00079601886490091248
29.221496446745398   0.18332571991026847  0.0014118656284977647
29.436360391206762   1.1144138213056539  0.003656724945523058
29.651224335668125   1.3708370761804525  0.010250324250793503
29.866088280129489   1.9341442140811096  0.017476706036156238
30.080952224590852   201.4890873097251  0.27747008667712307
30.295816169052216   104.03663368752847  0.33625580608192503
30.51068011351358   5.5248235677585764  0.03144359330156896
30.72554405797494   0.15142493763321158  0.0016975236401288118
30.940408002436303   0.11623481130634293  0.00092035635106961363
31.155271946897667   0.027315815445949729  0.00049051030731656715
31.37013589135903   0.11020497106034759  0.00094852296327002311
31.584999835820394   0.061155456293562935  0.00052465186395518349
31.799863780281758   0.020998026293955724  0.00018485885379405707
32.014727724743118   0.037931894118915314  0.00020488071843465701
32.229591669204481   0.018202946945499905  0.00032294020383392378
32.444455613665845   0.029186827717842734  0.00053482147246019533
32.659319558127208   0.051376957683601581  0.00043523720296865111
32.874183502588572   0.071984176890253097  0.0044287527819064225
33.089047447049936   0.059063903207038866  0.0023658077960405645
33.303911391511299   0.031191180960831621  0.00013489698543422791
33.518775335972663   0.029148024713497427  0.00045585655222279785
33.733639280434026   0.044339252438828537  0.00037251140082898865
33.94850322489539   0.050000739473485958  0.00026906303500834929
34.163367169356754   0.07800911822170285  0.00065324347126919307
34.378231113818117   0.42554194109259534  0.0058077872940503707
34.593095058279481   0.14554754070383102  0.0011810377398492835
34.807959002740844   0.055555887763207878  0.00094678634606078919
35.022822947202208   0.14837686820434631  0.0011160679675437407
35.237686891663571   0.18871135708844497  0.00099352634503810234
35.452550836124935   0.0493191864587498  0.00040295310532799901
35.667414780586299   0.046803858681268543  0.0008346641560316603
35.882278725047662   0.072831930064759794  0.00079979978895611836
36.097142669509019   0.10401372976500099  0.00085138989454808146
36.312006613970382   0.075935406924914527  0.00050144474999451775
36.526870558431746   0.019580563759148896  0.00018120247667561301
36.741734502893109   0.024561715750829205  0.00052331330528604672
36.956598447354473   0.032915429632654779  0.00066766304922036486
37.171462391815837   0.031733453731259207  0.00037211555481117658
37.3863263362772   0.031575280765809168  0.00021543887047759926
37.601190280738564   0.040154030772961428  0.00026950334758540909
37.816054225199927   0.055912124539573192  0.00066112808992715205
38.030918169661291   0.10860320249918327  0.0014562126247338548
38.245782114122655   1.0786073407144906  0.0086370180436623773
38.460646058584018   5.309785662438205  0.047054653326306251
38.675510003045382   2.7927507170179861  0.024510407653684417
38.890373947506745   0.49018383401419139  0.0062552552906454252
39.105237891968109   0.38206469536730549  0.0042951700424490726
39.320101836429473   0.34037829257863034  0.0024432360944059366
39.534965780890836   0.22872287403810731  0.0018017917590334392
39.7498297253522   0.048830933459635848  0.00029853263239385795
39.964693669813563   0.3097107468630628  0.001781814326251269
40.179557614274927   0.55713433346545174  0.0036308971771045537
40.394421558736283   0.30123627574456537  0.0030708202150867016
40.609285503197647   0.045798276148848968  0.00025294534443418136
40.824149447659011   0.097482877584805586  0.0007470049923800847
41.039013392120374   0.069937835145641852  0.00078171851597940338
41.253877336581738   0.041155819863397251  0.00078948588903336115
41.468741281043101   0.064822566456944747  0.00048600581529130378
41.683605225504465   0.034427630044387578  0.00020494484117045342
41.898469169965828   0.066060640198224563  0.00041796141122336472
42.113333114427192   0.052988829348704211  0.00018952201182209578
42.328197058888556   0.045418326027594403  0.00064569052301651973
42.543061003349919   0.06543960392967332  0.00066820933273377134
42.757924947811283   0.050237798711783452  0.00014391247005851518
42.972788892272646   0.31897215178105997  0.0021352247126500575
