0.24242100977793915   0.012311590853934858  1.4385012862995503e-05     
0.4848420195558783   0.012081779783491133  1.2358029279579683e-05     
0.72726302933381748   0.011687382997618629  1.0612606839942234e-05     
0.9696840391117566   0.011147446999107872  1.1879371826619177e-05     
1.2121050488896958   0.010430397592576421  9.5394593829466204e-06     
1.454526058667635   0.009536245021428998  8.6273527077196848e-06     
1.6969470684455741   0.0084532073214978149  7.943277978172545e-06     
1.9393680782235132   0.0071840048275905991  6.457075674597561e-06     
2.1817890880014525   0.0057312154097244504  5.3982054788777308e-06     
2.4242100977793917   0.0041298390397250659  3.5129417722423806e-06     
2.6666311075573308   0.0024711229233546647  2.0369478829834859e-06     
2.9090521173352699   0.00096217253279448491  1.0584256365762007e-06     
3.151473127113209   8.2055412542830939e-05  1.6529820357091237e-07     
3.3938941368911482   0.0009474215121386195  1.4492460882860726e-06     
3.6363151466690873   0.0063245256686667453  6.2849795504666346e-06     
3.8787361564470264   0.023846992769926127  3.0350874893596278e-05     
4.1211571662249655   0.078456915612526774  7.0470411662508447e-05     
4.3635781760029051   0.28141626954615696  0.000297374073737105     
4.6059991857808438   1.5646859545049653  0.0017457524130308629     
4.8484201955587833   414.96063258268304  0.012628341769063186     
5.090841205336722   4.0946158428498514  0.0048736737961425507     
5.3332622151146616   1.2322738138180345  0.0012037833665359611     
5.5756832248926003   0.6799414372513191  0.00059966262785717245     
5.8181042346705398   0.47209400162555075  0.00046021419563540758     
6.0605252444484785   0.36856180667215798  0.00032015935232725311     
6.3029462542264181   0.30869456862286351  0.00026382262342676957     
6.5453672640043568   0.27064032523734829  0.00023924984796484665     
6.7877882737822963   0.24496434154101499  0.00020496864065398577     
7.030209283560235   0.22677891699246483  0.00019467701148283893     
7.2726302933381746   0.21343291653555647  0.00017542094084440691     
7.5150513031161132   0.20337124733313448  0.00016984832988625965     
7.7574723128940528   0.1953559440021404  0.00016345331039961193     
7.9998933226719924   0.18851780292485396  0.00016264646176033805     
8.2423143324499311   0.18196759921279912  0.0001535447672874615     
8.4847353422278697   0.1746077134770637  0.00014772514786844183     
8.7271563520058102   0.16462032909107552  0.00013510941097874511     
8.9695773617837489   0.14850205271866952  0.00013005142255687539     
9.2119983715616875   0.11745342985002516  0.00010691040521690096     
9.4544193813396262   0.047205560708129846  5.2018013150299928e-05     
9.6968403911175667   2.5960040873787826  0.0011403833421120195     
9.9392614008955054   0.85165584777275203  0.00084272608458190977     
10.181682410673444   0.51879151451512762  0.00043372788396491763     
10.424103420451383   0.45049327399686908  0.00035835812603280848     
10.666524430229323   0.43210987299908413  0.00034956855300020802     
10.908945440007262   0.43369243689468241  0.00034603636966756535     
11.151366449785201   0.44712097730387071  0.00034977090456898221     
11.393787459563139   0.4699130445235827  0.00037079785225209958     
11.63620846934108   0.50178589133266772  0.00037866926142578402     
11.878629479119018   0.54381946739063308  0.0004188530349708064     
12.121050488896957   0.59830592007292879  0.00045328195322367687     
12.363471498674897   0.66953584342280853  0.00052700335604365125     
12.605892508452836   0.76370848739932158  0.00058061981296154595     
12.848313518230775   0.89208253115539526  0.00070711253624916877     
13.090734528008714   1.0746727760908156  0.0008250392437770851     
13.333155537786654   1.3501121780464248  0.001066211785703061     
13.575576547564593   1.8038920205593934  0.0015119514530136441     
13.817997557342531   2.657997696720602  0.0019214755932852731     
14.06041856712047   4.6904114380054438  0.0038458893655682035     
14.30283957689841   12.565576800462089  0.010135528671193493     
14.545260586676349   271.57797517285682  0.041784619909417769     
14.787681596454288   19.356129507154566  0.026200227442761659     
15.030102606232226   2.4969756326549864  0.0024141291499923668     
15.272523616010167   0.61183946964163037  0.00058950632389099689     
15.514944625788106   0.15466487100446752  0.00020179293356426689     
15.757365635566044   0.023746057546324773  2.8241307804237915e-05     
15.999786645343985   0.0021110860535461587  5.5085247567562044e-06     
16.242207655121923   0.028244270616603179  2.5386782173468139e-05     
16.484628664899862   0.082167575283110775  5.9326706370397447e-05     
16.727049674677801   0.1588748891955304  0.00011040020235845866     
16.969470684455739   0.26032888564174883  0.00017983626083261207     
17.211891694233678   0.39451650029787919  0.00028901587771324948     
17.45431270401162   0.57601981615961363  0.00037680538120505414     
17.696733713789559   0.83176131759587315  0.00057073852293907527     
17.939154723567498   1.2116968513319647  0.00082844598134204909     
18.181575733345436   1.8161780450219396  0.0012623108196633293     
18.423996743123375   2.8748563043404112  0.0022158342257472493     
18.666417752901314   5.0029792265170123  0.0028082565016988297     
18.908838762679252   10.413307890406631  0.0075746383590555405     
19.151259772457191   32.311892000735058  0.020858336943284173     
19.393680782235133   558.00531098207304  0.19284214649399485     
19.636101792013072   114.82476912520097  0.14558763075487062     
19.878522801791011   18.256757755392353  0.013750174141585761     
20.120943811568949   6.8029251382335321  0.0046488952089377006     
20.363364821346888   3.3561990090507253  0.002577029809043585     
20.605785831124827   1.8809034650941244  0.0010084323711535738     
20.848206840902765   1.1204345051710444  0.00065357155711482453     
21.090627850680708   0.67962637221327574  0.00046022817535858322     
21.333048860458646   0.40450218649012742  0.00022083484065826354     
21.575469870236585   0.22435967298473466  0.000135028186184272     
21.817890880014524   0.10608420210301093  5.6789876809224535e-05     
22.060311889792462   0.033880948761243049  2.7050487114275866e-05     
22.302732899570401   0.0036113986897040841  5.4541402530347833e-06     
22.54515390934834   0.022104683010776253  3.187068315295896e-05     
22.787574919126278   0.1124204347536441  0.00011679789821923122     
23.029995928904221   0.33050384390922001  0.00023575006047548407     
23.272416938682159   0.81629580231165493  0.00064928112510615027     
23.514837948460098   1.9668619737039212  0.00079219994857525372     
23.757258958238037   5.2632848949915476  0.0036220503617147982     
23.999679968015975   19.555573490082693  0.0097890909050929112     
24.242100977793914   298.04101872456329  0.18198403997660446     
24.484521987571853   147.61486375120552  0.17380740588640593     
24.726942997349795   24.27300860004716  0.013237003892390147     
24.969364007127734   10.456338565718124  0.0049204921348155075     
25.211785016905672   6.1125127472738805  0.003055431812807911     
25.454206026683611   4.1394485446611674  0.0013525308852973265     
25.69662703646155   3.0545006074392078  0.0010620132507388514     
25.939048046239488   2.3807146017224817  0.00091392730517658082     
26.181469056017427   1.9262112694799821  0.00051321793097748636     
26.423890065795366   1.5974167511908354  0.00045214537575204693     
26.666311075573308   1.347203629352846  0.0003310644625508248     
26.908732085351247   1.1473601630939703  0.00033690494609466568     
27.151153095129185   0.97911349414743414  0.00031405385188675431     
27.393574104907124   0.83003398572404919  0.00029769812547093427     
27.635995114685063   0.69017677859926991  0.00021853083949267242     
27.878416124463001   0.55017047997230587  0.00018549043511764977     
28.12083713424094   0.40001146815562469  0.000164686353063662     
28.363258144018882   0.23085814671856775  0.00014766748022686803     
28.605679153796821   0.052449105305626274  0.00013497629510630536     
28.84810016357476   0.13549721102743159  0.00027473576633779267     
29.090521173352698   11.182665556090983  0.013755667769472146     
29.332942183130637   24.309292035539965  0.022088320224807107     
29.575363192908576   5.6322803591076296  0.0013167896330944362     
29.817784202686514   3.3898283907822089  0.0006003271266604136     
30.060205212464453   2.6081359407630742  0.00044606114342530522     
30.302626222242395   2.2325139105763829  0.00025573235823734289     
30.545047232020334   2.0273101301966033  0.00024388973858438636     
30.787468241798273   1.9125939070352123  0.00016972162253229411     
31.029889251576211   1.8554642356885053  0.00022160597344130225     
31.27231026135415   1.8408041900655009  0.00024477257802229681     
31.514731271132089   1.863246035680782  0.0002150848299825046     
31.757152280910027   1.9239488049757861  0.0003619957685801761     
31.99957329068797   2.0266085663368721  0.0003295391430273807     
32.241994300465905   2.1849334484145669  0.00033209116257453433     
32.484415310243847   2.4225854804391478  0.00050155844925304978     
32.726836320021782   2.7857745916438629  0.00050889637998221388     
32.969257329799724   3.3724509642019906  0.00081224664023212602     
33.211678339577666   4.4167595302624088  0.0016984438285061386     
33.454099349355602   6.6499728552730248  0.0025241350886207771     
33.696520359133544   13.454698335540447  0.0068192411956328622     
33.938941368911479   75.81744568842809  0.087178260184123078     
34.181362378689421   74.074674495553091  0.093170474270046765     
34.423783388467356   4.0800979275363492  0.0039486542387885568     
34.666204398245299   0.63862669225148808  0.00094027636788003079     
34.908625408023241   0.079088109609167107  0.00012595099883998379     
35.151046417801176   0.0088373310203569607  2.6792242248964398e-05     
35.393467427579118   0.067080849037889431  7.4443333081068724e-05     
35.635888437357053   0.16927713343229071  0.00017952994656332782     
35.878309447134995   0.29268641343347385  0.00017332233816019695     
36.120730456912931   0.43476852182119804  0.00028686152543509692     
36.363151466690873   0.59919191454670666  0.00029877159697674124     
36.605572476468815   0.79712464625115107  0.00047746825347656755     
36.84799348624675   1.0444197454260288  0.0006636455179183859     
37.090414496024692   1.3710072109868998  0.00085881363745792257     
37.332835505802628   1.8266081382161918  0.0012144171890654303     
37.57525651558057   2.5081779094390918  0.001658244647627706     
37.817677525358505   3.6241057195500415  0.0027726979634730082     
38.060098535136447   5.6864373717999982  0.0059573260187709419     
38.302519544914382   10.353969938644655  0.010106469961937669     
38.544940554692324   25.404095037906112  0.030143305928566939     
38.787361564470267   159.05610605136749  0.28624729757402617     
39.029782574248202   416.02029011496796  0.4245376057455607     
39.272203584026144   27.526402569102843  0.032883021877965771     
39.514624593804079   8.1509372770497984  0.0095172576816387372     
39.757045603582021   3.4910434621638911  0.003305789851186834     
39.999466613359957   1.7366093012583451  0.0025956251481453271     
40.241887623137899   0.92006656985828363  0.001035333077616303     
40.484308632915841   0.49084463872879093  0.00060565181030177276     
40.726729642693776   0.25019701723691357  0.00029777715455264456     
40.969150652471718   0.11186401786588682  0.00014222695243136369     
41.211571662249654   0.038223337135871866  7.5757665345907755e-05     
41.453992672027596   0.01098071173968404  2.5095220017192995e-05     
41.696413681805531   0.024798575603210188  5.7991890082573232e-05     
41.938834691583473   0.084461451819763822  0.00018671359475299672     
42.181255701361415   0.20766331488438836  0.00034538914332158704     
42.42367671113935   0.43643748729157318  0.00069777630484604601     
42.666097720917293   0.86945708509559025  0.0015223786483236386     
42.908518730695228   1.7611548102482919  0.003826432289416598     
43.15093974047317   3.965321860641293  0.0075713928305792967     
43.393360750251105   11.486686777336075  0.025209848337581028     
43.635781760029047   75.444116594825687  0.20158568544366521     
43.87820276980699   476.44586298171412  0.39290499183893587     
44.120623779584925   26.496319342522157  0.053180395138198772     
44.363044789362867   8.9787824032315552  0.016627985149546078     
44.605465799140802   4.586062565310851  0.007847685766635304     
44.847886808918744   2.8033188314619363  0.0060640150171536347     
45.090307818696679   1.8941773881997749  0.0035320891690138419     
45.332728828474622   1.3613849510252783  0.002508185447475681     
45.575149838252557   1.0190845927443303  0.0020889585535221733     
45.817570848030499   0.78034111598521267  0.001532904470318495     
46.059991857808441   0.60645108465987193  0.0012603498801470161     
46.302412867586376   0.47285499183170964  0.00091810972062575361     
46.544833877364319   0.36541643160642062  0.00073345173563120708     
46.787254887142254   0.275415073921348  0.00060737736344427253     
47.029675896920196   0.19763879034424865  0.0004821536679916475     
47.272096906698131   0.12827618626818194  0.00027569105757350606     
47.514517916476073   0.066922267532458027  0.00014914101771152204     
47.756938926254016   0.02150206907199671  5.6338782255662104e-05     
47.999359936031951   0.0328446222068157  0.00013240709132806349     
48.241780945809893   0.3488224703165279  0.0016379660010104866     
48.484201955587828   4.4104031156786307  0.018201999683098215     
