1.086001   0.0035959183673469388   0.00041313076951232892   
1.0860030000000001   0.0019979591836734694   0.00027209948963514541   
1.0860050000000001   0.0017918367346938776   0.00023639431312080517   
1.0860070000000002   0.0019673469387755102   0.0001874442857666128   
1.086009   0.0017897959183673469   0.00014851292112546617   
1.0860110000000001   0.0017306122448979592   0.00019479553529074344   
1.0860130000000001   0.0015693877551020408   0.00025008582912807561   
1.0860150000000002   0.0020979591836734694   0.00020335016305586201   
1.086017   0.0018979591836734694   0.00017063849899442881   
1.0860190000000001   0.0019224489795918367   0.00024508307440574921   
1.0860210000000001   0.0020122448979591837   8.8026264596581289e-05   
1.0860230000000002   0.0018795918367346939   0.0001250091393761931   
1.086025   0.0020081632653061224   0.00018027082530668719   
1.0860270000000001   0.0017061224489795918   9.8871413872240341e-05   
1.0860290000000001   0.0015040816326530612   0.00011528755895761226   
1.086031   0.0019571428571428571   0.00023013817586358648   
1.086033   0.0021346938775510204   0.00016138945032526843   
1.0860350000000001   0.0017897959183673469   0.00017645293403239529   
1.0860370000000001   0.0017571428571428571   0.00017256533797982239   
1.086039   0.0017653061224489796   0.00013117967728611423   
1.086041   0.0016918367346938776   0.00014065191361431584   
1.0860430000000001   0.0017918367346938776   0.00018499899628636094   
1.0860450000000001   0.0016346938775510204   0.00013542199954257511   
1.086047   0.0016306122448979592   0.00012534186672117641   
1.086049   0.002163265306122449   0.00029524123011596276   
1.0860510000000001   0.0020306122448979592   0.00021741585995916775   
1.0860530000000002   0.0015673469387755102   9.55195064950645e-05   
1.086055   0.0016591836734693878   0.00018177527585997781   
1.0860570000000001   0.001726530612244898   0.0002167966482887628   
1.0860590000000001   0.0018448979591836735   0.00023840989897581631   
1.0860610000000002   0.0020408163265306122   0.00011524540371494841   
1.086063   0.0020081632653061224   0.00017075236464250092   
1.0860650000000001   0.0019244897959183673   0.00014782580586185873   
1.0860670000000001   0.0018428571428571429   0.00027525477367325251   
1.0860690000000002   0.0015122448979591837   8.6661967642450094e-05   
1.086071   0.0019122448979591837   0.00010552114664064594   
1.0860730000000001   0.0018346938775510204   0.0001670881800157246   
1.0860750000000001   0.0017591836734693878   0.00019034981230236785   
1.0860770000000002   0.0018387755102040816   0.0001382292168680201   
1.086079   0.0021755102040816327   0.00022348155362984543   
1.0860810000000001   0.0019448979591836735   0.00016674439392595399   
1.0860830000000001   0.0019081632653061224   0.0002172242102902247   
1.086085   0.0021387755102040816   0.00020838545786911621   
1.086087   0.0014183673469387755   0.00017381584716322116   
1.0860890000000001   0.0018122448979591837   0.00021631797356113053   
1.0860910000000001   0.0021408163265306122   0.00016488566667996313   
1.086093   0.0021346938775510204   0.0001262523456157311   
1.086095   0.0022877551020408163   0.0001693440371963616   
1.0860970000000001   0.0021204081632653061   0.00010809478857528876   
1.0860990000000001   0.0021489795918367347   0.00015365869782923319   
1.086101   0.0014857142857142857   0.00018991169998818218   
1.086103   0.0018775510204081633   0.00016660418098410558   
1.0861050000000001   0.0022938775510204082   0.00028834551289198586   
1.0861070000000002   0.0019693877551020408   0.0001953992082162083   
1.086109   0.001663265306122449   0.00013948896237104706   
1.086111   0.001626530612244898   0.00010163411012624722   
1.0861130000000001   0.0016959183673469388   0.00021618208500602223   
1.0861150000000002   0.0016387755102040816   0.00011861144586035216   
1.086117   0.0018020408163265306   0.00014647350120935654   
1.0861190000000001   0.0019755102040816327   0.00018215039968630815   
1.0861210000000001   0.0019061224489795918   0.00016708125583157686   
1.0861230000000002   0.0016816326530612245   0.00016216180361913319   
1.086125   0.0018673469387755102   0.00014679540750823829   
1.0861270000000001   0.0020693877551020408   0.00019152287733080571   
1.0861290000000001   0.002073469387755102   0.00022194392310343898   
1.0861310000000002   0.0020857142857142857   0.00021644629380666793   
1.086133   0.0022081632653061224   0.00012281879152201366   
1.0861350000000001   0.0017448979591836735   0.00015492441195138692   
1.0861370000000001   0.0016591836734693878   0.00015781873087936301   
1.086139   0.0020489795918367347   0.00024308093882516014   
1.086141   0.0014204081632653061   0.00027326624600388071   
1.0861430000000001   0.0019489795918367347   0.00017344270836587088   
1.0861450000000001   0.0017857142857142857   0.00012676629356179744   
1.086147   0.0019204081632653061   0.0001695898038194967   
1.086149   0.0017714285714285714   0.00019381906266595533   
1.0861510000000001   0.0014326530612244898   0.00021518115469296865   
1.0861530000000001   0.0020040816326530612   0.000264359028169852   
1.086155   0.0014448979591836735   0.00014102485463782246   
1.086157   0.0015530612244897959   0.00019838885506234545   
1.0861590000000001   0.0016326530612244898   0.00016258361084396904   
1.0861610000000002   0.0017224489795918367   0.00026053977723077044   
1.086163   0.0016387755102040816   0.00017023257345934891   
1.086165   0.0023224489795918367   0.00019486679239350018   
1.0861670000000001   0.0016612244897959184   0.00015578676879228807   
1.0861690000000002   0.0017591836734693878   0.00016117712212118028   
1.086171   0.0012612244897959184   0.00020639953536390492   
1.0861730000000001   0.0014979591836734694   0.00018495896837519054   
1.0861750000000001   0.0017122448979591837   0.00014566244623713866   
1.0861770000000002   0.001963265306122449   0.00016773363871720569   
1.086179   0.0017959183673469388   0.00020053609487052619   
1.0861810000000001   0.0022551020408163265   0.00019924541810920558   
1.0861830000000001   0.0018530612244897959   0.00010476190476190476   
1.0861850000000002   0.0014857142857142857   0.00014171228981739212   
1.086187   0.0020163265306122449   0.00024955511343042177   
1.0861890000000001   0.0014693877551020408   0.00019296239434404593   
1.0861910000000001   0.0020326530612244898   0.00018953118347141543   
1.0861930000000002   0.0020428571428571429   0.00011994607516224827   
1.086195   0.0019918367346938776   0.00015688201692951918   
1.0861970000000001   0.001836734693877551   0.00011006962487173267   
1.0861990000000001   0.0018408163265306122   0.00020951497463482903   
1.086201   0.0016693877551020408   0.00026559900108367994   
1.086203   0.0018918367346938776   0.00016537889274784947   
1.0862050000000001   0.0015775510204081633   6.0773090293847413e-05   
1.0862070000000001   0.0018653061224489796   0.00019709585689699436   
1.086209   0.0019408163265306122   0.00026210258453554745   
1.086211   0.0017938775510204082   0.00020176577169528526   
1.0862130000000001   0.001726530612244898   0.00019702540596947454   
1.0862150000000002   0.0018693877551020408   0.00012936622208998437   
1.086217   0.0014877551020408163   0.00017834160786075366   
1.086219   0.0018795918367346939   0.00016194048654054798   
1.0862210000000001   0.0015408163265306122   0.00014758142409038123   
1.0862230000000002   0.0017897959183673469   0.00014975414470015607   
1.086225   0.0019040816326530612   0.00013808183306809023   
1.0862270000000001   0.0015816326530612245   0.00011653321337308465   
1.0862290000000001   0.001863265306122449   0.00021167396610212001   
1.0862310000000002   0.0021857142857142857   0.00021517362743608895   
1.086233   0.0017714285714285714   0.00016195048802638384   
1.0862350000000001   0.0016795918367346939   0.00017343737199554269   
1.0862370000000001   0.001863265306122449   0.00020408276643675991   
1.0862390000000002   0.0019346938775510204   0.00014618096346735557   
1.086241   0.0018285714285714286   0.00016006500599939853   
1.0862430000000001   0.0017591836734693878   0.00010476190476190476   
1.0862450000000001   0.0021857142857142857   0.00019719561929220554   
1.0862470000000002   0.0020918367346938776   0.00022654695452890432   
1.086249   0.0019081632653061224   0.00022148577586422184   
1.0862510000000001   0.001673469387755102   0.00021946552436929754   
1.0862530000000001   0.0016163265306122449   0.00017308347095280817   
1.086255   0.0014918367346938776   0.00017456503397071243   
1.086257   0.0016469387755102041   0.00014034229589350363   
1.0862590000000001   0.0017673469387755102   0.00012846880690190886   
1.0862610000000001   0.0016551020408163265   0.00015321836227127291   
1.086263   0.0016816326530612245   0.00021163351679293346   
1.086265   0.0017285714285714286   0.00021619492852344124   
1.0862670000000001   0.001436734693877551   0.00013331250705043744   
1.0862690000000002   0.0015673469387755102   9.6435619845819594e-05   
1.086271   0.0021204081632653061   0.00010237812729168888   
1.086273   0.0017918367346938776   0.00020849646535499889   
1.0862750000000001   0.0020959183673469388   0.00018080526985128918   
1.0862770000000002   0.0020408163265306122   0.00012275095040696556   
1.086279   0.0018714285714285714   0.00013533996081457181   
1.0862810000000001   0.0018102040816326531   0.00020752313652028446   
1.0862830000000001   0.001726530612244898   0.00023557853577449428   
1.0862850000000002   0.0016428571428571429   7.0450051623156392e-05   
1.086287   0.0016306122448979592   9.7374008035415254e-05   
1.0862890000000001   0.0017489795918367347   0.0001351346460987758   
1.0862910000000001   0.0018489795918367347   0.00024640879391817406   
1.0862930000000002   0.0014571428571428571   0.00013832125199606895   
1.086295   0.0017061224489795918   0.00019236671136275152   
1.0862970000000001   0.0017877551020408163   0.00017218277028088571   
1.0862990000000001   0.0014816326530612245   0.00020808321790254506   
1.0863010000000002   0.0016040816326530612   0.00012789115646258503   
1.086303   0.0017653061224489796   0.00018702534905299261   
1.0863050000000001   0.0016387755102040816   0.00010308086743949736   
1.0863070000000001   0.0015612244897959184   0.0001416616645775573   
1.086309   0.0019571428571428571   0.00019822550288259694   
1.086311   0.0016428571428571429   0.00015432584152258774   
1.0863130000000001   0.0017244897959183673   0.00021250746884272859   
1.0863150000000001   0.0020285714285714286   0.00012226743912196447   
1.086317   0.0018081632653061224   0.00023903023411397985   
1.086319   0.0019040816326530612   0.00018417794163228357   
1.0863210000000001   0.0020285714285714286   0.00013534508969192803   
1.0863230000000001   0.0015489795918367347   0.00016313628689022123   
1.086325   0.0017346938775510204   0.00012715812504099355   
1.086327   0.0018204081632653061   0.0001276593644162166   
1.0863290000000001   0.0018591836734693878   0.00011092608037567522   
1.0863310000000002   0.0017653061224489796   0.0001866538243534608   
1.086333   0.0017183673469387755   0.00024041243658352801   
1.0863350000000001   0.0016408163265306122   0.00026992662382235908   
1.0863370000000001   0.0020775510204081633   0.00015395205616125862   
1.0863390000000002   0.0016897959183673469   0.00024284475663453757   
1.086341   0.0016612244897959184   0.00024695283031909155   
1.0863430000000001   0.0018244897959183673   0.00018149884240165761   
1.0863450000000001   0.0016   0.00017255863357531544   
1.0863470000000002   0.0017346938775510204   0.00023296712699868292   
1.086349   0.0015795918367346939   0.00015744148084244097   
1.0863510000000001   0.0018224489795918367   0.00020214615087842103   
1.0863530000000001   0.0015102040816326531   0.00016793216623914617   
1.0863550000000002   0.0015306122448979592   0.00016470454070294728   
1.086357   0.0015387755102040816   0.00016093001034869086   
1.0863590000000001   0.0014816326530612245   0.00022052151280391999   
1.0863610000000001   0.0017326530612244898   0.0001771961945678768   
1.086363   0.0013857142857142857   0.00010309882343274238   
1.086365   0.0015551020408163265   0.00012902952619895153   
1.0863670000000001   0.0012020408163265306   9.2649465002580955e-05   
1.0863690000000001   0.0015897959183673469   0.00021374946399107494   
1.086371   0.0016244897959183673   0.00025157562622424451   
1.086373   0.0014938775510204082   0.00018728621328963482   
1.0863750000000001   0.0017061224489795918   0.0001619047619047619   
1.0863770000000001   0.0016918367346938776   0.00015844499814503124   
1.086379   0.0015591836734693878   0.0001776070493085481   
1.086381   0.0015836734693877551   0.00018160080232341316   
1.0863830000000001   0.0017612244897959184   0.00010918526287863413   
1.0863850000000002   0.0016591836734693878   0.00017147850476749971   
1.086387   0.0014204081632653061   0.00016763428678848791   
1.086389   0.0014938775510204082   0.00019010654122131775   
1.0863910000000001   0.0012836734693877551   0.00012790020231433474   
1.0863930000000002   0.0017306122448979592   0.0002396412392522884   
1.086395   0.0017877551020408163   0.00016837799732685695   
1.0863970000000001   0.0013938775510204082   0.00016646662992119362   
1.0863990000000001   0.0016918367346938776   0.00019806201597774518   
1.0864010000000002   0.0016571428571428571   0.00020971366961122427   
1.086403   0.0015612244897959184   0.00012343705654166024   
1.0864050000000001   0.0014061224489795918   0.00018660919168320209   
1.0864070000000001   0.0014285714285714286   0.00018044530250487462   
1.0864090000000002   0.0015551020408163265   9.1965140768006465e-05   
1.086411   0.0014408163265306122   0.0001025474948909457   
1.0864130000000001   0.001536734693877551   0.00018367472914659948   
1.0864150000000001   0.0015591836734693878   0.00024592001391983644   
1.086417   0.0014755102040816327   0.00014539533300597883   
1.086419   0.0014897959183673469   0.00016385946308628794   
1.0864210000000001   0.0015081632653061224   0.00027138423929986693   
1.0864230000000001   0.0015775510204081633   0.00015560397361014646   
1.086425   0.0013693877551020408   0.00013342527719779154   
1.086427   0.0013857142857142857   0.00012764667615005844   
1.0864290000000001   0.0015979591836734694   0.00014807603486533267   
1.0864310000000001   0.0014244897959183673   0.00016379731913763259   
1.086433   0.0014020408163265306   0.00016167164375449444   
1.086435   0.0014795918367346939   0.00014641662074850941   
1.0864370000000001   0.0012775510204081633   0.00013128370489619506   
1.0864390000000002   0.0015755102040816327   0.00021462126842678635   
1.086441   0.0014224489795918367   9.1270615903530943e-05   
1.086443   0.0015183673469387755   0.000151112308864379   
1.0864450000000001   0.0012428571428571429   0.00010826589919500051   
1.0864470000000002   0.0016183673469387755   0.00022725670644714198   
1.086449   0.0014530612244897959   0.00012446563090246976   
1.0864510000000001   0.0013163265306122449   0.00017996379745048529   
1.0864530000000001   0.0013979591836734694   0.00015372494041250005   
1.0864550000000002   0.0013061224489795918   0.00020168662694385841   
1.086457   0.0012530612244897959   0.00017376125905748776   
1.0864590000000001   0.0011469387755102041   0.00010989290071460502   
1.0864610000000001   0.001463265306122449   0.00020430939671218057   
1.0864630000000002   0.0013204081632653061   0.00014456542597053713   
1.086465   0.001126530612244898   0.00011234998173169921   
1.0864670000000001   0.0012346938775510204   0.00013184824756846728   
1.0864690000000001   0.0011653061224489796   0.00010839405489705715   
1.0864710000000002   0.0012510204081632653   0.00014498097331367715   
1.086473   0.0011877551020408163   0.00019581440930480026   
1.0864750000000001   0.001273469387755102   0.00011927868731593843   
1.0864770000000001   0.0013326530612244898   8.9115646258503401e-05   
1.086479   0.0016469387755102041   0.00024153108884684169   
1.086481   0.0015183673469387755   0.00014047907295555296   
1.0864830000000001   0.0011714285714285714   0.00012051380891308053   
1.0864850000000001   0.0011551020408163265   0.00012474046359131531   
1.086487   0.0012653061224489796   0.00014935032925238197   
1.086489   0.00095714285714285714   0.00011689798768669131   
1.0864910000000001   0.0013857142857142857   0.0001613966186975509   
1.0864930000000002   0.0013836734693877551   0.00011825000047695654   
1.086495   0.0012224489795918367   0.00011677916473700952   
1.086497   0.0012040816326530612   8.4911476335400951e-05   
1.0864990000000001   0.0014775510204081633   0.00012647208067602299   
1.0865010000000002   0.0010224489795918367   0.00012044659058589423   
1.086503   0.0013040816326530612   0.00018259826386368703   
1.0865050000000001   0.0011816326530612245   0.00010736452611934927   
1.0865070000000001   0.0012979591836734694   0.00010214054083876713   
1.0865090000000002   0.0012040816326530612   0.00018577781674789092   
1.086511   0.0010795918367346939   0.00013404813257353818   
1.0865130000000001   0.0014326530612244898   0.0001713637713614562   
1.0865150000000001   0.0012224489795918367   0.00010915982955360271   
1.0865170000000002   0.0013020408163265306   0.0001851990060710161   
1.086519   0.0011755102040816327   0.00017094197217446469   
1.0865210000000001   0.0011204081632653061   0.00012261704263978282   
1.0865230000000001   0.0010306122448979592   0.00012089911057280217   
1.0865250000000002   0.0011612244897959184   0.00014989005179589966   
1.086527   0.0011346938775510204   0.00016599754618500208   
1.0865290000000001   0.0010979591836734694   0.0001656235579299244   
1.0865310000000001   0.0010040816326530612   0.00010720708581274509   
1.086533   0.0011795918367346939   7.3254914971275123e-05   
1.086535   0.001373469387755102   8.2817366992834882e-05   
1.0865370000000001   0.0013326530612244898   0.00014691515305204938   
1.0865390000000001   0.0013387755102040816   0.00015284792393841589   
1.086541   0.0012612244897959184   0.00010594787664724781   
1.086543   0.0012408163265306122   0.00020060069908621113   
1.0865450000000001   0.0010448979591836735   0.0001443652178271624   
1.0865470000000002   0.0010326530612244898   9.8684015269597766e-05   
1.086549   0.0010591836734693878   0.00010260388862981897   
1.086551   0.001163265306122449   0.00013141758520863402   
1.0865530000000001   0.0013040816326530612   0.00012648122801915239   
1.0865550000000002   0.0012795918367346939   0.00016484636942474024   
1.086557   0.0010448979591836735   0.00013682773427781907   
1.0865590000000001   0.0012938775510204082   0.00010026573974363377   
1.0865610000000001   0.00098571428571428571   0.00013035866824637475   
1.0865630000000002   0.001136734693877551   9.6159296007766894e-05   
1.086565   0.0010489795918367347   0.00012990169537175522   
1.0865670000000001   0.00095102040816326531   0.00012518485567780619   
1.0865690000000001   0.001036734693877551   0.00014072921160884217   
1.0865710000000002   0.00088571428571428571   0.0001002195747521246   
1.086573   0.0011551020408163265   0.00013677360938081297   
1.0865750000000001   0.0011102040816326531   0.000193971811433761   
1.0865770000000001   0.0010408163265306122   0.00017626794189134028   
1.0865790000000002   0.0010061224489795918   0.00015527648621736538   
1.086581   0.0012775510204081633   0.00012890034593008992   
1.0865830000000001   0.00087755102040816327   0.00012146238977233003   
1.0865850000000001   0.00085510204081632653   0.00013146863518036774   
1.086587   0.0011918367346938776   0.0002011858039376745   
1.086589   0.0012081632653061224   0.00010551018215151726   
1.0865910000000001   0.00095714285714285714   6.4064876414636716e-05   
1.0865930000000001   0.0010959183673469388   0.00013229674804486265   
1.086595   0.0009673469387755102   0.00012676446826005202   
1.086597   0.00093469387755102041   0.00011575824909608592   
1.0865990000000001   0.0012142857142857143   0.00018001521935237063   
1.0866010000000002   0.0010918367346938776   0.00017955189207395381   
1.086603   0.0010346938775510204   9.5337654472959354e-05   
1.086605   0.0012061224489795918   0.00020100745840397935   
1.0866070000000001   0.00099387755102040816   0.00013278556089810967   
1.0866090000000002   0.0010102040816326531   0.00010068257029919751   
1.086611   0.00083877551020408163   0.00011254135248132438   
1.0866130000000001   0.0009   9.9163515210255853e-05   
1.0866150000000001   0.00082857142857142857   0.00010469120328277897   
1.0866170000000002   0.00097551020408163265   0.00014148351587870114   
1.086619   0.001026530612244898   9.8864392835184237e-05   
1.0866210000000001   0.0008673469387755102   0.00010335883479265795   
1.0866230000000001   0.00083673469387755102   0.00010446109299648757   
1.0866250000000002   0.00088775510204081633   0.00010196142035893915   
1.086627   0.0012836734693877551   0.00019906417180233403   
1.0866290000000001   0.00075306122448979592   0.00014199447989223638   
1.0866310000000001   0.0010061224489795918   0.00019103537937726735   
1.0866330000000002   0.0012469387755102041   9.0220086615325619e-05   
1.086635   0.0010020408163265306   0.00015739003442050656   
1.0866370000000001   0.0008326530612244898   0.00014803696446458045   
1.0866390000000001   0.00087346938775510204   8.9620525471425606e-05   
1.086641   0.0010061224489795918   0.00014411657346142785   
1.086643   0.00094489795918367347   0.00012218603665449771   
1.0866450000000001   0.00097755102040816327   0.00014238503135499752   
1.0866470000000001   0.00077755102040816327   8.5803322722366227e-05   
1.086649   0.0008   8.4408584322427751e-05   
1.086651   0.00082653061224489796   0.00012451953103858799   
1.0866530000000001   0.00084897959183673469   0.00010609628144153417   
1.0866550000000001   0.00089591836734693878   0.00010839405489705715   
1.086657   0.00071428571428571429   0.00012488135884820285   
1.086659   0.00091020408163265306   0.00011633249775839837   
1.0866610000000001   0.00069591836734693878   0.00014058609460997965   
1.0866630000000002   0.00094285714285714286   0.00017076862496580115   
1.086665   0.00062244897959183673   0.00014018392947489011   
1.086667   0.00083877551020408163   9.6322783277738209e-05   
1.0866690000000001   0.00077142857142857143   0.00014336805303204888   
1.0866710000000002   0.00067959183673469388   0.00012777712386177335   
1.086673   0.00073877551020408163   0.00012126410859949492   
1.0866750000000001   0.00095714285714285714   0.00016589297025126356   
1.0866770000000001   0.0008163265306122449   0.00012957353415846668   
1.0866790000000002   0.00097346938775510204   0.00013289007258463597   
1.086681   0.00075714285714285714   0.00013889717222742264   
1.0866830000000001   0.00088571428571428571   0.00012283386223702492   
1.0866850000000001   0.00085102040816326531   0.00010468457257098554   
1.0866870000000002   0.00073673469387755102   0.00010601992256528375   
1.086689   0.00077551020408163265   0.00011672169028314131   
1.0866910000000001   0.00064897959183673469   0.00011106575037800572   
1.0866930000000001   0.00070816326530612245   8.5619751345923324e-05   
1.086695   0.00059591836734693878   7.9437608582285713e-05   
1.086697   0.00073877551020408163   0.00012274341019071059   
1.0866990000000001   0.00065510204081632653   0.00013380625555841179   
1.0867010000000001   0.00087755102040816327   0.00014773029445594986   
1.086703   0.00057346938775510204   9.1442843881140666e-05   
1.086705   0.00077551020408163265   5.6261423477919272e-05   
1.0867070000000001   0.00067755102040816327   7.3444188170153901e-05   
1.0867090000000001   0.00088775510204081633   0.00011525544207598961   
1.086711   0.00081836734693877551   0.00014088203797240735   
1.086713   0.00073061224489795918   0.00010203174562858598   
1.0867150000000001   0.00066122448979591837   9.6933404792146263e-05   
1.0867170000000002   0.00060816326530612245   0.00012240361971638077   
1.086719   0.00068571428571428571   9.7457141328142698e-05   
1.086721   0.00093673469387755102   7.4919550540378239e-05   
1.0867230000000001   0.00089795918367346939   0.00013232997459360902   
1.0867250000000002   0.00064081632653061224   0.00011416417249413974   
1.086727   0.00064897959183673469   0.00011910785648021382   
1.0867290000000001   0.00072244897959183673   0.00013198681459941142   
1.0867310000000001   0.0006836734693877551   6.8788259918900287e-05   
1.0867330000000002   0.00062857142857142857   0.00013364533812801124   
1.086735   0.00048979591836734694   9.6445216862298131e-05   
1.0867370000000001   0.00069591836734693878   9.1594540806725436e-05   
1.0867390000000001   0.00043061224489795918   8.4717779322703891e-05   
1.0867410000000002   0.00078571428571428571   9.717419795885736e-05   
1.086743   0.00052857142857142857   9.8461016175101066e-05   
1.0867450000000001   0.00062040816326530612   0.0001089370346725768   
1.0867470000000001   0.00067959183673469388   0.000101223484012266   
1.0867490000000002   0.00075306122448979592   0.00012220118540534221   
1.086751   0.00072448979591836735   0.000165328516721678   
1.0867530000000001   0.00063673469387755102   6.774089406533117e-05   
1.0867550000000001   0.00052448979591836735   9.2978540664057372e-05   
1.086757   0.00058979591836734694   7.0001950218431926e-05   
1.086759   0.00068571428571428571   0.00011755920858355346   
1.0867610000000001   0.00064285714285714286   0.00014005182066526422   
1.0867630000000001   0.00070612244897959184   0.00012763761233056479   
1.086765   0.00066326530612244898   0.00010398376974064597   
1.086767   0.00047142857142857143   6.1333991268223812e-05   
1.0867690000000001   0.00060816326530612245   0.00010802412648315215   
1.0867710000000002   0.00059795918367346939   0.00012587975387104043   
1.086773   0.00045918367346938776   6.6182470448727238e-05   
1.086775   0.00057551020408163265   8.9102663020587432e-05   
1.0867770000000001   0.00055918367346938776   0.00011012006539597424   
1.0867790000000002   0.00063673469387755102   9.0238037544437711e-05   
1.086781   0.00051020408163265306   7.377111135633175e-05   
1.0867830000000001   0.00059387755102040816   9.3246920589161427e-05   
1.0867850000000001   0.00051224489795918367   9.5985888329901197e-05   
1.0867870000000002   0.00038979591836734694   8.5857239607618047e-05   
1.086789   0.00055102040816326531   9.4064685809216897e-05   
1.0867910000000001   0.00056122448979591837   0.00010670735375616349   
1.0867930000000001   0.00062040816326530612   5.0100551400059779e-05   
1.0867950000000002   0.00080204081632653061   8.5727782114204706e-05   
1.086797   0.00054285714285714286   6.8650208498192458e-05   
1.0867990000000001   0.00067755102040816327   9.5325518669950254e-05   
1.0868010000000001   0.00051428571428571429   5.7947046092644501e-05   
1.0868030000000002   0.00057551020408163265   0.00010489434159127283   
1.086805   0.00041020408163265306   6.2083915093240065e-05   
1.0868070000000001   0.00046326530612244898   8.8699240049390738e-05   
1.0868090000000001   0.00052040816326530612   7.0777728049948339e-05   
1.086811   0.00048775510204081633   8.5911122655226347e-05   
1.086813   0.00053061224489795918   8.7646930113776364e-05   
1.0868150000000001   0.00045306122448979592   8.6627251046158399e-05   
1.0868170000000001   0.00041428571428571429   9.4165485673953695e-05   
1.086819   0.00056122448979591837   9.769664364860593e-05   
1.086821   0.00046326530612244898   8.2087733789449833e-05   
1.0868230000000001   0.00033877551020408163   6.6248864347971976e-05   
1.0868250000000002   0.00035510204081632653   8.781572551349619e-05   
1.086827   0.00050816326530612245   8.4059724596702379e-05   
1.086829   0.00041428571428571429   4.943570693612017e-05   
1.0868310000000001   0.00028571428571428571   5.8202039826414796e-05   
1.0868330000000002   0.00063673469387755102   0.00012371978507547474   
1.086835   0.00043061224489795918   8.54791072318264e-05   
1.0868370000000001   0.0004326530612244898   5.7465883216171091e-05   
1.0868390000000001   0.00037142857142857143   4.9599254785192339e-05   
1.0868410000000002   0.00047959183673469388   0.00010168873499342904   
1.086843   0.00046326530612244898   9.0045519928623142e-05   
1.0868450000000001   0.00038775510204081633   9.2976052045006191e-05   
1.0868470000000001   0.00046530612244897959   0.00010729338308648911   
1.0868490000000002   0.00055102040816326531   0.00010833213190418712   
1.086851   0.00041836734693877551   7.1233942806798955e-05   
1.0868530000000001   0.00051428571428571429   9.1763639341046245e-05   
1.0868550000000001   0.00058979591836734694   9.9582635908211036e-05   
1.0868570000000002   0.00049387755102040816   8.173463018163586e-05   
1.086859   0.00044489795918367347   6.329090258292793e-05   
1.0868610000000001   0.00053877551020408163   0.00010236682615497512   
1.0868630000000001   0.00036938775510204082   6.2158409858570628e-05   
1.086865   0.00034897959183673469   3.9485093499133199e-05   
1.086867   0.00055714285714285714   7.6363384944811961e-05   
1.0868690000000001   0.00037142857142857143   8.8162845384067562e-05   
1.0868710000000001   0.00035510204081632653   7.3658109842934225e-05   
1.086873   0.00042244897959183673   7.3522908195505536e-05   
1.086875   0.00042653061224489796   7.8597192230373079e-05   
1.0868770000000001   0.0004   0.00011525343447372719   
1.0868790000000002   0.00041020408163265306   8.1714811264141623e-05   
1.086881   0.00023673469387755102   5.1915058580514049e-05   
1.086883   0.00029387755102040816   6.361180804114808e-05   
1.0868850000000001   0.00058571428571428571   9.4508870018117555e-05   
1.0868870000000002   0.00041428571428571429   6.5252954547591634e-05   
1.086889   0.00032040816326530612   7.6484491015580089e-05   
1.0868910000000001   0.00039795918367346939   4.9360761724276835e-05   
1.0868930000000001   0.00025102040816326531   3.5223383580951341e-05   
1.0868950000000002   0.00023877551020408163   4.3029563539778147e-05   
1.086897   0.00040612244897959184   8.9084483308631622e-05   
1.0868990000000001   0.00037755102040816327   6.865357890880392e-05   
1.0869010000000001   0.00034693877551020408   7.8275645516421908e-05   
1.0869030000000002   0.00041020408163265306   6.9204105371624576e-05   
1.086905   0.0004   7.2134509615301022e-05   
1.0869070000000001   0.00027755102040816327   9.3333729992612223e-05   
1.0869090000000001   0.0002   3.7482931466546696e-05   
1.0869110000000002   0.00031224489795918367   8.3872337094018439e-05   
1.086913   0.0002   5.2146307202004898e-05   
1.0869150000000001   0.00034693877551020408   5.88346892801079e-05   
1.0869170000000001   0.00024693877551020408   3.7439694981815002e-05   
1.086919   0.00034081632653061224   5.7566457137523889e-05   
1.086921   0.0002673469387755102   7.0068027210884354e-05   
1.0869230000000001   0.00044897959183673469   4.3024185852631011e-05   
1.0869250000000001   0.00018979591836734694   4.3670078491711655e-05   
1.086927   0.00044897959183673469   9.5674413560539669e-05   
1.086929   0.00031428571428571429   7.6008042032453995e-05   
1.0869310000000001   0.00028163265306122449   9.2366824884319338e-05   
1.0869330000000001   0.00025714285714285714   6.6805353454100232e-05   
1.086935   0.0003163265306122449   4.5354308301451114e-05   
1.086937   0.00023673469387755102   7.1425331964118026e-05   
1.0869390000000001   0.0002673469387755102   5.5636943484604997e-05   
1.0869410000000002   0.00028775510204081633   7.2789115646258503e-05   
1.086943   0.00034897959183673469   6.2083915093240065e-05   
1.0869450000000001   0.00041428571428571429   8.4750547933775627e-05   
1.0869470000000001   0.00040408163265306122   6.2109998424562326e-05   
1.0869490000000002   0.00031224489795918367   7.0830015602042407e-05   
1.086951   0.00023469387755102041   6.9590872510459932e-05   
1.0869530000000001   0.00022448979591836735   6.0616787510055685e-05   
1.0869550000000001   0.00027551020408163265   4.6562625737816607e-05   
1.0869570000000002   0.00024693877551020408   3.8536079015696725e-05   
1.086959   0.0002326530612244898   5.1825842053716761e-05   
1.0869610000000001   0.00031428571428571429   0.00012610564286386387   
1.0869630000000001   0.00031224489795918367   5.6429791312627178e-05   
1.0869650000000002   0.00034285714285714286   6.128492859621882e-05   
1.086967   0.00017551020408163265   3.2368373478558692e-05   
1.0869690000000001   0.00032857142857142857   8.8354227553559341e-05   
1.0869710000000001   0.00029795918367346939   8.0041175946028448e-05   
1.086973   0.0001836734693877551   3.521681389263887e-05   
1.086975   0.00027551020408163265   5.1201492701180172e-05   
1.0869770000000001   0.00018775510204081633   8.8998728932932193e-05   
1.0869790000000001   0.00034081632653061224   8.1692155185168932e-05   
1.086981   0.00027551020408163265   6.6042475642678908e-05   
1.086983   0.0002836734693877551   5.8237808777753718e-05   
1.0869850000000001   0.00027551020408163265   5.1291795227603558e-05   
1.0869870000000001   0.00029387755102040816   7.5458093191085973e-05   
1.086989   0.0001836734693877551   4.4504563901486057e-05   
1.086991   0.00023877551020408163   3.0581995636719758e-05   
1.0869930000000001   0.00014693877551020408   3.1292517006802721e-05   
1.0869950000000002   0.00025102040816326531   5.9774980275411367e-05   
1.086997   0.0003326530612244898   9.0915001553759074e-05   
1.086999   0.00028775510204081633   9.3692512107073184e-05   
