0.44213184308663317   80.482717280313925  0.010706257929536672     
0.88426368617326634   1.5833427522533829e-06  1.7898358644101119e-08     
1.3263955292598995   8.4527055810529836  0.010788911701581008     
1.7685273723465327   2.0152561059111053e-06  4.5849265583577806e-08     
2.2106592154331657   2.7338059770509787  0.010961388710947671     
2.6527910585197989   4.279952954925697e-06  9.0252455354193814e-08     
3.0949229016064321   1.2289202525091749  0.011231040682095621     
3.5370547446930654   1.4624393882637533e-05  1.4188526284878211e-07     
3.9791865877796986   0.73284323020621913  0.0115481271414471     
4.4213184308663314   0.0025870486571228036  3.2514885294324895e-05     
4.8634502739529646   0.63181091374619498  0.012708989507464629     
5.3055821170395978   9.7035796661856304e-05  3.1863544486799334e-07     
5.747713960126231   1.0097881885877331  0.013740054974499379     
6.1898458032128643   9.1165291122308782e-05  5.5853716806333659e-07     
6.6319776462994975   2.3010344837206975  0.016002395789850133     
7.0741094893861307   6.8018027879471497e-05  7.1967405217360796e-07     
7.5162413324727639   7.5151562275380804  0.022028631611560962     
7.9583731755593972   0.00014541632120650972  1.9954947027983903e-06     
8.4005050186460295   75.81202631959394  0.069779413893577294     
8.8426368617326627   194.12609778729367  0.079892575076237888     
9.2847687048192959   80.414320507741895  0.01446521416067087     
9.7269005479059292   0.0004443136962230476  3.1350244910587049e-06     
10.169032390992562   8.9771661985523775  0.0044370499075572577     
10.611164234079196   0.00021157746953374561  1.6681568508148464e-06     
11.053296077165829   3.0741536279737374  0.0063925666200766682     
11.495427920252462   0.00019163874782973199  1.7174701999584076e-06     
11.937559763339095   1.4417398350908816  0.0079528531116578126     
12.379691606425729   0.00020856505066334104  1.8854010209743693e-06     
12.821823449512362   0.86704498005129387  0.0092402168997243935     
13.263955292598995   0.021915602675037269  0.00026187380963362697     
13.706087135685628   0.57751132243604268  0.012427504009324175     
14.148218978772261   0.0015926336246970682  2.8107041600917822e-06     
14.590350821858895   0.81545374089737048  0.014739512527148389     
15.032482664945528   0.0014850317007353618  4.5582238957145129e-06     
15.474614508032161   1.8361018713127716  0.019981580389889481     
15.916746351118794   0.0009976607947834399  3.7021238985660529e-06     
16.358878194205428   6.2969819837710229  0.034793357767322829     
16.801010037292059   0.0015571440600075078  2.0826386459483613e-05     
17.243141880378694   67.096364100903807  0.17554565854322626     
17.685273723465325   177.42875272493058  0.29669162875154284     
18.12740556655196   75.675234150451597  0.081868838686456643     
18.569537409638592   0.003408027281790612  2.2747646960811666e-05     
19.011669252725227   9.0145234673126335  0.0053148043837624584     
19.453801095811858   0.0018797469664670975  6.3392653069707542e-06     
19.895932938898493   3.2738096695223981  0.0041960810542397598     
20.338064781985125   0.0019937099552805149  7.1652225744738476e-06     
20.78019662507176   1.6166449642586799  0.0051091857526626436     
21.222328468158391   0.0018007186706630557  6.7582236259843928e-06     
21.664460311245026   1.0117261002606198  0.0067198324960151062     
22.106592154331658   0.05401591938516084  0.00058153192787341499     
22.548723997418293   0.57228097516833175  0.010961654016009692     
22.990855840504924   0.0075258242471718486  1.22625869177506e-05     
23.432987683591559   0.67031383991529681  0.013966125549009036     
23.875119526678191   0.0072619467956410661  1.7297242659337902e-05     
24.317251369764826   1.3993182118631978  0.021803680509036073     
24.759383212851457   0.0049841832302592312  1.0373133404036792e-05     
25.201515055938092   4.9619615264270452  0.045658184843392837     
25.643646899024723   0.0073902299442954178  9.0562571599930172e-05     
26.085778742111358   55.644325940280632  0.29725348848604718     
26.52791058519799   152.46672935599914  0.58903470552972927     
26.970042428284625   67.061680238865236  0.191442207385944     
27.412174271371256   0.012702457044988484  7.4748684122486768e-05     
27.854306114457891   8.5648269263049224  0.012039026588352658     
28.296437957544523   0.0077189144436939514  1.7166584136800565e-05     
28.738569800631154   3.3064064805069857  0.0047187974380889554     
29.180701643717789   0.00883192871566245  2.3402354697146561e-05     
29.622833486804421   1.7282675236682302  0.0042400595590690431     
30.064965329891056   0.0079447958835376543  1.8285126511372757e-05     
30.507097172977687   1.1403046224608595  0.0054955628857782358     
30.949229016064322   0.088923048310908129  0.0008209438189840048     
31.391360859150954   0.60841718386196656  0.0090130407960683802     
31.833492702237589   0.021978122939207024  4.3169683099801252e-05     
32.27562454532422   0.58786217669917368  0.011689395589317396     
32.717756388410855   0.021676083200126537  4.7309538806783733e-05     
33.15988823149749   1.0400311770461434  0.020976397607943473     
33.602020074584118   0.015315322591330133  2.500083128716885e-05     
34.044151917670753   3.6737925404036454  0.051786589001559949     
34.486283760757388   0.022250939359775849  0.00023396617659481581     
34.928415603844023   43.086680381872047  0.39993692545975284     
35.370547446930651   122.85326038533086  0.87626748788169262     
35.812679290017286   55.897737487032749  0.31295505312566998     
36.254811133103921   0.032874306387573413  0.00015300737183042583     
36.696942976190556   7.7018369303016151  0.023532770658033907     
37.139074819277184   0.021371168078193152  3.6770660851619802e-05     
37.581206662363819   3.1727293131590246  0.0063150258970515483     
38.023338505450454   0.025381605596838794  6.1455063332219616e-05     
38.465470348537089   1.7628970418567147  0.0051026962496279979     
38.907602191623717   0.023038351252884871  3.9238313393318118e-05     
39.349734034710352   1.2292604776320343  0.0060078391362380152     
39.791865877796987   0.11797174581528707  0.00094144680915564076     
40.233997720883622   0.67170676306702177  0.0074874132979443026     
40.67612956397025   0.049043367311287409  0.00012139094597260856     
41.118261407056885   0.56934438310194058  0.0087387897168425959     
41.56039325014352   0.04899388813149342  0.00010867386711354889     
42.002525093230155   0.78901463876220049  0.017729450013174136     
42.444656936316782   0.035670120099564828  5.7597705462441412e-05     
42.886788779403417   2.5681190179112261  0.051609326748369997     
43.328920622490052   0.051031032576801519  0.0004432041994550448     
43.77105246557668   31.023020217460543  0.45545084062761145     
44.213184308663315   92.477529387622732  1.0827358272053924     
