0.44102683529415743   7.5518754260704407  0.0082990462068526587
0.88205367058831485   2.1236519985525904  0.0048631945370356936
1.3230805058824724   0.13625976743818628  0.00066318002839892193
1.7641073411766297   4.1373612042263338e-06  7.847534439663151e-08
2.205134176470787   0.053363418618737013  0.00068666522501958497
2.6461610117649448   0.58415310219109891  0.0077343151706834561
3.0871878470591021   0.40414177927381847  0.0043902624891537459
3.5282146823532594   3.6418132645948788e-05  6.9729601179471908e-07
3.9692415176474167   0.015556171129347169  0.00040016465321998668
4.410268352941574   0.043440380800234341  0.0011769089590794972
4.8512951882357314   0.018260193024205357  0.00046849854611124092
5.2923220235298896   7.9290686919722858e-05  1.4470578528334451e-06
5.7333488588240469   0.35195463499068187  0.0037906524519889392
6.1743756941182042   0.58357358957157716  0.0072959468806159849
6.6154025294123615   0.061852692066766539  0.0007850347573637033
7.0564293647065188   6.7942380566844465e-05  1.3027315965538553e-06
7.4974562000006761   0.11063469971245503  0.00057171648976058285
7.9384830352948335   1.9777878570889385  0.0049554439697074145
8.3795098705889917   7.7477914556605361  0.026774354385022338
8.8205367058831481   99.601387400820529  0.0015380625107450583
9.2615635411773063   7.3174241122460103  0.016317936000299163
9.7025903764714627   2.2589708858061682  0.0047479129120271124
10.143617211765621   0.16510157031957812  0.00089402451624535098
10.584644047059779   0.00014797712629301468  2.6498096676522957e-06
11.025670882353936   0.045174596755705591  0.00059748662803493101
11.466697717648094   0.57764206687548627  0.0080664397910715618
11.90772455294225   0.45206900941991545  0.0049881096539225335
12.348751388236408   0.00046352762347541156  9.2484433720028604e-06
12.789778223530565   0.012986087056733264  0.00033444243107590022
13.230805058824723   0.049671632512209541  0.001170567870114478
13.671831894118879   0.020990437987868546  0.00053855992685395531
14.112858729413038   0.00054970130992874794  9.4823103418492767e-06
14.553885564707196   0.2972870607763279  0.0032017267055693623
14.994912400001352   0.57593369446576331  0.0067767522840041817
15.43593923529551   0.070445341880380978  0.00089191608776369879
15.876966070589667   0.00035861350961645645  6.6834977219159518e-06
16.317992905883823   0.088280458914698098  0.00056415276408396826
16.759019741177983   1.8243138189978052  0.0050119757909414299
17.20004657647214   7.8991597353544827  0.046366792380332531
17.641073411766296   98.414234928948494  0.0060773113173244936
18.082100247060456   7.0507989417406036  0.035754482648345149
18.523127082354613   2.3810104779886791  0.004634744237479153
18.964153917648769   0.19700546889109816  0.001269861014783857
19.405180752942925   0.00050500384709444541  8.1263410917322861e-06
19.846207588237085   0.037463165063591671  0.00051700682165309457
20.287234423531242   0.56420593133788444  0.0082723572556794499
20.728261258825398   0.49420003320881106  0.0055698563761242175
21.169288094119558   0.00141994778971368  2.9353934205410262e-05
21.610314929413715   0.010685243326575196  0.00027278829728646713
22.051341764707871   0.061906432443610596  0.0012168748849964215
22.492368600002028   0.023679549808925364  0.00060977599704596708
22.933395435296188   0.0014282886100176335  2.3053637173418404e-05
23.374422270590344   0.24209889984365165  0.0026340056122694094
23.8154491058845   0.56145583229097038  0.0062063246046583015
24.256475941178657   0.07893056275058391  0.0010052964654065232
24.697502776472817   0.00091491456238280285  1.6092650519150309e-05
25.138529611766973   0.069159801407091928  0.00057470611351410109
25.57955644706113   1.6662596470017482  0.005029161990425855
26.02058328235529   8.0005572607708721  0.065002356445007234
26.461610117649446   96.464310833568074  0.013397015318454843
26.902636952943602   6.7584827115892755  0.054642827950231676
27.343663788237759   2.4873391335048585  0.00456304179044541
27.784690623531919   0.23171134462609226  0.0017743267876255734
28.225717458826075   0.0011089233608390173  1.5403350775088002e-05
28.666744294120232   0.030381072144985746  0.00044400462865370184
29.107771129414392   0.54420272970489696  0.0083384124970276293
29.548797964708548   0.52929020617445123  0.0061196785882947465
29.989824800002705   0.0029740917944887005  6.336270734583337e-05
30.430851635296861   0.008802720183732931  0.00021716016118473193
30.871878470591021   0.079700993437897764  0.0013976899737496408
31.312905305885177   0.026311090805105092  0.0006811606604734477
31.753932141179334   0.0027227711566831749  4.0672630970589431e-05
32.194958976473494   0.18845570382033297  0.0020964260850216545
32.635985811767647   0.54054532189815355  0.0056166339548827059
33.077012647061807   0.087091456385423524  0.0011219401370526818
33.518039482355967   0.0017885971837040468  2.9155192739839425e-05
33.95906631765012   0.053156857403829416  0.00056965194808800108
34.400093152944279   1.5066421508941211  0.0050089230017860931
34.841119988238439   8.0473913499103739  0.082077805602223718
35.282146823532592   93.793615501098418  0.023142656972179487
35.723173658826752   6.4468756994791113  0.072070783334218611
36.164200494120912   2.5759176858918883  0.0045832857015352945
36.605227329415065   0.26885349748969369  0.002391502535138837
37.046254164709225   0.0020228101806073064  2.4161450112856909e-05
37.487281000003378   0.024052179476828591  0.00037713922692072656
37.928307835297538   0.51817349375736585  0.0082577381494591848
38.369334670591698   0.55641898652000101  0.0066209721914874792
38.810361505885851   0.005194773197504455  0.0001134474224696442
39.251388341180011   0.0074877020301391066  0.00017024968917407701
39.692415176474171   0.10241794959781442  0.0017452097491123809
40.133442011768324   0.028926829121766694  0.00075039711615436202
40.574468847062484   0.0044693220073100609  6.119579008599206e-05
41.015495682356644   0.13844563913274809  0.0015970069826978156
41.456522517650797   0.51377565027405693  0.005039542757038617
41.897549352944957   0.094713477592298344  0.0012376882294112421
42.338576188239117   0.0030370709404584796  4.5607385664164662e-05
42.779603023533269   0.040092374554745737  0.00054082668040732204
43.220629858827429   1.3483626400829272  0.0049556828333475691
43.661656694121582   8.0361273649354177  0.097156592014446046
44.102683529415742   90.459004158216348  0.034845126059082493
