0.42972788892272645   5.0990453377397653  0.0084836098804131815
0.85945577784545291   2.5866716928260816  0.015132451783967314
1.2891836667681793   0.53660049917485835  0.0086014818674214261
1.7189115556909058   0.042445853538091709  0.0010272484350770834
2.1486394446136323   0.0033729967895127391  0.00014598710149648386
2.5783673335363586   0.042551064418479624  0.0011527224602726846
3.0080952224590853   0.13016180191016704  0.0025779047500317333
3.4378231113818116   0.10375687935177088  0.0025772676529347718
3.8675510003045379   0.0718492033158018  0.0018989297768689375
4.2972788892272646   0.80521298937939925  0.0068851814786052916
4.7270067781499909   0.17327466994893694  0.0057728164570062507
5.1567346670727172   0.37982572464581437  0.0059890333189326227
5.5864625559954435   1.9884446290307208  0.0053884978697392891
6.0161904449181707   0.034722327570014503  0.00066579285475038608
6.445918333840897   0.012481038842655624  0.00027971419338720446
6.8756462227636232   0.01236924303229644  0.00024385223895532995
7.3053741116863495   0.06617251810178388  0.00088784699123488808
7.7351020006090758   0.1738403213912913  0.0033688338786651566
8.1648298895318021   0.10877979276913867  0.0011359199388322644
8.5945577784545293   0.69559501882179463  0.0017425621910226717
9.0242856673772547   0.034499269882930057  0.00022983057987096118
9.4540135562999819   0.049069475306264533  0.00058404385397741323
9.883741445222709   0.05050834741567934  0.00066553875308604462
10.313469334145434   0.087034996074256175  0.00073160308254555802
10.743197223068162   0.25190194303741219  0.0014754919346251125
11.172925111990887   0.0058322449280325189  3.2040261591368584e-05
11.602653000913614   0.046460198967170185  0.0013084906810789318
12.032380889836341   0.080694621646892173  0.0018837773594334128
12.462108778759067   0.21205124561549565  0.00220206492203918
12.891836667681794   0.58155586985410813  0.0042514309380234753
13.321564556604519   1.0292897314882473  0.011687047847680207
13.751292445527246   0.55623391209378706  0.0045355324220776902
14.181020334449974   0.16569118046924195  0.0035609884342586661
14.610748223372699   0.10649361354912855  0.0024059738937813599
15.040476112295426   0.10461108444451602  0.0030675194671687962
15.470204001218152   0.024576851121043414  0.00045489268734817985
15.899931890140879   0.098762091668372563  0.0010903092338495415
16.329659779063604   5.1713875020374228  0.1178875312804791
16.759387667986331   4.8821082177291379  0.0731120081308574
17.189115556909059   1.0721068714546968  0.017189574964227362
17.618843445831786   0.16489692506604639  0.0019568295337173315
18.048571334754509   0.096934794550310156  0.0022259644828461171
18.478299223677237   0.17844073610625827  0.0065911422062486623
18.908027112599964   0.35507446452909027  0.0072260953114047674
19.337755001522691   0.29096447326661684  0.0065836066239240148
19.767482890445418   0.079180037874156201  0.0024277834671641774
20.197210779368142   0.030903551666248059  0.00085864674341789256
20.626938668290869   0.25801028785079604  0.0085174227078473654
21.056666557213596   0.92613192436132985  0.012501773166661263
21.486394446136323   4.2571216308717341  0.014521285994162291
21.91612233505905   17.967238226798223  0.15379347373980491
22.345850223981774   0.38410839293703635  0.0034238103878885658
22.775578112904501   0.42341369560961422  0.0058426638615596425
23.205306001827228   0.35468061765421703  0.0046984145504058572
23.635033890749956   0.16838796539303411  0.0021744358861236053
24.064761779672683   0.11540207960195824  0.0011109768217097403
24.494489668595406   0.69050206926349613  0.008811002503447589
24.924217557518134   0.84771434839938928  0.014915768307662241
25.353945446440861   0.55490279183649899  0.0078009741242843176
25.783673335363588   0.27529776536071399  0.0027175898650996664
26.213401224286315   0.20999967904764753  0.0020458438496429891
26.643129113209039   0.25769902819664457  0.0020359148759833069
27.072857002131766   0.4677141255764796  0.013930296837683733
27.502584891054493   0.84863739566095872  0.0067622958802752908
27.93231277997722   0.12101082448947388  0.0010666269429907022
28.362040668899947   0.069440277720547362  0.00045436525124147179
28.791768557822671   0.056036530535786486  0.00013871977528639754
29.221496446745398   0.15329583410141192  0.00054395197540210385
29.651224335668125   0.36359685972209168  0.006619462204700748
30.080952224590852   0.93722476444438442  0.0059455135970155475
30.51068011351358   0.4794240385371171  0.0040142061925258959
30.940408002436303   0.21452268950648946  0.0016792649397742734
31.37013589135903   0.10385798429643263  0.000599927592270575
31.799863780281758   0.097617427193918249  0.00059166660782368113
32.229591669204481   0.15624285001237384  0.0011460378377617439
32.659319558127208   1.2050662508268896  0.016365347265543508
33.089047447049936   1.5367003458077702  0.0093081480638539884
33.518775335972663   0.50068097864507149  0.005553232089770644
33.94850322489539   0.24954963506965187  0.0032605165121765636
34.378231113818117   0.39124623369867114  0.0052349662897762918
34.807959002740844   0.72952588165159785  0.018618546559590272
35.237686891663571   1.2372098846172436  0.0075016329498656539
35.667414780586299   5.4526358297949093  0.075437310579743524
36.097142669509019   0.48617839854723255  0.010707620963899264
36.526870558431746   0.41923547324933795  0.011205363892005617
36.956598447354473   0.29261128857274073  0.0053812084579660863
37.3863263362772   0.28613247004693433  0.0044387357218597457
37.816054225199927   0.46642955941702185  0.0070086261887921982
38.245782114122655   3.0437399420583725  0.034429648974448113
38.675510003045382   1.1887091086186166  0.045869847836084002
39.105237891968109   0.47874845494820022  0.02418792696690718
39.534965780890836   0.27700400219368639  0.011925345028338376
39.964693669813563   0.14177105702172085  0.0012006531038579926
40.394421558736283   0.13152674754984766  0.00083416809791943724
40.824149447659011   0.63409147161770492  0.0063537180796907405
41.253877336581738   0.8833565946744631  0.014141139711921602
41.683605225504465   0.45018431383584161  0.002634535856020279
42.113333114427192   0.28096645745952872  0.0014168921465538811
42.543061003349919   0.14083885209655349  0.0034464094685034993
42.972788892272646   0.46874301403863702  0.020103704538929931
