0.42972788892272645   10.078780388718363  0.00942659691365177
0.85945577784545291   4.9733863398662264  0.019274969130873555
1.2891836667681793   0.95561099928604973  0.0056664996936342953
1.7189115556909058   0.050558974114595215  0.00060624141514753105
2.1486394446136323   0.0051263396943541973  0.00010758046046553904
2.5783673335363586   0.04585973224024843  0.0015875017390310084
3.0080952224590853   0.12748196421809058  0.0047223777503327003
3.4378231113818116   0.1110847315503108  0.0042061623940511957
3.8675510003045379   0.07951927149483964  0.0016286874076311543
4.2972788892272646   0.9409533272025508  0.0097847927973674045
4.7270067781499909   0.17949656386572546  0.003680805217399013
5.1567346670727172   0.41860463443982475  0.0060714480167995119
5.5864625559954435   2.2908948991155217  0.017172970042703756
6.0161904449181707   0.051512234183777782  0.00051621018287152255
6.445918333840897   0.01839552956026167  0.00037201543254697292
6.8756462227636232   0.017840803627298862  0.00024167440489256208
7.3053741116863495   0.052990145023115797  0.00095303308999964702
7.7351020006090758   0.060669945845455378  0.0012782267395415622
8.1648298895318021   0.084130713214419414  0.0028703047627948322
8.5945577784545293   0.32821270832871649  0.0044222040660228164
9.0242856673772547   0.03828603744159168  0.00042246680835622551
9.4540135562999819   0.039447985756947469  0.00055881964715554076
9.883741445222709   0.057061821091836979  0.00087713313196098248
10.313469334145434   0.050652411021009184  0.0006653009367384213
10.743197223068162   0.062066722896505006  0.0018842796932176984
11.172925111990887   0.027371857819199776  0.00012234287310019709
11.602653000913614   0.036826696115304584  0.00045596504149032394
12.032380889836341   0.06117330509429397  0.0010297121054774611
12.462108778759067   0.090924188599582607  0.0019934756305939743
12.891836667681794   0.18396826953260262  0.0069704355127369641
13.321564556604519   0.1027928404680885  0.0031658455558004516
13.751292445527246   0.21056991011283247  0.0048872686235832473
14.181020334449974   0.10277887851771389  0.0023125314956855701
14.610748223372699   0.14203393211019012  0.004609890068500558
15.040476112295426   0.15629167474189768  0.0050396869494946049
15.470204001218152   0.061880010215603228  0.00059895568261070853
15.899931890140879   0.18933042236848195  0.0015505674750315072
16.329659779063604   6.4529349414170686  0.12852354814659409
16.759387667986331   5.8346106670175948  0.13850943410335345
17.189115556909059   0.79236314369899807  0.023609232993340016
17.618843445831786   0.14111029310642174  0.0032645372802935734
18.048571334754509   0.095791190354569308  0.0019172080094419668
18.478299223677237   0.20357275456915451  0.0076427246721248423
18.908027112599964   0.36502974973323208  0.0069002002163781279
19.337755001522691   0.29556434923400401  0.0054200411018916337
19.767482890445418   0.10910277946524635  0.0026224177768859114
20.197210779368142   0.075887085958509082  0.0021141130737542032
20.626938668290869   0.39686984627238661  0.019117126586461224
21.056666557213596   1.4567637860716028  0.041184572671261983
21.486394446136323   6.2196755684007359  0.081414925892400342
21.91612233505905   23.737837905185091  0.22306096488847686
22.345850223981774   0.37435440567157657  0.0048421050186267639
22.775578112904501   0.51508350734398509  0.0082097880693361438
23.205306001827228   0.39885697623438547  0.009267929804517703
23.635033890749956   0.19492454713785399  0.0034467054261253893
24.064761779672683   0.16050086439296225  0.0012278668172969859
24.494489668595406   0.86496210527937504  0.0094240891750535192
24.924217557518134   1.1537404011798942  0.026614775294383709
25.353945446440861   0.82482643129389178  0.0087966385285440045
25.783673335363588   0.42353139780757407  0.0044379562395229886
26.213401224286315   0.29891342691919658  0.0042116048711956865
26.643129113209039   0.45646755624078204  0.0036887256388381345
27.072857002131766   0.98219196545151402  0.01998741121188403
27.502584891054493   1.3069132377497129  0.018584450894874264
27.93231277997722   0.17092327238646849  0.0012821917608959445
28.362040668899947   0.091049639030151003  0.00076127192887472748
28.791768557822671   0.067972514100522514  0.00045245222674968334
29.221496446745398   0.10126140706870562  0.00023128062014133185
29.651224335668125   0.21214756459727454  0.0018982810447629794
30.080952224590852   0.9709001176897613  0.024111179479609384
30.51068011351358   0.53219891652585957  0.0053030965786010418
30.940408002436303   0.30535709075458697  0.0031110768181838402
31.37013589135903   0.18443422883097488  0.00030353185023974666
31.799863780281758   0.19537551544812916  0.0014320342022708158
32.229591669204481   0.22400375619083368  0.0014949860711544314
32.659319558127208   0.58687063310033888  0.018039307361625978
33.089047447049936   0.86653356559104475  0.016631220270912781
33.518775335972663   0.16746021767072007  0.00041531852345217073
33.94850322489539   0.14047175426726454  0.001191803864941316
34.378231113818117   0.21655255402423534  0.0039584440310492547
34.807959002740844   0.42031749124842384  0.0066656423410699292
35.237686891663571   0.93715068933351894  0.016436493264963804
35.667414780586299   7.7079649221226395  0.098523496074839881
36.097142669509019   0.82013725246378371  0.005927853780735938
36.526870558431746   0.69285858233715705  0.0069417630438628113
36.956598447354473   0.4592398892736461  0.0046969182522430279
37.3863263362772   0.398811252992744  0.0037717762053084836
37.816054225199927   0.52944517045250373  0.0077097314548498688
38.245782114122655   1.4680957416252235  0.022678905382831879
38.675510003045382   0.61606875727273108  0.012268709406120464
39.105237891968109   0.30216024687444024  0.0070016833357703742
39.534965780890836   0.21484879064486766  0.0045673992800232544
39.964693669813563   0.17965783146282605  0.0010622064502069978
40.394421558736283   0.20942215033206354  0.0010513710940581234
40.824149447659011   1.4134371389585864  0.011935592628249479
41.253877336581738   1.8212703772029338  0.019672413500747497
41.683605225504465   1.1321749459161329  0.0044608050873437288
42.113333114427192   0.59222235726666778  0.0017184591479654088
42.543061003349919   0.3439219414936005  0.0067198042945540651
42.972788892272646   0.73352389431903645  0.030424363206247405
