1.086001   0.0011086   3.1916627502151776e-05   
1.0860030000000001   0.0005592   2.0352886773133682e-05   
1.0860050000000001   0.0005422   1.6048399020186129e-05   
1.0860070000000002   0.0005774   1.2708877037549602e-05   
1.086009   0.0005626   1.3987454696580393e-05   
1.0860110000000001   0.0005768   1.9243931222307174e-05   
1.0860130000000001   0.0005674   1.6041751082028975e-05   
1.0860150000000002   0.000537   1.1780398031381528e-05   
1.086017   0.0005634   2.4679366100269089e-05   
1.0860190000000001   0.0005418   1.392184534383922e-05   
1.0860210000000001   0.0005642   2.1765313893644835e-05   
1.0860230000000002   0.0005142   1.8282839555775307e-05   
1.086025   0.000565   1.811629101113139e-05   
1.0860270000000001   0.0006126   2.0051156796775813e-05   
1.0860290000000001   0.0005182   1.5235776609312992e-05   
1.086031   0.0005396   2.6934983447801362e-05   
1.086033   0.000554   2.212489799097639e-05   
1.0860350000000001   0.000518   1.6146551059316386e-05   
1.0860370000000001   0.0005386   1.0566403782218853e-05   
1.086039   0.0005482   2.0276861470925699e-05   
1.086041   0.0005272   2.319616826594906e-05   
1.0860430000000001   0.0005054   1.7625864832997872e-05   
1.0860450000000001   0.000533   1.9761353979702684e-05   
1.086047   0.0005406   2.0668924607836868e-05   
1.086049   0.0005694   2.1621080248477667e-05   
1.0860510000000001   0.0005236   1.7255723688098393e-05   
1.0860530000000002   0.0005824   1.4185438543332619e-05   
1.086055   0.000531   1.2437398799141599e-05   
1.0860570000000001   0.0005626   2.2366741182190827e-05   
1.0860590000000001   0.000548   1.5626188843661713e-05   
1.0860610000000002   0.0005572   1.4563882266300654e-05   
1.086063   0.0005434   1.8780722977445665e-05   
1.0860650000000001   0.000543   2.1878959959031163e-05   
1.0860670000000001   0.000537   1.0146701708218073e-05   
1.0860690000000002   0.0005592   2.3445824077363258e-05   
1.086071   0.0005548   1.4844976703697899e-05   
1.0860730000000001   0.0005472   2.5366995179651145e-05   
1.0860750000000001   0.000573   2.077872843933323e-05   
1.0860770000000002   0.0005764   1.6054905792311582e-05   
1.086079   0.0005846   1.7415318927120839e-05   
1.0860810000000001   0.0005454   2.0247468977627796e-05   
1.0860830000000001   0.0005648   1.4450528633160026e-05   
1.086085   0.0005212   1.2982723562916647e-05   
1.086087   0.000574   2.5226088788307147e-05   
1.0860890000000001   0.000573   1.359166411199649e-05   
1.0860910000000001   0.0005736   2.1465838493341513e-05   
1.086093   0.0005876   2.0777765894233084e-05   
1.086095   0.0005434   1.2670350341556376e-05   
1.0860970000000001   0.0005372   1.5492507149515142e-05   
1.0860990000000001   0.0006054   1.7415318927120839e-05   
1.086101   0.0005556   1.5826279130329754e-05   
1.086103   0.0005488   1.8920183226737878e-05   
1.0861050000000001   0.000559   1.8636284799044876e-05   
1.0861070000000002   0.0005582   2.333228569076668e-05   
1.086109   0.000534   1.5463218006324269e-05   
1.086111   0.0005794   2.2404463840940269e-05   
1.0861130000000001   0.0005664   1.5010514833127995e-05   
1.0861150000000002   0.0005616   1.3804347141389918e-05   
1.086117   0.0005722   7.8567734400890602e-06   
1.0861190000000001   0.0005552   2.5680429210674117e-05   
1.0861210000000001   0.0005444   1.1348225509841713e-05   
1.0861230000000002   0.000544   1.5031818105457355e-05   
1.086125   0.0005594   1.494002826116619e-05   
1.0861270000000001   0.0005638   1.3880281777479239e-05   
1.0861290000000001   0.000584   1.6343534229508351e-05   
1.0861310000000002   0.0005762   2.6072463123635506e-05   
1.086133   0.0005092   1.3327331982725491e-05   
1.0861350000000001   0.0005358   1.7319096717528634e-05   
1.0861370000000001   0.0005728   1.8583624810868065e-05   
1.086139   0.0005428   1.7415701727655612e-05   
1.086141   0.0005428   1.7494634097980507e-05   
1.0861430000000001   0.0005626   1.8277004374045789e-05   
1.0861450000000001   0.000517   1.9375241933973367e-05   
1.086147   0.0005652   1.5595440929251657e-05   
1.086149   0.0005052   1.7215496894755415e-05   
1.0861510000000001   0.0005694   1.5832596474081916e-05   
1.0861530000000001   0.0005634   1.7628386199536247e-05   
1.086155   0.0005284   1.5893534674339892e-05   
1.086157   0.0005352   2.116853010170207e-05   
1.0861590000000001   0.0005316   2.6156452358834904e-05   
1.0861610000000002   0.0005766   1.7168575945604807e-05   
1.086163   0.0005788   1.2405016906253875e-05   
1.086165   0.0005828   1.5182446004075452e-05   
1.0861670000000001   0.0005296   1.9735585457070518e-05   
1.0861690000000002   0.0005444   1.593542524621724e-05   
1.086171   0.0005388   8.023299404442871e-06   
1.0861730000000001   0.0005598   2.0536038782805434e-05   
1.0861750000000001   0.0005078   2.0611647192788838e-05   
1.0861770000000002   0.00059   1.5506271132817343e-05   
1.086179   0.0005314   1.7514565367145141e-05   
1.0861810000000001   0.0005658   2.4859516398263976e-05   
1.0861830000000001   0.0005408   1.3972035563144612e-05   
1.0861850000000002   0.0005264   2.228262900906344e-05   
1.086187   0.0005486   1.8240492196088228e-05   
1.0861890000000001   0.0005662   1.9569704477414403e-05   
1.0861910000000001   0.0005514   1.8973783082043614e-05   
1.0861930000000002   0.0005538   1.8294990206793407e-05   
1.086195   0.0005474   2.5518707734610004e-05   
1.0861970000000001   0.0005706   2.1590224125232646e-05   
1.0861990000000001   0.0005416   2.1121447761826261e-05   
1.086201   0.0005462   2.380373453426537e-05   
1.086203   0.0005446   1.5860643114325472e-05   
1.0862050000000001   0.0005666   2.4578310221277079e-05   
1.0862070000000001   0.0005288   1.9283153269110319e-05   
1.086209   0.000546   1.3135194453579031e-05   
1.086211   0.0005514   2.6110959810436349e-05   
1.0862130000000001   0.0005578   1.5470258203691653e-05   
1.0862150000000002   0.0005746   1.6947107258893609e-05   
1.086217   0.000544   1.6655996584480384e-05   
1.086219   0.0005688   1.6978941205047046e-05   
1.0862210000000001   0.000561   1.6603212540549695e-05   
1.0862230000000002   0.0005724   2.1028657694785096e-05   
1.086225   0.0005274   1.5382674236512541e-05   
1.0862270000000001   0.000552   2.8192985731285086e-05   
1.0862290000000001   0.0005654   2.3146009975323561e-05   
1.0862310000000002   0.0005828   1.2611106216347557e-05   
1.086233   0.0005724   1.6063208479835735e-05   
1.0862350000000001   0.0005684   1.4213608502652191e-05   
1.0862370000000001   0.0005612   2.0608951668847421e-05   
1.0862390000000002   0.0005742   1.2210924070956573e-05   
1.086241   0.0005614   1.651948344632281e-05   
1.0862430000000001   0.0005622   1.9412367192076292e-05   
1.0862450000000001   0.0005508   2.1220954005154643e-05   
1.0862470000000002   0.0005726   1.7266666666666667e-05   
1.086249   0.0005516   1.6372877300923962e-05   
1.0862510000000001   0.0005464   1.7865671614082193e-05   
1.0862530000000001   0.0005796   2.1075103795711185e-05   
1.086255   0.0005794   1.930584252384639e-05   
1.086257   0.0005626   1.4630409730724868e-05   
1.0862590000000001   0.0005754   1.7883698349800767e-05   
1.0862610000000001   0.0005426   2.1205974001052942e-05   
1.086263   0.0005682   1.7884692399429805e-05   
1.086265   0.0005698   2.0449286866131379e-05   
1.0862670000000001   0.0005478   1.8403985075702128e-05   
1.0862690000000002   0.0005764   1.4191703366560494e-05   
1.086271   0.0005496   2.0415244848451419e-05   
1.086273   0.0005682   1.8372564086460853e-05   
1.0862750000000001   0.0005652   1.783679094207002e-05   
1.0862770000000002   0.0005696   2.1041334980884121e-05   
1.086279   0.00056   1.7585347435988987e-05   
1.0862810000000001   0.0005398   1.9998777740429816e-05   
1.0862830000000001   0.0005412   1.9083908288281925e-05   
1.0862850000000002   0.0005278   3.1028947058441341e-05   
1.086287   0.000564   1.3505554412907306e-05   
1.0862890000000001   0.0005506   1.7461195071739315e-05   
1.0862910000000001   0.0005652   1.7621199353808658e-05   
1.0862930000000002   0.0005556   2.4128913039016997e-05   
1.086295   0.0005926   1.512334472117711e-05   
1.0862970000000001   0.0005662   1.1848863049067432e-05   
1.0862990000000001   0.0005478   1.8824216082246589e-05   
1.0863010000000002   0.0005616   1.6348428398812869e-05   
1.086303   0.0005568   2.0767923985479788e-05   
1.0863050000000001   0.000548   1.8707099068416662e-05   
1.0863070000000001   0.0005662   2.2077540120624349e-05   
1.086309   0.0005368   1.2858892297204729e-05   
1.086311   0.000554   3.1292171544972714e-05   
1.0863130000000001   0.0005632   2.6776772687453497e-05   
1.0863150000000001   0.0005766   2.2635370551417973e-05   
1.086317   0.00057   1.33433295861432e-05   
1.086319   0.0005678   2.2792688886278132e-05   
1.0863210000000001   0.0005846   2.3940760221847593e-05   
1.0863230000000001   0.0005682   1.4212514047681907e-05   
1.086325   0.000542   2.3068978689525416e-05   
1.086327   0.0005672   2.0912941235300001e-05   
1.0863290000000001   0.0005578   1.9371112513224428e-05   
1.0863310000000002   0.0005608   1.9473514777198742e-05   
1.086333   0.0005926   1.328340652426511e-05   
1.0863350000000001   0.0005508   1.9848761506283794e-05   
1.0863370000000001   0.0005564   1.7378914427163357e-05   
1.0863390000000002   0.0005576   1.3961216120222319e-05   
1.086341   0.000549   1.5506987672229145e-05   
1.0863430000000001   0.0005654   2.3780570967820675e-05   
1.0863450000000001   0.0005544   1.7870646322950941e-05   
1.0863470000000002   0.0005876   1.9185179465178613e-05   
1.086349   0.0005764   1.4535168079905754e-05   
1.0863510000000001   0.0005236   1.4565713164826499e-05   
1.0863530000000001   0.0005908   1.4289701031006756e-05   
1.0863550000000002   0.000536   1.7274258305351347e-05   
1.086357   0.000574   1.5046594299043222e-05   
1.0863590000000001   0.0005444   1.405006919714079e-05   
1.0863610000000001   0.0005524   1.1480611675535605e-05   
1.086363   0.0005376   1.6018877752340969e-05   
1.086365   0.000587   2.5711648894788698e-05   
1.0863670000000001   0.0005388   1.9151327195088421e-05   
1.0863690000000001   0.0005568   1.0659164028092343e-05   
1.086371   0.000562   2.0640844082654286e-05   
1.086373   0.0005678   1.8326544197480938e-05   
1.0863750000000001   0.0005324   2.5972292929196683e-05   
1.0863770000000001   0.0005496   2.1083537548418092e-05   
1.086379   0.0005646   1.9388541862542308e-05   
1.086381   0.0005594   2.4972963157961229e-05   
1.0863830000000001   0.0005342   2.0953811639466033e-05   
1.0863850000000002   0.0005394   1.6847156040906924e-05   
1.086387   0.000577   1.7244000567024914e-05   
1.086389   0.0005168   1.1757550765359255e-05   
1.0863910000000001   0.000542   2.3526816850375469e-05   
1.0863930000000002   0.000561   1.5878007151752738e-05   
1.086395   0.000551   1.7413277182145302e-05   
1.0863970000000001   0.0005412   2.0513843564231881e-05   
1.0863990000000001   0.0005368   2.0654189782113351e-05   
1.0864010000000002   0.00054   2.0084266921592577e-05   
1.086403   0.000569   1.3611269840344312e-05   
1.0864050000000001   0.0005696   2.6030409566931947e-05   
1.0864070000000001   0.0005648   2.4992798962901294e-05   
1.0864090000000002   0.0005782   2.199888886082911e-05   
1.086411   0.0005512   2.2454299266633897e-05   
1.0864130000000001   0.0005392   2.477489769011278e-05   
1.0864150000000001   0.0005638   1.7674715147791083e-05   
1.086417   0.0005674   2.3726309822173733e-05   
1.086419   0.0005714   8.454058854249307e-06   
1.0864210000000001   0.0005514   1.4126570709128242e-05   
1.0864230000000001   0.0005542   1.1606320117361345e-05   
1.086425   0.000555   2.0379183278804652e-05   
1.086427   0.0005214   1.6248213577019612e-05   
1.0864290000000001   0.0005954   1.9365605249169639e-05   
1.0864310000000001   0.000581   1.4718846573167493e-05   
1.086433   0.000536   1.7960450377921423e-05   
1.086435   0.0005994   1.7389779884876187e-05   
1.0864370000000001   0.0005602   2.5519404381764085e-05   
1.0864390000000002   0.0005546   1.617693831765867e-05   
1.086441   0.000545   1.599513815021441e-05   
1.086443   0.0005634   1.6185178404948152e-05   
1.0864450000000001   0.0005482   1.7540936247659201e-05   
1.0864470000000002   0.0005614   1.6497946000100201e-05   
1.086449   0.0005338   2.0858145224880908e-05   
1.0864510000000001   0.0005428   1.8631395248045405e-05   
1.0864530000000001   0.000564   2.334856645611365e-05   
1.0864550000000002   0.0005726   1.8407848567632473e-05   
1.086457   0.0005316   1.5798171483504736e-05   
1.0864590000000001   0.0005224   1.843137421777214e-05   
1.0864610000000001   0.0005492   2.5520710543922296e-05   
1.0864630000000002   0.0005394   1.7279531886663545e-05   
1.086465   0.0005302   2.527792185551125e-05   
1.0864670000000001   0.000549   1.6094857701901078e-05   
1.0864690000000001   0.0005446   2.1402076742430602e-05   
1.0864710000000002   0.0005542   1.621919302006799e-05   
1.086473   0.0005364   1.7627755891711735e-05   
1.0864750000000001   0.0005402   1.6935039284145625e-05   
1.0864770000000001   0.0005432   2.0496503766902946e-05   
1.086479   0.0005424   1.4154072833561998e-05   
1.086481   0.000556   1.6080353782730583e-05   
1.0864830000000001   0.000539   2.0431457227629273e-05   
1.0864850000000001   0.0005646   1.3760006459946804e-05   
1.086487   0.0005458   2.1593105895683979e-05   
1.086489   0.000583   2.0477087466510249e-05   
1.0864910000000001   0.0005426   1.5451860729374958e-05   
1.0864930000000002   0.0005512   1.9880084953987943e-05   
1.086495   0.0005464   1.4046905550887553e-05   
1.086497   0.000524   1.3442883288607065e-05   
1.0864990000000001   0.000574   1.365283853270081e-05   
1.0865010000000002   0.0005404   1.0573762076216981e-05   
1.086503   0.0006036   2.2929457036746422e-05   
1.0865050000000001   0.0005514   1.5725563052982661e-05   
1.0865070000000001   0.0005564   2.4101267832027242e-05   
1.0865090000000002   0.0005692   1.5307804835732943e-05   
1.086511   0.0005886   2.5291280886678889e-05   
1.0865130000000001   0.00055   1.390443574307614e-05   
1.0865150000000001   0.0005418   2.3478500803926983e-05   
1.0865170000000002   0.0005446   1.3727668734671918e-05   
1.086519   0.0005184   2.0358563581724304e-05   
1.0865210000000001   0.0005876   2.2816757974007711e-05   
1.0865230000000001   0.000584   1.5600569790164005e-05   
1.0865250000000002   0.0005434   1.3672519072130701e-05   
1.086527   0.0005306   1.7623343105728329e-05   
1.0865290000000001   0.0005478   1.4845725160986767e-05   
1.0865310000000001   0.0005726   1.8386105865269266e-05   
1.086533   0.0005412   1.2085620473199637e-05   
1.086535   0.0005588   1.8538128875974032e-05   
1.0865370000000001   0.0005686   1.9294328470074078e-05   
1.0865390000000001   0.0005366   2.41606659216541e-05   
1.086541   0.0005638   1.7089177862027184e-05   
1.086543   0.0005318   2.1520945869341132e-05   
1.0865450000000001   0.0005592   2.1756633726546741e-05   
1.0865470000000002   0.0005536   2.1405710556868801e-05   
1.086549   0.0005338   1.9207521674825435e-05   
1.086551   0.0005418   1.7707374483844608e-05   
1.0865530000000001   0.0005564   9.3133118587201719e-06   
1.0865550000000002   0.0005424   2.0554102050712678e-05   
1.086557   0.00053   1.6693312034065219e-05   
1.0865590000000001   0.0005626   1.0323866631365509e-05   
1.0865610000000001   0.0005084   1.5335651998601893e-05   
1.0865630000000002   0.000534   1.3528570590502983e-05   
1.086565   0.0005542   1.9791019287657835e-05   
1.0865670000000001   0.0005664   2.4767003138136121e-05   
1.0865690000000001   0.0005428   1.6999869280543176e-05   
1.0865710000000002   0.0005498   1.096438679442575e-05   
1.086573   0.0005706   1.5966771050459068e-05   
1.0865750000000001   0.0005556   1.6165257670558659e-05   
1.0865770000000001   0.000536   1.6573070526208071e-05   
1.0865790000000002   0.0005372   1.4299028716042996e-05   
1.086581   0.0005526   2.2654996996002645e-05   
1.0865830000000001   0.0005634   2.0452764007721684e-05   
1.0865850000000001   0.000546   1.3148721948877347e-05   
1.086587   0.0005488   2.7060754690962417e-05   
1.086589   0.0005462   1.5325940246668211e-05   
1.0865910000000001   0.0005438   1.6109210615876455e-05   
1.0865930000000001   0.0005392   2.5571164315385493e-05   
1.086595   0.000544   1.7481418706729726e-05   
1.086597   0.000569   1.7395401691251628e-05   
1.0865990000000001   0.0005366   1.9102181376307087e-05   
1.0866010000000002   0.0005722   1.8055347007342605e-05   
1.086603   0.0005392   1.3280562237094231e-05   
1.086605   0.0005514   1.6025119170990412e-05   
1.0866070000000001   0.0005354   1.3574649575996837e-05   
1.0866090000000002   0.0005748   1.7898975762130451e-05   
1.086611   0.0005378   2.3165971212582956e-05   
1.0866130000000001   0.0005532   2.7105063077669538e-05   
1.0866150000000001   0.0005418   1.7724935354842154e-05   
1.0866170000000002   0.0005402   2.2431030094739544e-05   
1.086619   0.0005626   2.3274306291129996e-05   
1.0866210000000001   0.000572   1.0679159351018434e-05   
1.0866230000000001   0.000529   1.3773565664384481e-05   
1.0866250000000002   0.0005566   6.6736629955203589e-06   
1.086627   0.000532   1.7132165978390214e-05   
1.0866290000000001   0.0005512   1.4676360432871481e-05   
1.0866310000000001   0.0005516   1.7394251924127119e-05   
1.0866330000000002   0.0005204   2.3458331853167508e-05   
1.086635   0.000533   1.6319722219858196e-05   
1.0866370000000001   0.0005414   1.7323202167420818e-05   
1.0866390000000001   0.0005456   1.4350532316878624e-05   
1.086641   0.0005482   1.8333818175407132e-05   
1.086643   0.0005452   1.6174602863062134e-05   
1.0866450000000001   0.0005388   1.1624495210067785e-05   
1.0866470000000001   0.0005566   2.1860263290068377e-05   
1.086649   0.0005018   2.08773135777145e-05   
1.086651   0.0005474   2.0803952615895962e-05   
1.0866530000000001   0.0005414   2.0608628182282186e-05   
1.0866550000000001   0.0005604   1.7345636659146043e-05   
1.086657   0.0005546   1.7256367584814083e-05   
1.086659   0.0005514   2.135217917580207e-05   
1.0866610000000001   0.000595   1.3568754958031747e-05   
1.0866630000000002   0.000533   2.543357361179641e-05   
1.086665   0.0005608   1.7781888413651559e-05   
1.086667   0.000575   1.2533510637043753e-05   
1.0866690000000001   0.0005144   1.8068511590917253e-05   
1.0866710000000002   0.000539   1.6281550567709726e-05   
1.086673   0.0005408   2.1237702323933256e-05   
1.0866750000000001   0.0005528   2.187276337772111e-05   
1.0866770000000001   0.0005458   3.0082035983106078e-05   
1.0866790000000002   0.0005422   1.4090027994609836e-05   
1.086681   0.000543   2.7461892789018669e-05   
1.0866830000000001   0.0005702   1.7520654477882193e-05   
1.0866850000000001   0.0005312   1.573446323626368e-05   
1.0866870000000002   0.0005596   1.4081666568035665e-05   
1.086689   0.0005674   1.4551212244269471e-05   
1.0866910000000001   0.0005524   1.4568764151048945e-05   
1.0866930000000001   0.0005354   1.1035498277025022e-05   
1.086695   0.000549   1.5170878536049109e-05   
1.086697   0.0005444   1.9943921379708655e-05   
1.0866990000000001   0.0005352   1.9535039743439935e-05   
1.0867010000000001   0.0005504   2.4693318934481043e-05   
1.086703   0.0005752   2.0870393703362027e-05   
1.086705   0.0005506   1.7831432920547917e-05   
1.0867070000000001   0.0005324   1.484377909353874e-05   
1.0867090000000001   0.0005278   1.2495154616445884e-05   
1.086711   0.0005136   1.4276009401945785e-05   
1.086713   0.000577   1.8170183145900196e-05   
1.0867150000000001   0.0005182   2.261847818832106e-05   
1.0867170000000002   0.0005324   1.2662455440307689e-05   
1.086719   0.0005694   2.2813348918755635e-05   
1.086721   0.0005596   1.8900440911964638e-05   
1.0867230000000001   0.0005076   2.4711310950430956e-05   
1.0867250000000002   0.0005352   1.9891259945569617e-05   
1.086727   0.000539   1.8131004752449141e-05   
1.0867290000000001   0.000543   9.9207974589859571e-06   
1.0867310000000001   0.0005184   1.3852556924024291e-05   
1.0867330000000002   0.0005544   1.6812164907854339e-05   
1.086735   0.0005412   1.7943615391925155e-05   
1.0867370000000001   0.000558   1.1985176028930257e-05   
1.0867390000000001   0.0005274   2.0341637648484013e-05   
1.0867410000000002   0.0005186   1.7228013363253595e-05   
1.086743   0.0005374   1.9454905122701918e-05   
1.0867450000000001   0.000543   2.0192958068484061e-05   
1.0867470000000001   0.0005412   1.8868433368400721e-05   
1.0867490000000002   0.000519   1.4946571513226704e-05   
1.086751   0.0005418   1.8531534684903401e-05   
1.0867530000000001   0.0005178   2.2271955459725578e-05   
1.0867550000000001   0.0005484   2.2609339269917248e-05   
1.086757   0.0005236   1.6775113842965252e-05   
1.086759   0.0005614   1.9060255332322632e-05   
1.0867610000000001   0.0005212   1.8492521010758196e-05   
1.0867630000000001   0.0005412   1.5281652034020696e-05   
1.086765   0.000533   1.736471518146305e-05   
1.086767   0.0005174   9.811784298032194e-06   
1.0867690000000001   0.000528   2.2877451295495698e-05   
1.0867710000000002   0.0005452   1.5983880769213853e-05   
1.086773   0.0005378   1.7819963835853066e-05   
1.086775   0.0005388   2.1725970122822543e-05   
1.0867770000000001   0.0005064   1.6674131661548875e-05   
1.0867790000000002   0.000507   1.2473082128238304e-05   
1.086781   0.0005628   1.7453939383417143e-05   
1.0867830000000001   0.0005434   1.3403316339208326e-05   
1.0867850000000001   0.0005088   1.7007710669641056e-05   
1.0867870000000002   0.0005054   1.2375782803523986e-05   
1.086789   0.0005506   1.1027440521011412e-05   
1.0867910000000001   0.000536   1.6889181284018608e-05   
1.0867930000000001   0.000529   1.4327130440764007e-05   
1.0867950000000002   0.0005358   1.1938546347394598e-05   
1.086797   0.000537   2.3591429705627329e-05   
1.0867990000000001   0.0005654   2.1453929968915045e-05   
1.0868010000000001   0.000519   1.9987218137822204e-05   
1.0868030000000002   0.0005374   1.6270081608755242e-05   
1.086805   0.0005626   2.2877548431207008e-05   
1.0868070000000001   0.000523   1.6876676871417021e-05   
1.0868090000000001   0.0005436   6.5442086356309471e-06   
1.086811   0.000531   1.4952517439474123e-05   
1.086813   0.0005358   1.5086270432269056e-05   
1.0868150000000001   0.0005282   2.5482804659874732e-05   
1.0868170000000001   0.0005086   1.6055597846926231e-05   
1.086819   0.0005204   2.0061682659017192e-05   
1.086821   0.000533   2.3129106242039608e-05   
1.0868230000000001   0.0005528   2.4694038866810661e-05   
1.0868250000000002   0.0005048   2.2032702966272658e-05   
1.086827   0.0005446   1.5040833310248029e-05   
1.086829   0.0005236   1.4951179812234812e-05   
1.0868310000000001   0.0005198   1.455548770128374e-05   
1.0868330000000002   0.0005388   1.44965896372599e-05   
1.086835   0.0005226   1.5983463676910306e-05   
1.0868370000000001   0.0005174   1.4523697111196507e-05   
1.0868390000000001   0.0005294   1.3219682295728593e-05   
1.0868410000000002   0.0005308   1.8342906591438071e-05   
1.086843   0.0004836   1.5387729599334082e-05   
1.0868450000000001   0.0005308   1.2249988662126273e-05   
1.0868470000000001   0.0005212   1.6952744779402406e-05   
1.0868490000000002   0.0005674   1.8308589362494437e-05   
1.086851   0.0005386   1.8147665904401529e-05   
1.0868530000000001   0.0005336   2.2569989907938471e-05   
1.0868550000000001   0.000516   2.0097539926844557e-05   
1.0868570000000002   0.0005182   1.492038128794897e-05   
1.086859   0.0005376   2.1403634167018356e-05   
1.0868610000000001   0.000529   2.0776589389663229e-05   
1.0868630000000001   0.0005244   1.1297197292544141e-05   
1.086865   0.0005194   1.6105347628108566e-05   
1.086867   0.0005276   1.7317428600497631e-05   
1.0868690000000001   0.0005448   1.3821722034536796e-05   
1.0868710000000001   0.000543   2.1600925906080971e-05   
1.086873   0.0005388   1.5091425085495111e-05   
1.086875   0.0005526   2.2189186555617581e-05   
1.0868770000000001   0.0005464   2.0092674176314997e-05   
1.0868790000000002   0.0005174   1.591938022244166e-05   
1.086881   0.0005296   1.3622856610205593e-05   
1.086883   0.0004968   1.5785225159411992e-05   
1.0868850000000001   0.0005132   2.2089112451361392e-05   
1.0868870000000002   0.0004896   1.3970763122400373e-05   
1.086889   0.0005326   1.6610706052289155e-05   
1.0868910000000001   0.0005096   1.7152388884480332e-05   
1.0868930000000001   0.0005216   1.4219860915087899e-05   
1.0868950000000002   0.0005266   1.7258942931451831e-05   
1.086897   0.0005114   1.6815469068687914e-05   
1.0868990000000001   0.0005342   2.1334270812734873e-05   
1.0869010000000001   0.0005204   1.4272895836359051e-05   
1.0869030000000002   0.0005066   2.4999644441916013e-05   
1.086905   0.0005152   2.0363802308126163e-05   
1.0869070000000001   0.0005102   1.2174472381905418e-05   
1.0869090000000001   0.0005352   2.6623631941900372e-05   
1.0869110000000002   0.000506   2.0649455198624491e-05   
1.086913   0.0005046   1.96820278991323e-05   
1.0869150000000001   0.0005108   1.2408599168855981e-05   
1.0869170000000001   0.0005258   1.6721111074194668e-05   
1.086919   0.0005146   1.7458649559586344e-05   
1.086921   0.000492   1.2892719737209144e-05   
1.0869230000000001   0.0005236   1.8916894271758483e-05   
1.0869250000000001   0.000525   1.4462979560857361e-05   
1.086927   0.0004988   1.6022761587469524e-05   
1.086929   0.0005016   1.9015315464704292e-05   
1.0869310000000001   0.0004952   1.4114452797674367e-05   
1.0869330000000001   0.0005088   1.4264797385327435e-05   
1.086935   0.0005304   1.4771744800274761e-05   
1.086937   0.0004848   7.7356318423254865e-06   
1.0869390000000001   0.0005208   2.5012352503868519e-05   
1.0869410000000002   0.0005404   1.5879546593023366e-05   
1.086943   0.0005172   2.1445952739127467e-05   
1.0869450000000001   0.000514   1.6967943632364858e-05   
1.0869470000000001   0.0005076   1.4819806566438938e-05   
1.0869490000000002   0.000499   2.1844399231331078e-05   
1.086951   0.0005014   1.7799001220418084e-05   
1.0869530000000001   0.0005216   1.8441017084507869e-05   
1.0869550000000001   0.0005296   1.6389156306669494e-05   
1.0869570000000002   0.0005478   2.4517476759786409e-05   
1.086959   0.0004946   1.4076142148251338e-05   
1.0869610000000001   0.0004888   9.8711701434024527e-06   
1.0869630000000001   0.000474   1.4808406021205959e-05   
1.0869650000000002   0.0005174   2.2862001467743613e-05   
1.086967   0.000504   2.956273931075325e-05   
1.0869690000000001   0.0004874   1.3701743603562934e-05   
1.0869710000000001   0.000508   1.100706843603489e-05   
1.086973   0.0005092   2.034851891962219e-05   
1.086975   0.0005088   1.6549454505948057e-05   
1.0869770000000001   0.0005012   1.9216196871967726e-05   
1.0869790000000001   0.0004762   1.4595128563249376e-05   
1.086981   0.0004914   1.8922179813353664e-05   
1.086983   0.0004984   1.1576988670058664e-05   
1.0869850000000001   0.0004872   2.254910690520186e-05   
1.0869870000000001   0.0005288   1.6760270483099808e-05   
1.086989   0.0004674   1.2147427711248172e-05   
1.086991   0.0005182   1.6431541484460779e-05   
1.0869930000000001   0.0004832   1.434247770319573e-05   
1.0869950000000002   0.0004888   1.4597412251643935e-05   
1.086997   0.0004856   1.4855750850540451e-05   
1.086999   0.0004706   1.028936883929773e-05   
