0.0064796213473364795   0   0   
0.019438864042009438   0   0   
0.032398106736682399   0   0   
0.045357349431355359   0   0   
0.058316592126028313   0   0   
0.071275834820701281   0   0   
0.084235077515374235   0   0   
0.097194320210047189   0   0   
0.11015356290472016   0   0   
0.12311280559939311   0   0   
0.13607204829406608   0   0   
0.14903129098873902   0   0   
0.16199053368341199   0   0   
0.17494977637808495   0   0   
0.18790901907275789   0   0   
0.20086826176743086   0   0   
0.21382750446210383   0   0   
0.2267867471567768   0   0   
0.23974598985144974   0   0   
0.2527052325461227   0   0   
0.26566447524079567   0   0   
0.27862371793546864   0   0   
0.29158296063014155   8.2042139290156513e-06   6.9204007478442291e-07   
0.30454220332481452   34.793334615690319   0.00016328698823702457   
0.31750144601948749   0.56590287419511215   0.00015694823780106988   
0.33046068871416046   0   0   
0.34341993140883342   0   0   
0.35637917410350639   0   0   
0.36933841679817936   0   0   
0.38229765949285227   0   0   
0.39525690218752524   0   0   
0.40821614488219821   0   0   
0.42117538757687117   0   0   
0.43413463027154414   0   0   
0.44709387296621711   0   0   
0.46005311566089002   0   0   
0.47301235835556299   0   0   
0.48597160105023596   0   0   
0.49893084374490893   0   0   
0.51189008643958189   0   0   
0.52484932913425486   0   0   
0.53780857182892783   0   0   
0.5507678145236008   0   0   
0.56372705721827376   0   0   
0.57668629991294673   0   0   
0.58964554260761959   0   0   
0.60260478530229256   0   0   
0.61556402799696552   0   0   
0.62852327069163849   0   0   
0.64148251338631146   0   0   
0.65444175608098443   0   0   
0.66740099877565739   0   0   
0.68036024147033036   0   0   
0.69331948416500333   0   0   
0.7062787268596763   0   0   
0.71923796955434927   0   0   
0.73219721224902223   0   0   
0.7451564549436952   0   0   
0.75811569763836806   0   0   
0.77107494033304103   0   0   
0.78403418302771399   0   0   
0.79699342572238696   0   0   
0.80995266841705993   0   0   
0.8229119111117329   0   0   
0.83587115380640586   0   0   
0.84883039650107883   0   0   
0.8617896391957518   0   0   
0.87474888189042477   0   0   
0.88770812458509774   0   0   
0.9006673672797707   0   0   
0.91362660997444356   0   0   
0.92658585266911653   0   0   
0.9395450953637895   0   0   
0.95250433805846246   0   0   
0.96546358075313543   0   0   
0.9784228234478084   0   0   
0.99138206614248137   0   0   
1.0043413088371542   0   0   
1.0173005515318272   0   0   
1.0302597942265002   0   0   
1.0432190369211731   0   0   
1.0561782796158461   0   0   
1.0691375223105191   0   0   
1.082096765005192   0   0   
1.095056007699865   0   0   
1.108015250394538   0   0   
1.1209744930892109   0   0   
1.1339337357838839   0   0   
1.1468929784785569   0   0   
1.1598522211732298   2.4155544559233761e-07   9.6152536825855958e-08   
1.1728114638679028   0.018779203122017957   3.6434681726745812e-05   
1.1857707065625758   4.2387027644158728   0.00069290339588183943   
1.1987299492572487   12.623086959692953   0.0006524207731448301   
1.2116891919519217   1.1297165762673618   0.00055688214504428901   
1.2246484346465947   0.0022373289100502037   5.8618671477703156e-06   
1.2376076773412676   2.4379297086363195e-07   5.9195481700496027e-08   
1.2505669200359406   0   0   
1.2635261627306136   0   0   
1.2764854054252865   0   0   
1.2894446481199595   1.0028239217865119e-07   3.6955451992872998e-08   
1.3024038908146325   5.0469650027224161e-05   1.2655145404023656e-06   
1.3153631335093054   0.007537117727062819   1.9179184289102955e-05   
1.3283223762039782   0.25891929678281423   0.00029403174191106419   
1.3412816188986512   2.3667286251661596   0.00080196319811097761   
1.3542408615933241   6.4770465485386417   0.0014543557708330896   
1.3672001042879971   6.5840437866607414   0.0013072520172027715   
1.3801593469826701   5.1962359402663281   0.00094802352270165109   
1.393118589677343   5.2976851652906667   0.0024154281853149787   
1.406077832372016   3.6011048031172693   0.00075808942226909041   
1.419037075066689   1.283701735139766   0.0010020571602586329   
1.4319963177613619   0.50810180282999782   0.00078905960671723034   
1.4449555604560349   5.0833797272590003   0.0014210489434948464   
1.4579148031507079   16.342537820347774   0.0030894048286219181   
1.4708740458453808   7.5165666468955827   0.0019106071601120346   
1.4838332885400538   0.34439350130350584   0.00042717371453819449   
1.4967925312347268   0.00091035386078614175   5.6963137440930058e-06   
1.5097517739293997   1.7129782011632264e-07   8.1864420343109165e-08   
1.5227110166240727   0   0   
1.5356702593187457   0   0   
1.5486295020134186   0   0   
1.5615887447080916   0   0   
1.5745479874027646   0   0   
1.5875072300974375   0   0   
1.6004664727921105   0   0   
1.6134257154867835   0   0   
1.6263849581814565   0   0   
1.6393442008761294   0   0   
1.6523034435708024   0   0   
1.6652626862654751   2.5883522754282212e-08   2.5883522754282212e-08   
1.6782219289601481   4.045174873692889e-06   2.6055511220705991e-07   
1.6911811716548211   0.00086317556769474244   7.9649547923860198e-06   
1.704140414349494   0.056501024311097665   0.00022199034240736568   
1.717099657044167   1.082640064708976   0.0010427364473559265   
1.73005889973884   5.1580273659206478   0.001647514549585537   
1.7430181424335129   5.203219735244352   0.0011367629622620593   
1.7559773851281859   0.89389937443398528   0.0011350835358090742   
1.7689366278228589   0.0180710786968979   0.00012392046650831877   
1.7818958705175318   2.6886438669584954e-05   7.9780995180211353e-07   
1.7948551132122048   0   0   
1.8078143559068778   0   0   
1.8207735986015507   0   0   
1.8337328412962237   0   0   
1.8466920839908967   0   0   
1.8596513266855697   0   0   
1.8726105693802426   0   0   
1.8855698120749156   0   0   
1.8985290547695886   0   0   
1.9114882974642615   0   0   
1.9244475401589345   0   0   
1.9374067828536075   0   0   
1.9503660255482804   0   0   
1.9633252682429534   0   0   
1.9762845109376264   0   0   
1.9892437536322993   0   0   
2.0022029963269721   0   0   
2.0151622390216453   0   0   
2.028121481716318   0   0   
2.0410807244109912   0   0   
2.0540399671056639   0   0   
2.0669992098003371   0   0   
2.0799584524950099   0   0   
2.0929176951896831   0   0   
2.1058769378843558   0   0   
2.118836180579029   0   0   
2.1317954232737018   0   0   
2.1447546659683749   0   0   
2.1577139086630477   0   0   
2.1706731513577204   0   0   
2.1836323940523936   0   0   
2.1965916367470664   2.9433917468365172e-08   2.0941003371587461e-08   
2.2095508794417396   4.4428383664896123e-05   8.5752397744221221e-07   
2.2225101221364123   0.0067527287449001445   1.3599206950165809e-05   
2.2354693648310855   0.22218852688588064   0.00015046786827982827   
2.2484286075257582   1.8003406346630186   0.00039671543997950696   
2.2613878502204314   4.4597956913102468   0.00066688212371015179   
2.2743470929151042   6.1676039947589884   0.00084965051386754764   
2.2873063356097774   1.540248419426833   0.00066213406244888505   
2.3002655783044501   0.055674170486545164   5.2359086928690592e-05   
2.3132248209991233   0.0015886510910150929   5.1058656376530625e-06   
2.326184063693796   2.0919726400343306e-05   6.8775559740223849e-07   
2.3391433063884692   1.1056064290056281e-06   1.8981465333782174e-07   
2.352102549083142   0.00014543833783255019   1.840451233398052e-06   
2.3650617917778152   0.0091730340911567546   4.2209346646535805e-05   
2.3780210344724879   0.20736324710566186   0.0003410183216337792   
2.3909802771671611   1.7344897505426888   0.001015375331910192   
2.4039395198618339   5.4848937915807696   0.00085786019668137981   
2.416898762556507   6.6685614979626315   0.0017683678310838787   
2.4298580052511798   3.1418544749404377   0.00063107699472953482   
2.442817247945853   0.57378443048604278   0.00055054092833382408   
2.4557764906405257   0.040447207610096187   0.0001061517912115583   
2.4687357333351989   0.0011022262767519103   6.291077756875817e-06   
2.4816949760298717   1.140230000225554e-05   3.3485035827034285e-07   
2.4946542187245444   9.502950496929327e-08   5.0620189515081386e-08   
2.5076134614192176   2.3548655107377839e-06   3.2238864912276016e-07   
2.5205727041138903   0.00011008398631564982   2.4742242910674019e-06   
2.5335319468085635   0.0031100532120557949   3.5789426078612228e-05   
2.5464911895032363   0.046189140460423005   0.00024509191952236264   
2.5594504321979095   0.38359053151122002   0.00083235041938555671   
2.5724096748925822   3.7595801784239849   0.0012476742724390119   
2.5853689175872554   8.2407730633092477   0.0018615653107408131   
2.5983281602819281   2.9503278882438187   0.0013520887378096036   
2.6112874029766013   1.0659941982731347   0.00091774461685892149   
2.6242466456712741   0.28208621842729079   0.00069740101264650265   
2.6372058883659473   1.6035410869269683   0.00052316890206059888   
2.65016513106062   4.4772193663951824   0.00055706102215790994   
2.6631243737552932   1.8770199555459424   0.00061886988285811897   
2.676083616449966   0.12761082173549667   0.00014274931068649463   
2.6890428591446391   0.30748946861961631   0.00029051798296805942   
2.7020021018393119   1.7245621548360647   0.00088237907643122484   
2.7149613445339851   4.0589277283107461   0.00097048890765007366   
2.7279205872286578   4.7050093835768069   0.00087606224766961724   
2.740879829923331   3.226557169758055   0.0013859746239361082   
2.7538390726180038   1.3802714184644157   0.00052462507053549099   
2.7667983153126769   0.33732779943954121   0.00046645702828362429   
2.7797575580073497   0.043561662416602542   0.00013652030088944151   
2.7927168007020229   0.002875050424588391   1.2972051993099538e-05   
2.8056760433966956   9.4227350602866549e-05   1.6518435804474297e-06   
2.8186352860913688   1.3839354344378687e-06   1.448271625624803e-07   
2.8315945287860416   0   0   
2.8445537714807143   7.5763842230643836e-09   7.5763842230643836e-09   
2.8575130141753875   7.749429869519748e-05   1.2228136276329967e-06   
2.8704722568700602   0.093079174539287189   0.00010842717714870146   
2.8834314995647334   2.0919677152449662   0.00072370436021859027   
2.8963907422594062   2.4721041805179348   0.001430192965825692   
2.9093499849540794   5.0648606292237378   0.0015968299143611223   
2.9223092276487521   6.6971908499788949   0.0019832928242365351   
2.9352684703434253   1.9702713880484547   0.0017103868340397554   
2.9482277130380981   0.11056449715392001   0.00036229715844335869   
2.9611869557327712   0.0010093744978424966   9.3341655601519817e-06   
2.974146198427444   1.449251709771357e-06   1.5199880164339197e-07   
2.9871054411221172   0   0   
3.0000646838167899   0   0   
3.0130239265114631   0   0   
3.0259831692061359   0   0   
3.038942411900809   0   0   
3.0519016545954818   0   0   
3.064860897290155   0   0   
3.0778201399848277   0   0   
3.0907793826795009   0   0   
3.1037386253741737   0   0   
3.1166978680688469   6.9148288439194688e-09   6.9148288439194688e-09   
3.1296571107635196   1.9005900993858653e-06   1.6204929375846068e-07   
3.1426163534581928   0.00031626113159466272   5.6114145249570269e-06   
3.1555755961528655   0.017906513041564409   0.00010654886616291128   
3.1685348388475383   0.33205485289668611   0.00072511523753414543   
3.1814940815422115   1.8826586743601891   0.0005166733740617208   
3.1944533242368842   3.0627646325167244   0.0019454391667221029   
3.2074125669315574   1.3189956124307294   0.00078613630565029051   
3.2203718096262302   0.13324433548671187   0.00050906117521795282   
3.2333310523209033   0.0026557204456968711   3.2236841883946994e-05   
3.2462902950155761   8.4445380463731262e-06   4.7645348485118781e-07   
3.2592495377102493   0   0   
3.272208780404922   0   0   
3.2851680230995952   0   0   
3.298127265794268   0   0   
3.3110865084889411   0   0   
3.3240457511836139   0   0   
3.3370049938782871   0   0   
3.3499642365729598   0   0   
3.362923479267633   0   0   
3.3758827219623058   0   0   
3.388841964656979   0   0   
3.4018012073516517   0   0   
3.4147604500463249   0   0   
3.4277196927409976   0   0   
3.4406789354356708   0   0   
3.4536381781303436   0   0   
3.4665974208250168   3.0462729163053824e-07   6.90108295033285e-08   
3.4795566635196895   8.5845089125892293e-05   1.1919599339062599e-06   
3.4925159062143623   0.0058158982653268869   1.1639119739235096e-05   
3.5054751489090354   0.12852062605554531   0.00013058516296354229   
3.5184343916037082   1.0544218368030387   0.00048191112731770287   
3.5313936342983814   3.5159549983061527   0.00050655165342734956   
3.5443528769930541   4.6904085380641534   0.00069733607817958122   
3.5573121196877273   2.3344973687743981   0.00042323775433252469   
3.5702713623824001   0.41456017131057155   0.00024537918667928304   
3.5832306050770732   0.031714689884503979   5.6490553905413278e-05   
3.596189847771746   0.10538528534480535   0.00021647794566173141   
3.6091490904664192   0.94210157335867055   0.00076527959472371086   
3.6221083331610919   4.970683634257398   0.00070103358310758067   
3.6350675758557651   7.6360566759481039   0.0015675849472634196   
3.6480268185504379   3.2132866470213707   0.00027456184289049657   
3.6609860612451111   0.81077290962342836   0.00059225531566576548   
3.6739453039397838   0.10422201401795192   0.00017762208759638066   
3.686904546634457   0.0065325912145950659   2.3755490776065381e-05   
3.6998637893291297   0.013538927632747035   0.00011942965137611673   
3.7128230320238029   0.19321850796580598   0.00077534269486543773   
3.7257822747184757   1.3602170352142571   0.0018300053689338625   
3.7387415174131489   4.3373044002446731   0.00072632457769603706   
3.7517007601078216   6.0999766443280032   0.0040454326668176271   
3.7646600028024948   3.8461048534024116   0.00055494833886316607   
3.7776192454971675   1.1708639268703364   0.0015599485661417105   
3.7905784881918407   0.19477255866795256   0.00067366117167476003   
3.8035377308865135   0.018856854419424999   0.00011952226867020279   
3.8164969735811862   0.00099388519656063864   1.0434073542959141e-05   
3.8294562162758594   2.6158037002376697e-05   4.2112964023722576e-07   
3.8424154589705322   3.2531179610061608e-07   8.0977987672632624e-08   
3.8553747016652054   5.5899708805466625e-09   5.5899708805466625e-09   
3.8683339443598781   5.571244009925066e-09   5.571244009925066e-09   
3.8812931870545513   4.4421137548250607e-07   5.3643619975500114e-08   
3.894252429749224   0.0002693865099312148   3.0487396331314631e-06   
3.9072116724438972   0.075558918363834224   0.000163745063451929   
3.92017091513857   2.2992298009484812   0.0016153729247121007   
3.9331301578332432   6.8388623346100854   0.0010650069046722079   
3.9460894005279159   2.5737513028044708   0.0025655064517807796   
3.9590486432225891   1.7100072451335519   0.0011861465817869076   
3.9720078859172618   1.8141637085156395   0.0016157143793009252   
3.984967128611935   0.88016658251592567   0.00063836414854133206   
3.9979263713066078   0.18505837179463313   0.00066032424839302847   
4.010885614001281   0.016171052649447211   0.00013060348072968908   
4.0238448566959537   0.001626574587665712   1.1093886365742559e-05   
4.0368040993906265   0.03023010276259359   5.5925676424020964e-05   
4.0497633420853001   0.33635660213613622   0.00038037321347611204   
4.0627225847799728   1.5519362455417233   0.00087027142800005564   
4.0756818274746456   3.2072613373651047   0.00064264848783507808   
4.0886410701693183   3.6322648561010254   0.00094729165028965036   
4.101600312863992   3.7606229324105145   0.0013955432323613358   
4.1145595555586647   2.6592220957195886   0.00022462939058432859   
4.1275187982533375   0.58954451807602646   0.00065613763475917148   
4.1404780409480102   0.03283746254447586   9.1544261535687903e-05   
4.1534372836426829   0.000590741800146205   4.2879058035717157e-06   
4.1663965263373566   7.3814131037190548e-06   2.9514505065931331e-07   
4.1793557690320293   1.5469919413605882e-07   4.8617266318978391e-08   
4.1923150117267021   3.3779537403961221e-05   9.6874723518851771e-07   
4.2052742544213748   0.010842482152665784   3.6136970754656291e-05   
4.2182334971160484   0.49924563295523627   0.00045543760016197363   
4.2311927398107212   2.753180266668371   0.0010600064274643767   
4.2441519825053939   1.7253107098974988   0.0010671579415519064   
4.2571112252000667   0.10018186587283067   0.00027975327417380226   
4.2700704678947403   0.00036477846966304777   4.052437975161628e-06   
4.2830297105894131   4.0254555811500932e-08   1.2551563008617196e-08   
4.2959889532840858   0   0   
4.3089481959787586   2.400745388697935e-07   4.7037057434391832e-08   
4.3219074386734322   6.8934146453287637e-05   1.794562809093892e-06   
4.3348666813681049   0.0061648935366129554   5.0937903806058807e-05   
4.3478259240627777   0.17966846332980703   0.00058337018562930927   
4.3607851667574504   1.5995834625039997   0.0010451528237765537   
4.3737444094521241   4.2150587631042582   0.0026726169826610512   
4.3867036521467968   3.1698789133041194   0.00080988245990999141   
4.3996628948414696   0.64374939669479226   0.0013233866311431412   
4.4126221375361423   0.032709333529107444   0.00019954786857868876   
4.4255813802308159   0.00038580031121384353   6.3189317729886203e-06   
4.4385406229254887   8.7399398730882861e-07   9.629778905673512e-08   
4.4514998656201614   0   0   
4.4644591083148342   0   0   
4.4774183510095078   0   0   
4.4903775937041805   0   0   
4.5033368363988533   0   0   
4.516296079093526   0   0   
4.5292553217881988   0   0   
4.5422145644828724   0   0   
4.5551738071775452   0   0   
4.5681330498722179   0   0   
4.5810922925668907   4.5162537015109669e-07   8.0633696221867858e-08   
4.5940515352615643   6.4465925253992922e-05   1.3157531650820134e-06   
4.607010777956237   0.0038118860543948538   3.8062705294774422e-05   
4.6199700206509098   0.086166138360328757   0.00032945516972013276   
4.6329292633455825   0.71187800208802189   0.00065373902286106394   
4.6458885060402562   2.189115479600987   0.0011013955660113485   
4.6588477487349289   2.9097207413783282   0.00087388347056108536   
4.6718069914296017   2.1935175197362553   0.0005568894497974261   
4.6847662341242744   0.94936313687203287   0.00034085973637565229   
4.697725476818948   0.18944559579476154   0.00012302794362488473   
4.7106847195136208   0.015840338122317129   2.652443529816328e-05   
4.7236439622082935   0.00056112771810798414   2.1392565796482285e-06   
4.7366032049029663   8.3446565307509362e-06   2.2497729861603372e-07   
4.7495624475976399   5.5267500639030994e-06   3.942314507168774e-07   
4.7625216902923126   0.00033307388970285056   6.0504192137883822e-06   
4.7754809329869854   0.0093750571587455854   7.7926372145370352e-05   
4.7884401756816581   0.12372684471845934   0.00047458005919650039   
4.8013994183763318   0.76747249231325142   0.00096888998404351739   
4.8143586610710045   2.2511010867325665   0.00048996435833957756   
4.8273179037656773   3.2334928597123   0.0020794630253632147   
4.84027714646035   2.8874593028616487   0.00022873035894881195   
4.8532363891550228   3.3605167364538123   0.00074429749084019408   
4.8661956318496964   2.3032182497024875   0.00052470629442750783   
4.8791548745443691   0.56885185409606499   0.0002244940879010819   
4.8921141172390419   0.251157330839636   0.0003728441984251597   
4.9050733599337146   1.2500996837268057   0.00096169463366671423   
4.9180326026283883   3.7865362972920967   0.00080186698730520375   
4.930991845323061   4.7230722399873637   0.001433669127145362   
4.9439510880177338   2.515758634730908   0.0006818332521638922   
4.9569103307124065   0.67358260677882001   0.00086637609412884083   
4.9698695734070801   0.42917069294874016   0.00094300341501384783   
4.9828288161017529   1.0783104327310153   0.00033063009266827272   
4.9957880587964256   1.9141654567374908   0.001132319407152178   
5.0087473014910984   2.2001813922127501   0.0011592685839616479   
5.021706544185772   1.8520068008141035   0.00054912098433180812   
5.0346657868804447   2.2577660062805767   0.0011270469599895501   
5.0476250295751175   2.5311270894067552   0.00037472112744533836   
5.0605842722697902   0.59412686574936979   0.00093615957685732667   
5.0735435149644639   0.021618685652479011   0.00010484142333023644   
5.0865027576591366   0.00034859364613315568   5.8889651539148715e-06   
5.0994620003538094   0.0022338303180346982   2.9105202940472934e-05   
5.1124212430484821   0.048651751605290925   0.00028982428121896003   
5.1253804857431557   0.45862613241642167   0.0011257934157643359   
5.1383397284378285   1.8545708884155145   0.00027421156280419649   
5.1512989711325012   3.8394002486557058   0.0031119733823369521   
5.164258213827174   4.8064673945669682   0.00091901007306410996   
5.1772174565218467   1.4341748238574722   0.0020657179871549401   
5.1901766992165204   0.090762594183199336   0.00039458595484368864   
5.2031359419111931   0.0034122817129902032   3.509716025649573e-05   
5.2160951846058659   6.1380796774948724e-05   1.8202309416576548e-06   
5.2290544273005386   4.0390483524742985e-07   5.4884304524852016e-08   
5.2420136699952122   0   0   
5.254972912689885   0   0   
5.2679321553845577   0   0   
5.2808913980792305   9.7944520459148883e-08   2.6657122025166925e-08   
5.2938506407739041   7.6698232040088102e-05   1.0254905802161725e-06   
5.3068098834685768   0.013209474811007712   6.2914523561004714e-05   
5.3197691261632496   0.46931075361952578   0.00065539324204226076   
5.3327283688579223   3.1215939898156029   0.0018175286645389932   
5.345687611552596   3.745924596800235   0.0012353525503974222   
5.3586468542472687   0.95428048428804745   0.0017970131555229857   
5.3716060969419415   0.83991661178292332   0.00022883090043304251   
5.3845653396366142   1.4037557602731926   0.0014863002240914507   
5.3975245823312878   1.1311000305379006   0.00046317031233173815   
5.4104838250259606   0.74461971544513381   0.0010221614183409133   
5.4234430677206333   1.5008014238527246   0.00099659682455164739   
5.4364023104153061   2.5815664871636976   0.00042748262232115687   
5.4493615531099797   2.2613043163983636   0.00092675315710651538   
5.4623207958046525   1.7027302915487448   0.0011487269569693314   
5.4752800384993252   1.3195249729448774   0.0003217725757806853   
5.488239281193998   0.17046407523380209   0.00033650485962004266   
5.5011985238886707   0.0033624897529164875   1.2879645498744515e-05   
5.5141577665833443   0.00012257075286365478   1.5506032674727449e-06   
5.5271170092780171   0.004352462733812822   2.8419783543192968e-05   
5.5400762519726898   0.11654145404646161   0.00028831968738409263   
5.5530354946673626   0.85193360292215306   0.00034523439663389284   
5.5659947373620362   1.7369251273412331   0.0010426799379779848   
5.578953980056709   0.99590761280115863   0.00046424573801262887   
5.5919132227513817   0.15889942272428737   0.00038953320023605776   
5.6048724654460544   0.019668303883595363   8.2193511086320455e-05   
5.6178317081407281   0.30618264871874797   0.00038078569096193495   
5.6307909508354008   1.571279690184209   0.00079572064207606049   
5.6437501935300736   1.6211114489160959   0.00068647896562530674   
5.6567094362247463   0.30300440353186997   0.00058018880747689467   
5.6696686789194199   0.0085595355833961707   6.0690938669387995e-05   
5.6826279216140927   2.9547457882043028e-05   8.2801625911913986e-07   
5.6955871643087654   0   0   
5.7085464070034382   0   0   
5.7215056496981118   0   0   
5.7344648923927846   0   0   
5.7474241350874573   0   0   
5.7603833777821301   2.2447914559675573e-08   9.9768509154113659e-09   
5.7733426204768037   8.4774637513852695e-06   4.3374229781404142e-07   
5.7863018631714764   0.0008895964166140579   1.3270974527829039e-05   
5.7992611058661492   0.034140614242793115   0.00021055419278476083   
5.8122203485608219   0.45670461752056783   0.00098173884519313058   
5.8251795912554947   2.0664266741178541   0.00089911977379320773   
5.8381388339501683   3.0984000313390764   0.0023290890694719996   
5.8510980766448411   1.5066247520592957   0.0010269635453847339   
5.8640573193395138   0.36042710000930546   0.00090242901940396673   
5.8770165620341865   0.67933559492529143   0.0003653660673676379   
5.8899758047288602   1.3196203972403711   0.00024420265941350469   
5.9029350474235329   1.091370517140072   0.00031248606225025023   
5.9158942901182057   0.50929382789779056   0.0003380708538033231   
5.9288535328128784   0.70753763964268478   0.0002245720489708849   
5.941812775507552   1.3061926421158777   0.00059156368912862288   
5.9547720182022248   1.0852324718833579   0.00032901940008115332   
5.9677312608968975   0.39348745833619959   0.00036163250941989209   
5.9806905035915703   0.17719938515763287   0.00056533194012752611   
5.9936497462862439   0.6552818582415868   0.00094270540266941527   
6.0066089889809167   1.745423292164568   0.00045270747524012424   
6.0195682316755894   1.7225853852400427   0.0016107514405212999   
6.0325274743702622   0.80851565471517321   0.00079914103743135923   
6.0454867170649358   0.26771798460962655   0.00045983289890629365   
6.0584459597596085   0.045172852478691764   0.00018177380529636974   
6.0714052024542813   0.023175376811873331   0.00014191505423464762   
6.084364445148954   0.22689421660908229   0.00050984695209635719   
6.0973236878436277   1.0462635946233654   0.00060217155440743859   
6.1102829305383004   2.1254331923548431   0.00064890160244378786   
6.1232421732329732   2.6154732163837227   0.00072943317409409289   
6.1362014159276459   2.0858016332028994   0.0015335044501538728   
6.1491606586223186   1.2657853807992019   0.00082165990762331845   
6.1621199013169923   0.85718998463069986   0.00068504200166733212   
6.175079144011665   1.6871865605629949   0.00081952364074424351   
6.1880383867063378   3.2396045551353261   0.00044479861068707233   
6.2009976294010105   1.7078180387861443   0.00091455104742949491   
6.2139568720956841   0.63207436261653454   0.00024364125512129991   
6.2269161147903569   0.74587667809835559   0.00053343107834800488   
6.2398753574850296   1.817045894431999   0.00052583330639237671   
6.2528346001797024   1.6521815149640409   0.00094929096652645358   
6.265793842874376   0.7311761881288817   0.0004598647571695052   
6.2787530855690488   0.23124789982611694   0.00026445770874206083   
6.2917123282637215   0.16695801648216254   0.00055473378343690211   
6.3046715709583943   0.46917693727238119   0.00095286368252833461   
6.3176308136530679   1.088511432983105   0.00081856619365400074   
6.3305900563477406   1.8825198582170679   0.0012269059468027976   
6.3435492990424134   1.9762283072726459   0.0016655507735251478   
6.3565085417370861   0.98958357065816149   0.00072816744595621961   
6.3694677844317598   0.21174951861606398   0.00060055035396735716   
6.3824270271264325   0.018962897489752042   0.00011403004531289105   
6.3953862698211053   0.00073029163616721354   1.0682253204008721e-05   
6.408345512515778   1.3216692020754589e-05   4.5477595440786424e-07   
6.4213047552104516   5.2692949526363924e-07   4.5042564539487805e-08   
6.4342639979051244   0.00020787871685984258   2.2503583408652766e-06   
6.4472232405997971   0.018848099009202333   7.4861463643736672e-05   
6.4601824832944699   0.37078302330728866   0.00043496331800428333   
6.4731417259891426   1.9540565212293499   0.0014184727826316281   
