0.4848420195558783   0.0027537378372110279  3.3815649453773036e-06     
0.9696840391117566   0.0025994066894923389  1.0636037374219152e-05     
1.454526058667635   0.0023403718383734333  2.5313069567337566e-05     
1.9393680782235132   0.001980795272041944  4.9270948010870991e-05     
2.4242100977793917   0.0015692702472281806  8.8026675848390011e-05     
2.9090521173352699   0.0013191692857691437  0.0001518803540400722     
3.3938941368911482   0.0021690916971485065  0.00026647466974048769     
3.8787361564470264   0.0092338131857981507  0.00050637587320600921     
4.3635781760029051   0.074162327489734832  0.0012378952857916222     
4.8484201955587833   105.89195240776108  0.041813780176002595     
5.3332622151146616   0.268716773161766  0.0019708806816197044     
5.8181042346705398   0.10039921367522498  0.0011483940170024672     
6.3029462542264181   0.064779153216323874  0.0008940425865901567     
6.7877882737822963   0.051041542360803688  0.00077795147239080965     
7.2726302933381746   0.044356773075729721  0.00071480045500901386     
7.7574723128940528   0.04062543851396441  0.00066753968977676109     
8.2423143324499311   0.038009939288965219  0.00061737007695970637     
8.7271563520058102   0.034798972537646759  0.00051039247393506755     
9.2119983715616875   0.026331561705935874  0.00014827652717369357     
9.6968403911175667   0.82723657982653062  0.011981982196568342     
10.181682410673444   0.10839829479914795  0.0023291943451953541     
10.666524430229323   0.090709011986571346  0.0019392556210679875     
11.151366449785201   0.094753252295494814  0.0019787001657519326     
11.63620846934108   0.10749788317123879  0.0021793833993344729     
12.121050488896957   0.12982557115246776  0.0025453543003642944     
12.605892508452836   0.16826480102566076  0.003125504732131501     
13.090734528008714   0.24145159105310036  0.0041328557469569177     
13.575576547564593   0.41629976804135223  0.0061339524393890398     
14.06041856712047   1.130685193856436  0.011817867249809919     
14.545260586676349   77.003519972415323  0.11818776132236101     
15.030102606232226   0.75964044565917593  0.01526535638562053     
15.514944625788106   0.093937856635482934  0.007258920671226705     
15.999786645343985   0.035517257674441775  0.0047918686470307629     
16.484628664899862   0.048161329638635644  0.0035494327934682095     
16.969470684455739   0.091573462350925904  0.0027404179701620719     
17.45431270401162   0.17580512700012991  0.0020772612953592562     
17.939154723567498   0.35288236321480583  0.0013920734674151701     
18.423996743123375   0.82836007238083202  0.00064955799142463393     
18.908838762679252   3.0334478360069331  0.0036383792412981022     
19.393680782235133   180.65156993120215  0.047161582946986525     
19.878522801791011   5.4414723789006536  0.013848644098426368     
20.363364821346888   1.0658967812581113  0.0083541026149301579     
20.848206840902765   0.3946913482008458  0.007411522796637817     
21.333048860458646   0.1781078486609752  0.0073644282123894934     
21.817890880014524   0.090335828101302974  0.0079102621664666055     
22.302732899570401   0.067172792736638389  0.0090562325211139859     
22.787574919126278   0.12026993325743656  0.011239833821369147     
23.272416938682159   0.39270680605678282  0.015635152810986889     
23.757258958238037   2.0284548725253614  0.027657795092787036     
24.242100977793914   115.32143255984181  0.17129136454595781     
24.726942997349795   8.0755489453228909  0.03867357260127991     
25.211785016905672   2.040376849714756  0.016793508839531057     
25.69662703646155   1.0269807722882731  0.010312944743985133     
26.181469056017427   0.65564648005799702  0.0071155516902284056     
26.666311075573308   0.46724417765036483  0.0049989324588636117     
27.151153095129185   0.34884676211232426  0.0031872085172435796     
27.635995114685063   0.25761272013307533  0.0011986235012835808     
28.12083713424094   0.16984029809612265  0.0021560733598510964     
28.605679153796821   0.090806553287035002  0.010041359396450978     
29.090521173352698   6.2067589050505214  0.088103844346969033     
29.575363192908576   2.1550585098740238  0.035754158648464795     
30.060205212464453   0.9985965228591919  0.020660776166190294     
30.545047232020334   0.79005462367874312  0.017000175442622266     
31.029889251576211   0.73988846269933556  0.01595585915546822     
31.514731271132089   0.76298143555591624  0.016287875793254042     
31.99957329068797   0.85471268638090444  0.01771260165527991     
32.484415310243847   1.0569074100270138  0.02086266650423424     
32.969257329799724   1.5334703829783492  0.027407129238100249     
33.454099349355602   3.211368066826813  0.045180440556831643     
33.938941368911479   43.34527880107301  0.19885861226367219     
34.423783388467356   2.6332911532332099  0.064640757600173124     
34.908625408023241   0.2203878653677698  0.024524893823902087     
35.393467427579118   0.13928856496711312  0.013551002638847721     
35.878309447134995   0.24007624186793131  0.0080789033078346915     
36.363151466690873   0.41447390434500529  0.0043608310845531087     
36.84799348624675   0.69836430281287418  0.0014715248594259972     
37.332835505802628   1.2329888147581533  0.0033481389595083386     
37.817677525358505   2.5220490298598293  0.0094469645431904821     
38.302519544914382   7.563718592130398  0.025052257898223689     
38.787361564470267   132.27156032287982  0.13863598593076541     
39.272203584026144   21.403526314010023  0.075405549649950544     
39.757045603582021   3.0671493762534752  0.035543817243804076     
40.241887623137899   0.96870054521875059  0.027228097677656521     
40.726729642693776   0.3897080555993816  0.024084582993509831     
41.211571662249654   0.20003434995021598  0.023360495696889     
41.696413681805531   0.19868701776588373  0.024328046883450135     
42.181255701361415   0.41431143912739582  0.02751032028166578     
42.666097720917293   1.2003160312840397  0.034468613016966165     
43.15093974047317   4.9624706877071772  0.052779996048597396     
43.635781760029047   99.77478051164086  0.19221033791450104     
44.120623779584925   30.827320448559303  0.087159266432349263     
44.605465799140802   5.6522785778453394  0.02969730059435381     
45.090307818696679   2.4582391120106406  0.014761197245187431     
45.575149838252557   1.3983870579090502  0.0076867982771027328     
46.059991857808441   0.89092655203783603  0.0028165236591549191     
46.544833877364319   0.58725767553402723  0.0017852975765214119     
47.029675896920196   0.37229012311796228  0.007084730558807924     
47.514517916476073   0.21522401226005725  0.01566047277509407     
47.999359936031951   0.31266541662091545  0.035480095497868429     
48.484201955587828   11.840504200785926  0.16121362738750136     
