0.23200314144828521   193.10220820733644  0.033906794734539888     
0.46400628289657042   4.100178748844711  0.013197254013552037     
0.69600942434485558   18.484658657874433  0.028884033131140424     
0.92801256579314084   4.1248432651945022  0.0066565836511483683     
1.1600157072414261   4.4098801887064989  0.010030439471146069     
1.3920188486897112   3.7247657491632941  0.0071362718184954262     
1.6240219901379964   0.902969985975187  0.0030801910669220771     
1.8560251315862817   2.8534074289417091  0.0095508677998452016     
2.088028273034567   0.063073707147731477  0.00051174145159781355     
2.3200314144828522   1.8409094050086735  0.0087906797731935367     
2.5520345559311375   0.070309026471608839  0.00044612504413153464     
2.7840376973794223   1.0201342103618885  0.0076950548571628232     
3.0160408388277076   0.23259933093335678  0.0020274848631925612     
3.2480439802759928   0.48173885052610687  0.0044859071235399349     
3.4800471217242781   0.33136598061938669  0.0039774831238361432     
3.7120502631725634   0.17197863485691294  0.0030319260854113953     
3.9440534046208486   0.34044494045520901  0.0080833659361786626     
4.1760565460691339   0.028941337184511024  0.00081910987555088489     
4.4080596875174187   0.30147373368689562  0.012427822691229678     
4.6400628289657044   0.035723828949996907  0.0011339128651891058     
4.8720659704139893   0.18843093307313863  0.0075206798427537395     
5.104069111862275   0.045532447562529627  0.0013002843318876836     
5.3360722533105598   0.13198442912761566  0.0056816073963774087     
5.5680753947588446   0.083697454418624955  0.0037419099294337584     
5.8000785362071303   0.099839102829405529  0.0035012131433505974     
6.0320816776554151   0.15342211173820489  0.0072552291966224848     
6.2640848191037009   0.061388822566725918  0.0012357135374827118     
6.4960879605519857   0.31434714637135767  0.011303704590933994     
6.7280911020002714   0.02342552852940613  0.00052608150145610589     
6.9600942434485562   0.59698463645429454  0.014784422610289184     
7.1920973848968419   0.078275810908033089  0.00039303876972969401     
7.4241005263451267   0.96729206072463203  0.016641672633870567     
7.6561036677934116   0.50372261277557145  0.0065741728238150535     
7.8881068092416973   1.3427956451955614  0.013341497973801747     
8.120109950689983   2.202579383632999  0.019784003574558915     
8.3521130921382678   1.6560391400875576  0.0099441927495328592     
8.5841162335865526   10.203097252274126  0.050369627267554606     
8.8161193750348374   1.4610387577914326  0.0093811224047825747     
9.048122516483124   112.33739837685588  0.40310153349294627     
9.2801256579314089   266.29044394350173  0.75833690664710064     
9.5121287993796937   146.0363621940604  0.35919403223742757     
9.7441319408279785   4.3598514923400786  0.016853100782949004     
9.9761350822762633   15.545856651184869  0.028469221481556401     
10.20813822372455   4.8458730742392288  0.0099298960434680461     
10.440141365172835   3.4483185717079084  0.0058795250635817732     
10.67214450662112   4.2685980808898736  0.0086456179964429898     
10.904147648069404   0.5635129962271903  0.0015740568821636041     
11.136150789517689   3.1963092455353121  0.0080939196961114439     
11.368153930965976   0.027974735722274149  0.00062566608613579308     
11.600157072414261   2.1260178541822282  0.0035032605637889938     
11.832160213862545   0.1575246743857903  0.00064630444940432572     
12.06416335531083   1.2677309648782195  0.0017643327924550074     
12.296166496759117   0.41499559526881916  0.00060894352606904962     
12.528169638207402   0.62613545188869707  0.0019057700774302262     
12.760172779655687   0.62319779146638503  0.001225017533752799     
12.992175921103971   0.2133060560268788  0.00092517261262013678     
13.224179062552256   0.69366022650491576  0.0034758932800046551     
13.456182204000543   0.050240126160269201  0.00072977676472275975     
13.688185345448828   0.68241247381843712  0.0060729092087090032     
13.920188486897112   0.15614742984066828  0.0034682437817444079     
14.152191628345397   0.48342469999229086  0.0050229071250634032     
14.384194769793684   0.11602036561160981  0.0011285099199871334     
14.616197911241969   0.28741460508583851  0.0015985695793616704     
14.848201052690253   0.17974865046851197  0.00097230544809102078     
15.080204194138538   0.12902264937133475  0.00084597016182610951     
15.312207335586823   0.21508865423097837  0.0020599774689892147     
15.54421047703511   0.045002121533333916  0.00031437727537542722     
15.776213618483395   0.20247302508448078  0.004889850169940568     
16.008216759931681   0.032877087765794507  0.00064170699307997774     
16.240219901379966   0.17189779137679757  0.0076124930951016295     
16.472223042828251   0.047972832525495761  0.00067375385729699004     
16.704226184276536   0.17223498527214883  0.0080262365480120579     
16.93622932572482   0.11126984998352423  0.0046095605907552232     
17.168232467173105   0.22791559667508897  0.0081989410022175705     
17.40023560862139   0.53898733006633831  0.014654268647224946     
17.632238750069675   0.31120019292386786  0.0068382263606620807     
17.86424189151796   3.641248435570758  0.049170256129171919     
18.096245032966248   1.0080489703997646  0.034119883505943593     
18.328248174414533   21.207055680655717  0.35107047021894866     
18.560251315862818   70.100929772180466  0.78556049554704631     
18.792254457311103   49.327416544056479  0.40396114382509865     
19.024257598759387   2.690643021064938  0.01514289583343948     
19.256260740207672   5.4510998223850754  0.037462860724277147     
19.488263881655957   2.7066843154000032  0.014783241216149494     
19.720267023104242   1.0778535500079789  0.0070620351202247619     
19.952270164552527   2.2057710606283026  0.013315791812848192     
20.184273306000815   0.15820937271189582  0.0015396793045976376     
20.4162764474491   1.6638528523047389  0.012267321398476989     
20.648279588897385   0.035727262925672868  0.00062340010790283081     
20.88028273034567   1.1908957258748688  0.0068159685104502836     
21.112285871793954   0.1543355375867379  0.0010850667291440419     
21.344289013242239   0.75857184139962813  0.004559821152853053     
21.576292154690524   0.36505614272729323  0.0022097332438158222     
21.808295296138809   0.38658373586764394  0.0024364860083615318     
22.040298437587094   0.56032613889706278  0.0032534519523134962     
22.272301579035378   0.15021027240766215  0.0011139626684209791     
22.504304720483667   0.65170803016114007  0.0034737672137274216     
22.736307861931952   0.093111762412329348  0.0019504539572842775     
22.968311003380236   0.66063108225467326  0.0086245365709726933     
23.200314144828521   0.14984208711054948  0.0019685019285545813     
23.432317286276806   0.51054020898774009  0.0070655686662167966     
23.664320427725091   0.17897999305656536  0.0020831917081687621     
23.896323569173376   0.31072673982721479  0.0033780278662649925     
24.128326710621661   0.28147973322877684  0.0028601709319793616     
24.360329852069945   0.1439976027668481  0.0017086296559186164     
24.592332993518234   0.34396990218845867  0.0034857106324512659     
24.824336134966519   0.0573688561415162  0.00048809608611710408     
25.056339276414803   0.34128909096178404  0.0029810088812407554     
25.288342417863088   0.03561199613252606  0.00038099622990483334     
25.520345559311373   0.28830123115426082  0.0032825415536019942     
25.752348700759658   0.062368652038559242  0.00039606577539813974     
25.984351842207943   0.20785219202031044  0.0026794475165515417     
26.216354983656228   0.15661367747695801  0.001549222508504601     
26.448358125104512   0.14318882894842476  0.001871979077568086     
26.680361266552801   0.41763557517442024  0.0061289534127264694     
26.912364408001086   0.22675401857217912  0.0034068597804963945     
27.14436754944937   1.8813342115996103  0.031257053374317872     
27.376370690897655   4.2127426845184514  0.082960927805844327     
27.60837383234594   2.5237369484897012  0.051556652207679124     
27.840376973794225   3.7768451051544298  0.12651295038369538     
28.07238011524251   5.5790612435277401  0.10734309375549203     
28.304383256690794   0.94584190190002557  0.011171018693830273     
28.536386398139079   0.74990151383104028  0.0082004283557184673     
28.768389539587368   0.75854619600355995  0.0079004631038940841     
29.000392681035652   0.19800540098013533  0.002376157189606739     
29.232395822483937   0.63991846637429809  0.0070083718054892011     
29.464398963932222   0.059036697786396403  0.00069728407695680423     
29.696402105380507   0.56861435472479408  0.0075044511147844961     
29.928405246828792   0.036740552542055595  0.00034256194276239881     
30.160408388277077   0.47417842232218141  0.0055452511061600392     
30.392411529725361   0.11445212176182543  0.0010953918923248462     
30.624414671173646   0.33277411271876239  0.0042357681218161837     
30.856417812621935   0.25560650954873321  0.0033172059972293488     
31.088420954070219   0.19744245501795  0.0018045677968453084     
31.320424095518504   0.38771912559528512  0.0031513748973835882     
31.552427236966789   0.12407458790065624  0.0013739668105820815     
31.784430378415074   0.4672724380402386  0.0045869994395258988     
32.016433519863362   0.13807572706352672  0.00096555092168497707     
32.248436661311644   0.47700579648715256  0.0078407311650729156     
32.480439802759932   0.16824517412594331  0.0017563112624632211     
32.712442944208213   0.39273193241981715  0.0073280541792596386     
32.944446085656502   0.20674017931526838  0.0028424544662348382     
33.176449227104783   0.25085088062514949  0.0042550302770147067     
33.408452368553071   0.2875492286556506  0.0045462988455615732     
33.640455510001352   0.12892623361223616  0.0019949478255984357     
33.872458651449641   0.35319829808834913  0.0064491689456029677     
34.104461792897929   0.052177021980569582  0.00043468434313218547     
34.33646493434621   0.38170990915045984  0.0060226328246496859     
34.568468075794499   0.044370319579275527  0.00032567616821309368     
34.80047121724278   0.35733547623670197  0.0060551917846335559     
35.032474358691069   0.13583915090067532  0.002405925443713688     
35.26447750013935   0.29113733018135705  0.0048697879512470197     
35.496480641587638   0.3195759702942777  0.0048858387248079858     
35.728483783035919   0.25801205189814191  0.004860198450041245     
35.960486924484208   0.58776086623980182  0.011104101682314558     
36.192490065932496   0.41028307984642078  0.0060041399939268113     
36.424493207380777   1.5653786037063753  0.038761439369591836     
36.656496348829066   2.1470414276223363  0.023943184418576009     
36.888499490277347   3.6287546821927422  0.05907974565005948     
37.120502631725635   4.1098899780831914  0.0853440658550269     
37.352505773173917   1.9868401695896942  0.043668278480979948     
37.584508914622205   0.41077373147821687  0.0070865327194235881     
37.816512056070486   0.36367263434885845  0.0057669811290761427     
38.048515197518775   0.26445371309119085  0.0030684961392170902     
38.280518338967063   0.1214438165944543  0.0010420712616268045     
38.512521480415344   0.26329772701728644  0.0047277941363112989     
38.744524621863633   0.04622046291413448  0.00022939850291285687     
38.976527763311914   0.26748751015526539  0.0051057434748465052     
39.208530904760202   0.053146115835557465  0.00057350164613332199     
39.440534046208484   0.24164096748556634  0.0040360178468939155     
39.672537187656772   0.12219149029211072  0.0013964225590624228     
39.904540329105053   0.19520342533499849  0.003802134508870522     
40.136543470553342   0.21589964584727987  0.0036296643728462093     
40.36854661200163   0.15031350114082121  0.0017186779692250533     
40.600549753449911   0.31265290759075716  0.0039518892667755045     
40.8325528948982   0.13849139028325901  0.00096083386690050159     
41.064556036346481   0.3942813755649075  0.0065653267135130276     
41.296559177794769   0.19778218943283727  0.0009408428606034108     
41.528562319243051   0.42678114158030716  0.0032921763953770716     
41.760565460691339   0.2329577842836803  0.0019146216057167059     
41.99256860213962   0.36373232940792051  0.0064938091032591784     
42.224571743587909   0.24114238519252255  0.0031223894901075264     
42.456574885036197   0.23875736554000028  0.0041326710959732323     
42.688578026484478   0.31468150997923732  0.0059630655163536642     
42.920581167932767   0.12103435395199508  0.0015972588897927947     
43.152584309381048   0.40704303012947308  0.0084205868305866533     
43.384587450829336   0.056246997453702554  0.00044907755115790706     
43.616590592277618   0.47200847991475657  0.0090787006375545992     
43.848593733725906   0.097859788473694266  0.001211756077268439     
44.080596875174187   0.48876216061989168  0.0099342406268569647     
44.312600016622476   0.26666461214863769  0.0051033599599358226     
44.544603158070757   0.47650656428442805  0.0093225428105781708     
44.776606299519045   0.62821905585980433  0.011246054435717472     
45.008609440967334   0.4381539474738728  0.0075376140444166574     
45.240612582415615   1.6459052949999593  0.035592082358358854     
45.472615723863903   0.40566322202702509  0.0049874067534181691     
45.704618865312185   8.2022956825745202  0.18081812142674904     
45.936622006760473   14.34441948160057  0.373250191096812     
46.168625148208754   7.3027061335675481  0.18983488374910333     
46.400628289657043   4.6233154323371687  0.077635464391486482     
