-0.000214927   -0.000405585     0
0.000656913   0.00135448     0
0.0503926   -0.00063295     1
0.0499918   0.00134168     1
0.10029   -0.000787283     2
0.0999553   0.00120297     2
0.150968   0.000583912     3
0.149362   -0.000237422     3
0.200512   0.00122461     4
0.19984   -0.000648714     4
0.250439   -0.000622621     5
0.249777   0.00125482     5
0.299489   0.000959355     6
0.300693   -0.000519141     6
0.349762   0.00113419     7
0.350438   -0.000737181     7
0.399609   0.00101303     8
0.400513   -0.000726509     8
0.449908   -0.000720261     9
0.450056   0.0013033     9
-0.499215   0.000509045     10
0.499057   0.000137765     10
-0.45063   -0.000447602     11
-0.44944   0.00104527     11
-0.399124   0.000493178     12
-0.40086   0.000174553     12
-0.349006   0.000477231     13
-0.350744   0.000157063     13
-0.298906   0.000251644     14
-0.300663   0.000264543     14
-0.249898   -0.00083563     15
-0.249647   0.00117476     15
-0.198933   0.000415261     16
-0.200601   -0.000224337     16
-0.1501   -0.000747721     17
-0.149375   0.00109943     17
-0.0996368   -0.000684608     18
-0.0998821   0.00132331     18
-0.049341   0.00117961     19
-0.0502484   -0.000560418     19
0.0244736   0.0501486     20
0.0261298   0.0508272     20
0.0748126   0.0494851     21
0.0757295   0.0512165     21
0.125407   0.0511715     22
0.125031   0.0491908     22
0.175743   0.0509875     23
0.174542   0.0495068     23
0.225525   0.051239     24
0.224803   0.0493904     24
0.275199   0.0492788     25
0.27497   0.0512894     25
0.324344   0.0495775     26
0.325723   0.0508379     26
0.374781   0.0512409     27
0.375142   0.0492565     27
0.425191   0.0511972     28
0.424553   0.0493067     28
0.474003   0.0502376     29
0.475761   0.050272     29
0.52419   0.0498273     30
-0.474194   0.0506243     30
-0.424121   0.0507402     31
-0.42573   0.0499266     31
-0.37406   0.0506724     32
-0.375676   0.0498731     32
-0.325037   0.0512231     33
-0.324538   0.0492776     33
-0.274449   0.0492323     34
-0.275149   0.0510918     34
-0.225594   0.0503332     35
-0.223875   0.0499093     35
-0.175329   0.0494339     36
-0.174133   0.0509189     36
-0.124266   0.0510869     37
-0.125264   0.0494158     37
-0.0748405   0.0493112     38
-0.0747424   0.0513368     38
-0.0241412   0.0511266     39
-0.025325   0.0496283     39
0.050402   0.101466     40
0.0505024   0.0994385     40
0.100053   0.101289     41
0.100697   0.0994022     41
0.150183   0.101252     42
0.150416   0.0992422     42
0.200173   0.0992277     43
0.200395   0.10124     43
0.250404   0.101341     44
0.249961   0.0993781     44
0.300242   0.0992885     45
0.300035   0.101302     45
0.350497   0.101111     46
0.349703   0.0993012     46
0.399435   0.0995534     47
0.400679   0.100985     47
0.449714   0.0993092     48
0.450333   0.101207     48
0.500095   0.0992049     49
0.49988   0.101217     49
0.549126   0.10021     50
-0.449115   0.1002     50
-0.40077   0.100327     51
-0.399025   0.100092     51
-0.349012   0.0997839     52
-0.350599   0.100655     52
-0.299336   0.0993602     53
-0.300287   0.101067     53
-0.250536   0.10056     54
-0.249002   0.0995646     54
-0.199958   0.0991268     55
-0.199624   0.10112     55
-0.150546   0.0998439     56
-0.148904   0.100564     56
-0.0989796   0.100897     57
-0.10042   0.0997356     57
-0.0489203   0.100909     58
-0.0503653   0.099755     58
-0.000322458   0.0998168     59
0.00114318   0.100938     59
0.0747176   0.151115     60
0.0760346   0.149771     60
0.12466   0.15094     61
0.126051   0.149698     61
0.175487   0.151313     62
0.175244   0.149305     62
0.225372   0.149326     63
0.225165   0.151341     63
0.275628   0.149454     64
0.274817   0.151252     64
0.325755   0.149412     65
0.324642   0.150982     65
0.375944   0.150829     66
0.374495   0.149681     66
0.425205   0.151329     67
0.425105   0.149305     67
0.474994   0.149314     68
0.475143   0.151334     68
0.524873   0.151235     69
0.525167   0.149236     69
-0.424763   0.14922     70
0.574606   0.151112     70
-0.374114   0.150289     71
-0.375851   0.149987     71
-0.325768   0.150336     72
-0.324034   0.150007     72
-0.27548   0.150796     73
-0.27419   0.149418     73
-0.22566   0.149855     74
-0.223929   0.150207     74
-0.175434   0.149533     75
-0.174039   0.150766     75
-0.123826   0.149814     76
-0.1255   0.150434     76
-0.0748531   0.149324     77
-0.0743342   0.151262     77
-0.0245503   0.149351     78
-0.024698   0.151372     78
0.0254969   0.149484     79
0.0251729   0.151476     79
0.0995094   0.200898     80
0.101004   0.199831     80
0.151061   0.199633     81
0.149624   0.200807     81
0.200643   0.199467     82
0.200045   0.201374     82
0.250092   0.19937     83
0.25035   0.201376     83
0.299405   0.200666     84
0.30103   0.199895     84
0.35007   0.199186     85
0.350273   0.201203     85
0.400269   0.201341     86
0.400006   0.199335     86
0.450021   0.199348     87
0.45018   0.20137     87
0.500372   0.201303     88
0.499761   0.199402     88
0.549462   0.201012     89
0.550543   0.199414     89
-0.399995   0.199125     90
0.5999   0.201152     90
-0.349291   0.199576     91
-0.350839   0.200538     91
-0.300775   0.200317     92
-0.29904   0.19999     92
-0.249051   0.199525     93
-0.250593   0.200497     93
-0.199065   0.200624     94
-0.200499   0.199452     94
-0.148869   0.199796     95
-0.150547   0.200397     95
-0.0991079   0.20095     96
-0.100157   0.199324     96
-0.0497705   0.201401     97
-0.0495524   0.199386     97
-4.91081e-05   0.201464     98
0.000564752   0.199564     98
0.0496963   0.201254     99
0.0507731   0.199649     99
0.124878   0.251118     100
0.12565   0.249295     100
0.175291   0.249286     101
0.175133   0.251306     101
0.226104   0.250371     102
0.224349   0.250491     102
0.274794   0.25124     103
0.275729   0.249521     103
0.325526   0.249367     104
0.324896   0.251261     104
0.375648   0.251176     105
0.374735   0.249443     105
0.425341   0.251343     106
0.424958   0.249364     106
0.475156   0.251423     107
0.475017   0.249401     107
0.524565   0.251204     108
0.525515   0.249496     108
0.574717   0.251163     109
0.575271   0.249239     109
-0.374477   0.249341     110
0.624469   0.250964     110
-0.324267   0.250589     111
-0.325694   0.249403     111
-0.275626   0.25057     112
-0.274128   0.249504     112
-0.223937   0.249848     113
-0.225682   0.250093     113
-0.173921   0.25038     114
-0.175592   0.24974     114
-0.124474   0.251023     115
-0.125005   0.249088     115
-0.0742604   0.25113     116
-0.0752598   0.249463     116
-0.0252782   0.25146     117
-0.0243724   0.249722     117
0.025902   0.249947     118
0.0244217   0.251041     118
0.0760538   0.250029     119
0.0743928   0.250691     119
0.149846   0.299392     120
0.150514   0.301267     120
0.199727   0.301229     121
0.200511   0.299414     121
0.250783   0.299728     122
0.249413   0.300999     122
0.300553   0.299448     123
0.2997   0.301222     123
0.350102   0.301357     124
0.350166   0.299332     124
0.40034   0.299364     125
0.399915   0.301333     125
0.449764   0.301413     126
0.450354   0.299503     126
0.499512   0.301242     127
0.500485   0.299554     127
0.549579   0.301202     128
0.550458   0.299443     128
0.599158   0.300437     129
0.600849   0.299886     129
-0.349094   0.299645     130
0.649267   0.300378     130
-0.300421   0.300795     131
-0.299402   0.299141     131
-0.249071   0.299719     132
-0.250791   0.30016     132
-0.198962   0.299958     133
-0.200719   0.299897     133
-0.149776   0.301093     134
-0.149878   0.299068     134
-0.100345   0.299366     135
-0.0993402   0.301031     135
-0.0491201   0.301078     136
-0.0505466   0.299894     136
-0.000532212   0.301069     137
0.000995657   0.300065     137
0.0498871   0.301379     138
0.0505605   0.299503     138
0.101041   0.299981     139
0.0993718   0.300615     139
0.175064   0.351429     140
0.175126   0.349402     140
0.225201   0.349401     141
0.224815   0.351379     141
0.27478   0.351339     142
0.275225   0.349377     142
0.325291   0.349356     143
0.32471   0.35127     143
0.374836   0.351405     144
0.375094   0.349397     144
0.425843   0.350634     145
0.42413   0.35018     145
0.474552   0.349574     146
0.475469   0.351304     146
0.525326   0.349433     147
0.524549   0.351254     147
0.574234   0.350772     148
0.575694   0.34964     148
0.624591   0.350962     149
0.62539   0.349156     149
0.674488   0.350858     150
-0.324497   0.349201     150
-0.27557   0.350707     151
-0.274401   0.349194     151
-0.224135   0.349317     152
-0.225639   0.350367     152
-0.175181   0.349057     153
-0.174499   0.350926     153
-0.124896   0.349165     154
-0.124907   0.351193     154
-0.0745701   0.35129     155
-0.075261   0.349425     155
-0.0257318   0.350617     156
-0.0239848   0.350398     156
0.0258146   0.349808     157
0.0244996   0.351158     157
0.0758003   0.34961     158
0.0745918   0.351083     158
0.125521   0.35124     159
0.124801   0.34939     159
0.200337   0.401484     160
0.199907   0.399518     160
0.250051   0.401385     161
0.250127   0.399359     161
0.300069   0.401369     162
0.299964   0.399345     162
0.350515   0.401168     163
0.349465   0.399541     163
0.400248   0.399404     164
0.399705   0.401333     164
0.449487   0.401232     165
0.450424   0.399516     165
0.500022   0.399477     166
0.499902   0.4015     166
0.549624   0.401247     167
0.550244   0.399349     167
0.600268   0.399188     168
0.59954   0.401034     168
0.649211   0.400588     169
0.65067   0.399455     169
-0.299553   0.399129     170
0.699463   0.40081     170
-0.25075   0.400362     171
-0.249257   0.399289     171
-0.200063   0.400852     172
-0.199949   0.398828     172
-0.150059   0.399104     173
-0.149995   0.401131     173
-0.100872   0.40025     174
-0.0991155   0.400236     174
-0.0490755   0.400289     175
-0.0508266   0.400506     175
0.000897224   0.400102     176
-0.000735851   0.400852     176
0.0493617   0.400772     177
0.050997   0.400027     177
0.0999377   0.399414     178
0.100513   0.401331     178
0.150272   0.401431     179
0.15   0.399427     179
0.224519   0.451292     180
0.225584   0.44968     180
0.275218   0.449403     181
0.27469   0.451337     181
0.324647   0.451368     182
0.325211   0.449448     182
0.374234   0.450915     183
0.375729   0.449851     183
0.424487   0.451261     184
0.42545   0.449566     184
0.475302   0.451327     185
0.474491   0.449527     185
0.525492   0.449718     186
0.524264   0.451173     186
0.574185   0.450803     187
0.575627   0.449641     187
0.625685   0.449451     188
0.624207   0.450559     188
0.67544   0.449142     189
0.674473   0.45084     189
-0.274378   0.449268     190
0.724266   0.450558     190
-0.22498   0.450878     191
-0.225215   0.448868     191
-0.174919   0.450944     192
-0.175428   0.449003     192
-0.125599   0.451009     193
-0.124742   0.449239     193
-0.0742753   0.450541     194
-0.0759692   0.449992     194
-0.0258919   0.450188     195
-0.0241619   0.450543     195
0.0259647   0.450475     196
0.0242256   0.450177     196
0.0747648   0.451272     197
0.075593   0.449483     197
0.125455   0.451456     198
0.124818   0.449567     198
0.175419   0.44955     199
0.174671   0.451386     199
0.250528   0.499681     200
-0.250383   -0.498772     200
-0.199818   -0.498594     201
0.299798   0.499383     201
0.350599   0.499747     202
-0.15053   -0.498961     202
-0.0999568   -0.498581     203
0.400017   0.499405     203
0.449978   0.499432     204
-0.0499608   -0.49855     204
-0.000555527   -0.498855     205
0.500526   0.499791     205
0.0494939   -0.498918     206
0.550483   0.499619     206
0.0995121   -0.499194     207
0.600504   0.499346     207
0.150233   -0.499004     208
0.649753   0.498986     208
0.700479   0.499216     209
0.199444   -0.49937     209
0.249417   -0.499405     210
-0.249539   0.499194     210
-0.70001   -0.499019     211
-0.200228   0.498951     211
-0.64945   -0.499149     212
-0.150781   0.499273     212
-0.101038   0.499726     213
-0.599187   -0.499496     213
-0.550763   -0.499646     214
-0.549026   -0.499983     214
-0.498843   -0.49954     215
-0.500572   -0.499902     215
-0.449771   -0.498645     216
0.0501215   0.499332     216
0.100032   0.499439     217
-0.399728   -0.498533     217
-0.350406   -0.498799     218
0.150704   0.499884     218
-0.299722   -0.498459     219
0.199986   0.499515     219
-0.224874   -0.448487     220
-0.225013   -0.450508     220
-0.175521   -0.448757     221
-0.174371   -0.450292     221
-0.124921   -0.448613     222
-0.124995   -0.450639     222
-0.0746997   -0.450492     223
-0.0752661   -0.448571     223
-0.0242439   -0.449993     224
-0.0257696   -0.448985     224
0.0243693   -0.449023     225
0.0257697   -0.45025     225
0.0744613   -0.449148     226
0.0758027   -0.450457     226
0.124739   -0.449031     227
0.125424   -0.450904     227
0.174601   -0.449126     228
0.175419   -0.450922     228
0.224605   -0.449095     229
0.225275   -0.450973     229
-0.724704   -0.450947     230
0.274584   -0.449092     230
-0.675924   -0.449939     231
-0.674169   -0.450023     231
-0.624114   -0.450003     232
-0.625866   -0.449833     232
-0.575771   -0.450164     233
-0.574064   -0.449682     233
-0.523959   -0.450061     234
-0.525686   -0.449684     234
-0.47515   -0.448762     235
-0.474417   -0.450605     235
-0.424936   -0.448523     236
-0.424623   -0.450519     236
-0.375463   -0.44875     237
-0.37423   -0.450195     237
-0.324205   -0.450166     238
-0.325514   -0.448814     238
-0.274769   -0.45041     239
-0.274889   -0.448386     239
-0.200234   -0.398492     240
-0.199637   -0.400398     240
-0.150522   -0.398744     241
-0.149463   -0.400361     241
-0.100632   -0.39873     242
-0.0994982   -0.400279     242
-0.0492599   -0.399907     243
-0.0508488   -0.399035     243
0.000886433   -0.399878     244
-0.000785849   -0.399256     244
0.0498156   -0.398793     245
0.0503807   -0.400712     245
0.0996526   -0.399003     246
0.10047   -0.400798     246
0.150407   -0.400832     247
0.149572   -0.399048     247
0.200167   -0.399     248
0.199716   -0.40096     248
0.249453   -0.399133     249
0.250263   -0.400937     249
0.299039   -0.399796     250
-0.699252   -0.400267     250
-0.649335   -0.400487     251
-0.650871   -0.399501     251
-0.600651   -0.399301     252
-0.599439   -0.40077     252
-0.550615   -0.399244     253
-0.549385   -0.400692     253
-0.499617   -0.400708     254
-0.500472   -0.398935     254
-0.450685   -0.398972     255
-0.449355   -0.400303     255
-0.399126   -0.399212     256
-0.400821   -0.399749     256
-0.349178   -0.399995     257
-0.350693   -0.398967     257
-0.300583   -0.400212     258
-0.299353   -0.398764     258
-0.249443   -0.400217     259
-0.250432   -0.39854     259
-0.175558   -0.348734     260
-0.174416   -0.350274     260
-0.124587   -0.348578     261
-0.125538   -0.350284     261
-0.0744791   -0.348696     262
-0.0755986   -0.350259     262
-0.0257093   -0.349008     263
-0.0242621   -0.350161     263
0.0243697   -0.349014     264
0.025752   -0.350271     264
0.0756122   -0.350639     265
0.0745687   -0.349003     265
0.125091   -0.350854     266
0.124943   -0.348832     266
0.174794   -0.350894     267
0.17525   -0.348935     267
0.22489   -0.348996     268
0.225042   -0.351016     268
0.274691   -0.349044     269
0.275164   -0.350997     269
0.324829   -0.349035     270
-0.675175   -0.351064     270
-0.624548   -0.350764     271
-0.625785   -0.349323     271
-0.575766   -0.349222     272
-0.574642   -0.350781     272
-0.524968   -0.348875     273
-0.525424   -0.350833     273
-0.474384   -0.349283     274
-0.475953   -0.350198     274
-0.42426   -0.349627     275
-0.426018   -0.349644     275
-0.374166   -0.349941     276
-0.375778   -0.349132     276
-0.32546   -0.348692     277
-0.324456   -0.350357     277
-0.275197   -0.35035     278
-0.274806   -0.348373     278
-0.225349   -0.348459     279
-0.224708   -0.350349     279
-0.149183   -0.299435     280
-0.150929   -0.299668     280
-0.100838   -0.29936     281
-0.0991064   -0.299703     281
-0.0505791   -0.298872     282
-0.0492426   -0.300192     282
0.000577611   -0.300512     283
-0.000408714   -0.298832     283
0.0509026   -0.300094     284
0.0492743   -0.299332     284
0.0999328   -0.300818     285
0.100292   -0.298832     285
0.150225   -0.298861     286
0.149872   -0.300847     286
0.199942   -0.298886     287
0.200087   -0.30091     287
0.250065   -0.298942     288
0.249887   -0.30096     288
0.299982   -0.30096     289
0.299846   -0.298938     289
0.349931   -0.298902     290
-0.650274   -0.300917     290
-0.600498   -0.300932     291
-0.600004   -0.298984     291
-0.549677   -0.29921     292
-0.550864   -0.300705     292
-0.500965   -0.300384     293
-0.499465   -0.299327     293
-0.449333   -0.299442     294
-0.451001   -0.300088     294
-0.400112   -0.298605     295
-0.400118   -0.300633     295
-0.350517   -0.298625     296
-0.349736   -0.300444     296
-0.300008   -0.298403     297
-0.300295   -0.300404     297
-0.250898   -0.298886     298
-0.249358   -0.299866     298
-0.20081   -0.298971     299
-0.199273   -0.299955     299
-0.12576   -0.249222     300
-0.12415   -0.250042     300
-0.0752881   -0.250509     301
-0.0746215   -0.248633     301
-0.0241019   -0.249776     302
-0.0258362   -0.249447     302
0.0244413   -0.248998     303
0.0257056   -0.250406     303
0.0757049   -0.250501     304
0.0744412   -0.249092     304
0.124369   -0.249255     305
0.125848   -0.250351     305
0.175077   -0.250749     306
0.175083   -0.248721     306
0.224924   -0.248842     307
0.22503   -0.25087     307
0.27449   -0.249028     308
0.275417   -0.25075     308
0.32502   -0.248891     309
0.324835   -0.250911     309
0.374986   -0.248847     310
-0.625318   -0.250844     310
-0.575613   -0.250743     311
-0.574625   -0.249065     311
-0.525444   -0.250835     312
-0.524862   -0.248922     312
-0.474696   -0.248985     313
-0.475581   -0.250739     313
-0.425148   -0.248733     314
-0.425182   -0.250761     314
-0.375484   -0.25051     315
-0.374937   -0.248582     315
-0.324515   -0.248818     316
-0.325893   -0.250076     316
-0.276006   -0.249165     317
-0.274288   -0.249606     317
-0.225956   -0.249302     318
-0.224238   -0.24973     318
-0.17416   -0.249766     319
-0.175895   -0.249443     319
-0.100756   -0.200204     320
-0.0992516   -0.199156     320
-0.049041   -0.199309     321
-0.0507046   -0.199964     321
0.00022826   -0.198623     322
3.0131e-05   -0.20064     322
0.0502267   -0.20075     323
0.0499341   -0.19875     323
0.0992042   -0.199611     324
0.100906   -0.200126     324
0.150595   -0.198996     325
0.149543   -0.200623     325
0.199991   -0.200715     326
0.200207   -0.198702     326
0.24986   -0.200772     327
0.250155   -0.198767     327
0.299935   -0.19885     328
0.299921   -0.200877     328
0.350591   -0.19908     329
0.349383   -0.200552     329
0.400296   -0.198957     330
0.399622   -0.200829     330
-0.55031   -0.200798     331
-0.549856   -0.198839     331
-0.500386   -0.198881     332
-0.499813   -0.200798     332
-0.450725   -0.200487     333
-0.449487   -0.199046     333
-0.400388   -0.200595     334
-0.399921   -0.198639     334
-0.350796   -0.200245     335
-0.349542   -0.198818     335
-0.299387   -0.198899     336
-0.300873   -0.199981     336
-0.249191   -0.199348     337
-0.250918   -0.199721     337
-0.200815   -0.199182     338
-0.199245   -0.200097     338
-0.149503   -0.198766     339
-0.150465   -0.200462     339
-0.0755401   -0.150263     340
-0.0740884   -0.14912     340
-0.0241515   -0.149     341
-0.0255007   -0.150302     341
0.0255866   -0.150535     342
0.0248288   -0.148706     342
0.075404   -0.150791     343
0.0748918   -0.148851     343
0.124432   -0.150525     344
0.125762   -0.149199     344
0.17518   -0.148756     345
0.175007   -0.150774     345
0.224816   -0.148735     346
0.225294   -0.150687     346
0.274801   -0.14875     347
0.275262   -0.150706     347
0.324962   -0.150872     348
0.325001   -0.148844     348
0.374307   -0.149286     349
0.375752   -0.150449     349
-0.574286   -0.149197     350
0.424354   -0.150481     350
-0.525107   -0.148757     351
-0.524948   -0.150777     351
-0.474558   -0.148946     352
-0.475532   -0.150636     352
-0.425025   -0.148622     353
-0.425245   -0.150634     353
-0.375755   -0.150278     354
-0.374492   -0.148868     354
-0.325947   -0.149848     355
-0.324257   -0.149289     355
-0.275824   -0.149227     356
-0.274183   -0.149956     356
-0.225766   -0.150083     357
-0.224193   -0.149178     357
-0.174334   -0.148985     358
-0.175509   -0.150493     358
-0.124108   -0.149101     359
-0.125589   -0.150195     359
-0.0490737   -0.0990096     360
-0.0503881   -0.100355     360
-0.00015585   -0.100586     361
0.000591148   -0.0987467     361
0.0505275   -0.100628     362
0.0498206   -0.0987723     362
0.100414   -0.100782     363
0.0998456   -0.0988625     363
0.149783   -0.100766     364
0.150352   -0.0988453     364
0.199411   -0.100377     365
0.200735   -0.099044     365
0.249675   -0.100616     366
0.250432   -0.0987856     366
0.300937   -0.0998799     367
0.299187   -0.0996741     367
0.350032   -0.100817     368
0.35017   -0.0987942     368
0.400309   -0.0989652     369
0.399744   -0.100886     369
-0.550262   -0.10073     370
0.4501   -0.0987456     370
-0.500331   -0.0987852     371
-0.49983   -0.100729     371
-0.44928   -0.0992714     372
-0.450936   -0.0999514     372
-0.39987   -0.0986304     373
-0.400332   -0.100586     373
-0.350656   -0.100362     374
-0.349566   -0.0987712     374
-0.299261   -0.099896     375
-0.300978   -0.0994454     375
-0.249203   -0.0992825     376
-0.250799   -0.10013     376
-0.200591   -0.0991536     377
-0.199152   -0.100319     377
-0.149223   -0.0990809     378
-0.15052   -0.10045     378
-0.099099   -0.0990763     379
-0.100507   -0.100292     379
-0.0247289   -0.0506364     380
-0.0247337   -0.0486091     380
0.0247869   -0.0486896     381
0.0256112   -0.0504802     381
0.0745487   -0.0490849     382
0.0758571   -0.0504394     382
0.124973   -0.0508232     383
0.125383   -0.0488511     383
0.174401   -0.0502821     384
0.175918   -0.0492598     384
0.224768   -0.0506261     385
0.225534   -0.0488009     385
0.274539   -0.0489913     386
0.275794   -0.0504102     386
0.325288   -0.0487726     387
0.324946   -0.0507641     387
0.374851   -0.0488946     388
0.37528   -0.0508621     388
0.425542   -0.0490706     389
0.424378   -0.0505889     389
0.475314   -0.0487773     390
0.474559   -0.0506094     390
-0.475499   -0.0505901     391
-0.474686   -0.0487901     391
-0.424245   -0.0492977     392
-0.425911   -0.0499466     392
-0.374213   -0.0491947     393
-0.375829   -0.0499901     393
-0.324228   -0.0489987     394
-0.325643   -0.0502004     394
-0.274513   -0.0488784     395
-0.275282   -0.0507021     395
-0.224231   -0.0491397     396
-0.225586   -0.0504337     396
-0.175677   -0.0499743     397
-0.173939   -0.0496724     397
-0.124018   -0.0491289     398
-0.125393   -0.0503942     398
-0.0746085   -0.0507399     399
-0.0748312   -0.048729     399
