1.4165140000000001   4e-06   4e-06   
1.4165420000000002   1.2e-05   8.5374989832437982e-06   
1.4165700000000001   4e-06   4e-06   
1.416598   8e-06   5.3333333333333333e-06   
1.4166260000000002   4e-06   4e-06   
1.4166540000000001   8e-06   5.3333333333333333e-06   
1.416682   1.2e-05   8.5374989832437982e-06   
1.4167100000000001   1.2e-05   8.5374989832437982e-06   
1.4167380000000001   8e-06   5.3333333333333333e-06   
1.4167660000000002   4e-06   4e-06   
1.4167940000000001   8e-06   5.3333333333333333e-06   
1.416822   8e-06   5.3333333333333333e-06   
1.4168500000000002   1.2e-05   8.5374989832437982e-06   
1.4168780000000001   0   0   
1.416906   1.6e-05   8.8443327742810663e-06   
1.4169340000000001   8e-06   5.3333333333333333e-06   
1.4169620000000001   1.6e-05   8.8443327742810663e-06   
1.4169900000000002   3.2e-05   1.5549205052920801e-05   
1.4170180000000001   1.6e-05   8.8443327742810663e-06   
1.417046   3.6e-05   1.2578641509408805e-05   
1.4170740000000002   3.2e-05   8e-06   
1.4171020000000001   2.8e-05   1.339983416149452e-05   
1.41713   2.4e-05   8.8443327742810663e-06   
1.4171580000000001   6.4e-05   1.8086213288334048e-05   
1.4171860000000001   6.8e-05   1.5832456116050556e-05   
1.4172140000000002   5.6e-05   1.0666666666666667e-05   
1.4172420000000001   0.000112   2.4440403706431147e-05   
1.41727   5.2e-05   1.6918103387266027e-05   
1.4172980000000002   7.2e-05   1.4360439485692011e-05   
1.4173260000000001   0.000136   1.359738536958076e-05   
1.417354   0.000124   2.1039645117412667e-05   
1.4173820000000001   0.000156   1.7333333333333333e-05   
1.4174100000000001   0.00012   2.3851391759997757e-05   
1.4174380000000002   0.000152   2.7194770739161519e-05   
1.4174660000000001   0.000176   1.9955506062794354e-05   
1.417494   0.000248   3.0287511177601459e-05   
1.4175220000000002   0.000232   4.1654664938168823e-05   
1.4175500000000001   0.000284   2.6297443897754693e-05   
1.417578   0.000376   6.5101629950579749e-05   
1.4176060000000001   0.00042   4.5509461775669366e-05   
1.4176340000000001   0.000312   3.0868898407440601e-05   
1.4176620000000002   0.00048   8.8040394769168948e-05   
1.4176900000000001   0.000528   6.3329824464202225e-05   
1.417718   0.00058   4.4322053702919097e-05   
1.4177460000000002   0.000624   4.5097425400767368e-05   
1.4177740000000001   0.000676   4.0639335077675121e-05   
1.417802   0.000808   9.8846682628536739e-05   
1.4178300000000001   0.000776   7.3804546683189587e-05   
1.4178580000000001   0.00096   7.2541176046589031e-05   
1.4178860000000002   0.001076   0.00012570865788268788   
1.4179140000000001   0.001316   0.00011615315559878498   
1.417942   0.0012   9.1990337656855148e-05   
1.4179700000000002   0.001424   0.00012453647390757992   
1.4179980000000001   0.00164   0.00011730302638892144   
1.418026   0.001804   0.00014696333631971691   
1.4180540000000001   0.00204   0.00016242605155030465   
1.4180820000000001   0.0022   0.00013386560424545209   
1.41811   0.002604   0.00013681455413157703   
1.4181380000000001   0.002792   0.00021915392865391313   
1.418166   0.003148   0.00024469845388423142   
1.4181940000000002   0.003236   0.00022441627986103563   
1.4182220000000001   0.003604   0.00025608679084334757   
1.41825   0.00382   0.00029207305022317048   
1.4182780000000001   0.004384   0.00024981415314411454   
1.4183060000000001   0.005   0.00029010342983149992   
1.418334   0.005184   0.00027726922335921494   
1.4183620000000001   0.0062   0.00027063710840245919   
1.41839   0.006336   0.00038873927280662321   
1.4184180000000002   0.00682   0.00031694373843528339   
1.4184460000000001   0.007704   0.00034363805247834692   
1.418474   0.008748   0.00053708844709228293   
1.4185020000000002   0.0091   0.00043140081903801095   
1.4185300000000001   0.0099   0.00060125054862529832   
1.418558   0.01168   0.0007348832106759096   
1.4185860000000001   0.012548   0.00071444897181907494   
1.418614   0.013072   0.00061149870536793998   
1.4186420000000002   0.014228   0.00084479162453760684   
1.4186700000000001   0.015816   0.0009659114291118461   
1.418698   0.017264   0.00084754704884153776   
1.4187260000000002   0.01908   0.0010558619438375665   
1.4187540000000001   0.020724   0.0010151991594427831   
1.418782   0.022644   0.0011089686900699927   
1.4188100000000001   0.023976   0.0013747074032114777   
1.418838   0.02564   0.0011512312249645305   
1.4188660000000002   0.027376   0.0013629406117329952   
1.4188940000000001   0.030248   0.0016176998760242547   
1.418922   0.032868   0.0014952255868448599   
1.4189500000000002   0.035868   0.0018434175990383851   
1.4189780000000001   0.038568   0.0020201016476075323   
1.419006   0.042528   0.0022358596656419303   
1.4190340000000001   0.0451   0.0022897044933062141   
1.419062   0.049688   0.0024545562169610665   
1.4190900000000002   0.052144   0.0026571175694307879   
1.4191180000000001   0.05566   0.0028002618925141032   
1.419146   0.060164   0.003052031454621659   
1.4191740000000002   0.065944   0.0034141832275247196   
1.4192020000000001   0.070784   0.0034965694934066765   
1.41923   0.076484   0.0039601546546680332   
1.4192580000000001   0.081712   0.0041588237653345099   
1.419286   0.088188   0.0045112601836343295   
1.4193140000000002   0.095352   0.004176475068763131   
1.4193420000000001   0.100736   0.0049490747058863887   
1.41937   0.107672   0.0048932018147630085   
1.4193980000000002   0.116572   0.005218831031307043   
1.4194260000000001   0.12288   0.0057034539243046986   
1.419454   0.132192   0.006267457538747271   
1.4194820000000001   0.141488   0.0066372733357406137   
1.41951   0.15082   0.0070456296934892752   
1.4195380000000002   0.160708   0.0071665446191158106   
1.4195660000000001   0.17124   0.0081696500673053446   
1.419594   0.180624   0.0081139489221408777   
1.4196220000000002   0.192832   0.0080649845078035401   
1.4196500000000001   0.20706   0.0090276675959088249   
1.419678   0.219452   0.0094544297436586717   
1.4197060000000001   0.229948   0.010403795973906191   
1.4197340000000001   0.2474   0.010547679681648788   
1.4197620000000002   0.262144   0.011472085851220683   
1.4197900000000001   0.276864   0.011471655038979046   
1.419818   0.293064   0.013291641751282813   
1.4198460000000002   0.310408   0.013455272803708672   
1.4198740000000001   0.325972   0.013508061856206874   
1.419902   0.345556   0.01392054207118227   
1.4199300000000001   0.366204   0.015588088272780598   
1.4199580000000001   0.389232   0.016118202050270164   
1.4199860000000002   0.411476   0.017330040148700047   
1.4200140000000001   0.433548   0.018752820279745776   
1.420042   0.456152   0.018232626969864277   
1.4200700000000002   0.48288   0.02022421167259129   
1.4200980000000001   0.504604   0.019575221934317316   
1.420126   0.529888   0.021935154372224813   
1.4201540000000001   0.55698   0.022761821641609541   
1.4201820000000001   0.58706   0.02400970488966678   
1.4202100000000002   0.615552   0.024492991324050233   
1.4202380000000001   0.646556   0.026667656281637416   
1.420266   0.676676   0.027117009635200478   
1.4202940000000002   0.711508   0.02743600492459174   
1.4203220000000001   0.7453   0.029990700336382054   
1.42035   0.778172   0.02991363215065072   
1.4203780000000001   0.814616   0.031642093595574726   
1.4204060000000001   0.855852   0.032649632592794125   
1.4204340000000002   0.890596   0.033555493512819759   
1.4204620000000001   0.933148   0.034125627802120929   
1.42049   0.974308   0.035267096682948604   
1.4205180000000002   1.01482   0.037187941773286315   
1.4205460000000001   1.059396   0.037975422905991302   
1.420574   1.102664   0.039156649589962509   
1.4206020000000001   1.149824   0.0411299638598323   
1.4206300000000001   1.19602   0.039094848651850682   
1.4206580000000002   1.247028   0.042600963181599545   
1.4206860000000001   1.291172   0.04415612464879589   
1.420714   1.34424   0.044417977141393251   
1.4207420000000002   1.398516   0.046891443218471226   
1.4207700000000001   1.44994   0.048875204074595263   
1.420798   1.505052   0.047580081378660966   
1.4208260000000001   1.56342   0.050147282190674213   
1.4208540000000001   1.623172   0.053405141675060964   
1.4208820000000002   1.683808   0.051518520613680497   
1.4209100000000001   1.738652   0.054553989910098337   
1.420938   1.803128   0.055031575518060538   
1.4209660000000002   1.869136   0.058944633969325636   
1.4209940000000001   1.93288   0.056901531477144308   
1.421022   1.992696   0.060103012666217952   
1.4210500000000001   2.062828   0.062040501194336305   
1.4210780000000001   2.126668   0.06143641165736597   
1.4211060000000002   2.199576   0.062822063555197973   
1.4211340000000001   2.267296   0.066192303063792009   
1.421162   2.344884   0.06532880513559424   
1.4211900000000002   2.410016   0.068084652458865092   
1.4212180000000001   2.480232   0.067341457410886366   
1.421246   2.560544   0.068640250763592705   
1.4212740000000001   2.634508   0.070784839820716162   
1.4213020000000001   2.71288   0.070673696254138443   
1.42133   2.7894   0.073821585521369623   
1.4213580000000001   2.876644   0.073580222572222338   
1.421386   2.943356   0.075105972764413944   
1.4214140000000002   3.02902   0.071785433186530105   
1.4214420000000001   3.10898   0.075779224417602304   
1.42147   3.19312   0.075957278050815438   
1.4214980000000002   3.273184   0.077437918521154019   
1.4215260000000001   3.36078   0.078699096874671243   
1.421554   3.443824   0.076614662524726805   
1.4215820000000001   3.535132   0.081212764196550067   
1.42161   3.616892   0.080537733224178148   
1.4216380000000002   3.712584   0.07762213434610288   
1.4216660000000001   3.794476   0.079106355738475415   
1.421694   3.893924   0.076819899146568065   
1.4217220000000002   3.975892   0.079885075240762105   
1.4217500000000001   4.076608   0.079630604233966897   
1.421778   4.165728   0.080654531715348904   
1.4218060000000001   4.25462   0.081592974915464111   
1.421834   4.351216   0.080674177986377883   
1.4218620000000002   4.4379   0.081254126514014999   
1.4218900000000001   4.540668   0.079041981992693814   
1.421918   4.633968   0.078911040275321003   
1.4219460000000002   4.726372   0.07869545169406764   
1.4219740000000001   4.82286   0.077271463124062389   
1.422002   4.9139   0.076754663528239988   
1.4220300000000001   5.021596   0.081023454590493598   
1.422058   5.11408   0.07657732278190747   
1.4220860000000002   5.221   0.078763326604313623   
1.4221140000000001   5.316632   0.08046270253698639   
1.422142   5.411852   0.079196730807948551   
1.4221700000000002   5.509896   0.079342322672777303   
1.4221980000000001   5.617544   0.076647820106713481   
1.422226   5.707308   0.07438666428870164   
1.4222540000000001   5.811464   0.075855631581753153   
1.422282   5.911952   0.078261214529008911   
1.4223100000000002   6.02296   0.073093704972909029   
1.4223380000000001   6.118224   0.068723754961439645   
1.422366   6.219052   0.069853782539753072   
1.4223940000000002   6.318668   0.069604623869395348   
1.4224220000000001   6.429804   0.069823866648716741   
1.42245   6.528888   0.068116554959536485   
1.4224780000000001   6.642316   0.067361989268594359   
1.422506   6.734284   0.062591222231591262   
1.4225340000000002   6.827688   0.064157789044753648   
1.4225620000000001   6.939   0.063132103331911182   
1.42259   7.038384   0.06545283796919903   
1.4226180000000002   7.139272   0.061359338486945535   
1.4226460000000001   7.235984   0.056498553200748225   
1.422674   7.344064   0.058264396355464521   
1.4227020000000001   7.45238   0.054298797776746414   
1.4227300000000001   7.548696   0.053614972767771578   
1.4227580000000002   7.6484   0.051373093865693297   
1.4227860000000001   7.757208   0.050431204026431452   
1.422814   7.851572   0.053995000278832408   
1.4228420000000002   7.953868   0.051244985809995759   
1.4228700000000001   8.053988   0.050786480108172285   
1.422898   8.166456   0.049398304676262804   
1.4229260000000001   8.264604   0.051034329691993712   
1.4229540000000001   8.363864   0.045655601267655099   
1.4229820000000002   8.45598   0.042046676814120662   
1.4230100000000001   8.5618   0.048584709437343668   
1.423038   8.656908   0.041689433374790686   
1.4230660000000002   8.75422   0.040256968478899539   
1.4230940000000001   8.848468   0.038715798693097407   
1.423122   8.943132   0.039021838239062452   
1.4231500000000001   9.034408   0.037221648085787674   
1.4231780000000001   9.132116   0.038294068911226695   
1.4232060000000002   9.225904   0.038148683250903668   
1.4232340000000001   9.328824   0.033615418261400358   
1.423262   9.405884   0.038344495279273422   
1.4232900000000002   9.504192   0.039919110566800539   
1.4233180000000001   9.582384   0.035237845917264683   
1.423346   9.672456   0.037854004549643681   
1.4233740000000001   9.75254   0.035236291014300109   
1.4234020000000001   9.842268   0.039542285237170841   
1.4234300000000002   9.92624   0.037141661304314931   
1.4234580000000001   10.013268   0.037299088603700074   
1.423486   10.104068   0.037101209348363724   
1.4235140000000002   10.179496   0.039176235517636601   
1.4235420000000001   10.25904   0.037548475808687049   
1.42357   10.329956   0.040912128036126912   
1.4235980000000001   10.40516   0.038673352525421843   
1.4236260000000001   10.472472   0.040454245122662262   
1.4236540000000002   10.552284   0.040465901124005357   
1.4236820000000001   10.617696   0.045831945850513959   
1.42371   10.683164   0.04239675142691424   
1.4237380000000002   10.761912   0.045692742647675101   
1.4237660000000001   10.819336   0.049298039338970354   
1.423794   10.872404   0.047265482806048744   
1.4238220000000001   10.9369   0.047596909423476935   
1.4238500000000001   10.97176   0.050302436079732303   
1.4238780000000002   11.033112   0.049738672385445381   
1.4239060000000001   11.09898   0.051380552568284242   
1.423934   11.137968   0.052541846958189196   
1.4239620000000002   11.188016   0.055858881303195146   
1.4239900000000001   11.2277   0.057354932753086807   
1.424018   11.274732   0.05948555157533823   
1.4240460000000001   11.301384   0.060071343125394574   
1.4240740000000001   11.330804   0.058182345226021954   
1.4241020000000002   11.372688   0.062104791670566316   
1.4241300000000001   11.413632   0.059943429865165422   
1.424158   11.42526   0.066660500848203446   
1.4241860000000002   11.438604   0.068119056938732054   
1.4242140000000001   11.475816   0.061178490686405981   
1.424242   11.47718   0.060553003338672913   
1.4242700000000001   11.508316   0.062779739534343406   
1.4242980000000001   11.524892   0.058427595017727341   
1.4243260000000002   11.52294   0.064921032989659386   
1.4243540000000001   11.511904   0.062776751875196612   
1.424382   11.508304   0.065650454905760789   
1.4244100000000002   11.5051   0.059497846907822328   
1.4244380000000001   11.510612   0.06205916719461266   
1.424466   11.487648   0.065271389083494223   
1.4244940000000001   11.465272   0.071842281280284773   
1.4245220000000001   11.446384   0.070783556207168147   
1.42455   11.4093   0.070245518702460864   
1.4245780000000001   11.383816   0.07653501396528693   
1.424606   11.372664   0.075924057074597026   
1.4246340000000002   11.318208   0.074776319674078646   
1.4246620000000001   11.28174   0.079842279916233756   
1.42469   11.232648   0.077027091753486329   
1.4247180000000002   11.18958   0.077037512420897904   
1.4247460000000001   11.131876   0.075140278519579621   
1.424774   11.071192   0.078974439926964829   
1.4248020000000001   11.013744   0.079137491876129371   
1.42483   10.9435   0.076049996478924601   
1.4248580000000002   10.884052   0.080289462333345958   
1.4248860000000001   10.808912   0.080036613354972323   
1.424914   10.73666   0.076559874898307184   
1.4249420000000002   10.66312   0.081501438078655339   
1.4249700000000001   10.572132   0.084381459585490571   
1.424998   10.479156   0.078670784852658817   
1.4250260000000001   10.384532   0.083612409934836292   
1.425054   10.307916   0.083598235909085496   
1.4250820000000002   10.190676   0.083518759771549403   
1.4251100000000001   10.086904   0.083705331028953379   
1.425138   9.970332   0.078427330848371999   
1.4251660000000002   9.873836   0.082372937832222008   
1.4251940000000001   9.769212   0.082332884220097628   
1.425222   9.654192   0.085397865557505464   
1.4252500000000001   9.522392   0.080387690334611132   
1.425278   9.388272   0.080182280735833412   
1.4253060000000002   9.265416   0.077838923642209864   
1.4253340000000001   9.149792   0.081747222267453507   
1.425362   9.02978   0.07938259204636744   
1.4253900000000002   8.888028   0.08005950388166154   
1.4254180000000001   8.751892   0.077462683098953459   
1.425446   8.608776   0.082580706963955367   
1.4254740000000001   8.459532   0.079211734944317989   
1.425502   8.330396   0.07635222321146472   
1.4255300000000002   8.176268   0.075945845044712982   
1.4255580000000001   8.042584   0.07637304054878702   
1.425586   7.885992   0.073120828295819144   
1.4256140000000002   7.74334   0.074482267598849771   
1.4256420000000001   7.588996   0.070609189065194937   
1.42567   7.427252   0.075086086783401114   
1.4256980000000001   7.29564   0.071751911596679969   
1.425726   7.134216   0.067553862282872722   
1.4257540000000002   6.9811   0.070558215963840813   
1.4257820000000001   6.81968   0.067878805987010576   
1.42581   6.676048   0.064743841179425455   
1.4258380000000002   6.52256   0.063833852669775981   
1.4258660000000001   6.367652   0.065654017069280176   
1.425894   6.211828   0.062162152701176981   
1.4259220000000001   6.055924   0.063389953203256995   
1.4259500000000001   5.911056   0.062903953650695826   
1.4259780000000002   5.752992   0.059700037982493033   
1.4260060000000001   5.598592   0.059039116765450044   
1.426034   5.452156   0.05591859112833386   
1.4260620000000002   5.295456   0.05924210910792724   
1.4260900000000001   5.146724   0.057722097274594745   
1.426118   5.005056   0.056732840483562369   
1.4261460000000001   4.860428   0.055358771999867679   
1.4261740000000001   4.70628   0.052491385621304037   
1.4262020000000002   4.557016   0.052997952899669208   
1.4262300000000001   4.431   0.052192293684029638   
1.426258   4.278508   0.048326573154827448   
1.4262860000000002   4.142016   0.049288893209097095   
1.4263140000000001   4.009876   0.046480039567778147   
1.426342   3.873868   0.047470820436231026   
1.4263700000000001   3.741664   0.045040654110111091   
1.4263980000000001   3.617932   0.046577399211777953   
1.4264260000000002   3.486272   0.043089090055114624   
1.4264540000000001   3.35846   0.042796369212560283   
1.426482   3.233496   0.03988708738983638   
1.4265100000000002   3.103508   0.037325416327215962   
1.4265380000000001   2.99302   0.037343531107215282   
1.426566   2.886328   0.03819684538457768   
1.4265940000000001   2.773432   0.03442966359276708   
1.4266220000000001   2.66036   0.0343370700879126   
1.4266500000000002   2.552656   0.030413318252224815   
1.4266780000000001   2.444936   0.030357896106285099   
1.426706   2.349448   0.030738022953845146   
1.4267340000000002   2.246696   0.027494763751990629   
1.4267620000000001   2.153236   0.02790543679404905   
1.42679   2.057568   0.026361827486812149   
1.4268180000000001   1.96328   0.025144991107132605   
1.4268460000000001   1.8768   0.023218774778661819   
1.4268740000000002   1.791996   0.022576830168215478   
1.4269020000000001   1.711728   0.022680079012208049   
1.42693   1.632116   0.019048765909283118   
1.4269580000000002   1.556744   0.020540815260246015   
1.4269860000000001   1.474404   0.020557931110779498   
1.427014   1.40896   0.018860772695376684   
1.4270420000000001   1.338104   0.016924955617864016   
1.4270700000000001   1.273572   0.016364276593984975   
1.4270980000000002   1.20556   0.016421437479370949   
1.4271260000000001   1.1438   0.015096928900349972   
1.427154   1.082164   0.013507816272234549   
1.4271820000000002   1.024564   0.012887475332447564   
1.4272100000000001   0.981144   0.013901727726357533   
1.427238   0.921756   0.012526637147384058   
1.4272660000000001   0.875536   0.012184132778148618   
1.4272940000000001   0.823916   0.011506926918648224   
1.4273220000000002   0.7796   0.010683500050701236   
1.4273500000000001   0.734164   0.0099046753494386565   
1.427378   0.696684   0.0098236910012931943   
1.4274060000000002   0.658064   0.0093869056787752069   
1.4274340000000001   0.614676   0.0082976954230276091   
1.427462   0.57938   0.0074878063840115716   
1.4274900000000001   0.545708   0.0071921983658220476   
1.4275180000000001   0.510764   0.0066989762401927256   
1.427546   0.480076   0.0068039999999999996   
1.4275740000000001   0.44794   0.0063931053139734496   
1.427602   0.420732   0.005430658810044239   
1.4276300000000002   0.394012   0.0061593940538912683   
1.4276580000000001   0.368896   0.0051457622694148371   
1.427686   0.345228   0.0050596479455919987   
1.4277140000000001   0.324784   0.0048803103726436633   
1.4277420000000001   0.30178   0.0042256833766859532   
1.42777   0.283196   0.004191302953073715   
1.4277980000000001   0.262624   0.0038432264223349287   
1.427826   0.24644   0.0033686819051043953   
1.4278540000000002   0.230116   0.0037879267856352944   
1.4278820000000001   0.213716   0.0028908035022963578   
1.42791   0.198744   0.0028960982181011901   
1.4279380000000002   0.185164   0.0028265437080175026   
1.4279660000000001   0.171292   0.0026148230447882234   
1.427994   0.15928   0.0025184827884175733   
1.4280220000000001   0.147188   0.0021764317382153549   
1.42805   0.138612   0.0018354828610840619   
1.4280780000000002   0.12592   0.0017016488735602563   
1.4281060000000001   0.1168   0.0017585650716169451   
1.428134   0.108164   0.0022618336710632715   
1.4281620000000002   0.101436   0.0018149350768921001   
1.4281900000000001   0.09256   0.0017065729140916046   
1.428218   0.086012   0.0016494799180347726   
1.4282460000000001   0.078956   0.0010674238978858295   
1.428274   0.07182   0.0010832748702173629   
1.4283020000000002   0.067548   0.0011728946149496031   
1.4283300000000001   0.061388   0.0010267367941417335   
1.428358   0.055908   0.0010602146533184264   
1.4283860000000002   0.05212   0.0008087301431531067   
1.4284140000000001   0.047432   0.00077964778372459106   
1.428442   0.044176   0.00040788669450664304   
1.4284700000000001   0.039956   0.00056858342493526058   
1.428498   0.037104   0.00064493100406167482   
1.4285260000000002   0.033944   0.00079485456391580076   
1.4285540000000001   0.03052   0.0007202715537289468   
1.428582   0.027864   0.00050705949683773139   
1.4286100000000002   0.026032   0.00032032206015543516   
1.4286380000000001   0.023464   0.00037576351901458211   
1.428666   0.021624   0.00052355027350665083   
1.4286940000000001   0.019436   0.00034230330929682167   
1.428722   0.017708   0.00033135680668025114   
1.4287500000000002   0.016508   0.00041731629358184528   
1.4287780000000001   0.015   0.00033993463423951899   
1.428806   0.01344   0.00039091914480846008   
1.4288340000000002   0.012032   0.00031731092357847094   
1.4288620000000001   0.011232   0.00030677099674585348   
1.42889   0.009992   0.00033187949620306465   
1.4289180000000001   0.0091   0.0002723559762108733   
1.428946   0.008128   0.00030115629017357601   
1.4289740000000002   0.00754   0.00019760791707036661   
1.4290020000000001   0.00692   0.00024447676553997701   
1.42903   0.006508   0.00011188088904425694   
1.4290580000000002   0.005556   0.00018973197469647076   
1.4290860000000001   0.004908   0.00024469845388423143   
1.429114   0.00426   0.00015471838215861029   
1.4291420000000001   0.004336   0.00015425231854911542   
1.4291700000000001   0.003484   0.00013629380029920657   
1.4291980000000002   0.003204   0.00016280322137135029   
1.4292260000000001   0.002704   9.1835601907853676e-05   
1.429254   0.002616   0.00014338138729354735   
1.4292820000000002   0.002288   0.00012405016906253874   
1.4293100000000001   0.002044   8.6502408444312501e-05   
1.429338   0.002064   0.00010835333148752024   
1.4293660000000001   0.001836   6.7842955910445608e-05   
1.4293940000000001   0.00156   0.00012088562087086013   
1.4294220000000002   0.001412   8.2634402305846228e-05   
1.4294500000000001   0.001244   6.2096698785040095e-05   
1.429478   0.001088   7.3466545674431524e-05   
1.4295060000000002   0.000988   9.122377857651906e-05   
1.4295340000000001   0.000936   7.570703768841808e-05   
1.429562   0.000732   7.7528489387235365e-05   
1.4295900000000001   0.00068   4.6571331190861282e-05   
1.4296180000000001   0.00044   4.4621868081817363e-05   
1.4296460000000002   0.000536   3.1664912232101113e-05   
1.4296740000000001   0.00056   3.5276684147527875e-05   
1.429702   0.000416   5.6631361550920804e-05   
1.4297300000000002   0.00036   3.8643671323171836e-05   
1.4297580000000001   0.000356   4.2770706486254507e-05   
1.429786   0.000336   2.7455013709298668e-05   
1.4298140000000001   0.000208   3.7142368739157652e-05   
1.4298420000000001   0.000192   3.0287511177601459e-05   
1.4298700000000002   0.000212   4.1761226035642201e-05   
1.4298980000000001   0.0002   4.0442002368274936e-05   
1.429926   0.000196   3.550273854851826e-05   
1.4299540000000002   9.6e-05   1.6e-05   
1.4299820000000001   0.00014   2.4037008503093262e-05   
1.43001   0.00012   2.7325202042558929e-05   
1.4300380000000001   7.6e-05   2.3437861108329261e-05   
1.4300660000000001   6.4e-05   1.4847371634213392e-05   
1.4300940000000002   4.4e-05   1.2578641509408805e-05   
1.4301220000000001   4.8e-05   1.3063945294843617e-05   
1.43015   8e-05   2.065591117977289e-05   
1.4301780000000002   6.8e-05   2.0698899595013365e-05   
1.4302060000000001   4e-05   1.460593486680443e-05   
1.430234   5.6e-05   1.2220201853215573e-05   
1.4302620000000001   4.4e-05   1.514375558880073e-05   
1.4302900000000001   2.8e-05   1.0413666234542206e-05   
1.4303180000000002   1.2e-05   8.5374989832437982e-06   
1.4303460000000001   3.2e-05   1.3063945294843617e-05   
1.430374   8e-06   5.3333333333333333e-06   
1.4304020000000002   1.2e-05   6.1101009266077867e-06   
1.4304300000000001   2e-05   6.6666666666666667e-06   
1.430458   2.4e-05   6.5319726474218083e-06   
1.4304860000000001   1.6e-05   8.8443327742810663e-06   
