1.4165140000000001   4e-06   4e-06   
1.4165420000000002   4e-06   4e-06   
1.4165700000000001   8e-06   8e-06   
1.416598   4e-06   4e-06   
1.4166260000000002   1.2e-05   6.1101009266077867e-06   
1.4166540000000001   2e-05   1.2292725943057183e-05   
1.416682   4e-06   4e-06   
1.4167100000000001   1.6e-05   8.8443327742810663e-06   
1.4167380000000001   1.2e-05   1.2e-05   
1.4167660000000002   1.2e-05   6.1101009266077867e-06   
1.4167940000000001   1.2e-05   1.2e-05   
1.416822   1.2e-05   6.1101009266077867e-06   
1.4168500000000002   2e-05   1.6055459438389727e-05   
1.4168780000000001   2e-05   1.07496769977314e-05   
1.416906   1.6e-05   6.5319726474218083e-06   
1.4169340000000001   2e-05   8.9442719099991588e-06   
1.4169620000000001   1.2e-05   8.5374989832437982e-06   
1.4169900000000002   4.4e-05   9.3333333333333333e-06   
1.4170180000000001   3.2e-05   9.977753031397177e-06   
1.417046   3.2e-05   1.6653327995729062e-05   
1.4170740000000002   4.8e-05   1.8666666666666667e-05   
1.4171020000000001   7.6e-05   1.2578641509408805e-05   
1.41713   6.8e-05   1.339983416149452e-05   
1.4171580000000001   6e-05   1.9090428084368471e-05   
1.4171860000000001   3.6e-05   9.3333333333333333e-06   
1.4172140000000002   7.6e-05   2.2666666666666667e-05   
1.4172420000000001   6.8e-05   1.339983416149452e-05   
1.41727   0.00014   1.9090428084368471e-05   
1.4172980000000002   0.000112   1.8666666666666667e-05   
1.4173260000000001   0.000104   2.7455013709298668e-05   
1.417354   0.0001   1.8135294011647258e-05   
1.4173820000000001   0.000172   3.5801924218926806e-05   
1.4174100000000001   0.000188   3.2687068459016701e-05   
1.4174380000000002   0.000176   2.246973272847029e-05   
1.4174660000000001   0.000248   3.2e-05   
1.417494   0.000204   3.6974465663632127e-05   
1.4175220000000002   0.000276   3.7452191747168371e-05   
1.4175500000000001   0.000236   3.3439829877291873e-05   
1.417578   0.000276   4.8607269689488492e-05   
1.4176060000000001   0.000336   5.1016337252557309e-05   
1.4176340000000001   0.000424   5.817979794472381e-05   
1.4176620000000002   0.000472   5.71314274283428e-05   
1.4176900000000001   0.000468   6.4786829937367157e-05   
1.417718   0.000588   9.219303420300015e-05   
1.4177460000000002   0.0007   9.4891751192843124e-05   
1.4177740000000001   0.000696   6.9333333333333333e-05   
1.417802   0.00068   8.3904707853612124e-05   
1.4178300000000001   0.000732   5.8438952002163002e-05   
1.4178580000000001   0.00094   8.6255434611391299e-05   
1.4178860000000002   0.00104   9.6517125711220574e-05   
1.4179140000000001   0.001164   0.00010872186737011301   
1.417942   0.001344   0.00010719867329195616   
1.4179700000000002   0.001432   8.7391837910261009e-05   
1.4179980000000001   0.001604   0.00010318483954104455   
1.418026   0.001728   0.00015740111534265287   
1.4180540000000001   0.001844   0.00015893534674339892   
1.4180820000000001   0.002104   0.00012076791332505869   
1.41811   0.002536   0.00015562918892175865   
1.4181380000000001   0.00248   0.00018580754679087834   
1.418166   0.00288   0.0001601110725576328   
1.4181940000000002   0.00326   0.00020999470892805318   
1.4182220000000001   0.003412   0.00032116731534271112   
1.41825   0.003576   0.00028404694447690626   
1.4182780000000001   0.004288   0.00035401443787255658   
1.4183060000000001   0.00486   0.00036286514176910285   
1.418334   0.005192   0.00031347798079680883   
1.4183620000000001   0.005864   0.00043123388858792935   
1.41839   0.006572   0.00041148187485396405   
1.4184180000000002   0.006848   0.00050560590713848798   
1.4184460000000001   0.007428   0.00050081001054957624   
1.418474   0.008176   0.00051612918279567697   
1.4185020000000002   0.009072   0.00057549360455950237   
1.4185300000000001   0.009984   0.00066056406872376043   
1.418558   0.010912   0.00069093945706793539   
1.4185860000000001   0.011456   0.00058186520012036388   
1.418614   0.0129   0.00073889406848644038   
1.4186420000000002   0.01408   0.0007780774026049365   
1.4186700000000001   0.015544   0.00093144952746899938   
1.418698   0.016704   0.00080195760486449657   
1.4187260000000002   0.01834   0.00099145235779525875   
1.4187540000000001   0.02036   0.0011143827389586079   
1.418782   0.021552   0.0010654793391813012   
1.4188100000000001   0.02298   0.0013463530988067977   
1.418838   0.025444   0.0013490072069653462   
1.4188660000000002   0.028384   0.0013056213505879532   
1.4188940000000001   0.02962   0.0015392725554624821   
1.418922   0.032696   0.0017022672462858991   
1.4189500000000002   0.0347   0.0017782113360215527   
1.4189780000000001   0.037724   0.0022366439144396678   
1.419006   0.041224   0.0020900798496176594   
1.4190340000000001   0.044424   0.0020085612318827181   
1.419062   0.048436   0.0021270361225580224   
1.4190900000000002   0.05152   0.0025694686004870519   
1.4191180000000001   0.056336   0.0027858512363568718   
1.419146   0.05986   0.0031269509465647558   
1.4191740000000002   0.06544   0.0032651261673768272   
1.4192020000000001   0.069944   0.0033708618086971963   
1.41923   0.07552   0.0035778876449659511   
1.4192580000000001   0.079348   0.0042046156648246566   
1.419286   0.085664   0.0039798881056297718   
1.4193140000000002   0.091252   0.004193315527254193   
1.4193420000000001   0.097696   0.0046105587031894037   
1.41937   0.10534   0.0047331502312002639   
1.4193980000000002   0.1124   0.0050365843805323288   
1.4194260000000001   0.120588   0.0056681035041125822   
1.419454   0.129016   0.0060160620564175256   
1.4194820000000001   0.139156   0.0064193137743323728   
1.41951   0.145228   0.006602650107679828   
1.4195380000000002   0.155804   0.0072360171979403759   
1.4195660000000001   0.167232   0.0078386366161469687   
1.419594   0.176432   0.0080220336573714274   
1.4196220000000002   0.188744   0.0087480389167452203   
1.4196500000000001   0.201976   0.0088291017789026661   
1.419678   0.213332   0.0096487503854126105   
1.4197060000000001   0.2263   0.010200624381761039   
1.4197340000000001   0.240448   0.010717296176430571   
1.4197620000000002   0.255684   0.011315995286908409   
1.4197900000000001   0.270536   0.011928927603845108   
1.419818   0.287664   0.012246161412186814   
1.4198460000000002   0.306088   0.012839988646585496   
1.4198740000000001   0.321324   0.013500574407532938   
1.419902   0.3401   0.014641658983113142   
1.4199300000000001   0.359176   0.015341470536497543   
1.4199580000000001   0.379388   0.01602686527885808   
1.4199860000000002   0.4008   0.016579520432683745   
1.4200140000000001   0.422116   0.018218459454325135   
1.420042   0.446748   0.018777219342123642   
1.4200700000000002   0.470456   0.019191704874762951   
1.4200980000000001   0.494328   0.021148224238560656   
1.420126   0.5189   0.021476923636519474   
1.4201540000000001   0.547016   0.021912371908733812   
1.4201820000000001   0.574608   0.022568112646928286   
1.4202100000000002   0.604484   0.023694594939212051   
1.4202380000000001   0.634024   0.025563234850073259   
1.420266   0.665416   0.025725364016428957   
1.4202940000000002   0.697924   0.027522835415947488   
1.4203220000000001   0.730348   0.027931780418249985   
1.42035   0.766712   0.028523204931345909   
1.4203780000000001   0.798032   0.030703260948780162   
1.4204060000000001   0.836036   0.030432333360716489   
1.4204340000000002   0.875532   0.031819813841204176   
1.4204620000000001   0.912536   0.033688493624183712   
1.42049   0.949032   0.033291179639324555   
1.4205180000000002   0.992012   0.036967432658129416   
1.4205460000000001   1.037512   0.037109581296479215   
1.420574   1.07862   0.038604465026729745   
1.4206020000000001   1.127444   0.038417573501950612   
1.4206300000000001   1.178952   0.041437463157013955   
1.4206580000000002   1.223956   0.041266731911633936   
1.4206860000000001   1.265276   0.043114699921643121   
1.420714   1.318436   0.045076646409815755   
1.4207420000000002   1.371136   0.046157591387188594   
1.4207700000000001   1.41814   0.047546185920171931   
1.420798   1.479144   0.048055573088757238   
1.4208260000000001   1.530272   0.048718874207025761   
1.4208540000000001   1.589464   0.050134588353085471   
1.4208820000000002   1.649404   0.05149469822116534   
1.4209100000000001   1.707192   0.053569169839874626   
1.420938   1.767372   0.055978361549600376   
1.4209660000000002   1.832852   0.056867516695483645   
1.4209940000000001   1.886788   0.05686138124714641   
1.421022   1.955264   0.05937785541578424   
1.4210500000000001   2.022908   0.060416465761505043   
1.4210780000000001   2.084808   0.061326599282493689   
1.4211060000000002   2.157184   0.063387477263082317   
1.4211340000000001   2.2257   0.064194881138954097   
1.421162   2.29194   0.06417703826135949   
1.4211900000000002   2.370312   0.067290388892718797   
1.4212180000000001   2.434248   0.066397883714601762   
1.421246   2.511844   0.068310759315222241   
1.4212740000000001   2.581588   0.069946264339928198   
1.4213020000000001   2.660588   0.071201589757532802   
1.42133   2.73858   0.07151834083335236   
1.4213580000000001   2.817008   0.071351749099482876   
1.421386   2.892092   0.074121797915473031   
1.4214140000000002   2.979728   0.075674472384461767   
1.4214420000000001   3.05062   0.075861991009991293   
1.42147   3.134464   0.075221394876132888   
1.4214980000000002   3.213952   0.078230209975998972   
1.4215260000000001   3.30826   0.076056672963141257   
1.421554   3.392252   0.075992062053290218   
1.4215820000000001   3.470276   0.077496379488191432   
1.42161   3.558176   0.079368702524637785   
1.4216380000000002   3.645012   0.079849444342323246   
1.4216660000000001   3.727152   0.077809676359120727   
1.421694   3.82238   0.078351421060643322   
1.4217220000000002   3.908768   0.078725047670145405   
1.4217500000000001   4.000344   0.080047338038882413   
1.421778   4.0887   0.082482167500348554   
1.4218060000000001   4.18796   0.080947182560262372   
1.421834   4.278424   0.081334301240142353   
1.4218620000000002   4.37004   0.080876763096014722   
1.4218900000000001   4.469396   0.07951802668018813   
1.421918   4.561832   0.081167766081534277   
1.4219460000000002   4.655176   0.080094078061017996   
1.4219740000000001   4.744308   0.079761264238281033   
1.422002   4.841492   0.082207171149750952   
1.4220300000000001   4.95   0.082301337696702515   
1.422058   5.04456   0.080070620385312921   
1.4220860000000002   5.153664   0.082203570660484898   
1.4221140000000001   5.240532   0.079687873116163526   
1.422142   5.330984   0.07415197300439446   
1.4221700000000002   5.438732   0.080712237717296213   
1.4221980000000001   5.535956   0.077699152336288568   
1.422226   5.657344   0.077431160468867796   
1.4222540000000001   5.74486   0.076235970570911533   
1.422282   5.842828   0.077371709340185979   
1.4223100000000002   5.942216   0.074942260962838732   
1.4223380000000001   6.0372   0.076667688109137608   
1.422366   6.14832   0.073130767502847634   
1.4223940000000002   6.24408   0.075298093940757297   
1.4224220000000001   6.352488   0.070733131460597888   
1.42245   6.452596   0.071372708746255231   
1.4224780000000001   6.551204   0.070131242414965574   
1.422506   6.6558   0.07031761442041232   
1.4225340000000002   6.763864   0.065785772240913412   
1.4225620000000001   6.858148   0.060647006645926985   
1.42259   6.970152   0.06567471593306582   
1.4226180000000002   7.0701   0.062160554909578039   
1.4226460000000001   7.173032   0.058296009941599874   
1.422674   7.267196   0.058375580724211113   
1.4227020000000001   7.389656   0.060115805043266279   
1.4227300000000001   7.485356   0.058299653042611572   
1.4227580000000002   7.592488   0.054559709285638001   
1.4227860000000001   7.698684   0.055040744972348531   
1.422814   7.793372   0.052191002391855508   
1.4228420000000002   7.889636   0.049696657951572101   
1.4228700000000001   7.998468   0.049823933222677004   
1.422898   8.083604   0.044995880680593674   
1.4229260000000001   8.190368   0.048070250740163837   
1.4229540000000001   8.285768   0.042285543965336971   
1.4229820000000002   8.413028   0.042362489927870041   
1.4230100000000001   8.487404   0.04277625569817392   
1.423038   8.600996   0.041243981034274012   
1.4230660000000002   8.696492   0.033780947713828914   
1.4230940000000001   8.792224   0.034225621695514077   
1.423122   8.914056   0.032001166200971842   
1.4231500000000001   9.005044   0.031974596833528087   
1.4231780000000001   9.093676   0.028921278256674635   
1.4232060000000002   9.174624   0.026320248698588629   
1.4232340000000001   9.266596   0.031311486539820099   
1.423262   9.370548   0.028152608278610488   
1.4232900000000002   9.462056   0.028565564475041943   
1.4233180000000001   9.560952   0.029040613890052515   
1.423346   9.654716   0.028717168198367599   
1.4233740000000001   9.726376   0.027193348990761204   
1.4234020000000001   9.82496   0.025840056415487138   
1.4234300000000002   9.906728   0.026069578558584705   
1.4234580000000001   9.974392   0.02959568124650024   
1.423486   10.070324   0.029680883754437721   
1.4235140000000002   10.134772   0.030517104886713391   
1.4235420000000001   10.230056   0.031097701351278872   
1.42357   10.315336   0.027823949523946288   
1.4235980000000001   10.385024   0.035606159367290505   
1.4236260000000001   10.461552   0.031845345056660629   
1.4236540000000002   10.53864   0.029997273950218272   
1.4236820000000001   10.596712   0.036069531765435695   
1.42371   10.694824   0.039078437453124697   
1.4237380000000002   10.74388   0.037672574403964275   
1.4237660000000001   10.813972   0.038679440211966749   
1.423794   10.868036   0.041483721873096734   
1.4238220000000001   10.934304   0.049390222766139553   
1.4238500000000001   11.003164   0.048111750082490235   
1.4238780000000002   11.0454   0.047355441597443593   
1.4239060000000001   11.095592   0.049537862798738763   
1.423934   11.150732   0.050353299015831881   
1.4239620000000002   11.199672   0.05471617978867556   
1.4239900000000001   11.24332   0.059659236483362562   
1.424018   11.288888   0.056688284441221978   
1.4240460000000001   11.330912   0.060353412437814064   
1.4240740000000001   11.358636   0.055854818934647188   
1.4241020000000002   11.405152   0.062576072899755827   
1.4241300000000001   11.425888   0.060344336911870485   
1.424158   11.448436   0.061859572998490351   
1.4241860000000002   11.472624   0.066167950133647706   
1.4242140000000001   11.497484   0.069801094534557443   
1.424242   11.521144   0.065988514610077766   
1.4242700000000001   11.523516   0.067630942675014614   
1.4242980000000001   11.54626   0.06784067983149933   
1.4243260000000002   11.549104   0.06882320182419101   
1.4243540000000001   11.556184   0.068743072365309792   
1.424382   11.552492   0.069217268250054475   
1.4244100000000002   11.53832   0.073018766050622594   
1.4244380000000001   11.544492   0.075874297460412198   
1.424466   11.549504   0.07619911791848742   
1.4244940000000001   11.523848   0.078206543357956958   
1.4245220000000001   11.485448   0.078420578206375299   
1.42455   11.467108   0.08059720845455298   
1.4245780000000001   11.438864   0.075247620430445818   
1.424606   11.417596   0.081328157966489194   
1.4246340000000002   11.368464   0.074603745917272052   
1.4246620000000001   11.334828   0.077204433965932299   
1.42469   11.295052   0.078272687570796717   
1.4247180000000002   11.245044   0.082821304924115591   
1.4247460000000001   11.201528   0.083657008271207557   
1.424774   11.145072   0.080510839860922506   
1.4248020000000001   11.071984   0.08488209447620072   
1.42483   11.020788   0.087775944272271376   
1.4248580000000002   10.939228   0.081865681655312013   
1.4248860000000001   10.883432   0.07903801657430429   
1.424914   10.79538   0.079034418437651455   
1.4249420000000002   10.742604   0.079714198696203302   
1.4249700000000001   10.651196   0.086929009800462398   
1.424998   10.5458   0.080586850871177071   
1.4250260000000001   10.460448   0.085221636856167256   
1.425054   10.374092   0.078099444539211259   
1.4250820000000002   10.271868   0.082618574408744987   
1.4251100000000001   10.155516   0.082730118325929061   
1.425138   10.0535   0.083693563644736494   
1.4251660000000002   9.942712   0.080734957935759706   
1.4251940000000001   9.83974   0.079965606884737917   
1.425222   9.733332   0.078380578558155033   
1.4252500000000001   9.60694   0.077115901746800723   
1.425278   9.48256   0.075720209191470139   
1.4253060000000002   9.346024   0.075882455580251808   
1.4253340000000001   9.218368   0.071105090000646229   
1.425362   9.093856   0.072630483517597483   
1.4253900000000002   8.960108   0.074566123031843361   
1.4254180000000001   8.832196   0.073446299282007546   
1.425446   8.68888   0.073865966783687932   
1.4254740000000001   8.554388   0.072206513476586346   
1.425502   8.403948   0.067428893523309266   
1.4255300000000002   8.250916   0.071626733047871945   
1.4255580000000001   8.105168   0.063869502177834815   
1.425586   7.973504   0.069144829439533813   
1.4256140000000002   7.823252   0.069080419493032419   
1.4256420000000001   7.674856   0.065251051369988586   
1.42567   7.520316   0.063986251981708281   
1.4256980000000001   7.368532   0.064112322559707656   
1.425726   7.200888   0.061640197793323152   
1.4257540000000002   7.051724   0.057911096752790925   
1.4257820000000001   6.90256   0.0594717367046454   
1.42581   6.743396   0.056063849140461669   
1.4258380000000002   6.587208   0.055368007384931036   
1.4258660000000001   6.427984   0.056106361279270285   
1.425894   6.279272   0.054590633563724909   
1.4259220000000001   6.127176   0.053157088859342171   
1.4259500000000001   5.977304   0.052799153259203775   
1.4259780000000002   5.815216   0.048445059355934326   
1.4260060000000001   5.654808   0.051860953172883359   
1.426034   5.500744   0.046836638725586524   
1.4260620000000002   5.345404   0.048140883415242809   
1.4260900000000001   5.201432   0.046122609081061792   
1.426118   5.061712   0.042905072189142812   
1.4261460000000001   4.90632   0.045937378051236469   
1.4261740000000001   4.763036   0.041568832106118482   
1.4262020000000002   4.621584   0.040623873090694941   
1.4262300000000001   4.4763   0.038631383557356001   
1.426258   4.339924   0.03583794163236003   
1.4262860000000002   4.192436   0.035235424825971184   
1.4263140000000001   4.056324   0.033425434600349215   
1.426342   3.92176   0.035420023464450476   
1.4263700000000001   3.781064   0.034096053183127614   
1.4263980000000001   3.650008   0.032804875410015911   
1.4264260000000002   3.523804   0.031649268736505674   
1.4264540000000001   3.402716   0.030350171121611673   
1.426482   3.270692   0.028366484167058845   
1.4265100000000002   3.1494   0.027848690852932786   
1.4265380000000001   3.03978   0.027711100222754702   
1.426566   2.916596   0.026091002076067017   
1.4265940000000001   2.80704   0.024505081559183237   
1.4266220000000001   2.704384   0.024171828745233339   
1.4266500000000002   2.5902   0.021151258854051954   
1.4266780000000001   2.47958   0.02137654727343341   
1.426706   2.380852   0.021945645217217926   
1.4267340000000002   2.278664   0.019401678919332956   
1.4267620000000001   2.17822   0.020410174586873742   
1.42679   2.08868   0.019503917783073454   
1.4268180000000001   1.99892   0.017612428944734832   
1.4268460000000001   1.905596   0.0173020861426849   
1.4268740000000002   1.826536   0.015441092880147224   
1.4269020000000001   1.732372   0.01505137873345089   
1.42693   1.660172   0.013571411848277079   
1.4269580000000002   1.57886   0.012802448724104825   
1.4269860000000001   1.5038   0.013641401035898851   
1.427014   1.43234   0.011821714483666628   
1.4270420000000001   1.3606   0.011847653682386979   
1.4270700000000001   1.296184   0.012451112150236932   
1.4270980000000002   1.2283   0.010902488604799262   
1.4271260000000001   1.160456   0.010036125325819499   
1.427154   1.101864   0.0078141073564277177   
1.4271820000000002   1.050504   0.0084122961854128212   
1.4272100000000001   0.990832   0.0089541187046954982   
1.427238   0.939596   0.0084191558299445258   
1.4272660000000001   0.888576   0.0074521124820043108   
1.4272940000000001   0.838988   0.0060773943246902926   
1.4273220000000002   0.792456   0.0064564956439232574   
1.4273500000000001   0.750528   0.0065002175690083198   
1.427378   0.70492   0.0061477511696915998   
1.4274060000000002   0.6659   0.0068302887526402898   
1.4274340000000001   0.626476   0.005209312857224496   
1.427462   0.592816   0.0042985690642352131   
1.4274900000000001   0.553484   0.0049835799716000677   
1.4275180000000001   0.522552   0.0043961995708414632   
1.427546   0.491772   0.0037239694473027631   
1.4275740000000001   0.459352   0.0034879898063051862   
1.427602   0.432108   0.0026109448268565329   
1.4276300000000002   0.40438   0.0035189404971130473   
1.4276580000000001   0.37858   0.0034443241556056965   
1.427686   0.355872   0.0029552803213532514   
1.4277140000000001   0.333348   0.0030402517439624419   
1.4277420000000001   0.31122   0.0024407521609354585   
1.42777   0.290236   0.0029031076069925103   
1.4277980000000001   0.26946   0.0023739343808210969   
1.427826   0.253376   0.0017925495189192902   
1.4278540000000002   0.235528   0.002175620882006381   
1.4278820000000001   0.218556   0.0020203801622466994   
1.42791   0.204524   0.0015856966222382447   
1.4279380000000002   0.188688   0.0015755103582296402   
1.4279660000000001   0.177136   0.0014190225117625473   
1.427994   0.163664   0.00095310859821953147   
1.4280220000000001   0.151496   0.0018567182518267727   
1.42805   0.140492   0.0012858899209842532   
1.4280780000000002   0.12936   0.001103255787808672   
1.4281060000000001   0.12058   0.001140280667204351   
1.428134   0.112456   0.0010607368508101653   
1.4281620000000002   0.102848   0.00095192530052403674   
1.4281900000000001   0.095844   0.00087195208838814333   
1.428218   0.089864   0.00079927077875884951   
1.4282460000000001   0.08238   0.00067801671562481893   
1.428274   0.075892   0.0008882852394735976   
1.4283020000000002   0.06886   0.00078789170152587177   
1.4283300000000001   0.063936   0.0008532124914436939   
1.428358   0.059   0.00074790373712129557   
1.4283860000000002   0.0544   0.001035443007713231   
1.4284140000000001   0.050108   0.00036256125919169393   
1.428442   0.045516   0.00056689250401739403   
1.4284700000000001   0.041884   0.00058516322509193962   
1.428498   0.0383   0.00065575740771856919   
1.4285260000000002   0.035496   0.00037633082372945338   
1.4285540000000001   0.032472   0.00043014416188064203   
1.428582   0.028768   0.0006058617370691472   
1.4286100000000002   0.027392   0.00034278856457005681   
1.4286380000000001   0.02422   0.00047711168038055361   
1.428666   0.022616   0.00026373050217556896   
1.4286940000000001   0.0208   0.00050265075129534798   
1.428722   0.018696   0.00038195753108893606   
1.4287500000000002   0.017036   0.00022591640538531553   
1.4287780000000001   0.015392   0.0004353205715332093   
1.428806   0.013664   0.00029170456896585551   
1.4288340000000002   0.012664   0.00029310293982376453   
1.4288620000000001   0.011592   0.00023390786410227615   
1.42889   0.010028   0.00026826520874355329   
1.4289180000000001   0.00972   8.6409875978771469e-05   
1.428946   0.00864   0.0001390763179776565   
1.4289740000000002   0.008036   0.00024501791317733848   
1.4290020000000001   0.007216   0.00017468193317506473   
1.42903   0.006008   0.00019998222143202852   
1.4290580000000002   0.005728   0.00020341965380846452   
1.4290860000000001   0.005232   0.00013879481258317978   
1.429114   0.004696   0.00017024949012813192   
1.4291420000000001   0.00434   0.00015767758947365419   
1.4291700000000001   0.004004   0.0001908530557494139   
1.4291980000000002   0.00392   0.00012578641509408805   
1.4292260000000001   0.00316   0.00010498677165349081   
1.429254   0.002652   0.000108   
1.4292820000000002   0.00254   6.5929255013739285e-05   
1.4293100000000001   0.002104   0.00011958446573215287   
1.429338   0.002056   8.3522452071284402e-05   
1.4293660000000001   0.001728   0.00011466666666666667   
1.4293940000000001   0.00172   5.3333333333333334e-05   
1.4294220000000002   0.001312   9.5554521958234225e-05   
1.4294500000000001   0.001284   0.00011336470154133321   
1.429478   0.001164   7.4105030568481352e-05   
1.4295060000000002   0.000968   6.8195796546903583e-05   
1.4295340000000001   0.000852   7.7757457663057775e-05   
1.429562   0.000768   7.7700278849778482e-05   
1.4295900000000001   0.000788   0.00010414519778761872   
1.4296180000000001   0.000596   4.7121592125526112e-05   
1.4296460000000002   0.000644   5.1794465598813419e-05   
1.4296740000000001   0.000456   5.2729919822093836e-05   
1.429702   0.000408   4.5333333333333333e-05   
1.4297300000000002   0.000344   4.0088790342327755e-05   
1.4297580000000001   0.000332   4.8460751587696661e-05   
1.429786   0.000316   4.5587522659410022e-05   
1.4298140000000001   0.000268   4.0463975747982715e-05   
1.4298420000000001   0.000228   2.8627880738111851e-05   
1.4298700000000002   0.000208   2.7194770739161519e-05   
1.4298980000000001   0.000192   2.4440403706431147e-05   
1.429926   0.000212   4.1761226035642201e-05   
1.4299540000000002   0.000152   3.5175749222061118e-05   
1.4299820000000001   0.000144   3.1664912232101113e-05   
1.43001   8.8e-05   1.4360439485692011e-05   
1.4300380000000001   0.000132   3.8666666666666667e-05   
1.4300660000000001   9.2e-05   8.5374989832437983e-06   
1.4300940000000002   0.000104   2.6799668322989041e-05   
1.4301220000000001   6e-05   1.7126976771553505e-05   
1.43015   4.4e-05   1.2578641509408805e-05   
1.4301780000000002   6.4e-05   1.8086213288334048e-05   
1.4302060000000001   4e-05   1.3333333333333333e-05   
1.430234   3.2e-05   1.6653327995729062e-05   
1.4302620000000001   5.2e-05   1.793816539609828e-05   
1.4302900000000001   4e-05   1.3333333333333333e-05   
1.4303180000000002   3.2e-05   1.3063945294843617e-05   
1.4303460000000001   1.6e-05   6.5319726474218083e-06   
1.430374   1.2e-05   6.1101009266077867e-06   
1.4304020000000002   2e-05   1.6055459438389727e-05   
1.4304300000000001   4e-06   4e-06   
1.430458   1.2e-05   8.5374989832437982e-06   
1.4304860000000001   4e-06   4e-06   
