0	1	0
1   0.45810771712818383   0.0025288599931604431   
2   0.34434920044761591   0.004237833158740598   
3   0.31124216888431245   0.0049666663924309605   
4   0.29606966578395329   0.0053526599144208602   
5   0.28791377188147211   0.0054562936536454101   
6   0.28369245041251545   0.0056627161600748405   
7   0.282503124463566   0.0061316589195484044   
8   0.2830682458994357   0.0067018439733754904   
9   0.28437920002001472   0.0070961569383402848   
10   0.2852006069622623   0.0072884028971107897   
