0.25441477107328347   0.00072176311710710743  2.6681248360888607e-05     
0.50882954214656695   0.00069126356795779654  2.5572341702329654e-05     
0.76324431321985042   0.00063824659335191246  2.3737266021098811e-05     
1.0176590842931339   0.00056670676037661974  2.0851582611304155e-05     
1.2720738553664175   0.00047791586664632737  1.7705659565324413e-05     
1.5264886264397008   0.0003768090647600712  1.3937905631205472e-05     
1.7809033975129842   0.0002685255305506834  9.9948224317047831e-06     
2.0353181685862678   0.00016146456157949923  6.0920183535562174e-06     
2.2897329396595514   6.9767995968176118e-05  2.8202603715222708e-06     
2.544147710732835   1.5373483090487257e-05  1.0771418578062514e-06     
2.7985624818061181   3.5400440326776049e-05  2.1244021865138835e-06     
3.0529772528794017   0.00019430058309839546  8.3789778614048454e-06     
3.3073920239526853   0.00061090782750789701  2.4519697978143412e-05     
3.5618067950259684   0.0015212234416999527  5.8945658563834669e-05     
3.816221566099252   0.0034381696396781866  0.0001313166397418004     
4.0706363371725356   0.0076432130191893942  0.00028762952218041322     
4.3250511082458187   0.017999942314533959  0.00067513401150358602     
4.5794658793191028   0.050661685978778857  0.0018779633423483897     
4.8338806503923859   0.23871248779420527  0.0086735088458681637     
5.0882954214656699   789.0580646515354  0.017988121744501508     
5.3427101925389531   0.33836290882908003  0.012752798230935667     
5.5971249636122362   0.089821947899894071  0.0033238576644489363     
5.8515397346855202   0.041382958825297395  0.0015306049995739792     
6.1059545057588034   0.023332329815292401  0.0008428676221893223     
6.3603692768320865   0.014290870305571831  0.00051682200446539543     
6.6147840479053706   0.0089883885530076251  0.00032073406568805155     
6.8691988189786537   0.0055362923251047874  0.00019526700247974617     
7.1236135900519368   0.00315184382056462  0.00010974900962468158     
7.3780283611252209   0.0015143332691979066  5.1490535060860228e-05     
7.632443132198504   0.00049475099944537309  1.791095053588403e-05     
7.886857903271788   0.00012147816154337109  9.776251569802188e-06     
8.1412726743450712   0.00057944573072609083  3.1872495575206254e-05     
8.3956874454183552   0.002291344977963645  0.00010296402757493378     
8.6501022164916375   0.0061653214435664927  0.00025453438467894971     
8.9045169875649215   0.014181360929673815  0.00056383686303433842     
9.1589317586382055   0.031282868151357723  0.0012116102288619671     
9.4133465297114878   0.072326083008385537  0.0027472292065774085     
9.6677613007847718   0.19812020801947467  0.0073820013653008313     
9.9221760718580558   0.89645553646247148  0.032095792910488574     
10.17659084293134   756.90205169012812  0.071710482787873192     
10.431005614004622   1.3360202671878991  0.051440776787280996     
10.685420385077906   0.34200055261360754  0.012683253494081979     
10.93983515615119   0.1549227049409125  0.0057107768871724917     
11.194249927224472   0.086777548166371002  0.0030860436064386187     
11.448664698297756   0.053272742821092129  0.0018884536293720206     
11.70307946937104   0.034033076241074164  0.0011791965788737975     
11.957494240444323   0.021719548941147686  0.00073507417848006135     
12.211909011517607   0.013249779710068261  0.00043699590991954532     
12.466323782590891   0.0073264728320855796  0.00022770328073475171     
12.720738553664173   0.0032826368401662041  9.5835806636960624e-05     
12.975153324737457   0.00095103840236142243  3.0894010928253653e-05     
13.229568095810741   0.00056774478813475315  4.0698865018472045e-05     
13.483982866884023   0.0028818254995970368  0.0001540039182181247     
13.738397637957307   0.0096596519242844662  0.00043649415017752813     
13.992812409030591   0.024824246857125397  0.0010427868445391664     
14.247227180103874   0.058268888358403436  0.0023447364068369613     
14.501641951177158   0.14000067445045947  0.0054177556986542395     
14.756056722250442   0.39166362989649423  0.014732815951945811     
15.010471493323726   1.7760319869725741  0.06286037522937741     
15.264886264397008   705.49067375777631  0.16019355608379966     
15.519301035470292   2.9851879001294832  0.11766213135319554     
15.773715806543576   0.75792950239925967  0.028216117513877613     
16.02813057761686   0.34633364881791999  0.012745470464430606     
16.282545348690142   0.19706297334499252  0.0069110419204423658     
16.536960119763425   0.12353611421263116  0.0043040732408600556     
16.79137489083671   0.081292904855363753  0.0027459330827001234     
17.045789661909993   0.05412941664226301  0.0017708543970858924     
17.300204432983275   0.035173710494159593  0.0011135729691741171     
17.554619204056561   0.021578091383431258  0.00063352937225921798     
17.809033975129843   0.011705150866358094  0.00031465549718282833     
18.063448746203125   0.0049596557288043363  0.00011580088100267893     
18.317863517276411   0.0014912394980644281  4.9084505425550479e-05     
18.572278288349693   0.0022683630584232177  0.00014528178945859223     
18.826693059422976   0.0098356239931682233  0.00050553487072293164     
19.081107830496261   0.030042797432225368  0.0013635286052555883     
19.335522601569544   0.077830824023775586  0.0033005273959839686     
19.589937372642826   0.19910994924681964  0.0079194521070082889     
19.844352143716112   0.57901429231495932  0.022124714462063266     
20.098766914789394   2.6703514336484246  0.093847212790575106     
20.35318168586268   637.92396760398929  0.28103695798286905     
20.607596456935962   5.1750455280782518  0.20930570350558726     
20.862011228009244   1.3127626554179086  0.049141641557282941     
21.11642599908253   0.60926193271156666  0.022418327307835006     
21.370840770155812   0.35406347282736733  0.012258403834730247     
21.625255541229095   0.22750127168990799  0.0078037594050609888     
21.87967031230238   0.15441455480834909  0.0050966924483064656     
22.134085083375663   0.10699800234545229  0.0033981444977878446     
22.388499854448945   0.073346222383958486  0.0022446954745259159     
22.642914625522231   0.048679813883903532  0.0013697713808702187     
22.897329396595513   0.029972347830724039  0.00076999286487307814     
23.151744167668795   0.015965550622118332  0.00034798804506079136     
23.406158938742081   0.0065499713578874772  0.00012104245442910356     
23.660573709815363   0.002709216199911637  0.00010320863447092096     
23.914988480888645   0.0074355080800654193  0.0004396905426728829     
24.169403251961931   0.02805563091408998  0.0014188468255179137     
24.423818023035214   0.083549426524827357  0.0038138615023884462     
24.678232794108496   0.23318478477941199  0.0096577918102054017     
24.932647565181782   0.71562799551465774  0.028026819745152693     
25.187062336255064   3.3947082538576766  0.11920665029546151     
25.441477107328346   558.2115529927577  0.42941078515931473     
25.695891878401632   7.6975649335164843  0.32039654550359154     
25.950306649474914   1.9576104337603058  0.073828493367730595     
26.204721420548196   0.92578536901666145  0.034112659988008142     
26.459136191621482   0.55065899743961043  0.018834202713080306     
26.713550962694764   0.36299636754025298  0.012272771939850061     
26.967965733768047   0.25394240937795623  0.0082003355309255908     
27.222380504841333   0.1825066950148918  0.0056398116477345364     
27.476795275914615   0.13095838760693426  0.0038880815431102772     
27.731210046987897   0.092502578547572598  0.0025106297267068239     
27.985624818061183   0.062378894804228358  0.0015498087067317111     
28.240039589134465   0.038476504924867939  0.00081915435542817203     
28.494454360207747   0.02025964770087608  0.0003586544577268809     
28.748869131281033   0.0084740974266604414  0.00010388509149539931     
29.003283902354315   0.006035828351603322  0.00028815265422679048     
29.257698673427601   0.020994311291930557  0.0012066163526678603     
29.512113444500883   0.07450322535402996  0.0037726785736734947     
29.766528215574166   0.23396318085638764  0.010287760309841799     
30.020942986647452   0.77175332623286779  0.031385957436468042     
30.275357757720734   3.8128508700377022  0.13500266611666698     
30.529772528794016   470.97666470534256  0.59696987146413627     
30.784187299867302   10.267884535287638  0.44147475703410841     
31.038602070940584   2.6248485811501254  0.099975722071223114     
31.293016842013866   1.2680519055363936  0.04687294035651328     
31.547431613087152   0.77307035318892789  0.026134064776292742     
31.801846384160434   0.52302486997246584  0.017442957940487677     
32.05626115523372   0.37678480674957903  0.0119097786810646     
32.310675926306999   0.28008332377601815  0.0084304849359943856     
32.565090697380285   0.20917590000863312  0.0060339005700501646     
32.819505468453571   0.15553348130609383  0.0040817048147882251     
33.073920239526849   0.11244213727407786  0.0027109983705145669     
33.328335010600135   0.076840410722330121  0.0016066992351558198     
33.582749781673421   0.047645442000324051  0.00086012611517660199     
33.8371645527467   0.025120987549347038  0.00026525101219534387     
34.091579323819985   0.011479159462211968  0.00014905505922449489     
34.345994094893271   0.014611026377604014  0.00081374083142603796     
34.60040886596655   0.055497477639517703  0.0032169294606699214     
34.854823637039836   0.20278797139227938  0.009738597734122213     
35.109238408113121   0.7369798350416925  0.031728722788571772     
35.3636531791864   3.8544407338179195  0.13947960131705507     
35.618067950259686   381.12108938993328  0.77096458164168119     
35.872482721332972   12.558615128078957  0.56052826735263893     
36.12689749240625   3.2366605592188705  0.12490853304020979     
36.381312263479536   1.6015305122220107  0.059522670322372854     
36.635727034552822   1.0022324829995911  0.033503189069061576     
36.890141805626101   0.69626132270146744  0.022919861114617585     
37.144556576699387   0.51621092819853401  0.01597237856803231     
37.398971347772672   0.39608565036899329  0.011615624437914988     
37.653386118845951   0.30661483865830531  0.0085957535093228597     
37.907800889919237   0.23819879824380128  0.0060457923703937687     
38.162215660992523   0.18211149002369999  0.0042606766587245762     
38.416630432065801   0.13437033384991322  0.0027516245769603267     
38.671045203139087   0.093305674713122726  0.0017038743387324741     
38.925459974212373   0.058521786657968518  0.00068433317085085574     
39.179874745285652   0.030903411936359  0.00020713641258748903     
39.434289516358938   0.017374349897517135  0.00037799601185115935     
39.688704287432223   0.036355945609801675  0.0023056739732634367     
39.943119058505502   0.15046635444642262  0.0081846579188397825     
40.197533829578788   0.62171382424713428  0.029153933317569892     
40.451948600652074   3.5221565196085691  0.13295411727037106     
40.706363371725359   293.47895599721202  0.93383447626017411     
40.960778142798638   14.244680713599076  0.66438692264609867     
41.215192913871924   3.7157392572399031  0.14594475404779275     
41.46960768494521   1.8894654828689124  0.070820787250516223     
41.724022456018488   1.2160432217784224  0.040223573400471423     
41.978437227091774   0.86822891638074  0.028231842399950521     
42.23285199816506   0.66239806857393838  0.020058777662927963     
42.487266769238339   0.52393248645698006  0.014966056432750856     
42.741681540311625   0.41917592913076934  0.011414839366240956     
42.99609631138491   0.33846321050471308  0.0082995641466075371     
43.250511082458189   0.27117321411870251  0.006146039983802959     
43.504925853531475   0.21257923387539125  0.0042423917088095173     
43.759340624604761   0.16048868043891867  0.0029260493697011048     
44.013755395678039   0.11378529836585277  0.0014325969528470571     
44.268170166751325   0.07151717818285286  0.00058869352964345545     
44.522584937824611   0.03909417962246119  0.00016411014776687774     
44.77699970889789   0.030394573767792168  0.0012611795718502776     
45.031414479971176   0.095646572134254229  0.0059692890717373332     
45.285829251044461   0.45548134981209768  0.024226376788837612     
45.54024402211774   2.8881977676090613  0.11739149033224555     
45.794658793191026   212.48752922625862  1.0635206814455145     
46.049073564264312   15.053539481628275  0.74040739369139066     
46.30348833533759   3.9967066719570146  0.16077402075842285     
46.557903106410876   2.0979348438814729  0.079631711019611004     
46.812317877484162   1.392192212286428  0.045614642300392587     
47.066732648557441   1.023010459009293  0.032893526027907429     
47.321147419630726   0.80346777026167898  0.023805889954216829     
47.575562190704012   0.65467815342340272  0.018205994425701634     
47.829976961777291   0.54027388226631861  0.014277074039412956     
48.084391732850577   0.45177411419195956  0.0106822422182685     
48.338806503923863   0.3769462921424777  0.0082550903167972225     
48.593221274997141   0.3106435548500357  0.0060083985415762457     
48.847636046070427   0.25032416667257419  0.0045051740230726321     
49.102050817143713   0.19424070399602011  0.0025343791637224558     
49.356465588216992   0.13930606784416572  0.0013379097222601187     
49.610880359290277   0.089284386611773398  0.00055348339597915364     
49.865295130363563   0.05231321643693434  0.00041079336175667562     
50.119709901436842   0.061979212316373181  0.0034965825483615012     
50.374124672510128   0.28240978096890459  0.017799839040932644     
50.628539443583414   2.081354821731242  0.095766446027196865     
50.882954214656692   141.9007908121737  1.1346349384613871     
