0.000220993039107749   0.000474449833380547   60.2496761217175   0.0500016699195593
0.0501921845152503   0.000354366265672572   103.182177063073   0.0500214019480054
0.100122753978233   0.000207841871993949   100.991004127116   0.0500057885444397
0.15016494597557   0.000173244919940455   23.8962123580117   0.0500091892538078
0.200176098852593   0.000287950194957558   67.5011414411904   0.0500112090267842
0.250108058785251   0.000316099675558167   112.162186930444   0.0500001998375822
0.300090993010564   0.000220107159743053   133.2023121611   0.0500265220021309
0.350099776254481   0.000198504026100958   112.641666871825   0.0500106987112533
0.400060886374834   0.000143262386205455   120.968391613467   0.0500377699270883
0.449981743406812   0.000291518320632702   85.1750379350665   0.0500875742670303
0.499920887198646   0.000323405044019834   10.5468673131842   0.0500298922472005
-0.450034945848107   0.000298834763149805   47.3924014325901   0.0500280392844759
-0.399992083715334   0.000333865578320955   9.04057149462606   0.0500130466767558
-0.34987510899703   0.00031714690586704   9.07404717156546   0.0500714353463712
-0.299784466106724   0.000258093284850221   179.635493282176   0.0500101210940273
-0.249772875531051   0.000169565904351236   81.8040040702568   0.0500970032567647
-0.199767355825109   9.54621445338648e-05   18.3831398552604   0.0500217913467291
-0.149737639607527   0.00017585601718753   65.6499936826011   0.0500076180806085
-0.0997594481868348   0.000319349632661717   98.0257749630392   0.0500141225208462
-0.0497947157832063   0.00030959476599059   58.9633077254595   0.0500875263461592
0.0253017196993627   0.0504879302414995   19.5506173292348   0.0500164990353592
0.0752710506823665   0.0503508220157701   58.5701269295438   0.0500461746482666
0.125219083995966   0.050181148727585   77.628324781532   0.0500165780290103
0.175142745711764   0.0502471388851263   46.8966631118488   0.0500214219815101
0.225164082081776   0.0503147400890911   65.7407951819392   0.0500110797229967
0.275084350713973   0.0502840850291704   97.4740363454302   0.0500140558039063
0.325033370607607   0.0502076576864359   38.381657108749   0.0500682299594077
0.374961743486814   0.0502486736506759   101.864099323178   0.0500127273614757
0.424872022834093   0.0502519250939668   68.7299839566949   0.0500357113699905
0.474882388199605   0.0502548088272711   0.97007517900466   0.0500325669997477
0.524997731182323   0.050225781583376   23.1418865456821   0.0500170182356119
-0.424925330824051   0.0503333977369594   23.6603885483647   0.0500088386863822
-0.374867935400055   0.0502727328064477   23.201075793883   0.0500419557474819
-0.324787265865419   0.0502503637732705   106.484300636735   0.0500400127049102
-0.274799205026973   0.0501620153234957   113.480835938186   0.0500035804268212
-0.224734355571088   0.0501212450183057   167.935073764   0.050026221404193
-0.174731134439911   0.0501764070391385   47.0969671507752   0.0500032861019979
-0.124764791078971   0.0502513211177686   55.4205757148228   0.0500611077225279
-0.0747914809941858   0.0503239997229342   86.8020818420626   0.0500406533834379
-0.0247330702695442   0.0503774776841644   47.6468901638531   0.050006476518924
0.0504521764324168   0.100452167216742   93.2704648644034   0.0500865002105718
0.10037496192762   0.100345558625512   111.52430145079   0.0500238949333341
0.150299619555215   0.10024733118996   97.6326937873376   0.050026011031201
0.200284069952521   0.100233969691372   82.7679674576571   0.0500352963867874
0.250182451226635   0.100359779021089   75.4246928932594   0.0500339718491009
0.300138341094421   0.100295275863878   96.7632349713178   0.050009732069776
0.350099868852737   0.100205927504111   63.1413262582973   0.0500232044938497
0.400056809964809   0.100269016886264   44.9102004211518   0.0500029492330342
0.450023294974089   0.100257939364841   69.3755795455456   0.0500036415899971
0.499987655734212   0.100210946369449   97.0247562908539   0.0500012213193349
0.550005735288442   0.100204906520707   179.702530901192   0.0500621710857262
-0.399897410818943   0.100209716347761   173.342098339584   0.05000201315406
-0.349805117194981   0.100219356480122   154.563008113417   0.0500075251218599
-0.299811268379289   0.100213355593581   122.74501337843   0.0500388079690222
-0.249769107860305   0.100062062742657   150.649131376414   0.0500688251316576
-0.199790896602173   0.100123251065394   79.0564060034481   0.0500619181530907
-0.149725015149125   0.100203914509463   20.800665702148   0.0500099559588192
-0.0996995940293453   0.100316490373736   34.9602440807766   0.0500035886690876
-0.049642788124098   0.100332161796288   34.6934968172259   0.0500164041287346
0.000410358888726484   0.100377399592046   33.5440749349662   0.0500453383013968
0.0753760961145904   0.150443065844305   138.501562369752   0.0500445320321207
0.125355343682632   0.150318961841624   142.258554579891   0.0500807445534715
0.17536571245656   0.150308610444629   82.0586128191712   0.0500061180218709
0.225268430579544   0.150333308958983   96.7796305971757   0.0500440497898143
0.275222484900452   0.150353028979112   117.499029912849   0.0500132370998919
0.325198634374942   0.150197049739228   129.304651504321   0.0500226187825464
0.375219407238874   0.150255349212799   34.4652800492384   0.0500354843889977
0.425155285385565   0.150317142504201   86.7492466898629   0.0500107344106547
0.475068195979831   0.150323934163089   85.1272753026241   0.0500048689532243
0.525020134457074   0.150235728629828   99.6314944964354   0.0500156245551944
0.57492138279836   0.150165885994515   111.032698267327   0.0500091399668153
-0.374982516601678   0.15013764837017   8.56846183837948   0.0500002518207087
-0.324901142384431   0.150171303046476   170.651838139341   0.0500204936581607
-0.274834977989657   0.150107189859001   137.228975570957   0.0500397519952842
-0.224794205474221   0.150030935934745   9.9920794748585   0.0500217523838376
-0.174736844047529   0.150149225797085   37.449575894854   0.050017698901614
-0.12466334782748   0.150123953165788   162.221602408341   0.050036918194627
-0.0745936148524776   0.150293203063774   72.8286693810431   0.0500198283691412
-0.0246241671805881   0.15036171224895   94.8213679322763   0.0500332113121995
0.0253349118427041   0.150480229168074   100.626472822885   0.0500002135861056
0.10025656268763   0.200364181036486   148.244915193926   0.0500138824549281
0.150342322228228   0.200219969782256   144.708473070376   0.0501042837139714
0.200343902833287   0.200420338913269   109.891601959848   0.0500096498897012
0.250220900753738   0.20037292081499   81.5809033846615   0.0500111072478091
0.300217607771578   0.200280558609466   157.638076051502   0.0500097239169944
0.350171429998076   0.200194543372019   83.3559518846519   0.0500984498622162
0.400137238933431   0.200337800742511   81.4059128019138   0.0500377920467757
0.450100532356904   0.200359164856735   84.7995732479201   0.0500820256707288
0.500066432749286   0.200352199638528   69.6506988020478   0.0500159260837362
0.550002683670088   0.200213058651195   127.950550556589   0.0500081982243086
0.599952156615313   0.20013881993944   93.4194118739253   0.0500794692874245
-0.350064679279487   0.200056840187613   151.708527750606   0.050029592970394
-0.2999073909807   0.200153595099446   170.724935667046   0.050018451726518
-0.249822039042057   0.200010860397271   151.33882271058   0.0500097635954403
-0.199781844257958   0.200037679737633   35.3241362715976   0.0500068507912412
-0.149708318454865   0.200096213707988   162.756877378766   0.0500031548747942
-0.0996326342154274   0.200136721209119   53.3273373493908   0.0500056074767113
-0.0496614769349789   0.200393049215566   97.1195388761027   0.0500871104730298
0.000257822088143914   0.200513958704086   110.444484936613   0.0500143526603434
0.0502347307804756   0.200451477328707   127.756954090237   0.050047274697786
0.125264278485204   0.250206573110856   116.046938253842   0.0500321298636009
0.175211972217371   0.250295895474545   95.1501738923279   0.0500224988136069
0.225226469156238   0.250431117984725   176.589693433585   0.0500142082383795
0.275261711457493   0.25038080953509   122.097697723623   0.0500554437645368
0.325211408417289   0.250313772477016   111.007122463012   0.0500284062441167
0.375191684147562   0.250309221077741   58.6859139752812   0.0500236691180754
0.425149519241224   0.250353249483551   77.4252917927288   0.0500196445544528
0.475086200153604   0.250412089046884   85.4534361351776   0.0500208597314342
0.525040085971964   0.250350088452834   122.670991625359   0.0500408051953517
0.574994005139698   0.250200935073705   108.395376754325   0.050021137930178
0.624995680195283   0.25015239333861   126.851631685704   0.0500238511457552
-0.324980519062016   0.249996304140408   35.7594748909719   0.0500561000057415
-0.274876762526937   0.250037025222322   148.357899591364   0.0500735913850506
-0.224809734375469   0.24997074702041   173.070678040836   0.0500132222625883
-0.174756560783269   0.250059810219215   18.3666147043015   0.0500825615733263
-0.124739589828698   0.250055557260881   72.4204878367232   0.0500471575985666
-0.0747600657204111   0.250296548878728   55.3367335118337   0.0500087653007307
-0.0248253085798198   0.250590959353532   121.017640780079   0.0500233802608271
0.0251618755034084   0.250494331048711   147.352719693527   0.0500315519742769
0.0752232915055348   0.250359709323495   160.939772098913   0.050011227564998
0.150179908853014   0.300329408765381   67.6570190733248   0.0500029086991789
0.200119008654408   0.300321170961333   116.467477008779   0.0500086306283754
0.250097938443539   0.300363275808434   141.189278944727   0.0500160938205669
0.300126497107032   0.300335204524542   119.033419246685   0.0500388599432346
0.350133971131453   0.300344492508257   92.0647107487777   0.0500005854227435
0.400127620838208   0.300348488689722   103.980447439352   0.0500380893292472
0.450058886282755   0.30045805368354   109.619856484849   0.0500075969373584
0.49999810572313   0.300398269302947   123.620181758054   0.050004650944912
0.550018444753556   0.300322341786873   119.958961839407   0.0500691452280997
0.600003590349084   0.300161124865499   164.224787912297   0.0500049351014596
-0.349913797633457   0.300011284456248   158.806280626095   0.0500258136652161
-0.29991184059386   0.29996814559832   125.403375839389   0.0500537087346924
-0.249931041938645   0.299939848043971   167.474659149126   0.0501510474032901
-0.199840497215063   0.299927224055549   1.73494658470106   0.0500373672890378
-0.149826980207978   0.300080291267623   86.6426538188295   0.0500233158590578
-0.0998424036558504   0.300198378572773   55.1673071490801   0.0500496393921478
-0.0498333152123012   0.300486339513042   35.7210403907618   0.0500052853882097
0.000231722100765944   0.30056704656465   150.338540940778   0.0500388331824946
0.0502238196417927   0.300440854063003   112.503796759517   0.0500750194645543
0.100206353335513   0.300298175462217   161.787466874378   0.0500055406987744
0.175094733424942   0.350415631096292   92.0270247366881   0.050042262990749
0.22500776545033   0.350389735839199   102.69061569973   0.0500021689853644
0.275002452176658   0.35035804055665   104.649212187426   0.0500229178288434
0.325000414050325   0.350313285442762   109.308602020452   0.050011527370819
0.374965022623694   0.35040060092625   98.4236946443558   0.0500703118884717
0.424986213660891   0.35040658001376   12.9298042046261   0.0500303009760237
0.475010837547205   0.350439363509107   58.5542065287603   0.0500188760177662
0.524937793938169   0.350343228726382   116.203262610075   0.0500612781703014
0.574964150777635   0.350205919494319   146.085978296522   0.0500619592514975
0.624990909870236   0.350058629069746   117.041190083796   0.0500164603707659
-0.325004434088332   0.350029474392002   125.28216065142   0.0500405453207278
-0.274985793607199   0.349950289096178   131.722947862536   0.0500029586581876
-0.22488723474473   0.349841861430049   148.827785105877   0.0500186061301789
-0.174839904621059   0.349991454612929   67.1732208053661   0.0500096225819812
-0.124901757265302   0.350178938360735   90.3708931768205   0.0500157239280974
-0.0749155347625846   0.350357406110367   66.8465179849198   0.0500089928909184
-0.0248582956895089   0.350507435911971   173.777815968144   0.0500129658276266
0.0251570964562755   0.35048275932813   138.343173006683   0.0500862608557033
0.0751960356377438   0.350346313747101   133.437463580646   0.0500209338847044
0.125161032121255   0.350314719709297   65.8266130726244   0.0500256091069056
0.200122153932072   0.400500610723724   75.8561572487065   0.0500007266399129
0.250089262392838   0.400371645698118   92.4859280940254   0.0500127436153969
0.300016731090565   0.400357324773999   86.570744648455   0.0500087555366653
0.349990107117737   0.400354357011838   53.3127049928948   0.0500391968817943
0.399976558542585   0.400368714344778   107.991281064459   0.0500292089237763
0.449955687441984   0.400373816010304   122.215314124741   0.0500284859094875
0.499962347097752   0.400488345222139   93.9216507345572   0.050009495965419
0.549933936653598   0.400298024687654   110.665431142687   0.0500167193777809
0.599904103753654   0.400110891640766   114.459680984949   0.0500186456669237
0.649940711079318   0.400021618602113   146.050573258286   0.0500532695006392
-0.300045137863373   0.399969537192579   124.051833357309   0.050021207509877
-0.250003502515776   0.399825866188999   148.094676856784   0.0500731183475379
-0.200006082689577   0.399840160580271   93.7284475558237   0.050027532219877
-0.150027202327407   0.400117346504371   87.8951895214066   0.0500268355520398
-0.0999939800919549   0.400242635458098   179.605112578516   0.0500039322065616
-0.0499510668076564   0.400397764133907   173.857442662181   0.0501242850884
8.06866378475257e-05   0.400476882851814   158.286232495473   0.0500257176221871
0.0501793553120775   0.40039942231186   158.466336437962   0.0500333934120059
0.100225332626075   0.400372361758325   70.8979286494013   0.0500317042065713
0.150136060607902   0.400428881243062   81.0904272474193   0.0500132925128104
0.225051558565189   0.450486034982829   127.297237898142   0.050007485168157
0.274954151470139   0.450369977419247   107.482384207275   0.0500120240492712
0.32492937724562   0.450407621354109   108.728486095217   0.0500000370129809
0.37498162789611   0.450383154983469   148.344747163368   0.0500062115056003
0.424968645139492   0.450413389725569   123.242331011033   0.0500083226498025
0.474896381957984   0.450426939763034   62.5417541093957   0.050030725440843
0.524877771858458   0.450445880027101   134.250787726817   0.0501040081408708
0.574905660438157   0.45022167877364   145.080000846364   0.050056692715672
0.62494604227419   0.450005440445711   146.982548848561   0.0501509622576692
0.674956758208243   0.449990957480852   123.311627176509   0.0501130900813904
-0.275056301139192   0.449912887161739   140.493982504335   0.0500186324393825
-0.225097661038532   0.449873000829772   82.3099146793254   0.050027122619649
-0.17517351924319   0.449973452644482   73.1784674563204   0.0500290193329337
-0.125170539970353   0.450123727557692   119.170824366037   0.0500087872545927
-0.0751222655863758   0.450266257932837   15.6981712066312   0.0500751149042713
-0.0250268866576193   0.450365505610404   10.0663592388649   0.0500037823708334
0.0250951493774357   0.450326211947592   8.43727883807813   0.0500339967319345
0.075178905419877   0.450377455926419   118.112304628642   0.0500169428001676
0.12513669582866   0.450511368582011   68.7376296954917   0.0500001158037206
0.175045331336353   0.450467767838083   115.174393717716   0.0500285690590398
-0.249814013785587   -0.499545804610855   130.310239077319   0.0500456657279073
-0.199897126178245   -0.49960536007618   84.8723082368844   0.0500812103119676
-0.14985218260047   -0.499607134577421   140.465280243381   0.0500412452142659
-0.0998568283573698   -0.499587582505515   96.537108206811   0.0500032690498869
-0.0498782619834899   -0.499559220814939   95.3896942332636   0.050002684031337
9.83376895057155e-05   -0.49953192299655   138.085610593262   0.0500131401337881
0.0501017962034923   -0.499649465762454   133.781947926974   0.0500040306528159
0.100121467464925   -0.499923932467633   133.919892430274   0.050000021180919
0.649879729038044   0.499991107587685   81.7243550755332   0.0500964439745695
0.699847901959361   0.499922765438032   135.819805568744   0.0500500349589296
0.749825387945322   0.499894828691227   136.306075551904   0.0500121924771224
-0.200232080471352   0.499966070335538   90.2879137252242   0.050055436191307
-0.650001926844797   -0.499937575699427   51.0792639583684   0.0500219020124798
-0.599999206571073   -0.499884597005532   22.552702003425   0.0500376876024869
-0.549894600357349   -0.499814260708985   170.465205597612   0.050145969853743
-0.499707166724218   -0.499721382054322   10.2872198615776   0.0500049092048509
-0.4497113121684   -0.499656602247083   93.8855410547845   0.0500111024696625
-0.399734442688633   -0.499546836393601   89.5688046625434   0.0500057034946379
-0.349737448011525   -0.499457694804654   139.525290525329   0.0500203899122486
-0.299754470914857   -0.499472033121387   87.8693107927966   0.0500262653987787
-0.224943226459887   -0.449497438164672   85.4672211783569   0.0500106990899244
-0.174945682035453   -0.44952464915149   130.851105603145   0.0500325218867124
-0.124958016624411   -0.449625797527979   87.6037464339389   0.0500101175330404
-0.0749829454707301   -0.44953118338754   108.788368760096   0.0500487708472649
-0.0250067584841563   -0.449489135787801   150.197847818771   0.0500370905502317
0.0250694853253693   -0.449636509348245   142.798370158134   0.0500372238928617
0.0751319979054374   -0.449802415257167   139.773674015334   0.0500036698443414
0.125081173180847   -0.449967363936662   112.886778500714   0.0501453049915996
0.175010347915239   -0.45002407985184   117.720218266001   0.050049867597126
0.224940224028917   -0.45003413533506   112.380044264261   0.0500794577608533
0.274940217732731   -0.450019736970248   113.879283164877   0.0500232517382817
-0.675046563093872   -0.449980576929953   177.624486899668   0.0500027337012265
-0.624990027124577   -0.449918175871927   175.202214637843   0.0500281883670564
-0.574917251334272   -0.449922734501752   13.7523068857982   0.0500169182670122
-0.524822574573084   -0.449872332401955   169.27969326141   0.0500385044463599
-0.474783219871318   -0.44968344225239   114.658662010458   0.0500084071594618
-0.424779251132759   -0.449520780648989   100.266140245734   0.0500324657295508
-0.374846157599148   -0.449472681612367   134.57108422314   0.0500096445465092
-0.324859188122687   -0.449490143610677   138.155103795073   0.0500016136298807
-0.27482882916201   -0.449397986585022   93.9330629310134   0.0500376031187408
-0.199935384015262   -0.399444824945036   109.883230102522   0.0500010552175784
-0.149992352754868   -0.399552315418489   127.096228995828   0.050000732965925
-0.100065163341843   -0.399504165191228   130.193837330131   0.0500052792704875
-0.0500543391023269   -0.399470620173221   154.565209668482   0.0500716624712987
5.02920653285108e-05   -0.399567089134622   162.138271549498   0.0500019867605752
0.0500981621127107   -0.399752403464397   108.764014175283   0.0500000969136693
0.100061303777213   -0.399900612506987   117.729125022538   0.0500004673659879
0.149989295940388   -0.399939787506448   118.38520587662   0.0500153578731252
0.199941367051335   -0.399979741495434   75.1171467914003   0.0500088945789558
0.249858215964971   -0.400034940889041   117.403819891888   0.050110844743037
0.299893444261684   -0.400031793346869   166.56541654823   0.0500290364016089
-0.650102684507162   -0.39999410950806   150.907770560627   0.0500278113864546
-0.600045091690013   -0.400035363855815   133.584172074514   0.0500272488370332
-0.5499997586057   -0.399968198552626   134.427462891901   0.0500011437544304
-0.5000445775712   -0.399821658437592   119.078416828349   0.050024670049313
-0.450019859500842   -0.399637798630182   139.069610635481   0.0500947863242122
-0.399973198992868   -0.399480587459147   15.3551123399428   0.0500270385448735
-0.349935591082754   -0.399480846597146   149.537083636856   0.0500363110664438
-0.29996765127316   -0.399487943580629   45.5615703223299   0.0500047639736998
-0.249937700568151   -0.399378713713547   124.219783865139   0.0500241595893398
-0.174986917159475   -0.349504081227685   130.553560794859   0.0500003163258763
-0.125062598205939   -0.349430814689234   57.2445941053996   0.0500396918351244
-0.0750388129573042   -0.349477510505836   50.417957683626   0.0500004764593532
-0.0249857155282221   -0.349584467190223   145.392162540862   0.0500390496374217
0.0250608535088173   -0.349642768093931   141.749452770472   0.0500918424906748
0.0750904615254053   -0.349821141331013   126.358744782015   0.050092621307185
0.125017007512404   -0.349842956859229   94.8030230266243   0.0500457515234685
0.175021758024588   -0.349914403208003   74.9476573935642   0.0500174735739458
0.224966008545857   -0.350006188377163   94.9351882486735   0.0500083073171428
0.274927614447257   -0.350020892403404   105.591750064582   0.0500097932388793
0.324826794560876   -0.350049825186796   89.8684048053957   0.0500492956279367
-0.625166556422916   -0.3500432173301   134.723273362675   0.0500116239986831
-0.575203887722015   -0.350001275159934   129.748903002014   0.0500069491227675
-0.525196149498994   -0.34985379865791   74.9461297982865   0.0500089011775918
-0.475168786635289   -0.349740188037035   26.8010077100647   0.0500378499806523
-0.425138797576284   -0.349635330041369   0.489109810454798   0.0500197613646539
-0.374971757157765   -0.349536582001586   156.51304745971   0.0500225247141836
-0.324958119345233   -0.349524764228025   124.816990629254   0.0500229243517016
-0.275001461976834   -0.349361703736935   77.1534657565056   0.0500144791632143
-0.225028236218201   -0.349403997059886   111.364387443147   0.050063130903498
-0.15005638816307   -0.299551472626523   6.60241523536809   0.0500254756007436
-0.0999722290727918   -0.299531390890165   170.251509398924   0.0500016053402683
-0.0499108579086932   -0.299532053701214   139.436536770294   0.0500667986414225
8.44483489704746e-05   -0.29967218072253   124.112926350558   0.0500512764218579
0.0500884086429904   -0.299712943273648   157.91319625087   0.0500106224361806
0.100112452677182   -0.299824937138533   78.2127129953227   0.0500463919404727
0.150048695938218   -0.299854061190275   78.4121079808061   0.0500214390203288
0.200014415496175   -0.299897840592469   94.7108953987702   0.0501037320570362
0.249975676576582   -0.299950731112043   84.1794345751729   0.0500348913308932
0.299913970940506   -0.299948908933636   94.4662917332325   0.0500159288565836
0.349828769678453   -0.299909367818488   83.307785297031   0.050030706315994
-0.600251226334057   -0.299957969029104   73.6821625108838   0.0500496760764554
-0.550270335965166   -0.299957200063461   47.5022090670388   0.0500153893444298
-0.500214848712823   -0.299855342707642   31.4134162970794   0.0500043469838478
-0.450167226627891   -0.299764745075207   18.5446696014221   0.0500802602242969
-0.400115161150579   -0.299619092356882   89.7864945747189   0.0500009518293846
-0.350126553479787   -0.299534473508328   116.370497185126   0.0500525718069385
-0.300151358345762   -0.299403505430627   80.6181567798702   0.0500071021542524
-0.250127826798875   -0.299375709157101   151.121990877433   0.0500391324453453
-0.200041686033032   -0.299463469612945   150.980723516884   0.0500320994937942
-0.12495475139646   -0.24963191367447   156.195537477677   0.0500943731912157
-0.0749547724723225   -0.249570908070574   67.7064689203285   0.0500089563568353
-0.0249690176187256   -0.249611581538069   170.671200462852   0.050018282440664
0.0250734812108352   -0.249702151934281   136.011708835799   0.050010307315188
0.0750730400855038   -0.249796178836648   135.977920657867   0.0500161565616826
0.125108435076396   -0.249803441637568   147.301289923802   0.0500373355110336
0.175079898391491   -0.249734923086194   89.8253487720967   0.0500156619341807
0.224976706693931   -0.249855646379073   93.4604662763003   0.050108748001283
0.27495337784467   -0.249889271068153   121.859013237352   0.0500009713335472
0.324927682602291   -0.249901135178555   83.9681367841639   0.0500863593382393
0.374834353975099   -0.249845488683017   80.0411964597381   0.0500058513785633
-0.575119098782885   -0.249903972496681   55.8148426900078   0.0500525557905887
-0.525153083165559   -0.249878674079011   70.6359005524607   0.0500049160974976
-0.47513812814213   -0.249862116971828   59.7951298809369   0.0500618927177977
-0.42516527228006   -0.249746872474629   88.8971811785266   0.0500401803067189
-0.375210497966875   -0.249546439169454   71.8691054541224   0.0500380652044638
-0.325204147810961   -0.249446509909852   38.3530592187875   0.0500040176231815
-0.275147073426006   -0.249385695280092   167.468710390858   0.0500623676202296
-0.22509730174619   -0.249515899122725   167.818555854775   0.0500152543567436
-0.175027290533149   -0.249604891054483   170.83064682586   0.0500163570202122
-0.100003747780219   -0.199679995257773   31.1212054575115   0.0500052826333782
-0.0498728131107442   -0.19963636681116   18.8389070567573   0.0500250442812765
0.000129195453750161   -0.199631354597009   83.5320273476887   0.0500550977995035
0.0500804271440184   -0.199750008712042   99.583869125779   0.0500086408197548
0.100055097122715   -0.199868752991929   165.304092956726   0.050067017878507
0.150069196043649   -0.199809204657596   53.2675648220498   0.0500630525561793
0.200098982955091   -0.199708757559403   82.9141163407747   0.0500198751532944
0.25000749135506   -0.199769561295139   80.3708589946517   0.0501671250567644
0.299928366412319   -0.199863376826245   89.5369019334201   0.0500070009981871
0.349987216399658   -0.199815967597926   46.5526757734285   0.0500108614599907
0.399959084739914   -0.199893327015482   67.4166070588491   0.0500072902287098
-0.550082978012334   -0.199818290225717   75.0255001963793   0.0500089692988451
-0.500099155751579   -0.199839339074587   109.028615966612   0.0500283715661701
-0.450105720113042   -0.19976632702488   45.251123871647   0.0500353352841206
-0.400154097713373   -0.199616927310898   74.6062382301111   0.0500537529218658
-0.350168997089616   -0.199531575789918   44.6110950513324   0.0501051609941878
-0.300129518976497   -0.19944019545855   32.2563199776437   0.0500075013937723
-0.250054096394877   -0.199534568913526   10.6216856652039   0.0500092278551828
-0.200030072097148   -0.199639443464004   153.220341268341   0.0500705614330024
-0.14998386729554   -0.199613983981533   56.7942761257252   0.0500229760294307
-0.0748142546504338   -0.149691486569359   34.2876213603618   0.0500059066982163
-0.0248261118288076   -0.149651333398908   39.9052769224298   0.0500557432997991
0.0252076976304579   -0.149620533638618   115.551203173397   0.0500065742089445
0.075147921315339   -0.149820994100399   106.944682869207   0.0500175374514631
0.125096750820737   -0.149861910619252   40.8229319462036   0.0500111467224993
0.175093447543411   -0.149765298473923   84.3727903494743   0.0500182866277164
0.225055172226419   -0.149711010826692   105.771465473003   0.0500035301519142
0.275031172783213   -0.149727833353237   105.209592828051   0.0500035535421772
0.324981555366732   -0.14985785871114   88.7104910002309   0.0500163228394808
0.375029373606451   -0.14986729524897   145.113344810983   0.0501298173254707
0.425033684632906   -0.149838936614809   39.2828448751879   0.0500048869199779
-0.525027399463028   -0.149766633100902   95.2056588613155   0.0500269488084233
-0.475044999218421   -0.149790766129402   56.4025731042127   0.0500524509072637
-0.425134767341096   -0.149628338822093   82.8099206384068   0.05001880342229
-0.375123420829373   -0.149572841048508   44.0595176504802   0.0500314168981368
-0.325101808451915   -0.149568599840504   15.9751370917218   0.0500376486069768
-0.275003306030197   -0.149591173432142   158.948369645722   0.0500478029215464
-0.22497973071815   -0.149630350338934   26.4840139797527   0.0500253803978421
-0.174921259885307   -0.14973932904886   48.0401971729147   0.0500191067307768
-0.124848414306214   -0.149647743506699   32.6182928101054   0.0500592660417307
-0.0497308718905509   -0.0996822143880602   41.5713615729556   0.0500014478523648
0.000217648765471951   -0.0996661451129899   64.8866347241584   0.0500906091902901
0.0501740424905052   -0.0997003273109307   113.722837748008   0.0500055598173752
0.100129795186372   -0.099822187152713   108.865772606753   0.0500275494570705
0.150067398107422   -0.0998054730818352   71.1465360883997   0.050051105603579
0.200073372349341   -0.0997104589466516   41.1028362632897   0.0500065977642416
0.250053385639739   -0.09970091378519   64.4865774312421   0.0500281346953438
0.300061947525232   -0.0997770136058022   174.179966787455   0.0500619359289013
0.350100923794109   -0.0998055914442956   85.5051728499032   0.0500458650104973
0.400026783199306   -0.0999254696614696   71.2500899243217   0.0500225974903187
0.449918815240855   -0.099737857304778   78.1330145502205   0.0500183443182687
-0.50008052271168   -0.0997569086223345   106.586994776447   0.0500147384153179
-0.450108211323306   -0.0996113950041976   19.5943001202488   0.050017223610837
-0.400100935526004   -0.0996084236736111   74.7451582568234   0.0500085350647143
-0.350110827249083   -0.099566609695805   51.684020913817   0.050010266247145
-0.30011949729748   -0.099670700534964   167.181136050091   0.0500992948632772
-0.250000608359169   -0.0997063152824081   24.7166529435473   0.0500047578064544
-0.199871465486954   -0.0997364252207438   144.935369835042   0.0500418454698157
-0.14987118777776   -0.0997655018255543   42.4494677019121   0.0500360381668069
-0.0998027952615892   -0.0996841387651622   36.8151656364435   0.0500383286718663
-0.024731306707936   -0.0496227187812388   90.1565061236313   0.0500018987816894
0.0251990842529416   -0.0495848887694338   117.976493386538   0.0500088056756552
0.0752028923196321   -0.0497621552328558   138.099154717463   0.0500264933380687
0.12517778435997   -0.0498371818755434   76.4970055807574   0.0500229730446337
0.175159186205162   -0.0497709685926851   30.2808675205767   0.0500020629307357
0.225151335657207   -0.0497135050972039   64.1650932803414   0.0500179869629746
0.275166577061241   -0.0497007485747113   135.586470122262   0.0500046247105613
0.325117304112647   -0.0497683445140667   78.7812126539216   0.0500746631805157
0.375065545024206   -0.0498783675567271   104.143834937129   0.0500453306978497
0.424960072188016   -0.0498297478898284   48.5000147743779   0.0500029698967563
0.474936691124156   -0.049693343567414   64.5760859497802   0.0500329071645094
-0.475092416306589   -0.0496900789053812   62.4805499565626   0.0500617908796473
-0.425077994449837   -0.0496221196961122   18.6484735169107   0.0500521276053629
-0.375020672049125   -0.0495923841925855   23.1000464442871   0.0500028249302392
-0.324935498869581   -0.0495995620467165   36.344205154951   0.0500109759448056
-0.274897929689248   -0.0497902395264264   64.0526054558008   0.0500217908143753
-0.224908304906027   -0.0497867145220771   39.6064124959407   0.0500625016005408
-0.174807817213012   -0.0498233104714436   8.55918083856339   0.0500308743540875
-0.124705661292654   -0.0497615473682181   38.5842199032813   0.0500378236623221
-0.0747198437129025   -0.0497344862025531   97.2834512888546   0.0500009068865327
