1.0481009999999999   0.00267   0.00013678044044704962   
1.048103   0.001516   6.6519838310754251e-05   
1.0481050000000001   0.001552   6.627887211539503e-05   
1.0481070000000001   0.001328   8.9141585257511672e-05   
1.048109   0.001498   9.0108576481684337e-05   
1.048111   0.00138   0.00012023125864580956   
1.0481130000000001   0.001417   0.00012732329803387211   
1.0481150000000001   0.00148   5.7580861017837824e-05   
1.048117   0.001402   9.0293349084464072e-05   
1.048119   0.001368   0.00014304467056754606   
1.0481210000000001   0.001316   8.3282651254628055e-05   
1.0481230000000001   0.001573   0.00013188420847260086   
1.048125   0.001292   0.00010139910146435114   
1.048127   0.001361   0.00011438191387724819   
1.0481290000000001   0.001308   8.7645751624238912e-05   
1.0481309999999999   0.001517   0.00011114605006226917   
1.048133   0.001334   8.7091267581135187e-05   
1.048135   0.001501   0.00010989338267409715   
1.0481370000000001   0.001485   0.000114564392373896   
1.0481389999999999   0.001518   0.00013544002362669611   
1.048141   0.001303   9.5312934880610803e-05   
1.048143   0.001413   7.1926660178576653e-05   
1.0481450000000001   0.001252   0.00011037109122309962   
1.0481469999999999   0.001299   7.8704087145035443e-05   
1.048149   0.001327   0.0001067504878989631   
1.0481510000000001   0.00122   6.6833125519211404e-05   
1.0481530000000001   0.001409   8.3870932588909093e-05   
1.0481549999999999   0.001211   0.0001356994227450262   
1.048157   0.001336   0.00010762279808045629   
1.0481590000000001   0.001438   0.000103288162169943   
1.0481610000000001   0.001345   9.8288125201142969e-05   
1.048163   0.001297   8.1759131328283788e-05   
1.048165   0.001445   0.00010800462953040485   
1.0481670000000001   0.001282   7.8581875207398246e-05   
1.0481690000000001   0.001493   9.194261495326552e-05   
1.048171   0.001223   0.00012312640298129037   
1.048173   0.00126   9.2074848779554223e-05   
1.0481750000000001   0.001293   0.00010320475871887993   
1.0481770000000001   0.001375   0.00012111748199349442   
1.048179   0.001283   0.00012548616568282648   
1.048181   0.001217   0.00010558882516630252   
1.0481830000000001   0.001306   0.00012577934824304205   
1.0481849999999999   0.001062   0.00011645504616708448   
1.048187   0.001245   8.3029445914620488e-05   
1.048189   0.001056   5.3233239407139011e-05   
1.0481910000000001   0.001322   0.00013838593377459527   
1.0481929999999999   0.001147   0.00011006109414522665   
1.048195   0.00145   0.00010919910459543359   
1.048197   0.00117   0.0001268244631151437   
1.0481990000000001   0.001405   0.00011745684786810478   
1.0482009999999999   0.001325   0.000130258290416473   
1.048203   0.001238   8.6728183295730217e-05   
1.0482050000000001   0.001251   7.4138758794274102e-05   
1.0482070000000001   0.001322   8.2741901248534422e-05   
1.0482089999999999   0.001249   0.00010519241628769844   
1.048211   0.001253   9.6448604620975898e-05   
1.0482130000000001   0.001314   7.9024609387765333e-05   
1.0482150000000001   0.001289   6.3568860301251272e-05   
1.048217   0.001354   0.00012320894628412518   
1.048219   0.001207   9.0982904377080032e-05   
1.0482210000000001   0.001267   8.4222588682873222e-05   
1.0482230000000001   0.001244   0.00012804686642007293   
1.048225   0.001467   0.00012531781818861816   
1.048227   0.00128   0.0001477535485567474   
1.0482290000000001   0.001144   7.9529170050295941e-05   
1.0482310000000001   0.001327   0.00011915489452342648   
1.048233   0.00115   6.4221837753558909e-05   
1.048235   0.001391   0.00015753976570306869   
1.0482370000000001   0.0013   9.1262746446120549e-05   
1.0482389999999999   0.001263   6.5930097662431669e-05   
1.048241   0.001174   6.5272080129596333e-05   
1.048243   0.001265   9.8547788745697722e-05   
1.0482450000000001   0.001412   8.5476442498633635e-05   
1.0482469999999999   0.001389   0.00011645170672858342   
1.048249   0.001268   9.6353515763567237e-05   
1.048251   0.001398   8.8151384939016509e-05   
1.0482530000000001   0.001194   8.9457624977788599e-05   
1.0482549999999999   0.001189   8.2090058946121959e-05   
1.048257   0.001229   0.0001070871918889774   
1.0482590000000001   0.001336   0.00011987215411985109   
1.0482610000000001   0.001312   0.00012965595499886099   
1.0482629999999999   0.001382   6.2107433800901268e-05   
1.048265   0.001316   9.1496205142921395e-05   
1.0482670000000001   0.001198   9.8576535409464119e-05   
1.0482690000000001   0.001218   8.9911067171956089e-05   
1.048271   0.001191   0.00010039311618720567   
1.048273   0.001273   0.0001024808925279895   
1.0482750000000001   0.001121   0.00011518535786577505   
1.0482770000000001   0.001156   8.4999346402715879e-05   
1.048279   0.001257   6.2664007035759992e-05   
1.048281   0.001182   8.8829424554404644e-05   
1.0482830000000001   0.001162   0.00011065260954898443   
1.0482850000000001   0.001063   9.4033681908842288e-05   
1.048287   0.001267   0.00012572500856145438   
1.048289   0.00118   9.7262531326302628e-05   
1.0482910000000001   0.001072   6.0586026991928317e-05   
1.0482930000000001   0.001146   7.5383464146102139e-05   
1.048295   0.001173   0.00010554672477680731   
1.048297   0.001144   8.4933961274497128e-05   
1.0482990000000001   0.001138   0.0001149086593777858   
1.0483009999999999   0.001178   5.2489152318465871e-05   
1.048303   0.001065   7.7935158233552647e-05   
1.048305   0.001081   0.00011204612145600281   
1.0483070000000001   0.001003   0.00010689610740236418   
1.0483089999999999   0.001124   0.00011663999695168415   
1.048311   0.001185   9.3324404334795754e-05   
1.0483130000000001   0.00105   9.2267726390831444e-05   
1.0483150000000001   0.001331   8.9e-05   
1.0483169999999999   0.001362   0.00011346854679210055   
1.048319   0.001136   8.9532117142397565e-05   
1.0483210000000001   0.001049   6.9927740481792266e-05   
1.0483230000000001   0.001244   0.00013610616771068418   
1.048325   0.001216   0.00013103180275541252   
1.048327   0.001103   7.5499080200430992e-05   
1.0483290000000001   0.001084   8.0501207720409043e-05   
1.0483310000000001   0.001287   6.3596820325827262e-05   
1.048333   0.001196   0.00013335166540642328   
1.048335   0.001079   7.029224708315989e-05   
1.0483370000000001   0.0011   8.2744586932721265e-05   
1.0483390000000001   0.001144   8.8671679056318014e-05   
1.048341   0.001045   9.4507495293583284e-05   
1.048343   0.001205   5.983774357005414e-05   
1.0483450000000001   0.001198   6.7950962710864762e-05   
1.0483470000000001   0.001022   9.6365046683028293e-05   
1.048349   0.001196   8.9383070731169967e-05   
1.048351   0.001138   8.2674730789468623e-05   
1.0483530000000001   0.001003   7.6812180747008551e-05   
1.0483549999999999   0.001033   0.00011466908912169835   
1.048357   0.001048   7.3858724001373806e-05   
1.048359   0.001265   0.00011565513871467671   
1.0483610000000001   0.001227   9.0946260078258425e-05   
1.0483629999999999   0.00125   9.6586173383610601e-05   
1.048365   0.001036   6.4604781384799823e-05   
1.048367   0.001142   0.00012675260242780904   
1.0483690000000001   0.001141   0.0001021594614098741   
1.0483709999999999   0.001223   5.2154684459894023e-05   
1.048373   0.001289   0.00010728415022215019   
1.0483750000000001   0.001086   0.00010337848475921434   
1.0483770000000001   0.001185   6.4828834462589082e-05   
1.0483789999999999   0.00118   6.5540487910569872e-05   
1.048381   0.000988   7.5642433711361891e-05   
1.0483830000000001   0.001071   8.0642558380933217e-05   
1.0483850000000001   0.001211   7.7423080107506272e-05   
1.048387   0.00103   7.1662790592856175e-05   
1.048389   0.00104   0.00011100550536897808   
1.0483910000000001   0.001189   9.2237013539395705e-05   
1.0483930000000001   0.001285   6.2133369098702153e-05   
1.048395   0.001246   0.00010629309583515866   
1.048397   0.001177   0.00010907744445525339   
1.0483990000000001   0.001063   0.00012041640715081608   
1.0484010000000001   0.001117   9.4516900311237696e-05   
1.048403   0.001169   0.00010819170229016847   
1.048405   0.00122   0.00011582553930612866   
1.0484070000000001   0.001033   9.6690227013902496e-05   
1.0484089999999999   0.001201   0.00016248384535085326   
1.048411   0.001127   0.0001405864700302115   
1.048413   0.001071   7.9783735463090749e-05   
1.0484150000000001   0.001087   7.70144286625709e-05   
1.0484169999999999   0.001045   9.0323492698928186e-05   
1.048419   0.001069   8.5198461123295987e-05   
1.048421   0.000957   7.0993739943118302e-05   
1.0484230000000001   0.001079   0.00010924437437842433   
1.0484249999999999   0.000974   9.0580841732062133e-05   
1.048427   0.001046   0.00010820967301185848   
1.0484290000000001   0.001141   0.00011334754812816494   
1.0484310000000001   0.000831   0.00011093992368244476   
1.0484329999999999   0.001054   0.00013289260492760477   
1.048435   0.00098   7.5159090527286777e-05   
1.0484370000000001   0.00108   8.0332641767424363e-05   
1.0484390000000001   0.000935   0.0001138639539099183   
1.048441   0.001062   7.1659689582854816e-05   
1.048443   0.001004   9.1702417270938574e-05   
1.0484450000000001   0.00117   8.3666002653407555e-05   
1.0484470000000001   0.001092   4.8575256618524987e-05   
1.048449   0.000983   7.5572628789941019e-05   
1.048451   0.001073   5.9218052802990557e-05   
1.0484530000000001   0.001013   8.637193474220148e-05   
1.0484550000000001   0.001096   0.00013133671738448975   
1.048457   0.001008   9.0379447024444913e-05   
1.048459   0.00104   0.00011880890351970914   
1.0484610000000001   0.001061   0.00010407742844205515   
1.0484629999999999   0.001023   7.1787495042273515e-05   
1.048465   0.000992   8.9253695846290994e-05   
1.048467   0.001056   0.00010927234071092485   
1.0484690000000001   0.00101   0.00010203485243342645   
1.0484709999999999   0.000994   0.00011959375680472065   
1.048473   0.000868   0.00010567034693906433   
1.048475   0.000942   0.00011173182178770737   
1.0484770000000001   0.001138   9.0219485453839491e-05   
1.0484789999999999   0.00104   0.00012579524809961799   
1.048481   0.001031   0.00014559036903434085   
1.0484830000000001   0.001103   9.600983745892339e-05   
1.0484850000000001   0.001028   8.248636250920512e-05   
1.0484869999999999   0.000847   0.00010737318100903968   
1.048489   0.000845   9.2114059730314785e-05   
1.0484910000000001   0.000909   0.00010013823778490745   
1.0484930000000001   0.000942   9.3068672375712859e-05   
1.048495   0.000946   7.5206382707852663e-05   
1.048497   0.00103   6.3979163274720414e-05   
1.0484990000000001   0.00102   0.0001284696245983635   
1.0485010000000001   0.001055   9.3479052912047271e-05   
1.048503   0.000973   8.5284491230495386e-05   
1.048505   0.000888   8.4719143842069918e-05   
1.0485070000000001   0.000862   5.5673652256301234e-05   
1.0485090000000001   0.00097   0.00010308572484426089   
1.048511   0.000835   7.7935158233552647e-05   
1.048513   0.00102   0.00010597693669431624   
1.0485150000000001   0.000949   7.7823875228335652e-05   
1.0485169999999999   0.000848   0.00010535442826742289   
1.048519   0.000833   6.6750780270096219e-05   
1.048521   0.000897   0.00010754895526121013   
1.0485230000000001   0.000916   6.1394896639161576e-05   
1.0485249999999999   0.001011   8.0656335426576656e-05   
1.048527   0.00089   0.00011244751862288667   
1.048529   0.00079   0.00011107554986484549   
1.0485310000000001   0.000985   0.00010416066649385671   
1.0485329999999999   0.000851   0.00012425287834805992   
1.048535   0.00099   0.00010417933256329363   
1.0485370000000001   0.000971   9.3362495444131931e-05   
1.0485390000000001   0.000924   8.1161019652978184e-05   
1.0485409999999999   0.000943   0.00011875324556968257   
1.048543   0.000749   0.00010170163333114283   
1.0485450000000001   0.000803   6.6750780270096219e-05   
1.0485470000000001   0.00089   0.00010126971687308875   
1.048549   0.000859   7.5519681025691721e-05   
1.048551   0.000769   6.3147974367090087e-05   
1.0485530000000001   0.00082   8.8090862182180962e-05   
1.0485550000000001   0.001034   9.4671361385936912e-05   
1.048557   0.000714   7.6698544097438164e-05   
1.048559   0.000842   8.9353231614754707e-05   
1.0485610000000001   0.000887   0.00011536463929644993   
1.0485630000000001   0.000822   9.3116414593060158e-05   
1.048565   0.000963   9.0677082735018187e-05   
1.048567   0.00078   5.9981478622803038e-05   
1.0485690000000001   0.000731   9.0017899454620814e-05   
1.0485710000000001   0.000854   8.2275958416376611e-05   
1.048573   0.000854   9.687563619862782e-05   
1.048575   0.000878   5.8172158288995948e-05   
1.0485770000000001   0.000874   8.7001915687721114e-05   
1.0485789999999999   0.000849   5.5326304774492214e-05   
1.048581   0.000795   6.9270003127857107e-05   
1.048583   0.000784   9.7436018893311614e-05   
1.0485850000000001   0.000839   9.5689892650977279e-05   
1.0485869999999999   0.000903   8.3066907436783218e-05   
1.048589   0.000972   9.0551397314207999e-05   
1.0485910000000001   0.0008   9.0982293759707871e-05   
1.0485930000000001   0.000774   5.2051256789181693e-05   
1.0485949999999999   0.000808   8.7683775263411443e-05   
1.048597   0.000638   4.6447102528934282e-05   
1.0485990000000001   0.000856   5.8294272636531131e-05   
1.0486010000000001   0.000732   6.6863044102603246e-05   
1.048603   0.000842   8.4994117443503112e-05   
1.048605   0.000751   5.3238457277923948e-05   
1.0486070000000001   0.000797   5.2663502014625313e-05   
1.0486090000000001   0.000675   5.9819171954594401e-05   
1.048611   0.000745   7.286593473252398e-05   
1.048613   0.000744   8.7244229353897989e-05   
1.0486150000000001   0.000843   7.9722435152638599e-05   
1.0486170000000001   0.000716   5.2200468282275868e-05   
1.048619   0.000788   7.4368452092716483e-05   
1.048621   0.000792   6.1315214715073416e-05   
1.0486230000000001   0.000738   7.2215726203584709e-05   
1.0486250000000001   0.000729   0.00011554171925711028   
1.048627   0.000744   0.00010128288217770179   
1.048629   0.000793   8.2098179706441184e-05   
1.0486310000000001   0.000732   6.5570996298329611e-05   
1.0486329999999999   0.000721   6.4986323347472291e-05   
1.048635   0.000762   8.2418983789469819e-05   
1.048637   0.000719   0.00011086979350170682   
1.0486390000000001   0.000719   6.2493555223274379e-05   
1.0486409999999999   0.00074   0.00010657287543168655   
1.048643   0.000587   5.362524281219309e-05   
1.048645   0.000678   8.3503825594333634e-05   
1.0486470000000001   0.000709   9.8358188949031251e-05   
1.0486489999999999   0.000627   8.3931850662043403e-05   
1.048651   0.000728   9.6744796012785905e-05   
1.0486530000000001   0.00076   6.3245553203367587e-05   
1.0486550000000001   0.000671   6.0945330693444706e-05   
1.048657   0.00064   7.1802197428460054e-05   
1.048659   0.000649   5.928181283777794e-05   
1.0486610000000001   0.000724   8.1284138127380739e-05   
1.0486630000000001   0.00064   0.00012334234201333025   
1.048665   0.000723   6.6433759824688866e-05   
1.048667   0.000667   4.6572524088780071e-05   
1.0486690000000001   0.000676   7.1230455409029765e-05   
1.0486710000000001   0.000536   6.1213651346011954e-05   
1.048673   0.000685   6.2311939287569744e-05   
1.048675   0.000686   0.00010143635114362766   
1.0486770000000001   0.000614   8.848352012286431e-05   
1.0486790000000001   0.000589   0.00010891842003179362   
1.048681   0.000631   5.47001929714248e-05   
1.048683   0.000592   8.4337944537965169e-05   
1.0486850000000001   0.000701   0.00010048161799829636   
1.0486869999999999   0.000635   7.7821019725464348e-05   
1.048689   0.0006   8.7381666014991701e-05   
1.048691   0.000687   6.3105731382603699e-05   
1.0486930000000001   0.000523   5.8595600896692274e-05   
1.0486949999999999   0.000535   0.00011351211389098522   
1.048697   0.000554   7.8700557671326432e-05   
1.048699   0.000537   4.6189224332569652e-05   
1.0487010000000001   0.000749   0.00010629570912213615   
1.0487029999999999   0.000621   0.00011197668408100759   
1.048705   0.000617   9.7320204594021596e-05   
1.0487070000000001   0.000616   4.9692387076224597e-05   
1.0487090000000001   0.000501   5.2608617798481141e-05   
1.0487109999999999   0.000508   5.5793269207753805e-05   
1.048713   0.00061   6.291087169780576e-05   
1.0487150000000001   0.000605   9.7937054615026414e-05   
1.0487170000000001   0.000556   6.4467045845144789e-05   
1.048719   0.000476   6.286139956726668e-05   
1.048721   0.000754   8.803029781463501e-05   
1.0487230000000001   0.000561   8.5562842402528915e-05   
1.0487250000000001   0.000552   6.7869155160663538e-05   
1.048727   0.000537   7.0270113767439489e-05   
1.048729   0.000672   0.00013280562237094231   
1.0487310000000001   0.000499   7.8023500733219262e-05   
1.0487330000000001   0.000515   8.5156718270883752e-05   
1.048735   0.00054   4.0987803063838393e-05   
1.048737   0.000549   8.4897977989270549e-05   
1.0487390000000001   0.000559   7.4033776075518396e-05   
1.0487409999999999   0.000514   4.9692387076224597e-05   
1.048743   0.000615   7.2590939134608559e-05   
1.048745   0.000505   8.0017359227718692e-05   
1.0487470000000001   0.000583   7.9443201233473857e-05   
1.0487489999999999   0.000485   6.7531885473127104e-05   
1.048751   0.000515   6.3197222161174845e-05   
1.048753   0.00053   9.2520268049763021e-05   
1.0487550000000001   0.000473   7.2710231589355963e-05   
1.0487569999999999   0.000491   9.5829130342616708e-05   
1.048759   0.000349   4.5860900800379207e-05   
1.0487610000000001   0.000438   7.9103307979713044e-05   
1.0487630000000001   0.000413   5.0112096565821532e-05   
1.0487649999999999   0.000574   8.6963593915308414e-05   
1.048767   0.000484   8.092795149596543e-05   
1.0487690000000001   0.000525   8.3429943998276515e-05   
1.0487710000000001   0.000477   6.5812021866997995e-05   
1.048773   0.000567   0.00010419053059979427   
1.048775   0.000481   8.4201477949551983e-05   
1.0487770000000001   0.000563   5.3062855809564817e-05   
1.0487790000000001   0.000539   9.2921113495982889e-05   
1.048781   0.000506   5.9295868321494374e-05   
1.048783   0.000385   5.6218818517962075e-05   
1.0487850000000001   0.000414   4.1531781672460055e-05   
1.0487870000000001   0.000548   7.7571472419526325e-05   
1.048789   0.000525   8.6361642720210767e-05   
1.048791   0.000552   9.184286096976243e-05   
1.0487930000000001   0.000474   5.1493257379540047e-05   
1.0487949999999999   0.000528   4.7674824476749664e-05   
1.048797   0.00041   7.0379921379135778e-05   
1.048799   0.000435   8.0763715725428197e-05   
1.0488010000000001   0.000477   8.0733443435102462e-05   
1.0488029999999999   0.000382   6.9487009177575375e-05   
1.048805   0.000382   6.4131808713686603e-05   
1.048807   0.000402   4.3481796957654207e-05   
1.0488090000000001   0.000457   8.8015781413208948e-05   
1.0488109999999999   0.000449   7.0874693806902773e-05   
1.048813   0.000319   4.7456412750134319e-05   
1.0488150000000001   0.000351   6.6540714353444288e-05   
1.0488170000000001   0.000486   6.9876080790687357e-05   
1.0488189999999999   0.000424   6.6151341634164911e-05   
1.048821   0.000361   5.8565253255568603e-05   
1.0488230000000001   0.000467   7.8174306662881393e-05   
1.0488250000000001   0.000409   6.41603893033354e-05   
1.048827   0.000379   4.976500332116492e-05   
1.048829   0.000504   0.00010363611554108174   
1.0488310000000001   0.000368   8.3463897717649289e-05   
1.0488330000000001   0.000499   7.3687779779885409e-05   
1.048835   0.000362   8.1551619644656149e-05   
1.048837   0.000464   6.6335845848563991e-05   
1.0488390000000001   0.000423   7.4012761662357181e-05   
1.0488410000000001   0.000363   7.252662346415357e-05   
1.048843   0.000359   7.098434882266497e-05   
1.048845   0.000319   4.5520447176089023e-05   
1.0488470000000001   0.000286   3.9782743327561847e-05   
1.0488490000000001   0.000389   8.4306978754232835e-05   
1.048851   0.000418   5.7422411420396944e-05   
1.048853   0.000301   6.3271021978645344e-05   
1.0488550000000001   0.000355   5.1795538203379814e-05   
1.0488569999999999   0.000314   5.5940444522128472e-05   
1.048859   0.00041   7.0506106906502157e-05   
1.048861   0.000315   6.236541064119152e-05   
1.0488630000000001   0.000324   5.8598445182255286e-05   
1.0488649999999999   0.000318   4.9121165386103055e-05   
1.048867   0.000446   9.9478640923567105e-05   
1.0488690000000001   0.000333   5.8841595265027726e-05   
1.0488710000000001   0.000354   6.598316283551265e-05   
1.0488729999999999   0.000335   6.610177338350647e-05   
1.048875   0.000321   6.8547631452718903e-05   
1.0488770000000001   0.000255   5.5302200076790194e-05   
1.0488790000000001   0.000295   5.8238017365520494e-05   
1.048881   0.000279   5.2903476046265408e-05   
1.048883   0.000338   7.4144004028197272e-05   
1.0488850000000001   0.000314   6.6969313038800756e-05   
1.0488870000000001   0.000276   4.8835324191499834e-05   
1.048889   0.000298   6.5043575137492763e-05   
1.048891   0.000334   5.2370475142647567e-05   
1.0488930000000001   0.000339   2.5925105807134348e-05   
1.0488950000000001   0.000321   5.8546277991574039e-05   
1.048897   0.000374   9.1471914329542219e-05   
1.048899   0.000293   4.7657341745236087e-05   
1.0489010000000001   0.00033   5.4994949263040915e-05   
1.0489030000000001   0.000256   6.1611687202997452e-05   
1.048905   0.000326   8.0542604322874432e-05   
1.048907   0.000276   4.8767019821004259e-05   
1.0489090000000001   0.000223   4.9352473764408879e-05   
1.0489109999999999   0.000336   5.4389541478323038e-05   
1.048913   0.000328   7.8934572062352163e-05   
1.048915   0.00031   4.9193495504995373e-05   
1.0489170000000001   0.000235   4.6049490285512993e-05   
1.0489189999999999   0.000275   6.0355428734934671e-05   
1.048921   0.000247   4.2948289320478826e-05   
1.048923   0.000299   6.0872361909527089e-05   
1.0489250000000001   0.000263   5.0531618264651335e-05   
1.0489269999999999   0.000187   3.5404017348945648e-05   
1.048929   0.000271   3.5290854969020578e-05   
1.0489310000000001   0.000223   4.5388446890272761e-05   
1.0489330000000001   0.000235   4.0585985539619735e-05   
1.048935   0.000229   4.0151103485596895e-05   
1.048937   0.000218   4.9571497186723474e-05   
1.0489390000000001   0.000146   3.9949968710876358e-05   
1.0489410000000001   0.000289   5.6949295186351712e-05   
1.048943   0.000249   5.8792478732874969e-05   
1.048945   0.000226   4.0666666666666667e-05   
1.0489470000000001   0.000211   4.5226590015658316e-05   
1.0489490000000001   0.000263   7.7331178130887875e-05   
1.048951   0.000211   3.4847285881877994e-05   
1.048953   0.000202   4.7791212581394082e-05   
1.0489550000000001   0.000272   5.5373479412280228e-05   
1.0489570000000001   0.000161   2.8301943396169811e-05   
1.048959   0.000218   6.2783578886343981e-05   
1.048961   0.000237   6.3927910788463733e-05   
1.0489630000000001   0.000166   4.4502184715409697e-05   
1.0489649999999999   0.000216   3.4422215049134896e-05   
1.048967   0.000184   3.618471132029843e-05   
1.048969   0.000127   3.4093010036271854e-05   
1.0489710000000001   0.000202   4.0298883359219769e-05   
1.0489729999999999   0.000178   4.9616305563572322e-05   
1.048975   0.000171   3.9227258096606469e-05   
1.048977   0.000164   3.730355955610075e-05   
1.0489790000000001   0.000166   4.2692700390894304e-05   
1.0489809999999999   0.00029   8.6319818762038137e-05   
1.048983   0.000141   4.7620023799518062e-05   
1.0489850000000001   0.000171   3.2022561490993259e-05   
1.0489870000000001   0.000178   5.3015720938856115e-05   
1.0489889999999999   0.000211   4.7596685225385648e-05   
1.048991   0.000138   4.5308816900123191e-05   
1.0489930000000001   0.000151   4.185822632543227e-05   
1.0489950000000001   0.000136   3.2186953878862162e-05   
1.048997   0.00014   3.9805080636075145e-05   
1.048999   0.000165   5.4083269131959839e-05   
1.0490010000000001   0.00016   4.8281581489333084e-05   
1.0490030000000001   0.000113   3.1271215020988374e-05   
1.049005   0.000123   2.1656407827707715e-05   
1.049007   8.1e-05   2.5008887309203591e-05   
1.0490090000000001   0.000158   4.0846596485441042e-05   
1.0490110000000001   0.000129   3.4397997357727415e-05   
1.049013   0.000118   3.6325687268867406e-05   
1.049015   0.000128   4.891716354091771e-05   
1.0490170000000001   0.000154   3.4934860017530404e-05   
1.0490189999999999   0.000163   3.4610531473655369e-05   
1.049021   0.00013   4.0797603415451311e-05   
1.049023   9.6e-05   2.9747082023097474e-05   
1.0490250000000001   0.000159   5.0187426490882931e-05   
1.0490269999999999   0.000148   5.7519078960327976e-05   
1.049029   0.00013   2e-05   
1.049031   0.000125   4.8654107968620925e-05   
1.0490330000000001   0.000172   4.4666666666666667e-05   
1.0490349999999999   0.000139   4.5078943101087797e-05   
1.049037   0.00013   3.5245173034363475e-05   
1.0490390000000001   9.5e-05   2.6551836094703507e-05   
1.0490410000000001   8.9e-05   2.2133433734712038e-05   
1.0490429999999999   7e-05   2.1239376429431988e-05   
1.049045   0.000111   2.2825424421026655e-05   
1.0490470000000001   7.7e-05   2.2610223842815494e-05   
1.0490490000000001   7.9e-05   1.7854348987789439e-05   
1.049051   7.6e-05   2.3860706890897707e-05   
1.049053   0.000122   2.7760883751542685e-05   
1.0490550000000001   0.000155   4.1452784385772367e-05   
1.0490570000000001   9.8e-05   3.8666666666666667e-05   
1.049059   8.1e-05   2.0245712852080287e-05   
1.049061   6.4e-05   3.2152414804766652e-05   
1.0490630000000001   0.000109   2.0626304672539976e-05   
1.0490650000000001   9.7e-05   3.0259984578096973e-05   
1.049067   4.1e-05   1.0376254944182254e-05   
1.049069   0.000132   3.349295116554792e-05   
1.0490710000000001   7.4e-05   2.2910453703252777e-05   
1.0490729999999999   7.8e-05   2.5681813712344297e-05   
1.049075   6.1e-05   1.9801795653705527e-05   
1.049077   7.4e-05   2.7856776554368239e-05   
1.0490790000000001   8.3e-05   3.0515933907095523e-05   
1.0490809999999999   5.8e-05   1.9877402021167432e-05   
1.049083   4.4e-05   1.3097921802925667e-05   
1.049085   4.9e-05   1.5595583420386113e-05   
1.0490870000000001   6.2e-05   2.3323807579381202e-05   
1.0490889999999999   6.8e-05   2.3607908279501031e-05   
1.049091   4.8e-05   1.8547236990991408e-05   
1.0490930000000001   4.7e-05   1.1742609969205691e-05   
1.0490950000000001   7.4e-05   2.4276188608044166e-05   
1.0490969999999999   6.1e-05   2.0464060637561104e-05   
1.049099   2.1e-05   8.7496031656044582e-06   
