0.012348310936298084   0   0   
0.037044932808894253   0   0   
0.061741554681490417   91.582111641300545   9.9341074625651042e-09   
0.086438176554086588   0   0   
0.11113479842668275   0   0   
0.13583142029927892   0   0   
0.16052804217187508   0   0   
0.18522466404447124   0   0   
0.20992128591706744   0   0   
0.2346179077896636   0   0   
0.25931452966225976   0   0   
0.2840111515348559   0   0   
0.30870777340745209   0   0   
0.33340439528004828   0   0   
0.35810101715264442   0   0   
0.38279763902524061   0   0   
0.40749426089783675   0   0   
0.43219088277043294   0   0   
0.45688750464302907   0   0   
0.48158412651562527   0   0   
0.50628074838822146   0   0   
0.53097737026081759   0   0   
0.55567399213341373   0   0   
0.58037061400600998   0   0   
0.60506723587860611   0   0   
0.62976385775120225   0   0   
0.65446047962379839   0   0   
0.67915710149639463   0   0   
0.70385372336899077   0   0   
0.72855034524158691   0   0   
0.75324696711418315   0   0   
0.77794358898677929   0   0   
0.80264021085937542   0   0   
0.82733683273197156   0   0   
0.85203345460456781   0   0   
0.87673007647716394   0   0   
0.90142669834976008   0   0   
0.92612332022235633   0   0   
0.95081994209495246   0   0   
0.9755165639675486   0   0   
1.0002131858401448   0   0   
1.024909807712741   0   0   
1.0496064295853371   0   0   
1.0743030514579333   0   0   
1.0989996733305294   0   0   
1.1236962952031255   0   0   
1.1483929170757219   0   0   
1.173089538948318   0   0   
1.1977861608209142   0   0   
1.2224827826935103   0   0   
1.2471794045661064   0   0   
1.2718760264387026   0   0   
1.2965726483112987   0   0   
1.3212692701838951   0   0   
1.3459658920564912   0   0   
1.3706625139290873   3.8265759070001053   0.0056183142920496415   
1.3953591358016835   7.7583602814012118   0.020095310795702091   
1.4200557576742796   22.373489705996007   0.033874786904990747   
1.4447523795468757   7.8560040228480749   0.026518006205249678   
1.4694490014194719   5.8939350768060377   0.0078719379461673575   
1.4941456232920682   0   0   
1.5188422451646644   0   0   
1.5435388670372605   0   0   
1.5682354889098566   0   0   
1.5929321107824528   0   0   
1.6176287326550489   0   0   
1.6423253545276451   0   0   
1.6670219764002412   0   0   
1.6917185982728375   0   0   
1.7164152201454337   0   0   
1.7411118420180298   0   0   
1.765808463890626   0   0   
1.7905050857632221   0   0   
1.8152017076358182   0   0   
1.8398983295084144   0   0   
1.8645949513810107   0   0   
1.8892915732536069   0   0   
1.913988195126203   0   0   
1.9386848169987991   0   0   
1.9633814388713953   0   0   
1.9880780607439914   0   0   
2.0127746826165875   0   0   
2.0374713044891837   0   0   
2.0621679263617798   0   0   
2.0868645482343759   0   0   
2.1115611701069725   0   0   
2.1362577919795687   0   0   
2.1609544138521648   0   0   
2.1856510357247609   0   0   
2.2103476575973571   0   0   
2.2350442794699532   0   0   
2.2597409013425493   0   0   
2.2844375232151455   0   0   
2.3091341450877416   0   0   
2.3338307669603378   0   0   
2.3585273888329339   0   0   
2.38322401070553   0   0   
2.4079206325781262   0.67476722394387914   0.0020457360089549629   
2.4326172544507223   5.2985696478070206   0.0065380251534086471   
2.4573138763233184   10.527071268685347   0.01200372124471177   
2.482010498195915   7.0467459800892335   0.0075459367770908179   
2.5067071200685112   3.8733244239147953   0.0060290809337806263   
2.5314037419411073   0.10712627643887729   0.001809800736162068   
2.5561003638137034   0   0   
2.5807969856862996   0   0   
2.6054936075588957   0   0   
2.6301902294314918   0   0   
2.654886851304088   0   0   
2.6795834731766841   0   0   
2.7042800950492802   0   0   
2.7289767169218764   0   0   
2.7536733387944725   0   0   
2.7783699606670686   0   0   
2.8030665825396648   3.2987839395355932   0.0034879739154006937   
2.8277632044122614   5.4121030860749553   0.012522656592513246   
2.8524598262848575   10.029997747818425   0.01994247789802365   
2.8771564481574536   3.3348242003041873   0.016467873649133107   
2.9018530700300498   1.7565430598951338   0.0057694208349981163   
2.9265496919026459   0   0   
2.951246313775242   0   0   
2.9759429356478382   0   0   
3.0006395575204343   0   0   
3.0253361793930305   0   0   
3.0500328012656266   0   0   
3.0747294231382227   0   0   
3.0994260450108189   0   0   
3.124122666883415   0   0   
3.1488192887560111   0   0   
3.1735159106286077   0   0   
3.1982125325012039   0   0   
3.2229091543738   0   0   
3.2476057762463961   0   0   
3.2723023981189923   0   0   
3.2969990199915884   0   0   
3.3216956418641845   0   0   
3.3463922637367807   0   0   
3.3710888856093768   0   0   
3.3957855074819729   0   0   
3.4204821293545691   0   0   
3.4451787512271652   0   0   
3.4698753730997614   0   0   
3.4945719949723575   0   0   
3.5192686168449541   0   0   
3.5439652387175502   0   0   
3.5686618605901463   0   0   
3.5933584824627425   0   0   
3.6180551043353386   0   0   
3.6427517262079347   0   0   
3.6674483480805309   0   0   
3.692144969953127   0   0   
3.7168415918257232   3.3922572277971082   0.0049972403666410139   
3.7415382136983193   7.5426586616660547   0.016187096297405675   
3.7662348355709154   15.518538323595921   0.031213790989867399   
3.7909314574435116   5.9327658063769419   0.024832040710985915   
3.8156280793161077   3.6532201621184516   0.0055147553956912627   
3.8403247011887038   2.4294290065618311e-07   3.8095838696997279e-08   
3.8650213230613004   0   0   
3.8897179449338966   0   0   
3.9144145668064927   0   0   
3.9391111886790888   0   0   
3.963807810551685   0   0   
3.9885044324242811   0   0   
4.0132010542968768   0   0   
4.0378976761694734   0   0   
4.06259429804207   0   0   
4.0872909199146656   0   0   
4.1119875417872622   0   0   
4.1366841636598579   0   0   
4.1613807855324545   0   0   
4.1860774074050502   0   0   
4.2107740292776468   0.077825122198103336   0.00047712676265875217   
4.2354706511502425   3.2221132217305378   0.0035746134598234565   
4.260167273022839   5.1456719813045446   0.0086023372748636619   
4.2848638948954347   4.9260131247159479   0.0066746211442161455   
4.3095605167680313   2.181968142092673   0.0052057038798104383   
4.334257138640627   0.33365591834205149   0.0031438902217462271   
4.3589537605132236   0   0   
4.3836503823858193   0   0   
4.4083470042584159   0   0   
4.4330436261310124   0   0   
4.4577402480036081   0   0   
4.4824368698762047   0   0   
4.5071334917488004   0   0   
4.531830113621397   0   0   
4.5565267354939927   0   0   
4.5812233573665893   0   0   
4.6059199792391849   0   0   
4.6306166011117815   0   0   
4.6553132229843772   0   0   
4.6800098448569738   0   0   
4.7047064667295695   0   0   
4.7294030886021661   0   0   
4.7540997104747627   0   0   
4.7787963323473583   0   0   
4.8034929542199549   0   0   
4.8281895760925506   0   0   
4.8528861979651472   0   0   
4.8775828198377429   0.70071256569767968   0.00089415270491896968   
4.9022794417103395   2.970383799720268   0.0040404094875540895   
4.9269760635829352   5.5392747736940334   0.010060615298063144   
4.9516726854555317   2.8940475988347854   0.0086497456497741166   
4.9763693073281274   1.6412196812159505   0.0045648570182286459   
5.001065929200724   0.016808921411868238   0.0005915818986181134   
5.0257625510733197   0   0   
5.0504591729459163   0   0   
5.075155794818512   0.40226542315251406   0.0020407297675665362   
5.0998524166911086   5.7245919717823814   0.0042228601452979692   
5.1245490385637051   9.2809533444630258   0.010922920422496494   
5.1492456604363008   7.2357353524357186   0.0047207274236287049   
5.1739422823088974   3.4463884222967695   0.005644839325710671   
5.1986389041814931   0.34995675732556269   0.0045703431826203255   
5.2233355260540897   0   0   
5.2480321479266854   0   0   
5.272728769799282   0   0   
5.2974253916718776   0   0   
5.3221220135444742   0   0   
5.3468186354170699   0   0   
5.3715152572896665   0   0   
5.3962118791622622   0   0   
5.4209085010348588   0   0   
5.4456051229074554   0   0   
5.470301744780051   0   0   
5.4949983666526476   0   0   
5.5196949885252433   0   0   
5.5443916103978399   0   0   
5.5690882322704356   0   0   
5.5937848541430322   0   0   
5.6184814760156279   0   0   
5.6431780978882244   0.89364147955682781   0.0011751592828380344   
5.6678747197608201   2.651218598255705   0.0058930204483672452   
5.6925713416334167   4.9650991117817227   0.014995051052487736   
5.7172679635060124   2.0551499537538625   0.015427133667824269   
5.741964585378609   1.3521937653483001   0.0055595044010818993   
5.7666612072512047   0.0008736310809885294   2.2956734137987747e-05   
5.7913578291238013   0   0   
5.8160544509963978   0   0   
5.8407510728689935   0   0   
5.8654476947415901   0   0   
5.8901443166141858   0   0   
5.9148409384867824   0   0   
5.9395375603593781   0   0   
5.9642341822319747   0   0   
5.9889308041045703   0   0   
6.0136274259771669   0   0   
6.0383240478497626   0   0   
6.0630206697223592   0   0   
6.0877172915949549   0   0   
6.1124139134675515   0   0   
6.1371105353401472   0.00082431501608166872   1.5684180236458241e-05   
6.1618071572127437   3.1816462555675538   0.0016397546228846275   
6.1865037790853403   5.4392049290696128   0.0054882641045994232   
6.211200400957936   8.7002584654071717   0.015302707640035765   
6.2358970228305326   2.982633077608261   0.018635711643374909   
6.2605936447031283   1.5666683414378865   0.0072191913057016411   
6.2852902665757249   0   0   
6.3099868884483206   0   0   
6.3346835103209171   0   0   
6.3593801321935128   0   0   
6.3840767540661094   0   0   
6.4087733759387051   0   0   
6.4334699978113017   0   0   
6.4581666196838974   0.0072930114419739099   0.00013833482637671865   
6.482863241556494   3.495832599310534   0.00077108655023594087   
6.5075598634290905   5.5279059642873735   0.0027858523782081474   
6.5322564853016862   7.8349847237077401   0.011089721564515896   
6.5569531071742828   2.7063667950481644   0.016848996483314718   
6.5816497290468785   1.2302681184661673   0.0080500586382742535   
6.6063463509194751   0   0   
6.6310429727920708   0   0   
6.6557395946646674   0   0   
6.680436216537263   0   0   
6.7051328384098596   0   0   
6.7298294602824553   0   0   
6.7545260821550519   0   0   
6.7792227040276476   0   0   
6.8039193259002442   0   0   
6.8286159477728399   0   0   
6.8533125696454364   0   0   
6.878009191518033   0   0   
6.9027058133906287   0   0   
6.9274024352632253   0   0   
6.952099057135821   0   0   
6.9767956790084176   0   0   
7.0014923008810133   0   0   
7.0261889227536098   0   0   
7.0508855446262055   0.0016647354382496117   3.7185279969991293e-05   
7.0755821664988021   1.4858684462287596   0.00059737750991113469   
7.1002787883713978   2.4625557102549238   0.0015807205293645927   
7.1249754102439944   3.6784314108480948   0.0060355604624038071   
7.1496720321165901   1.254491170136982   0.0091959061316386787   
7.1743686539891867   0.65025588621078897   0.0042634884403122337   
7.1990652758617824   0   0   
7.2237618977343789   0   0   
7.2484585196069755   0   0   
7.2731551414795712   0   0   
7.2978517633521678   0   0   
7.3225483852247635   7.6254076935737178e-07   1.0734017633999603e-07   
7.3472450070973601   0.78322065834753179   0.00062150122055816036   
7.3719416289699558   2.1553929802320026   0.0025135916916742928   
7.3966382508425523   3.7272802277672095   0.0074106296669609967   
7.421334872715148   1.5876483500284851   0.0080448104801002778   
7.4460314945877446   0.91747456271413605   0.0035151885061461082   
7.4707281164603403   0.058372863656097081   0.00073896148978603176   
7.4954247383329369   3.5530002495367678   0.0018094587161406248   
7.5201213602055326   5.2408830863770761   0.0032561604001183009   
7.5448179820781291   6.179012304853636   0.0086042810262444978   
7.5695146039507257   2.1698811702495567   0.015764657017594261   
7.5942112258233214   0.8174648081347753   0.009263439758516426   
7.618907847695918   0   0   
7.6436044695685137   0   0   
7.6683010914411103   0   0   
7.692997713313706   0   0   
7.7176943351863025   0   0   
7.7423909570588982   0   0   
7.7670875789314948   0   0   
7.7917842008040905   0   0   
7.8164808226766871   0   0   
7.8411774445492828   0   0   
7.8658740664218794   0.11248929234649225   0.001479379038183085   
7.8905706882944751   3.6263474472786171   0.0014977318331067284   
7.9152673101670716   5.2981019191891051   0.0052240433207920702   
7.9399639320396682   5.3808486535424126   0.0059015460728628271   
7.9646605539122639   2.1292643664595981   0.00902253345758957   
7.9893571757848605   0.5743696570724653   0.0062880732811727431   
8.0140537976574571   0   0   
8.0387504195300519   0   0   
8.0634470414026485   0   0   
8.088143663275245   0   0   
8.1128402851478416   0   0   
8.1375369070204364   0   0   
8.162233528893033   0   0   
8.1869301507656296   0   0   
8.2116267726382262   0   0   
8.236323394510821   0   0   
8.2610200163834175   0   0   
8.2857166382560141   0   0   
8.3104132601286107   0   0   
8.3351098820012073   0   0   
8.3598065038738021   0   0   
8.3845031257463987   0   0   
8.4091997476189952   0   0   
8.4338963694915918   0   0   
8.4585929913641866   0   0   
8.4832896132367832   0.10999630320602955   0.0010934937105531071   
8.5079862351093798   1.8004025759811376   0.0010856435988836194   
8.5326828569819764   2.6211126786965935   0.0053903994567877279   
8.5573794788545712   2.2327919459622375   0.0069779133620126608   
8.5820761007271678   0.99968791611932863   0.0047823685666796634   
8.6067727225997643   1.0261568712015268   0.004236699271861649   
8.6314693444723609   3.8130991137502118   0.0059977655244975869   
8.6561659663449575   5.9382704571717908   0.011016952442750821   
8.6808625882175523   3.3101578312559658   0.01455341431133171   
8.7055592100901489   1.6608046905963459   0.010128063492620086   
8.7302558319627455   0.10497172077338932   0.0043004424374179654   
8.754952453835342   0   0   
8.7796490757079368   0   0   
8.8043456975805334   0   0   
8.82904231945313   0.085549405817183936   0.0011683104494517842   
8.8537389413257266   3.1641682574686586   0.0022956431775807257   
8.8784355631983214   4.5611849132355788   0.0016436651346011134   
8.903132185070918   5.0074951610188421   0.0047941002363511619   
8.9278288069435146   1.7903713194778923   0.012599406538430988   
8.9525254288161111   0.65605862551485246   0.0081263360377126399   
8.9772220506887077   0   0   
9.0019186725613025   0   0   
9.0266152944338991   0   0   
9.0513119163064957   0   0   
9.0760085381790923   0   0   
9.1007051600516871   0   0   
9.1254017819242836   0   0   
9.1500984037968802   0   0   
9.1747950256694768   0   0   
9.1994916475420716   0   0   
9.2241882694146682   0   0   
9.2488848912872648   0   0   
9.2735815131598613   0.077746743501143826   0.0011663680180655931   
9.2982781350324561   3.0058958421396736   0.0017995133627945073   
9.3229747569050527   4.3328171540979171   0.0034131928457232968   
9.3476713787776493   4.7324598189348602   0.005060528261680016   
9.3723680006502459   1.7743287642779407   0.0095011090624566996   
9.3970646225228425   0.61440401720231096   0.0063350484464719285   
9.4217612443954373   0   0   
9.4464578662680339   0   0   
9.4711544881406304   0   0   
9.495851110013227   0   0   
9.5205477318858218   0   0   
9.5452443537584184   0   0   
9.569940975631015   0   0   
9.5946375975036116   0   0   
9.6193342193762064   0   0   
9.6440308412488029   0   0   
9.6687274631213995   0   0   
9.6934240849939961   0   0   
9.7181207068665927   0   0   
9.7428173287391875   0   0   
9.7675139506117841   0   0   
9.7922105724843806   0.00072327059284837825   9.2432483449415045e-06   
9.8169071943569772   0.85781335249227977   0.00072505075993786721   
9.841603816229572   1.7478900441316882   0.0010747470095206444   
9.8663004381021686   2.7104260876056452   0.0041027304968739081   
9.8909970599747652   0.98224951651287993   0.0065695733179141044   
9.9156936818473618   2.3480843413556228   0.0035930420104570275   
9.9403903037199566   5.149206837975554   0.005410850669562705   
9.9650869255925532   7.9682704885088788   0.011339935679880219   
9.9897835474651497   3.4577733722487539   0.016912175172916442   
10.014480169337746   2.0513844601883847   0.0042658231621404067   
10.039176791210343   0.036484603857790621   0.0014792899246748083   
10.063873413082938   0   0   
10.088570034955534   0   0   
10.113266656828131   0   0   
10.137963278700727   0   0   
10.162659900573322   0   0   
10.187356522445919   1.6484780095434099e-06   6.1390209229601689e-08   
10.212053144318515   0.58423031018863253   0.003350295748791926   
10.236749766191112   3.3058957063842609   0.0046746375029728754   
10.261446388063707   4.7690393751270394   0.0037780582278356373   
10.286143009936303   2.9488637203254901   0.0053177723889267333   
10.3108396318089   1.4562970338134324   0.002159617815215788   
10.335536253681497   0.15606070113170458   0.0037904156523112811   
10.360232875554091   0   0   
10.384929497426688   0   0   
10.409626119299284   0   0   
10.434322741171881   0   0   
10.459019363044478   0   0   
10.483715984917072   0   0   
10.508412606789669   0   0   
10.533109228662266   0   0   
10.557805850534862   0   0   
10.582502472407457   0   0   
10.607199094280054   0   0   
10.63189571615265   0   0   
10.656592338025247   0   0   
10.681288959897842   0.014803100923538876   0.00032092481864355138   
10.705985581770438   2.0892308743571589   0.0016011291903870277   
10.730682203643035   3.4179513106527295   0.0015243552943440008   
10.755378825515631   4.636010400512787   0.0052362241520716661   
10.780075447388228   1.581425896374719   0.013697636608350691   
10.804772069260823   0.88792148828164862   0.0073860171090628096   
10.829468691133419   5.346640953289154e-06   2.8215313727730499e-07   
10.854165313006016   0   0   
10.878861934878612   0   0   
10.903558556751207   0   0   
10.928255178623804   0   0   
10.9529518004964   0   0   
10.977648422368997   0   0   
11.002345044241592   0   0   
11.027041666114188   0   0   
11.051738287986785   0.015979694517094154   0.00020907977719805067   
11.076434909859382   2.0010529070201933   0.0026384662009183108   
11.101131531731978   3.2997148474297514   0.0013496015877694098   
11.125828153604573   4.5464920549565372   0.0059785468345620212   
11.150524775477169   1.475266733399504   0.013377946609004448   
11.175221397349766   0.86802206334214386   0.0056338049163582625   
11.199918019222363   5.3247879353957927e-05   7.4472446231356023e-06   
11.224614641094957   0.00020412408417432505   2.0089530048478131e-06   
11.249311262967554   0.93588002664290709   0.002956392518366978   
11.274007884840151   3.1155953577880001   0.0057008465061728404   
11.298704506712747   4.5064526246214932   0.004829210844998844   
11.323401128585342   2.2219686656706037   0.0077226152541377654   
11.348097750457939   2.2415740214300138   0.0040820029000507695   
11.372794372330535   1.7139717472727925   0.003351628891505288   
11.397490994203132   2.1162542494861938   0.002036523532693134   
11.422187616075728   0.73071139824405882   0.0060331132838915414   
11.446884237948323   0.38698377673673129   0.0036707522668930195   
11.47158085982092   7.3319909077736579e-07   9.1151699038504742e-08   
11.496277481693516   0   0   
11.520974103566113   0   0   
11.545670725438708   0   0   
11.570367347311304   8.7965742238175552e-08   1.2459417672225839e-08   
11.595063969183901   0.24100266937569136   0.0022281856857239207   
11.619760591056497   2.7834381421165984   0.0045246017760182227   
11.644457212929092   3.7587887973115277   0.002027752077930746   
11.669153834801689   3.214707871465749   0.0038791908522895676   
11.693850456674285   1.295261864451271   0.0060718322429753155   
11.718547078546882   0.35330532794669577   0.0059303951047658497   
11.743243700419477   0   0   
11.767940322292073   0   0   
11.79263694416467   0   0   
11.817333566037266   0   0   
11.842030187909863   0   0   
11.866726809782458   0   0   
11.891423431655054   0   0   
11.916120053527651   0   0   
11.940816675400248   0   0   
11.965513297272842   0   0   
11.990209919145439   0   0   
12.014906541018036   0   0   
12.039603162890632   0   0   
12.064299784763227   0   0   
12.088996406635824   0.00064274341878879915   8.8604732857791533e-06   
12.11369302850842   0.95293617332848309   0.0018280162338952356   
12.138389650381017   2.9415064233683038   0.0047303985283997408   
12.163086272253613   4.1811773461734687   0.0063371936720579278   
12.187782894126208   1.8764142184421506   0.015943746679662781   
12.212479515998805   1.1727073028491353   0.0080149105337648193   
12.237176137871401   0.032901018003756231   0.0012198003257560604   
12.261872759743998   0.010440667384229316   0.00011849096624812498   
12.286569381616593   0.91285173096868916   0.0011473427875558654   
12.311266003489189   1.4350525614901625   0.0014126014199759759   
12.335962625361786   1.0350871035241657   0.0024698248613590823   
