0.22106592154331658   323.14313210418549  0.003065266010929646     
0.44213184308663317   2.1357549183347517e-06  3.7735118859316389e-08     
0.66319776462994973   34.942915782794569  0.0031046880257978975     
0.88426368617326634   3.7893236389378298e-06  1.2026444249796992e-07     
1.1053296077165828   11.897275706655975  0.0030588963046790438     
1.3263955292598995   6.1481929534659703e-06  2.2183463945914387e-07     
1.5474614508032161   5.5603287455118171  0.0030123910261107834     
1.7685273723465327   9.4558204174984631e-06  3.7322071500080283e-07     
1.9895932938898493   2.9675411571337207  0.002917827765781061     
2.2106592154331657   1.3697160513474058e-05  5.7062897824545925e-07     
2.4317251369764823   1.6735936316696712  0.0027933369946137751     
2.6527910585197989   1.9614511768046198e-05  6.8269082023763098e-07     
2.8738569800631155   0.9517274082370748  0.0026832842306640613     
3.0949229016064321   2.789956019518828e-05  9.593694540770663e-07     
3.3159888231497487   0.52647880367231568  0.0024730862590796737     
3.5370547446930654   3.9887654593649058e-05  1.2666972282090905e-06     
3.758120666236382   0.27720311959817299  0.002276536381493315     
3.9791865877796986   5.5357372373227867e-05  1.6139220269093829e-06     
4.2002525093230147   0.14787821263598288  0.0020496449753233579     
4.4213184308663314   8.6515148948182731e-05  3.0928680016471998e-06     
4.642384352409648   0.11585342614854707  0.0016782918698952911     
4.8634502739529646   0.0001020694928522308  2.4638807950328611e-06     
5.0845161954962812   0.17793536773517404  0.0013805968285313907     
5.3055821170395978   0.00013208101782272625  3.2066935384484005e-06     
5.5266480385829144   0.3538187448980408  0.0012008883301273728     
5.747713960126231   0.00014802724977838173  3.6767219259387654e-06     
5.9687798816695476   0.69347410572910516  0.0014148661275037739     
6.1898458032128643   0.00015110619381251374  3.9545188731238313e-06     
6.4109117247561809   1.3075653589835885  0.0022774077375170339     
6.6319776462994975   0.00015717045332220932  5.236511273109514e-06     
6.8530435678428141   2.4533618072727666  0.003943979390559013     
7.0741094893861307   0.00017706358781329433  6.2179894379735634e-06     
7.2951754109294473   4.8155084163472525  0.0069853641557279379     
7.5162413324727639   0.00021500158915037741  7.1830812307173287e-06     
7.7373072540160805   10.72565481899405  0.012967645546999936     
7.9583731755593972   0.00032966134106392219  1.0539588597263097e-05     
8.1794390971027138   32.654971511898673  0.030507389043240533     
8.4005050186460295   0.0015095164602330588  4.8318040167811828e-05     
8.621570940189347   310.79381958359064  0.22648750736155061     
8.8426368617326627   782.45721321041224  0.41912868046741989     
9.0637027832759802   320.94656671569384  0.12167031736669405     
9.2847687048192959   0.0014867452526315366  5.5204324284744616e-05     
9.5058346263626134   35.941685285673746  0.007464921982676327     
9.7269005479059292   0.00061405535885275758  1.8212577877744593e-05     
9.9479664694492467   12.658378714438684  0.0092427580350150204     
10.169032390992562   0.00048051978449355888  1.4624854177938788e-05     
10.39009831253588   6.1374438398514361  0.0088574701235202325     
10.611164234079196   0.00044458337481136488  1.4584471075988311e-05     
10.832230155622513   3.4132936143745147  0.007780409395403108     
11.053296077165829   0.00044021514171833004  1.5398722763886812e-05     
11.274361998709146   2.0214793271967564  0.0066898949487499994     
11.495427920252462   0.00045809824594612419  1.4683249810343352e-05     
11.71649384179578   1.2203954229837642  0.0060636126826474843     
11.937559763339095   0.000481414824452291  1.6067504634400929e-05     
12.158625684882413   0.72674404662565308  0.0050370100626093848     
12.379691606425729   0.00052730904741665551  1.6129996116431188e-05     
12.600757527969046   0.41480328542824802  0.0041529950014781693     
12.821823449512362   0.00065208774454831527  1.9091354048631991e-05     
13.042889371055679   0.22336923847786947  0.0033427380982045075     
13.263955292598995   0.0011671311978529739  5.6022453195561253e-05     
13.485021214142312   0.13483460131507839  0.0024850752056425431     
13.706087135685628   0.0011926182550428446  2.2952156795847416e-05     
13.927153057228946   0.12865598260999847  0.0014661692477170023     
14.148218978772261   0.0015685386178562769  2.8141768673326329e-05     
14.369284900315577   0.22746829909490381  0.0014284534623288285     
14.590350821858895   0.001692673056073313  3.0350587730797638e-05     
14.81141674340221   0.4724057473533505  0.0030038254384240685     
15.032482664945528   0.0015455439439384833  2.9235996396966878e-05     
15.253548586488844   0.96079479428291664  0.005725860390776475     
15.474614508032161   0.001405456460689551  3.2099473310440996e-05     
15.695680429575477   1.9231914759481958  0.0099177372253632372     
15.916746351118794   0.0013932298739145061  3.6774416376951005e-05     
16.13781227266211   3.979282380408258  0.017573277750746804     
16.358878194205428   0.0015043001378097654  3.9070201324078172e-05     
16.579944115748745   9.2685583560762538  0.033670536106985909     
16.801010037292059   0.0021307470896666289  6.4334051789411745e-05     
17.022075958835376   29.334326356079868  0.083844132956539088     
17.243141880378694   0.014386058961234691  0.00068169312968133829     
17.464207801922011   285.48781309871599  0.73650556453676808     
17.685273723465325   732.3735858679007  1.5548076703192979     
17.906339645008643   304.80998544113937  0.56004203495800671     
18.12740556655196   0.011942068888584754  0.00052395102828755946     
18.348471488095278   35.550503021302235  0.022488452333781981     
18.569537409638592   0.0034277662163090962  9.1764859201849749e-05     
18.790603331181909   12.93236025982717  0.004041195859230561     
19.011669252725227   0.0025688171310631772  6.1530098873665684e-05     
19.232735174268544   6.4901041823244121  0.0093588617713260988     
19.453801095811858   0.0023391799239144807  5.7090901715274996e-05     
19.674867017355176   3.746222975333465  0.0098911103293075694     
19.895932938898493   0.0023248270567457745  5.7295363037850909e-05     
20.116998860441811   2.3160331835626315  0.0091046930427641215     
20.338064781985125   0.0024409007235414504  5.8571929432472834e-05     
20.559130703528442   1.471658188848438  0.0089179081507254054     
20.78019662507176   0.0025067883351936039  6.3078067811287453e-05     
21.001262546615077   0.93279848842590504  0.0076300921321101674     
21.222328468158391   0.0024275788031517944  5.701598125327021e-05     
21.443394389701709   0.57433010076375784  0.0062387328517631325     
21.664460311245026   0.0026584302869847457  6.6927099813978638e-05     
21.88552623278834   0.3295286724512179  0.0050581376602561798     
22.106592154331658   0.0051361904793165633  0.00027750061370102455     
22.327658075874975   0.20448609394934442  0.0048050127041502875     
22.548723997418293   0.0047818656532103276  7.7638101483619545e-05     
22.769789918961607   0.13384129173839828  0.0026984306757946513     
22.990855840504924   0.0065277391880475338  9.3293509495197692e-05     
23.211921762048242   0.15949972289382253  0.0013899359166219203     
23.432987683591559   0.0071421136710982531  0.00010126808481225861     
23.654053605134873   0.30947575034392085  0.0032973741255355859     
23.875119526678191   0.0063888178904388547  9.7126001968104443e-05     
24.096185448221508   0.66632628354063148  0.007549659877253354     
24.317251369764826   0.005615599493795583  9.449871931931949e-05     
24.53831729130814   1.4283367472379018  0.014111209942418079     
24.759383212851457   0.0053826687953184242  0.00011013518034550478     
24.980449134394775   3.1340529092318803  0.026569988461930106     
25.201515055938092   0.0056332477005343696  0.0001170193934560258     
25.422580977481406   7.6758585882498036  0.054234313693924048     
25.643646899024723   0.007696258968748562  0.0002088399151289004     
25.864712820568041   25.340191394282454  0.14402039814932248     
26.085778742111358   0.059272133963365934  0.003169672576346954     
26.306844663654672   250.64269064339187  1.3749224629312315     
26.52791058519799   656.71928804499449  3.0900732016210043     
26.748976506741307   277.30225402339746  1.1911764279241987     
26.970042428284625   0.045015022643023068  0.0018723779867693583     
27.191108349827939   33.845568490169265  0.076482548663091284     
27.412174271371256   0.011116632639463529  0.00026061692507037265     
27.633240192914574   12.705430439161628  0.013135826849297892     
27.854306114457891   0.0082384439064049328  0.00015929797729373005     
28.075372036001205   6.5909590656122215  0.0041400804585643126     
28.296437957544523   0.0075924955095454997  0.00014156916920365307     
28.51750387908784   3.9376323184937884  0.0083452847812737466     
28.738569800631154   0.0077508613691106652  0.00014055534073178181     
28.959635722174472   2.5304318305104986  0.0091494697662050345     
29.180701643717789   0.0083866673870447401  0.00015507653480140864     
29.401767565261107   1.6815865002622899  0.010316297243630232     
29.622833486804421   0.0087179942469931969  0.00016898101607565807     
29.843899408347738   1.123784401285299  0.0094827583892975759     
30.064965329891056   0.0079597051910476259  0.00014613394650375068     
30.286031251434373   0.73793504162879903  0.0078034944847410165     
30.507097172977687   0.0078080015677196558  0.00016001557412985621     
30.728163094521005   0.45162345843980237  0.0066354890519268122     
30.949229016064322   0.014551247164990606  0.00075046165620780968     
31.17029493760764   0.31595102778685334  0.0081286219236922525     
31.391360859150954   0.013018725309373302  0.00018737621835239472     
31.612426780694271   0.19001086440242182  0.0052069383941657226     
31.833492702237589   0.018089979324278535  0.00021905252657987421     
32.054558623780906   0.15335337609634156  0.0027372233041646871     
32.27562454532422   0.019988780966650584  0.00023464962402913896     
32.496690466867541   0.21642780593797593  0.0023325442097611808     
32.717756388410855   0.017823479803520553  0.00023274207144277198     
32.938822309954169   0.44749459828643057  0.007179011276245554     
33.15988823149749   0.01554582124663348  0.00020952930915997274     
33.380954153040804   1.0105733650394948  0.015497262023611864     
33.602020074584118   0.014829581951177812  0.00025110449019774028     
33.823085996127439   2.3546874819058137  0.03191507649424566     
34.044151917670753   0.015500396834121843  0.00028040504255227074     
34.265217839214074   6.0960761423747718  0.070072583367616218     
34.486283760757388   0.020725419477946399  0.00049841108976217906     
34.707349682300702   21.067060666142787  0.1978853374326094     
34.928415603844023   0.15858939594976905  0.0086519783184201187     
35.149481525387337   210.66373033789893  1.9646175780061746     
35.370547446930651   565.15377624017722  4.6313775936786504     
35.591613368473972   242.24107432025299  1.8553405292865064     
35.812679290017286   0.11242202306125695  0.0042669506232786222     
36.0337452115606   31.061654048388469  0.14458699011827272     
36.254811133103921   0.026966978537841873  0.00054080443538851195     
36.475877054647235   12.027393562565009  0.037790568860337621     
36.696942976190556   0.019998887684427699  0.00031914968278235047     
36.91800889773387   6.4457242444657235  0.0081680004060698736     
37.139074819277184   0.018679705461705412  0.000276456584556215     
37.360140740820505   3.9787679805218375  0.0040131156859251418     
37.581206662363819   0.019517659974030019  0.00028142295290586574     
37.802272583907133   2.6504375005499718  0.0067523172330089134     
38.023338505450454   0.02161196272676731  0.00032670226269408664     
38.244404426993768   1.8340384881227316  0.0098143600953021044     
38.465470348537089   0.022732718685725187  0.00035949723432429182     
38.686536270080403   1.2833497917139522  0.010104324277617839     
38.907602191623717   0.020165150797180874  0.00030505227837768294     
39.128668113167038   0.88955982038789004  0.008360729811128994     
39.349734034710352   0.018324994195000691  0.00029868816160757069     
39.570799956253666   0.57585015811028282  0.007763190948287634     
39.791865877796987   0.031370383712709178  0.0013920478644348682     
40.012931799340301   0.45375123362248694  0.011459279048303281     
40.233997720883622   0.028248111695384074  0.0003679281411518451     
40.455063642426936   0.28686657476532606  0.0082311262935877589     
40.67612956397025   0.039538791545658307  0.00042139982093047018     
40.897195485513571   0.20387165270784429  0.0055777679272335556     
41.118261407056885   0.043888503892943094  0.00043213325693524725     
41.339327328600199   0.19457446093286607  0.0026733256273847193     
41.56039325014352   0.039186623058184169  0.00044953002742181401     
41.781459171686834   0.31500544406489331  0.0049634685835031495     
42.002525093230155   0.034215044392838777  0.00038621897343556641     
42.223591014773469   0.69644192713261992  0.01389358864112193     
42.444656936316782   0.032819313158603898  0.00047992500643425742     
42.665722857860104   1.6978142230567749  0.032623778131696233     
42.886788779403417   0.034682699096931943  0.00058074514969292529     
43.107854700946731   4.6540753953643966  0.078167702410650872     
43.328920622490052   0.045911119229676273  0.00101198929817692     
43.549986544033366   16.881497602090634  0.23525589501569975     
43.77105246557668   0.32528004994161198  0.01713541031989952     
43.992118387120001   169.93937095290694  2.3661154212103624     
44.213184308663315   467.85468412675839  5.8381937005972654     
