0.23200314144828521   193.01707717794562  0.031663017985036322     
0.46400628289657042   3.8825243640373404  0.010120338621247914     
0.69600942434485558   19.80665041901152  0.028017405611172437     
0.92801256579314084   4.496598635438427  0.019378378245980069     
1.1600157072414261   4.948227392219485  0.023164056555063656     
1.3920188486897112   4.4651326674569916  0.011650805227599848     
1.6240219901379964   0.96829803766006343  0.0024475165036055751     
1.8560251315862817   3.5642911154317191  0.0097885605009479101     
2.088028273034567   0.074916270678187132  0.00096905494468903262     
2.3200314144828522   2.5623976330891558  0.0047119682643808042     
2.5520345559311375   0.091646713496882116  0.00075091941648507809     
2.7840376973794223   1.6999697313030149  0.0066845450964114488     
3.0160408388277076   0.39626248166335559  0.0013568637916256474     
3.2480439802759928   0.97145143239017504  0.0045612713968509154     
3.4800471217242781   0.77845987054378128  0.0035491573864383205     
3.7120502631725634   0.43605346458658653  0.0045653608901590093     
3.9440534046208486   1.0757999459739459  0.012300683969796817     
4.1760565460691339   0.17579060552584863  0.0042475192625344145     
4.4080596875174187   1.2367338194725629  0.022541097568965622     
4.6400628289657044   0.10390310225425928  0.0043606655176666326     
4.8720659704139893   1.140055965118341  0.013245012069611293     
5.104069111862275   0.1940609390992648  0.0024604667897425749     
5.3360722533105598   0.91208298829797325  0.0061410344548007559     
5.5680753947588446   0.50742448090452217  0.0033146900793122507     
5.8000785362071303   0.5931979986284961  0.0075648593405333504     
6.0320816776554151   0.97066402878390113  0.012958370078460016     
6.2640848191037009   0.25135019325184776  0.0034510728482940281     
6.4960879605519857   1.5505489205448443  0.023806372492469543     
6.7280911020002714   0.048339702309392971  0.0012442818883394245     
6.9600942434485562   2.2255029310208161  0.046782284958221037     
7.1920973848968419   0.17375243372629465  0.0037820726774357615     
7.4241005263451267   3.1253547610009983  0.064909561130311356     
7.6561036677934116   1.3912697500733333  0.041087683815501233     
7.8881068092416973   4.2574370417613345  0.075871837180693812     
8.120109950689983   7.9472949753428214  0.19006840037119845     
8.3521130921382678   7.1451358153181952  0.19674965940405123     
8.5841162335865526   103.38101216803995  2.9056795170752779     
8.8161193750348374   159.52943940181325  4.8776851773700257     
9.048122516483124   57.363983672358658  1.9574229500538354     
9.2801256579314089   0.60756801403708276  0.014262018731539428     
9.5121287993796937   7.3530655163567424  0.23352499746372751     
9.7441319408279785   0.68631687445727177  0.027047528822084317     
9.9761350822762633   2.1721298656456453  0.068794541150231246     
10.20813822372455   0.86111083364360144  0.032130527230437455     
10.440141365172835   0.66630053575728805  0.020494827900463507     
10.67214450662112   0.87398779176257598  0.033916410413512455     
10.904147648069404   0.1426366559182535  0.0038511001884880944     
11.136150789517689   0.72812445762202799  0.028038233018130467     
11.368153930965976   0.053163754989066397  0.00096897499600627226     
11.600157072414261   0.55070503599560653  0.022682557207521709     
11.832160213862545   0.12015235182998066  0.0010985707260694316     
12.06416335531083   0.40928214827141033  0.015446304299211347     
12.296166496759117   0.21781210481637479  0.0057541313809829809     
12.528169638207402   0.28996478939384935  0.0096127745028877257     
12.760172779655687   0.32205156911048902  0.011888990135949662     
12.992175921103971   0.2139563292522842  0.0038751386390330694     
13.224179062552256   0.40821238833865695  0.013451833060273922     
13.456182204000543   0.20559466327728161  0.0024259027349359812     
13.688185345448828   0.3949627208255783  0.010019055473484962     
13.920188486897112   0.17092675928306483  0.001053398590886653     
14.152191628345397   0.36829086227384917  0.01007285543781613     
14.384194769793684   0.19623189383558192  0.0025719563644650043     
14.616197911241969   0.30877438600232244  0.0099601847292784876     
14.848201052690253   0.22363700743981808  0.0072025624428238338     
15.080204194138538   0.20190710702486481  0.0051810071273887638     
15.312207335586823   0.32347497027869488  0.015016176172135331     
15.54421047703511   0.10344065062191272  0.0022988222663589658     
15.776213618483395   0.501772524247503  0.024889242764370317     
16.008216759931681   0.10718582594007304  0.0021446413917755316     
16.240219901379966   0.7941971268674798  0.040000603174148743     
16.472223042828251   0.34660416094979367  0.0065560053817748633     
16.704226184276536   1.3839734757088231  0.068861220219250877     
16.93622932572482   1.7136389501665588  0.071177203437960701     
17.168232467173105   3.4478792334587651  0.22293533103597601     
17.40023560862139   19.743161447045028  1.5559222120791771     
17.632238750069675   23.67764421180794  1.919596152232397     
17.86424189151796   8.8217472319355386  0.4380716986967155     
18.096245032966248   4.193195083940527  0.22488176842017788     
18.328248174414533   2.964044468238516  0.05531778935984983     
18.560251315862818   0.56427868478736005  0.0099038282990864542     
18.792254457311103   0.92948563763739102  0.011698919229472642     
19.024257598759387   0.26783912748725813  0.0023550625422980716     
19.256260740207672   0.3691447537449619  0.0057631583812277829     
19.488263881655957   0.23727388413237575  0.0038155403459265805     
19.720267023104242   0.16542931311048831  0.0017739897260773588     
19.952270164552527   0.25475991095183129  0.0053954092613340677     
20.184273306000815   0.1279054622413575  0.0011226485319297358     
20.4162764474491   0.29429483566621902  0.004779297856847793     
20.648279588897385   0.22447161838303543  0.0019529554486642135     
20.88028273034567   0.34414912733229768  0.0048381021578742056     
21.112285871793954   0.34706193389149553  0.0027453897509879116     
21.344289013242239   0.39783423493929558  0.0037546841075369191     
21.576292154690524   0.41590505344634122  0.0035392454144239081     
21.808295296138809   0.42919476808287066  0.0036210450026290701     
22.040298437587094   0.46688660240045617  0.0040025470528001333     
22.272301579035378   0.45314773837030744  0.003597332125508337     
22.504304720483667   0.46922173853458982  0.0037607949124665636     
22.736307861931952   0.43322106527202268  0.0049889099299346665     
22.968311003380236   0.45775928487154964  0.0042163245101992517     
23.200314144828521   0.3886451385230521  0.0028717036839075094     
23.432317286276806   0.41241330257636473  0.0025772063459560709     
23.664320427725091   0.27448042436663521  0.001529416697728152     
23.896323569173376   0.30678195620278776  0.0019650842760420829     
24.128326710621661   0.24610478310925507  0.0019230862198016504     
24.360329852069945   0.20866227418877858  0.0007888284674769099     
24.592332993518234   0.35149995079956987  0.0057191169465201015     
24.824336134966519   0.22283925462200166  0.0029853411911143441     
25.056339276414803   0.58861176989995373  0.012813489390640449     
25.288342417863088   0.49789864197617346  0.009482533152088694     
25.520345559311373   1.0756251516706383  0.021929029330481974     
25.752348700759658   1.5021521386087496  0.027561450027452077     
25.984351842207943   2.3385129339069403  0.083417525411325901     
26.216354983656228   5.9447463290400269  0.28986480591626167     
26.448358125104512   6.0590787703467907  0.25636984965771238     
26.680361266552801   4.8033338602867985  0.091675358272555229     
26.912364408001086   4.9655446860084707  0.17198868660722717     
27.14436754944937   2.5246890050623308  0.065942352758952189     
27.376370690897655   1.363525059605899  0.03588724844402527     
27.60837383234594   1.1893892682051965  0.023287698714924866     
27.840376973794225   0.48580071637050706  0.0092616457188983937     
28.07238011524251   0.58296675986128967  0.010565300716172455     
28.304383256690794   0.29625701818044293  0.0037420815427739974     
28.536386398139079   0.3237046759179657  0.0022445253520309061     
28.768389539587368   0.31588038843866898  0.0016336810586335762     
29.000392681035652   0.26544624183023746  0.0016685083688842365     
29.232395822483937   0.43112650351319343  0.0040208122803043141     
29.464398963932222   0.39922953103892347  0.0044653962966986507     
29.696402105380507   0.56272434893033271  0.0060360888332300386     
29.928405246828792   0.6318455326392326  0.005931788299269054     
30.160408388277077   0.68147203518339766  0.0050020989432204959     
30.392411529725361   0.75978744089775097  0.003536954997843825     
30.624414671173646   0.77313665001813018  0.0034390299517625228     
30.856417812621935   0.7938605288462935  0.0052961590966606265     
31.088420954070219   0.79462788599738952  0.0057143622674872457     
31.320424095518504   0.76587141699352793  0.0044484419044796593     
31.552427236966789   0.77057702531982344  0.0061519219602521454     
31.784430378415074   0.72869194930798638  0.0065135377026498333     
32.016433519863362   0.68771199635429556  0.0052105273023921001     
32.248436661311644   0.63571508313173185  0.0034631946174558996     
32.480439802759932   0.48480963052031804  0.0038964495693662798     
32.712442944208213   0.51037403293475629  0.0028015089054759424     
32.944446085656502   0.35910214673534421  0.0015193938529196318     
33.176449227104783   0.38425263413058949  0.0017251802561915472     
33.408452368553071   0.44756346568427093  0.0046203282293841212     
33.640455510001352   0.40701821922671675  0.003419959447035192     
33.872458651449641   0.7169431348148946  0.011534393359023857     
34.104461792897929   0.70564213049051706  0.013377936569990333     
34.33646493434621   1.1309915948262059  0.019507547531574344     
34.568468075794499   1.4513421696008016  0.034161606978786666     
34.80047121724278   1.7984161411250281  0.048258393710647948     
35.032474358691069   2.7728439849655866  0.079254285733345729     
35.26447750013935   2.6394365278742977  0.043649507993529181     
35.496480641587638   2.8599083871554925  0.047340229341454339     
35.728483783035919   2.8745546532103805  0.043351441504702342     
35.960486924484208   1.8868328924883276  0.036964054172755967     
36.192490065932496   1.7221883284687167  0.040520683169589749     
36.424493207380777   1.2363779113757019  0.024305355739190276     
36.656496348829066   0.85713860385338927  0.020351453718860668     
36.888499490277347   0.81045802912576911  0.013651614424592385     
37.120502631725635   0.47997374296096492  0.0052869239674813683     
37.352505773173917   0.54589512694631105  0.0046705592016490422     
37.584508914622205   0.44350967274248239  0.0016152826790281192     
37.816512056070486   0.45845620676150383  0.0024401124598174712     
38.048515197518775   0.59780057686119888  0.0035249263809303878     
38.280518338967063   0.58494721450619634  0.0052970232477678778     
38.512521480415344   0.78410843477055081  0.0057688623177951987     
38.744524621863633   0.85336502895253377  0.0071495659090434396     
38.976527763311914   0.92372876312679587  0.0066497935068727175     
39.208530904760202   1.0343626544179929  0.0053567380482448697     
39.440534046208484   1.0185923004263575  0.0072183898605821173     
39.672537187656772   1.0547020847549443  0.0041103579821404241     
39.904540329105053   1.0374287917994567  0.0049500144088451311     
40.136543470553342   1.010783953393609  0.0040297909410002117     
40.36854661200163   1.0146596496521271  0.0055554026542378223     
40.600549753449911   0.93920448695642623  0.006912426221896461     
40.8325528948982   0.9281391045419717  0.0070082602780210572     
41.064556036346481   0.82100633880220468  0.0056674705695371482     
41.296559177794769   0.72605231461581701  0.0062896997704501461     
41.528562319243051   0.71208375882965305  0.003651194106630955     
41.760565460691339   0.54328028923820816  0.0017400183048065906     
41.99256860213962   0.59583610116775124  0.0024148656095294747     
42.224571743587909   0.59146717867337218  0.0040724612213897443     
42.456574885036197   0.60891657666796081  0.0043656480386958172     
42.688578026484478   0.83178340693884915  0.010886461454318544     
42.920581167932767   0.85103178103238303  0.012369043378266292     
43.152584309381048   1.1033680161165002  0.015595633161099479     
43.384587450829336   1.2572327881508421  0.022658170538433615     
43.616590592277618   1.3657419375423514  0.021480027883869574     
43.848593733725906   1.6001864317146606  0.019294378475067237     
44.080596875174187   1.527459701812809  0.0092434207839259193     
44.312600016622476   1.6552650982230638  0.010473228819937756     
44.544603158070757   1.6017895594610154  0.0089698412623738691     
44.776606299519045   1.4429607893429732  0.016591232121065692     
45.008609440967334   1.436981088809769  0.01726624363520852     
45.240612582415615   1.1594760934583006  0.01785509341750176     
45.472615723863903   1.0814157469486579  0.018135975673921536     
45.704618865312185   0.9183694865876058  0.010432777096304414     
45.936622006760473   0.72602482993672338  0.0092525232559725721     
46.168625148208754   0.754542352338978  0.0063396248469192319     
46.400628289657043   0.6169372869442582  0.0016890034237394085     
