0.00621278736650958   0.0105134434838924   154.926714881595   0.307454764217698
0.0571421593717105   0.00997446879483109   160.233427134669   0.307645604030421
0.108805531525894   0.00931506981345382   29.363302062826   0.303589758314868
0.158715016673632   0.00971839210075279   122.314463590719   0.341620581987237
0.206699456993662   0.0116746254047754   115.874361028087   0.321342285612735
0.257571188751623   0.011003489336528   158.675079690942   0.299034708038172
0.305773784649878   0.0108075704351436   71.6688960626294   0.296146691007924
0.35649205709689   0.011185159673542   2.84446801495807   0.302698436167326
0.406795134073761   0.00975866965671638   74.3712493083915   0.307574337006428
0.45560868435716   0.00578772718892296   24.4738450479237   0.290259476761544
-0.495764987407433   0.0056190300105611   102.575840073327   0.315045036477669
-0.445623773891443   0.0065696913720307   173.861814964199   0.325230211222809
-0.395714735829061   0.00679089721217019   99.0606699824673   0.310799828614186
-0.347624030407505   0.00689092886781098   96.6762933373304   0.306397141616844
-0.296926873145539   0.0078847171768753   168.311551187715   0.30325897041454
-0.247673190286056   0.0034615150299238   140.855182614865   0.321008446847693
-0.197116848268935   0.00358026935938802   41.8234700243675   0.302985133362073
-0.145948415318746   0.00696701214945536   16.1055433540795   0.314154129422198
-0.0953584804571818   0.00982358058482322   60.1717972995699   0.292523447808923
-0.043368920243343   0.0107379655918531   38.5060550421093   0.303049966711258
0.0307265328688787   0.0587044800717673   156.744333018148   0.313531886121826
0.0821106349277668   0.0582392346475666   117.575443028416   0.313637571727538
0.131520407176268   0.060885174490226   164.900053449211   0.305034140835451
0.182192670567636   0.0608227063935566   18.593689511735   0.328491936798124
0.23276149402185   0.0614302630362603   58.7097866646199   0.318269495410137
0.281759891435126   0.061415851698102   37.9595347976253   0.315425822861693
0.333088323060477   0.0607762891981754   3.71883652120885   0.300792211588379
0.383792569111165   0.0587768382944908   176.591953404697   0.308075670788002
0.433656635393967   0.0593278709072792   117.789120131992   0.321551041556367
0.481098694043709   0.057916004720223   93.0450270809698   0.310959846072687
-0.471190810538651   0.0567283977997097   93.6956525538805   0.302675701742326
-0.422429096956147   0.0587879758086725   88.3100096088603   0.301440253699503
-0.372414875556483   0.0575309653814507   21.8393488558831   0.319967093715628
-0.321030256229278   0.0578398376104396   38.8786120603234   0.298017411230412
-0.270934314481371   0.0568758514614829   57.2909926194773   0.307877180358141
-0.223376513978273   0.0527942113235506   73.6234643923763   0.288552657348185
-0.174116747014369   0.0531268740651215   38.6169094298118   0.301892485818855
-0.123316228597233   0.0588656349700276   2.99688937544854   0.307928175935972
-0.0714034330539764   0.0591156508142734   128.110303990101   0.319306065979311
-0.0201669750144978   0.061141302036319   0.486467713642252   0.311088851656466
0.0541417861429708   0.10854231895556   138.277073121876   0.298166833863216
0.103845196460258   0.109611098865552   135.753770010061   0.315620163920754
0.155834677543806   0.110774261845349   163.523832153576   0.320781160661711
0.206354510597163   0.111129387851821   155.539224173544   0.303616087120196
0.256449049775021   0.112822807179721   172.511808756519   0.30847980819381
0.307193365721552   0.111220749996401   128.456697032632   0.307795947440545
0.357705443866783   0.108859889624822   152.317312252651   0.317953001634792
0.406500427660153   0.110135389840247   85.2140154600452   0.31291076671821
0.456321385020335   0.109672709505899   151.02497295053   0.291297989127967
0.506132590700121   0.110128159302159   70.8057487809732   0.296362034199098
-0.445061460388278   0.107758676263094   26.6697722881202   0.316436513330142
-0.39493970631124   0.107254628649223   76.2410790029023   0.310397121978191
-0.344705053428751   0.105362172328987   6.42596078830963   0.32851333224921
-0.293807177469126   0.108189028520517   75.5699678968663   0.315048252975342
-0.244151682858045   0.10717937183359   138.423995673299   0.311778809420584
-0.195753138605587   0.103774231714116   66.1787311822797   0.301048147635576
-0.14786942662153   0.105216228311455   38.3127295150853   0.312709656408855
-0.0970755855603393   0.107912728094466   32.5201048012359   0.305546037491331
-0.0471320334487672   0.109099066580301   47.0039832948078   0.302465194574245
0.00396009820599994   0.10807781412161   171.806853178663   0.29791753509913
0.0783094882595485   0.158772125807096   38.2898510028218   0.308496192558636
0.128983958235346   0.159522443682337   94.3021993072356   0.30675449666275
0.177006772776221   0.161440996498182   145.585327761807   0.309950057152107
0.228408855829615   0.160203431261454   18.701701679324   0.30050583007371
0.280714156811238   0.160768126607988   29.6000126888176   0.308309208012973
0.331429298838328   0.159771466013231   26.9454108329072   0.303700986563785
0.382357749393146   0.15777037896285   31.9747743604067   0.309731774691205
0.43238151238848   0.160653655471893   167.040043958651   0.31357893482599
0.481767928550651   0.159875043791637   125.659505076646   0.301530902487093
0.532231952905723   0.159866449754231   141.181925848256   0.302443238644516
-0.4181912832556   0.158257795764393   167.368416561395   0.306103358833194
-0.367672967155693   0.156524350518007   81.8625487776957   0.292713387281949
-0.319515963388893   0.157097452284838   56.3300702228078   0.320588272513292
-0.268992799914356   0.158546003443412   168.692848729873   0.314145182147541
-0.21811900010531   0.156240199006917   79.2380518373067   0.298102086070303
-0.169014965240556   0.154557014409356   29.8328599477738   0.296451644574282
-0.119472891100458   0.157405625635909   109.170437225153   0.310234441898617
-0.0696618899103746   0.157764939245964   41.1306340706051   0.289477284732001
-0.019850093516828   0.160250260294686   77.6542333096943   0.289833530310022
0.0280070349451165   0.15915271502125   106.196430813816   0.308657650223465
0.101339514847702   0.209231217057728   115.493891695442   0.313516813092096
0.151854539952219   0.210990236973355   13.0628847755481   0.300722259845947
0.202046160736154   0.207693685172231   145.55118431146   0.309809372660071
0.25482376995762   0.208349504262753   4.7368286755197   0.296419514488873
0.308039842047639   0.210066357401129   4.14002485269426   0.311658751890344
0.359094364542231   0.208902579184889   97.4478876071583   0.31001757424444
0.40695058962997   0.209445590975786   65.2483480273296   0.310708767433631
0.455887275738389   0.210155858122454   165.679818099364   0.316588503560475
0.507125138866317   0.209900108450241   56.3139316511195   0.305741198157796
0.555182892591213   0.208728732260934   99.9416053110592   0.30430089746869
-0.394011365340064   0.206945357819225   130.341357050721   0.300610316028095
-0.344167300589407   0.206362948342988   167.264399217693   0.304012703960126
-0.293481353858532   0.207590184068446   154.071529201995   0.299062606668043
-0.242799419935014   0.206175549270269   100.13299504628   0.290357253367969
-0.193962325859347   0.20550740484665   132.528643659107   0.307119486549645
-0.144120671377198   0.207265197475762   16.2542122459259   0.292627157527911
-0.0951118783516785   0.208405425645433   102.997997174984   0.319805065332792
-0.0481244992715431   0.210546873111114   102.888475619032   0.305305790651844
0.00195681840302627   0.211149602530842   169.587531188278   0.300987209058705
0.0517666979658059   0.207471740720314   134.277085488261   0.314046046368464
0.126684637320589   0.2592897126949   13.1567731584623   0.292408353534129
0.177536166608707   0.259781436656706   170.713150164002   0.287722492020372
0.22766091041695   0.255586454009426   3.89994188959685   0.310504879951398
0.280623664193787   0.25721596880088   176.267209649368   0.334061858375383
0.331890978353321   0.259263189092624   153.333256900148   0.317327989239942
0.382421046319975   0.259911134798488   105.480628384847   0.291989324555243
0.43040956118475   0.260857455680045   145.791503645833   0.309099769241071
0.482187676477311   0.258854804888319   178.646129070291   0.312826934167684
0.530670161256168   0.261588269773162   110.934410682592   0.30872302504337
0.57905768742688   0.258296057038118   144.91244318895   0.327026034767874
-0.371632135063112   0.256568188727594   129.372375409707   0.31156663838839
-0.321427595799552   0.25767252304812   133.282672514172   0.288332827916055
-0.272157078936994   0.257822727740503   136.175171220414   0.280928747335771
-0.220559270818432   0.257587820529114   173.99433088046   0.299853915385826
-0.16938992480993   0.257395773777977   102.799128880118   0.298625057533431
-0.122486105959277   0.260130725759905   85.2890560281647   0.307174897284401
-0.0742343750219563   0.261559109520848   88.8010932074726   0.304193334926546
-0.0256366641883754   0.260137895665874   100.475893378009   0.31750428713725
0.0234625269537721   0.258262810548575   160.292717309212   0.304035741616168
0.0752180599035112   0.25696237839407   55.4794052747163   0.314975982103287
0.152642819854709   0.309702270854594   19.5222658551057   0.314828724631582
0.202347999101248   0.306883403792501   127.549621773447   0.318279283263983
0.252337133419408   0.305340005593818   172.325024604386   0.290190899639799
0.303980035721157   0.307482414954115   19.3985568573667   0.304624914757277
0.353131222020819   0.308154553208425   117.235823871698   0.304947615033885
0.402618390534311   0.310314445093915   154.694523756187   0.315773918634825
0.453915127631944   0.308669352068962   136.353391049485   0.294132988308795
0.503617989559833   0.31097972912288   5.00611858791274   0.301219131948213
0.554667775093451   0.310200493956561   170.964785795531   0.29361041161043
0.603544715765391   0.308966835234718   82.4998821115218   0.298504038661439
-0.348211346536104   0.307261357481157   94.7376552722483   0.31761211995862
-0.298769017123543   0.308283161298203   138.314660638442   0.307268495252742
-0.248720790798213   0.305934188067779   148.042579358232   0.304301234028765
-0.198767419195872   0.306265923056775   133.401649636731   0.303807878779547
-0.149329375539363   0.310824019900389   101.858303985255   0.306805036330966
-0.100045618211166   0.311683678794951   150.267580357552   0.312936485499533
-0.0498118014967846   0.312739566492791   132.440924284742   0.302860855405024
-0.000455859203154144   0.308513569085496   178.626861431953   0.311749527119475
0.0512276345354468   0.306011510039032   23.0411922261449   0.299607999061461
0.102091726852916   0.30616061399264   178.784152922599   0.300118969849881
0.176917000156833   0.360704970675865   149.339733347402   0.314264185639455
0.226405374820494   0.356363265557478   101.629878978354   0.318797135506052
0.274682398377235   0.354506823860567   90.6947213437758   0.301775607822386
0.324819419658307   0.358128165542357   175.103847706088   0.307540325212405
0.375631004059136   0.358358933243451   168.101022320502   0.299841823914787
0.4276303059242   0.358841467650981   6.25866855663589   0.321712336875426
0.480109091099033   0.360086608890864   33.5782071322288   0.309938900669497
0.529449472875429   0.361267919531319   163.626664742543   0.316753531081813
0.579634579202773   0.360494856986281   93.9807692066963   0.315730489436285
0.62817805352362   0.359051707742658   145.196961043931   0.308505061952575
0.676896580839608   0.359431333194746   104.362318838807   0.308817533014231
-0.27510052424986   0.357698412551438   128.697770285101   0.31027385319143
-0.22766092566924   0.356330367028485   83.4265017108512   0.302275387059802
-0.179366586382245   0.358489818506329   85.8968136848505   0.308317799873292
-0.129233244496732   0.361455644415737   152.136956023456   0.310619823827962
-0.0773735466862355   0.362333458558523   14.6226302624856   0.311389211094901
-0.0237109842433152   0.359172239659996   150.020329481627   0.293103279144829
0.0265934575396898   0.355054744635547   129.737350207985   0.315042332183914
0.0768947596072466   0.355613723512441   154.556253752449   0.317062721627263
0.127010641026904   0.356896402354983   50.8737666306214   0.30698784914572
0.199166228092376   0.408383844848414   127.195639023746   0.300834781869674
0.248439037043865   0.406829559398626   137.92837891317   0.295360165349838
0.299526665849387   0.40538352253806   43.0637782760264   0.30532737253506
0.349746363646721   0.406861992250382   4.29550393897283   0.323043630858426
0.40093268137833   0.406871840277672   148.335287954312   0.308845664074005
0.452418236939334   0.408542876834513   13.6952746522732   0.294363624586851
0.50142915601919   0.412518885727154   116.113656441723   0.313260504431698
0.552052098476913   0.411533586127748   163.270871597199   0.286813024816701
0.602025912018315   0.412079986717859   108.085739808184   0.31895007627982
0.650717494913085   0.410840939190437   77.7627826283972   0.29584366968706
0.698829480843503   0.410768956820667   134.540752515002   0.319999121556766
-0.250820451317453   0.409862527079531   121.982475610772   0.286650251598608
-0.202874586955571   0.409511273603979   60.928570621501   0.308273054911365
-0.153624130140206   0.411792252120757   33.29232579564   0.319727637097723
-0.102428632580045   0.408250830149979   174.407280470671   0.312881015195341
-0.049373149838449   0.408898676204272   5.8495257503675   0.311892089591406
0.00144247683149372   0.407901128612835   136.99891965721   0.331405145387738
0.0500446968544982   0.405481135278828   100.04964159323   0.317441740786904
0.0986206242399535   0.403953200904328   135.395310903597   0.301167025422805
0.14943356962556   0.410365960899983   5.38616623793393   0.318210136904655
0.224783783231265   0.457605560718994   4.89974160106354   0.308641057262754
0.276057608870374   0.456616861326664   83.7201654665415   0.30583108787416
0.323894665711215   0.456326918756243   139.035754181481   0.307842807443706
0.374989877650797   0.455525903460396   15.779046597638   0.29963266744998
0.425110093390361   0.456667680068701   102.930570008119   0.29199997584627
0.473662855966574   0.458868513349357   9.53979082016241   0.297629982290792
0.526197538416508   0.461453479551536   142.883282796063   0.298508008072543
0.574918657565938   0.462165460515021   150.492528559686   0.303107382968965
0.625751165241606   0.461749717958601   135.130864729515   0.314530995820234
0.676448961821812   0.463531386791884   76.4663753010252   0.296647333167123
0.722760114791166   0.459546276394413   87.0081673434187   0.311193525836919
-0.228374350738233   0.459901973472921   170.374368255346   0.300608179378769
-0.178322506146751   0.460295315044166   4.20886251857969   0.321447389167209
-0.128287376791754   0.4605491364544   146.109409538523   0.295883771537542
-0.0766970649294345   0.456658091284175   166.617981990804   0.321507871350605
-0.0263323112427333   0.458853297444541   136.399290269986   0.306148346322282
0.022438828923602   0.458155276730891   109.705371165257   0.31280414416056
0.0730938656302871   0.454490063162522   139.227229023224   0.304125622983793
0.122514710334221   0.455456857352282   96.7837851794346   0.318126876332076
0.172937101402312   0.459213601142665   178.800844478703   0.330976447787907
-0.244176026915714   -0.492570906807494   157.669404202647   0.33576983180177
-0.193620793887855   -0.493136957531873   151.124786745763   0.30986516137063
-0.143976939341726   -0.494592446090527   110.331766977121   0.304112662168144
-0.0956740503707188   -0.492835835533042   116.642464706792   0.307262236557112
-0.046374051868357   -0.490836916777922   119.859861691621   0.311029428454399
0.00309908641164663   -0.491577068814949   4.43299705546827   0.306280886643146
0.0545161609634085   -0.488266538530864   146.851454533099   0.323775049295547
0.105740842431176   -0.48860780092517   152.85538564917   0.292298512815672
0.156469166904043   -0.487260661027578   82.8331205928823   0.300774838384718
0.205664227922726   -0.486502797209403   136.318476124232   0.321958040616263
0.255036184370918   -0.487872386448932   113.627882323106   0.338588258852013
-0.696276833035175   -0.488594437351987   144.363375381671   0.299496000311917
-0.646324720705542   -0.491159615631516   171.704409359052   0.312771624512941
-0.595115017760496   -0.491996499208919   101.052672818267   0.312203232928096
-0.545743626609871   -0.491048050741199   56.0323886849264   0.298810268466503
-0.496361609277924   -0.491271388960679   140.748623559635   0.30272180059838
-0.445923632985565   -0.493198830489809   133.723467705991   0.321513263115475
-0.396454588547703   -0.495606458443032   62.6260747591247   0.301081857297537
-0.3456773614271   -0.493433468487613   162.83013709339   0.313603660532566
-0.294388168573476   -0.492246030475641   126.959750298995   0.312356360896381
-0.222026353113768   -0.44242832233711   125.622371395036   0.322908470941851
-0.171824687098271   -0.444334391731294   166.146441135957   0.293680239916921
-0.121134881315325   -0.442478479147713   11.6120280511629   0.307588116966
-0.0718065747445802   -0.43939389647211   80.8398350966091   0.324369611245964
-0.0225653395297135   -0.441340913737703   142.582216231198   0.328465211911967
0.0284550700647676   -0.439736385317917   51.1447271247793   0.318169737575498
0.0782395922339441   -0.439654874451425   155.172309677889   0.298976417647773
0.129860891346923   -0.439116122516724   63.2514840273987   0.298785486272886
0.178914392993606   -0.436695929428872   139.92096127449   0.297241231959349
0.22768392096045   -0.438142356792237   145.283496073423   0.305190811460023
0.279544818384314   -0.437593100055802   164.978903668043   0.294720776994857
-0.671037977616472   -0.441968975310973   109.332898008805   0.300025266360982
-0.622337995309409   -0.443074819277523   135.95380085168   0.29981434492291
-0.572016609133982   -0.441392724608394   112.845494174441   0.29601486258268
-0.522849987878644   -0.440075768619321   179.784444787321   0.301863930800549
-0.471629304541023   -0.441739541409559   179.369548777005   0.31007833867876
-0.42082305958437   -0.445396422754282   118.414645600837   0.307030621369051
-0.372846701227471   -0.441726835210718   104.141289234353   0.31836866888921
-0.323468744601568   -0.444524254674747   172.962965801897   0.301035343361911
-0.272439845347971   -0.441391425870787   160.487483928319   0.301920265919483
-0.195570038473416   -0.393817543555591   113.538536590873   0.300877825202902
-0.147743028216321   -0.394569901866985   60.5345122727488   0.313760594061137
-0.0990172099754117   -0.391929330124   5.24420361212293   0.309296525076752
-0.0477441266111137   -0.389334974204301   152.421383822994   0.307445334808558
0.00312329664708737   -0.392888539648094   87.2019709798768   0.296321673995999
0.0532158954957141   -0.387718683604675   160.326798622649   0.288460194383742
0.102038279780507   -0.391297993058394   111.80232467581   0.302966933392626
0.151915172730133   -0.38628837137596   35.7400969040894   0.299179498049392
0.202341453401499   -0.388019251735319   176.337582773392   0.291197775516853
0.252651482682775   -0.388501608427683   105.508279259042   0.297104742512651
0.30256311809044   -0.390376535864599   163.620131733797   0.321776175600969
-0.648098344499489   -0.390304071895565   112.179345789136   0.29565776118469
-0.599740662050298   -0.392269220448192   104.165066023158   0.302940390170279
-0.549507442575881   -0.391345900537159   147.801418000075   0.300152506109428
-0.497275528405511   -0.393112833007216   136.597668295822   0.305371342379104
-0.44580893642869   -0.393491685748235   145.696056545342   0.296388642527496
-0.397100410771529   -0.392605160057667   59.3687687872424   0.293868375060124
-0.34901089436868   -0.391562956653432   123.208656026456   0.312639287875872
-0.299244942167399   -0.394901774292082   17.7975077296708   0.296973480761808
-0.247372183460842   -0.392052779374451   179.79887732255   0.305325836711404
-0.172269446336257   -0.343572138697252   136.20515534343   0.30394943389536
-0.122365728569749   -0.341487431989036   64.8251888677824   0.300402876320859
-0.0736778994821893   -0.341113294801827   45.7135931325117   0.306314076576369
-0.0239440113524155   -0.341340640587145   94.9305783293019   0.300351125839548
0.0256072150775329   -0.341112561194915   17.538119793529   0.293546241055992
0.0757995664141693   -0.339390431892998   146.075197795868   0.300461920493037
0.127484445999635   -0.33980281016117   13.4364890434419   0.309755249578698
0.178831101387829   -0.337245441476979   125.457491142664   0.301032389226753
0.227662558457682   -0.337949886778476   57.6504237474524   0.306805326669682
0.276020687140073   -0.338433316371578   109.547446641656   0.309490411689611
0.326665673934517   -0.33944592863909   33.6680124605945   0.298798254165462
-0.624194892686806   -0.339679993137801   77.3656248299841   0.310333374477618
-0.574228053036637   -0.342621479190315   176.798079689741   0.313350012481828
-0.522711702844192   -0.343771524052462   21.4568653435291   0.327165676310886
-0.472566305138321   -0.343898497621443   100.798953015347   0.313329746111338
-0.423097760878507   -0.342189488432857   150.247588567971   0.288730404187263
-0.373246907204602   -0.340066946387932   151.00046153396   0.311538531459358
-0.323478373444219   -0.343752364554302   127.593340535871   0.314335720671219
-0.274348822485053   -0.345119313420885   8.51478881514048   0.313028123413208
-0.223471423491422   -0.344384848636511   12.6187056759752   0.284852064096036
-0.146998406008253   -0.293770414105177   10.946858915776   0.316710435380206
-0.0941476698256321   -0.291276169916663   43.2639832477464   0.29431072218062
-0.0463823966226756   -0.289600629858778   71.8126537194575   0.311287309554798
0.00345409268838319   -0.291983529244483   59.3592072687249   0.303045193243601
0.0503488980825229   -0.288079239203723   82.2083369782472   0.309914987840202
0.0991995798293464   -0.291582935292192   101.377437366071   0.301644817063119
0.149699359236841   -0.289330633093715   22.867721898081   0.309195182314082
0.201501901355726   -0.288394557340219   148.149155738251   0.308607505142753
0.251592662793301   -0.286265062096887   173.762341429785   0.308367880282428
0.301990658240534   -0.289653229617981   134.453523180224   0.304331340059032
0.353535163179744   -0.289227189190949   25.5450459389381   0.318073010021506
-0.597118174567909   -0.291111408779536   13.9157176165129   0.317753121268612
-0.547319870908389   -0.293362026230359   60.808494766846   0.298537838092457
-0.498871990688304   -0.292410256513164   22.0020495383192   0.320234942135965
-0.449503657189216   -0.292013627260628   79.3667466096654   0.299896638166949
-0.400964658547896   -0.291965966606982   10.3983169691171   0.306965312097215
-0.348892544883192   -0.292016710069351   165.538323820319   0.337171990977624
-0.296546183027712   -0.294910922126199   20.8848749164722   0.327189714832187
-0.247288164583806   -0.294865226029317   65.8372363774263   0.29880573191734
-0.199004197595391   -0.292474291337423   21.7243205899819   0.309468968064058
-0.121166300467523   -0.243317839963519   57.8931532589096   0.290418008471307
-0.070625127438043   -0.239843282766168   11.9398103243152   0.307344059045399
-0.0210332399753885   -0.240243459512835   128.700500687948   0.292373910959065
0.0266856349220874   -0.237958892489893   73.9042393048642   0.32220973374602
0.0755846488760282   -0.237726695416288   122.877590626169   0.311888092783834
0.124427143103516   -0.240896259264402   147.02695776568   0.290690919728472
0.17520696070004   -0.239023219973168   16.0449776750316   0.297192728735248
0.226371418193774   -0.239376064406679   10.0165114522042   0.295523625409891
0.276227464267967   -0.237242765913072   142.970363075786   0.297594176103124
0.328081494425162   -0.243019830048677   171.847146524685   0.302768916001485
0.379288738326079   -0.240079500440183   139.966943315794   0.286526620803444
-0.571003133712533   -0.24167764823132   95.9827888178239   0.291495554007734
-0.521914941404556   -0.241325191617498   103.812314805592   0.296042453586317
-0.474443258911704   -0.240500260086824   108.69468086456   0.310260550671928
-0.425093192394035   -0.240222706360381   150.784990662279   0.303663553886435
-0.374609857234187   -0.243487331959686   29.4078841942863   0.319915086233069
-0.32311328182841   -0.245293829995669   10.9669695782075   0.301098025537876
-0.271678721786096   -0.243025636296478   44.3000182731767   0.301824694632491
-0.221918277691024   -0.243566891914629   54.6585618601116   0.304094474784561
-0.171439742454427   -0.2449601052754   9.28201529526291   0.312212287021275
-0.093895332715472   -0.192042273998677   32.4749296583036   0.293553170358938
-0.0456702830026459   -0.188897855643132   78.4595251484461   0.281849361638257
0.00252242581363902   -0.186779561221442   61.5083597877329   0.308613066719179
0.0521840639186573   -0.187153228038987   10.6778159696943   0.308183488915693
0.102317023649194   -0.189592479687888   77.8799162758039   0.296685774763956
0.151675213327102   -0.191993303125818   45.4414526988176   0.317066032572357
0.202079666326707   -0.190731590840181   179.068592997713   0.309717156091772
0.251983090282426   -0.18804024653864   38.7504745112902   0.313646405247595
0.30373725597284   -0.19293065794148   139.956157455002   0.30787464600733
0.353797719036713   -0.191358221234317   57.7440682502773   0.311206662041092
0.403288089130181   -0.191101652925186   154.111742432246   0.312606733138806
-0.548065577804569   -0.190055575768758   105.532253965601   0.299729529107595
-0.498935617695494   -0.189727934289468   52.6794130924494   0.316103761842936
-0.44872404232724   -0.191681331980407   14.6324194506662   0.299079540320084
-0.397628817438404   -0.19363940706781   158.022345052127   0.308332398194839
-0.345813859732404   -0.193950964536238   6.24430643055401   0.311099938298757
-0.296035541765529   -0.196068834492431   19.6482289716294   0.301501822580192
-0.242615574436999   -0.193522390446306   51.6597024917419   0.319711374971679
-0.194070062704426   -0.194802196739686   57.6445431856356   0.309909370327232
-0.144612924799715   -0.194892853973911   33.8171390307818   0.316887221329372
-0.0704281065570703   -0.138933376703361   42.0441603767966   0.309077592676114
-0.0209127567561763   -0.138017665800678   130.814289920019   0.291931033924342
0.0298641020003783   -0.137640165058979   167.834136507947   0.307167467409952
0.080100184001926   -0.13878840072338   32.6726637471927   0.313368497802917
0.128904255321645   -0.141131414626644   142.525563589836   0.300637101938822
0.178985933051475   -0.141030700268066   42.4022623420498   0.317036604059149
0.228202139468215   -0.140065808151429   27.7695871511664   0.300675202136869
0.279637012111827   -0.14030510140706   129.455163066818   0.306866570849493
0.328235232881349   -0.142850138919978   68.1191808761641   0.304796661213442
0.377704600765777   -0.139391074544585   179.452524517649   0.320236307917479
0.428212345335847   -0.141089725190235   32.8103255607146   0.323908460634977
-0.52081827249653   -0.141551786736455   35.5287914418333   0.310780693403332
-0.471430722701724   -0.141123679680991   98.7004683338155   0.30757239330932
-0.420396852118718   -0.144455810790985   10.2733623701438   0.312331781893756
-0.369428162205951   -0.144736541788641   25.6149487734852   0.316551821400044
-0.318649773789351   -0.14535630370681   16.2195756262721   0.28417397317519
-0.268524229625343   -0.146480994660636   70.4630479909657   0.302099210051832
-0.217901366389431   -0.143966173736831   155.541389905008   0.279123552693864
-0.16745761822027   -0.145573523197075   128.8579625027   0.309829348354061
-0.118391140966282   -0.142734668723624   50.8693656397307   0.312072578942841
-0.0435749963300785   -0.0873605410382934   41.7243704562179   0.29991076614135
0.00559360604435871   -0.0881668597797091   74.4480660979168   0.314011297584124
0.0563143572802693   -0.0893110254674594   173.249331194461   0.30357183736992
0.108466059209541   -0.0886122984258382   31.8051726457266   0.294852636084954
0.155357567022226   -0.0921337240090827   68.7234852599178   0.311988404233027
0.204846522279389   -0.0914120206338725   11.9045451078187   0.324031329900817
0.255608271250562   -0.089191489425046   63.776975995634   0.30877455208767
0.303366454096046   -0.0916627864531195   88.8823921187577   0.306936163630497
0.352383471027824   -0.090177250229528   39.3583383542684   0.309724067375898
0.403843395417029   -0.0920500755654509   8.99142779661452   0.302063798558637
-0.544558985266115   -0.0933513699373054   169.667923800703   0.305623512915839
-0.493540181750373   -0.0894317921564324   6.49340006598494   0.308742808234058
-0.443405556401465   -0.0928170662212568   107.7322058146   0.310418233899105
-0.394128503052798   -0.0955122460589763   3.63028674300599   0.307302206056509
-0.343588859619943   -0.0964955348499717   158.20205797659   0.299286721999977
-0.293592972966375   -0.0952891810881535   108.13252225636   0.31728287888368
-0.245037823362483   -0.0948202944117363   151.923530956363   0.291987472247171
-0.193474988851265   -0.0956347549605747   173.749951236282   0.312032952617861
-0.142511617687738   -0.0938355140795275   69.0407803515232   0.319163872853924
-0.093651818437942   -0.0895176083823288   53.8098930602583   0.311093875888331
-0.0179692339591938   -0.037156562813663   3.93447831316919   0.307678929449198
0.0340500361135237   -0.0396759994525574   17.6311386028874   0.32392498989735
0.0824943493326703   -0.0397886039684403   88.0403053858804   0.298482473280422
0.132638652193757   -0.0391189757883484   169.512616888573   0.302938631090393
0.183682180708374   -0.040781622716566   28.2046058973801   0.306264355487225
0.23279309204196   -0.0393436265129379   65.5172119812249   0.316194608848567
0.282007407697671   -0.0387963706182035   167.107882798294   0.299622538456359
0.331627360719653   -0.0400744347246604   98.7656051327714   0.322026130929129
0.380335518571814   -0.0410814972753726   107.307727748096   0.311361880387154
0.428985359254326   -0.0431459250941927   133.6908815715   0.306567814410699
-0.520770155919515   -0.0431411644536302   5.36142044859654   0.311404811542119
-0.468952171883116   -0.0420793744206875   175.246575781266   0.311366900696298
-0.417585859767104   -0.0446515892130398   165.489757217303   0.306347853727151
-0.368750298945428   -0.0452809189939571   107.859404270893   0.298804351054829
-0.320772356029609   -0.0441672694217529   98.7690318483756   0.31390563541341
-0.27285536330276   -0.0436471222396773   148.596148706759   0.278016053050209
-0.220631058334277   -0.0472546813116377   175.866820835149   0.305163942701491
-0.170029848285706   -0.0450066673742848   93.761133525395   0.329740571596108
-0.120335392467875   -0.0415472813120858   3.24296182723053   0.305806589654254
-0.0690339751471434   -0.038693051444719   178.478818540571   0.293681481740287
