0.012959242694672959   0   0   
0.038877728084018875   0   0   
0.064796213473364797   0   0   
0.090714698862710719   0   0   
0.11663318425205663   0   0   
0.14255166964140256   0   0   
0.16847015503074847   0   0   
0.19438864042009438   0   0   
0.22030712580944031   0   0   
0.24622561119878622   0   0   
0.27214409658813216   0.033466082587065621   7.934740256568058e-05   
0.29806258197747804   12.357860473867562   0.0041768000028950505   
0.32398106736682397   5.223873450945487   0.003884885134993938   
0.34989955275616991   0.0082838922722198989   3.1375097338875878e-05   
0.37581803814551579   1.4628926257588248e-07   1.4628926257588248e-07   
0.40173652353486172   0   0   
0.42765500892420766   0   0   
0.45357349431355359   0   0   
0.47949197970289947   0   0   
0.50541046509224541   0   0   
0.53132895048159134   0   0   
0.55724743587093728   0   0   
0.5831659212602831   0   0   
0.60908440664962904   0   0   
0.63500289203897498   0   0   
0.66092137742832091   0   0   
0.68683986281766685   0   0   
0.71275834820701278   0   0   
0.73867683359635872   0   0   
0.76459531898570454   0   0   
0.79051380437505048   0   0   
0.81643228976439641   0   0   
0.84235077515374235   0   0   
0.86826926054308828   0   0   
0.89418774593243422   0   0   
0.92010623132178004   0   0   
0.94602471671112598   0   0   
0.97194320210047191   0   0   
0.99786168748981785   0   0   
1.0237801728791638   0   0   
1.0496986582685097   0   0   
1.0756171436578557   7.7436370497245746e-06   5.361465639577768e-07   
1.1015356290472016   0.0015604253981683136   6.1169951335028527e-06   
1.1274541144365475   0.066725190249130128   0.0001475876981410559   
1.1533725998258935   0.69783646164307606   0.0024983064573458384   
1.1792910852152392   2.1911575426404934   0.0089402825227663996   
1.2052095706045851   2.7598207949090889   0.0057017481063204122   
1.231128055993931   2.1700642350570062   0.0088196190716249834   
1.257046541383277   1.7716489735530327   0.01711961795154832   
1.2829650267726229   1.8025778738273607   0.014853957265753048   
1.3088835121619689   2.022348983841318   0.0074334867934615808   
1.3348019975513148   2.2627357547498465   0.00036876454996517971   
1.3607204829406607   2.4685215116967606   0.0063377152963779602   
1.3866389683300067   2.681238292838614   0.011156656848230883   
1.4125574537193526   3.0047761030137156   0.015949367719343018   
1.4384759391086985   3.5566876738136794   0.020076799337023784   
1.4643944244980445   4.071646063619765   0.017945141522210793   
1.4903129098873904   3.4534653771271294   0.0046187975482593568   
1.5162313952767361   2.0337885922800104   0.0088701098459221622   
1.5421498806660821   1.1773738022143997   0.014019136593542113   
1.568068366055428   0.85592441221824648   0.014348972813417531   
1.5939868514447739   0.726610643402961   0.012882788895867616   
1.6199053368341199   0.68314167386211556   0.010007597895723292   
1.6458238222234658   0.70497341628313528   0.006080580041126754   
1.6717423076128117   0.78254712323312446   0.00098521179552243139   
1.6976607930021577   0.89029875271111704   0.0040253217578159616   
1.7235792783915036   0.97362809138080963   0.0074662418726504541   
1.7494977637808495   0.93096935116027767   0.0069915487098300079   
1.7754162491701955   0.6400599620694566   0.0032190578215016977   
1.8013347345595414   0.23901849413161781   0.00054228821217088252   
1.8272532199488871   0.039334208677072007   0.00019564572936511529   
1.8531717053382331   0.0026237245223461937   3.24485089232047e-05   
1.879090190727579   6.9794607174953539e-05   1.5933595347381317e-06   
1.9050086761169249   9.9566263406238392e-07   1.4341439459936608e-07   
1.9309271615062709   0   0   
1.9568456468956168   0   0   
1.9827641322849627   0   0   
2.0086826176743084   5.474049825420119e-08   3.0258948924381692e-08   
2.0346011030636544   3.8640864452368451e-06   2.9954846948944688e-07   
2.0605195884530003   7.8804369644768546e-05   2.2561459400141199e-06   
2.0864380738423463   0.00099523538374493176   2.3351835765120654e-05   
2.1123565592316922   0.0078634234588916468   0.00012863059233985126   
2.1382750446210381   0.041317779733645802   0.00050837561036465556   
2.1641935300103841   0.15090853306421633   0.0013781499946519826   
2.19011201539973   0.39997037781122931   0.0021417834630989346   
2.2160305007890759   0.79969801917887679   0.0010098450006141655   
2.2419489861784219   1.2359904591362512   0.0026893281640523351   
2.2678674715677678   1.4726238995211507   0.0046610063281366307   
2.2937859569571137   1.41153506592852   0.0018002724197521207   
2.3197044423464597   1.2658579929484248   0.0013506827171882489   
2.3456229277358056   1.222530146677854   0.0014065990870300034   
2.3715414131251515   1.2729564532352942   0.00054766311271405145   
2.3974598985144975   1.3508882473322174   0.0020806112211737365   
2.4233783839038434   1.4123025925218888   0.0017696222508171733   
2.4492968692931893   1.4512654440978167   0.00088453359439754539   
2.4752153546825353   1.4967150586497085   0.0041663036568713247   
2.5011338400718812   1.5901586429675281   0.0047667250149033222   
2.5270523254612272   1.7468560850880326   0.00089248536984290878   
2.5529708108505731   1.8664913194510845   0.0046662688923045576   
2.578889296239919   1.8088658734959425   0.0048987542885710039   
2.604807781629265   1.7141094176053127   0.0017846540176619114   
2.6307262670186109   1.7799011651822371   0.0010756419131631425   
2.6566447524079564   1.8568487032390516   0.0010039417121249367   
2.6825632377973023   1.7605643656502573   0.0012347734233559256   
2.7084817231866483   1.5695718513051724   0.0037512594076091047   
2.7344002085759942   1.422314627233398   0.0051482817737485359   
2.7603186939653401   1.3564775881953983   0.0048999324959024694   
2.7862371793546861   1.3684833770566257   0.0030273489333432903   
2.812155664744032   1.4547775383495546   0.0011160460731891075   
2.8380741501333779   1.5784748980583854   0.0056633780541111494   
2.8639926355227239   1.6445813731732007   0.0085862968371266019   
2.8899111209120698   1.6099620046916423   0.0079257873002800278   
2.9158296063014157   1.4995965672798652   0.0047084447578632262   
2.9417480916907617   1.2708898249549432   0.00071874160718921411   
2.9676665770801076   0.91854258643191718   0.0060587456362803686   
2.9935850624694536   0.59565009412901503   0.0088747154373407011   
3.0195035478587995   0.41509183463252978   0.0088958077459825439   
3.0454220332481454   0.35173632270216231   0.0071500901349056774   
3.0713405186374914   0.35018965083560716   0.0045869717834261113   
3.0972590040268373   0.37958457057238944   0.0015858977474878567   
3.1231774894161832   0.41828416735606754   0.0017269304808152822   
3.1490959748055292   0.44171420292703647   0.0042546265811017872   
3.1750144601948751   0.42696982554831718   0.0054250652809350793   
3.200932945584221   0.36301154962548777   0.0046775252275354107   
3.226851430973567   0.25565306781544326   0.0027221050285342958   
3.2527699163629129   0.13579185369967037   0.00095915982837636477   
3.2786884017522588   0.048837229101523704   0.00030122580625268804   
3.3046068871416048   0.010928426345104919   0.0001128294543667287   
3.3305253725309503   0.0018411884051057094   3.4565830758034492e-05   
3.3564438579202962   0.0031663779950546594   6.5813230436958461e-05   
3.3823623433096421   0.015083828973930464   0.00025215689077721757   
3.4082808286989881   0.054195127307853813   0.00066244103166186367   
3.434199314088334   0.14990510587170459   0.0012604483375012374   
3.4601177994776799   0.33218222223933934   0.0018209174502203455   
3.4860362848670259   0.60960633369895494   0.0017735073775039973   
3.5119547702563718   0.95629201040036366   0.00099081840666151096   
3.5378732556457178   1.3236326680816892   0.00083446391992288073   
3.5637917410350637   1.6554015116559952   0.0039623796627078188   
3.5897102264244096   1.8842784214719887   0.0072058615191831189   
3.6156287118137556   1.944756869777356   0.0081528384712004511   
3.6415471972031015   1.8575662549429177   0.0059024527964343883   
3.6674656825924474   1.7433178801697278   0.0027965229046206499   
3.6933841679817934   1.694401996829771   0.0010452375395405832   
3.7193026533711393   1.7079932615360971   0.00046581803770002236   
3.7452211387604852   1.7429553867180733   0.0023661860407435023   
3.7711396241498312   1.7680709415375287   0.005224471118919801   
3.7970581095391771   1.7754244321530667   0.007726599321041277   
3.822976594928523   1.7743610834470466   0.0076370607129198186   
3.848895080317869   1.7692693952631244   0.0038655565133622072   
3.8748135657072149   1.7235548677796425   0.0022616161629123855   
3.9007320510965608   1.5642434314361817   0.0050468969481964492   
3.9266505364859068   1.2818713160092789   0.0021833893838232248   
3.9525690218752527   1.0052116853715041   0.0036689383533040687   
3.9784875072645987   0.87060146864153503   0.0068235398538283097   
4.0044059926539441   0.88567856969060429   0.0068250568778991619   
4.0303244780432905   0.98375229283362434   0.00483270382474498   
4.056242963432636   1.1038765994877496   0.0017819165898343338   
4.0821614488219824   1.2035027279600569   0.0014071144716924874   
4.1080799342113279   1.2504236954388713   0.0041376478859226544   
4.1339984196006743   1.2288006408780649   0.0061449721923795916   
4.1599169049900198   1.1501708411566251   0.0070020880306056344   
4.1858353903793661   1.0342706762012067   0.0059465649349995687   
4.2117538757687116   0.89897457439032067   0.0026018281305570072   
4.237672361158058   0.78646766914978785   0.0014051237226417771   
4.2635908465474035   0.74387112883152433   0.0032581907723399799   
4.2895093319367499   0.77047279531277837   0.002575587117390754   
4.3154278173260954   0.81755623905804652   0.00077935154350303329   
4.3413463027154409   0.8310476413673821   0.0012304407774008189   
4.3672647881047872   0.77828958744765571   0.0010092265318449081   
4.3931832734941327   0.65829755463759913   0.00117017794571497   
4.4191017588834791   0.50191277949865699   0.0036266636904659062   
4.4450202442728246   0.36049783832777767   0.0051546708031155863   
4.470938729662171   0.27185838622575341   0.0050508791067791828   
4.4968572150515165   0.24012547970660095   0.0038056492672902094   
4.5227757004408629   0.24850625809114159   0.0019266278302707898   
4.5486941858302083   0.28241578590746393   0.00041471111338919931   
4.5746126712195547   0.33410682760444698   0.0025355223037990012   
4.6005311566089002   0.39474666014955504   0.004139171597553457   
4.6264496419982466   0.45190742887081975   0.0045689102937849883   
4.6523681273875921   0.49528346108731484   0.0036802928362030272   
4.6782866127769385   0.52549665124472462   0.0020607156739630884   
4.704205098166284   0.55712456158626971   0.00069476834438035857   
4.7301235835556303   0.61286009684966751   0.00068498385457956432   
4.7560420689449758   0.71044806055074008   0.00050136792669099077   
4.7819605543343222   0.84934081908344776   0.002189120811680499   
4.8078790397236677   1.0109658552146117   0.0040917864393500176   
4.8337975251130141   1.1751631539312341   0.0048163313654114469   
4.8597160105023596   1.3388468306622856   0.0043444036618672058   
4.885634495891706   1.5069412904801603   0.003453770873404921   
4.9115529812810514   1.6690767402128382   0.0024892083756946959   
4.9374714666703978   1.8045989362236212   0.0017249636848923617   
4.9633899520597433   1.897277530480507   0.0014083569027474844   
4.9893084374490888   1.9389130337469084   0.0013278421753999285   
5.0152269228384352   1.925317595897028   0.001169510930487177   
5.0411454082277807   1.8683252016944598   0.00084349835884602383   
5.0670638936171271   1.7926440943491287   0.00056585374301712435   
5.0929823790064725   1.7103308497841532   0.00087524683611769222   
5.1189008643958189   1.6088998585616212   0.0031397954318307117   
5.1448193497851644   1.4848651027568174   0.0070729356630993721   
5.1707378351745108   1.3641370606770522   0.010948660470804567   
5.1966563205638563   1.2714001056299952   0.012601556976467449   
5.2225748059532027   1.2086262300948376   0.011181035306228844   
5.2484932913425482   1.1608251507149752   0.0072645875656974968   
5.2744117767318945   1.1046078964234573   0.0027482327094454006   
5.30033026212124   1.0175059211283908   0.0005522529617834154   
5.3262487475105864   0.90164326480475241   0.001638777757016228   
5.3521672328999319   0.79334895119333347   0.001555298974318609   
5.3780857182892783   0.73007337228744673   0.0014939343874811097   
5.4040042036786238   0.71488852217579277   0.0016993757609651512   
5.4299226890679702   0.72922480167038319   0.0018452189266462803   
5.4558411744573156   0.76391712810913757   0.0025273125147663187   
5.481759659846662   0.81473709362224171   0.0042595814410255417   
5.5076781452360075   0.86313847468493758   0.0065959698823839847   
5.5335966306253539   0.88089774377056589   0.008227673134071117   
5.5595151160146994   0.84721601777697274   0.008006667802552005   
5.5854336014040458   0.76072976618524889   0.0053333836039373628   
5.6113520867933913   0.64465005544901747   0.001261030931802201   
5.6372705721827376   0.53815713362066666   0.0030793142155515765   
5.6631890575720831   0.47382475390119253   0.0057037773227027378   
5.6891075429614286   0.45867876551930638   0.0062816252740094627   
5.715026028350775   0.47965753507129538   0.0052356065067440866   
5.7409445137401205   0.51708382359772175   0.0030653273150503933   
5.7668629991294669   0.55345041168925856   0.00093210327376539599   
5.7927814845188124   0.57507967456278121   0.0011532673021349752   
5.8186999699081587   0.57772330848140423   0.0012481080630000598   
5.8446184552975042   0.57273242460219186   0.0004891876907516621   
5.8705369406868506   0.58104524277853498   0.00076596354155433488   
5.8964554260761961   0.62063611654814621   0.0011588644629214826   
5.9223739114655425   0.69600392749688301   0.00093408007490843608   
5.948292396854888   0.79746336031273592   0.00051889395055818192   
5.9742108822442344   0.91004548433803328   0.00091924112335315522   
6.0001293676335798   1.0274508216589094   0.0019666444193885434   
6.0260478530229262   1.1381367227624018   0.0037234920761342426   
6.0519663384122717   1.2313715912855193   0.0060070349526818883   
6.0778848238016181   1.3041613813940495   0.0080766338509022891   
6.1038033091909636   1.3465640997313144   0.0092082905931990607   
6.12972179458031   1.3506999118214395   0.0082190054983503089   
6.1556402799696555   1.3248677094416638   0.0050987154288413813   
6.1815587653590018   1.2958423161254234   0.0010122591526699312   
6.2074772507483473   1.2934992978372745   0.0031487594209935219   
6.2333957361376937   1.3304511364084863   0.005774397275140028   
6.2593142215270392   1.4015262975674099   0.0068220574482480331   
6.2852327069163856   1.4936607695257169   0.0062401263676149413   
6.3111511923057311   1.5916416940072889   0.0040827797106128923   
6.3370696776950766   1.6744258420623679   0.0011827474665697196   
6.3629881630844229   1.7204637826784837   0.0038171174273685187   
6.3889066484737684   1.7062461134466672   0.0061948388427441359   
6.4148251338631148   1.6144388832709671   0.0054305208321119053   
6.4407436192524603   1.450608381121837   0.0011337831556890183   
6.4666621046418067   1.257874978923564   0.0056392939842728173   
6.4925805900311522   1.0954625089724542   0.011127765028047204   
6.5184990754204986   0.99712598901551209   0.013837091260507016   
6.544417560809844   0.95668310825702104   0.013974843451585455   
6.5703360461991904   0.94827849260378118   0.012422414857093336   
6.5962545315885359   0.95079972307567221   0.0094914024398420082   
6.6221730169778823   0.95218144730046557   0.0053865832198318796   
6.6480915023672278   0.94439191065643596   0.0011974798373849073   
6.6740099877565742   0.91699235261224374   0.0046814486203836278   
6.6999284731459197   0.85873999535283369   0.0076908378232548529   
6.725846958535266   0.76714414837728837   0.0079728854541481477   
6.7517654439246115   0.66133949984938786   0.0060566257988811254   
6.7776839293139579   0.5746210495084633   0.0036961045656118908   
6.8036024147033034   0.53087333160672355   0.0021839446739326363   
6.8295209000926498   0.52856132674992743   0.0017823154222840034   
6.8554393854819953   0.55092146946469064   0.002122768555759968   
6.8813578708713417   0.58249586375833836   0.003108591429223062   
6.9072763562606871   0.61418744593313721   0.0043496385125000566   
6.9331948416500335   0.638371000309378   0.0055365938286129263   
6.959113327039379   0.64674847863453688   0.0060627648016118694   
6.9850318124287245   0.63315900777802227   0.0053112753830154152   
7.0109502978180709   0.60006570055953366   0.0030760016055653046   
7.0368687832074164   0.56176504119322557   0.00045859586861959873   
7.0627872685967628   0.5398984289394026   0.0028936768328282616   
7.0887057539861082   0.55258576377571899   0.0046627024335581586   
7.1146242393754546   0.60732241859060102   0.005023020727290289   
7.1405427247648001   0.7009345111523273   0.0040292221170441471   
7.1664612101541465   0.82476064171804593   0.0019534099026383374   
7.192379695543492   0.96693705735293463   0.0010726620108234075   
7.2182981809328384   1.1101198850532074   0.0038122720912228097   
7.2442166663221839   1.2353887784129382   0.0058779062137237039   
7.2701351517115302   1.3267585580472379   0.0065262547042217811   
7.2960536371008757   1.3785739687356084   0.0056551717875906417   
7.3219721224902221   1.3965745466603205   0.0038289915963341897   
7.3478906078795676   1.3935222215825416   0.0016443642601986803   
7.373809093268914   1.3820612021584842   0.00075130753514386334   
7.3997275786582595   1.372782213301502   0.0018473823101863865   
7.4256460640476059   1.3708657072656414   0.0018290569006458185   
7.4515645494369513   1.3719006384156457   0.0011703779245502831   
7.4774830348262977   1.3642576768917578   0.001025199344792317   
7.5034015202156432   1.3373451362300745   0.0013314454375083883   
7.5293200056049896   1.2927014804682733   0.0028489862993112878   
7.5552384909943351   1.2451588502502377   0.0047450169511532134   
7.5811569763836815   1.2122929576877126   0.0059162001363153153   
7.607075461773027   1.2029123871890347   0.0057193277997181957   
7.6329939471623725   1.2152111183797168   0.004296776590934121   
7.6589124325517188   1.2396668624756064   0.0021030678974909946   
7.6848309179410643   1.2669563292436809   0.00036032814519648658   
7.7107494033304107   1.2881364050031272   0.0025144736486794202   
7.7366678887197562   1.292550895278655   0.0041543896560494236   
7.7625863741091026   1.2667047089609438   0.0043398670571792681   
7.7885048594984481   1.2026171655443255   0.0023013315967079437   
7.8144233448877944   1.1079324629710513   0.001489546403747137   
7.8403418302771399   1.0045807525776177   0.0053820352680147097   
7.8662603156664863   0.91478067618507344   0.0081034951762843274   
7.8921788010558318   0.84972786918115978   0.0092323858902397631   
7.9180972864451782   0.80891566119466666   0.008919637292318984   
7.9440157718345237   0.78607669525340696   0.0075632988000707395   
7.9699342572238701   0.77380893784062594   0.0056082017544402714   
7.9958527426132155   0.7647095663523073   0.0033334069784005396   
8.0217712280025619   0.75204879857814369   0.0009770390976501931   
8.0476897133919074   0.73097853647239316   0.0017327089367200843   
8.0736081987812529   0.69905952934243042   0.003624603702979723   
8.0995266841706002   0.65753562417531761   0.004844154705358768   
8.1254451695599457   0.61127856275494637   0.0053969518338112604   
8.1513636549492912   0.56746167515637576   0.0053607499537552171   
8.1772821403386367   0.53408872749827534   0.0049176277865047452   
8.2032006257279839   0.51959827414797591   0.0044548740250335349   
8.2291191111173294   0.52986136695642612   0.0042053148711634064   
8.2550375965066749   0.56645929879962872   0.0043322851394006851   
8.2809560818960204   0.62485558328524029   0.0047241617273658678   
8.3068745672853659   0.69711191474123174   0.0053882892377009102   
8.3327930526747132   0.77473707825501273   0.0062128785755665647   
8.3587115380640586   0.84995515944023809   0.0068387034344909595   
8.3846300234534041   0.91551273817084294   0.0068941565474712714   
8.4105485088427496   0.96749221581824328   0.0060354039880987125   
8.4364669942320969   1.0068313230258149   0.0041410771466646688   
8.4623854796214424   1.0413982987121369   0.001859725956021602   
8.4883039650107879   1.0832770474094167   0.00093200725784014334   
8.5142224504001334   1.1415373728802142   0.00198295088957067   
8.5401409357894806   1.2185689410154482   0.0021493359043526834   
8.5660594211788261   1.3079189624144002   0.0011452300774500089   
8.5919779065681716   1.3957097619393888   0.000982346825863281   
8.6178963919575171   1.4643761423108168   0.0026893929076780333   
8.6438148773468644   1.4988047761232069   0.0031503942487949964   
8.6697333627362099   1.4899626152045877   0.0017877123044030242   
8.6956518481255554   1.4406579329184566   0.0022891419984443391   
8.7215703335149009   1.366470501460716   0.0066168822636440029   
8.7474888189042481   1.2895522553693202   0.010708147599860985   
8.7734073042935936   1.2295532317549161   0.012969304826937013   
8.7993257896829391   1.1963546921166871   0.012900873756008605   
8.8252442750722846   1.1875712126041141   0.010547671145628055   
8.8511627604616319   1.1924299699603048   0.0066431929464093489   
8.8770812458509774   1.1949686135844707   0.0023803307580273093   
8.9029997312403228   1.1813909687624734   0.0018366383753239875   
8.9289182166296683   1.1451659842997586   0.0033136468992684856   
8.9548367020190156   1.0904226866488554   0.0029148651643472897   
8.9807551874083611   1.0301713577686912   0.0015119918693540498   
9.0066736727977066   0.98230189709629207   0.0017078674184090207   
9.0325921581870521   0.96162781483040739   0.002151066834544674   
9.0585106435763976   0.97051508710681077   0.0011012993864329511   
9.0844291289657448   0.99768399205530156   0.0016106380560671294   
9.1103476143550903   1.0243197493810492   0.0041336649282197167   
9.1362660997444358   1.0321420902561791   0.0058167586336936014   
9.1621845851337813   1.0095067726528947   0.0058843239933979769   
9.1881030705231286   0.95460051466811543   0.0040461152815625824   
9.2140215559124741   0.87694948485618217   0.0010794152050972241   
9.2399400413018196   0.79212964202851816   0.0026815759134568271   
9.2658585266911651   0.71438773015131243   0.0056945663613763807   
9.2917770120805123   0.65285809531535799   0.0077585822672867713   
9.3176954974698578   0.61257616672904598   0.0084504534691423346   
9.3436139828592033   0.59362619446581302   0.0077159231205802452   
9.3695324682485488   0.5931011815705562   0.0058078923580019227   
9.3954509536378961   0.60511045807373685   0.0033501292259247392   
9.4213694390272416   0.62390211695752597   0.00077849888717057754   
9.447287924416587   0.6455606296053443   0.00173737358426332   
9.4732064098059325   0.67039177830963233   0.0037310026869907813   
9.4991248951952798   0.70113873292187994   0.0055155906629960802   
9.5250433805846253   0.74084273075854179   0.007292098107848819   
9.5509618659739708   0.78889068953553775   0.0089001344985911513   
9.5768803513633163   0.84228803202554774   0.010078616659911756   
9.6027988367526635   0.89814342084201587   0.010619470588488504   
9.628717322142009   0.9556524442380372   0.010525102358631569   
9.6546358075313545   1.0146414647702006   0.0099134903417282594   
9.6805542929207   1.0739761736044069   0.0088828201324735207   
9.7064727783100455   1.1301289769946054   0.0074845862722185523   
9.7323912636993928   1.1811106955264271   0.0057674376831513638   
9.7583097490887383   1.2252429797147044   0.0040275807774944494   
9.7842282344780838   1.2637767815017965   0.0026272198418470233   
9.8101467198674293   1.2965415586597275   0.0016335756706315127   
9.8360652052567765   1.3212433142627749   0.00090826594831306617   
9.861983690646122   1.3336877643245136   0.00030729690052987066   
9.8879021760354675   1.3310996748687472   0.0013030532077228802   
9.913820661424813   1.314271657096923   0.0030316201329945104   
9.9397391468141603   1.2874120913551535   0.0052097084920164559   
9.9656576322035058   1.2574199736983668   0.0073524766147445229   
9.9915761175928512   1.229495142959732   0.009389392964771301   
10.017494602982197   1.2060587530488464   0.011135060868773735   
10.043413088371544   1.1879342324856294   0.012251014395378533   
10.069331573760889   1.1748119575311098   0.012464781309217737   
10.095250059150235   1.1647686330621121   0.011849822357298962   
10.12116854453958   1.1541710630619631   0.010530835855012934   
10.147087029928928   1.1392633675256597   0.0087232943971582716   
10.173005515318273   1.117841346165582   0.0065965291687337519   
10.198924000707619   1.090908925991986   0.0042501544483464952   
10.224842486096964   1.0600343354958494   0.001886810932246602   
10.250760971486311   1.02632694000264   0.0011315726593852223   
10.276679456875657   0.98961987363179805   0.0025216359903495064   
10.302597942265002   0.95042699865152567   0.0029853667461530884   
10.328516427654348   0.91214077637213277   0.0026240763500759089   
10.354434913043693   0.88193296062262144   0.0020187751000599374   
10.380353398433041   0.8664271526488798   0.0018699452528133398   
10.406271883822386   0.8661563400882881   0.0025827035745921053   
10.432190369211732   0.87528352944459843   0.0041166419133709828   
10.458108854601077   0.88483288531626296   0.0059430835640567577   
10.484027339990424   0.88676941769658858   0.0074856972072169846   
10.50994582537977   0.87428087470082484   0.0082058443250977226   
10.535864310769115   0.84327319398402083   0.0076434733984940584   
10.561782796158461   0.79456373585290299   0.0056287161932157821   
10.587701281547808   0.7337300915870196   0.0023989107212965982   
10.613619766937154   0.6720760083045122   0.0020250603116900262   
10.639538252326499   0.62355667528283777   0.0051196198516653833   
10.665456737715845   0.59894233447152405   0.0067897804179604951   
10.691375223105192   0.60246642035635032   0.0069044802298621679   
10.717293708494537   0.63080570060355738   0.0056926206506869229   
10.743212193883883   0.67768498356008669   0.0036792570281665649   
10.769130679273228   0.73724644906355019   0.0011188820029396391   
10.795049164662576   0.80473347609646881   0.0015911302773541526   
10.820967650051921   0.87679941904383409   0.0040185946207286452   
10.846886135441267   0.95067629445473229   0.0060759484126904165   
10.872804620830612   1.0238496214182284   0.0077148453125214053   
10.898723106219959   1.0952929110144539   0.0089460680150076853   
10.924641591609305   1.1630279232794117   0.010104016443412749   
10.95056007699865   1.2242185893311234   0.010953398342497804   
10.976478562387996   1.2735700032386294   0.011161365647737922   
11.002397047777341   1.3058995412741468   0.010382146473309346   
11.028315533166689   1.3183978896991483   0.0083723679353265077   
11.054234018556034   1.3128919672902029   0.0055752318569673786   
11.08015250394538   1.2955326242374791   0.0023678836373673058   
11.106070989334725   1.272870577671585   0.00084015503054893819   
11.131989474724072   1.2512634030197089   0.0030712459575827433   
11.157907960113418   1.2320337824342939   0.0046570539204440756   
11.183826445502763   1.2151308511555739   0.0056863300182342746   
11.209744930892109   1.1989393031359972   0.0063950665871638066   
11.235663416281456   1.1822911182287383   0.006960535012334598   
11.261581901670802   1.1646876611145384   0.0073046589110825384   
11.287500387060147   1.1450427879553811   0.0075556581050728396   
11.313418872449493   1.1231209255194899   0.0078369846033455719   
11.33933735783884   1.0987091802757211   0.0083013589468947005   
11.365255843228185   1.0733111642446345   0.0087506073970403317   
11.391174328617531   1.0490918971060743   0.0090240587664563931   
11.417092814006876   1.0278425114725467   0.0089302819828370758   
11.443011299396224   1.0096215081233481   0.0085300217525585502   
11.468929784785569   0.99278122465085321   0.0080401984388672206   
11.494848270174915   0.97486615863892727   0.0076804525307741451   
11.52076675556426   0.95620223463441954   0.0074165659617033587   
11.546685240953607   0.93904427317777801   0.0065422312426693321   
11.572603726342953   0.92534056687291506   0.004698852323462912   
11.598522211732298   0.91505134939511941   0.0019857557826547352   
11.624440697121644   0.90461940814423538   0.00117918651567952   
11.650359182510989   0.88989800575824791   0.0035944698694080427   
11.676277667900337   0.86944524368933348   0.0051557721992372577   
11.702196153289682   0.84551703368616398   0.0059623796365131053   
11.728114638679028   0.82217769569211596   0.0062401332716766023   
11.754033124068373   0.80372834598221361   0.0063255729688244694   
11.77995160945772   0.79239331278411732   0.0063794960840168444   
11.805870094847066   0.78828400764600319   0.0064797379742594367   
11.831788580236411   0.79055009730039256   0.0067572839756341311   
11.857707065625757   0.79774559161323089   0.0072733062376258078   
11.883625551015104   0.80747122946995337   0.0078831020159042317   
11.90954403640445   0.81626900078324453   0.0082362107038798701   
11.935462521793795   0.82116649867651739   0.0077659533136097497   
11.961381007183141   0.82205611515700307   0.0062697742223745194   
11.987299492572488   0.82244958411335477   0.0041592529328897804   
12.013217977961833   0.82789124844608201   0.0021414233671611304   
12.039136463351179   0.84442091256925451   0.001325583652699193   
12.065054948740524   0.87500541768071256   0.0014396363322654115   
12.090973434129872   0.91748475035430148   0.0011267237546139903   
12.116891919519217   0.96335168125177772   0.000806653770191787   
12.142810404908563   0.99595461740820685   0.0014986968846261037   
12.168728890297908   1.0067018351600344   0.0026539729361910832   
12.194647375687255   1.008392562303297   0.0032029899412241779   
12.220565861076601   1.0178783382912239   0.002676788986839592   
12.246484346465946   1.0386260834190208   0.0018030420992417843   
12.272402831855292   1.0630197300471744   0.0010364686304193345   
12.298321317244637   1.0800737742845562   0.0010180483940584028   
12.324239802633985   1.0838030706987896   0.0006689572891955293   
12.35015828802333   1.075227972329409   0.00067873825052926059   
12.376076773412676   1.0582934877921564   0.0014577484230267423   
12.401995258802021   1.0363966406584346   0.0020303414665825804   
12.427913744191368   1.0105114849355341   0.002533497383500593   
12.453832229580714   0.98131373537045057   0.0029498786394036562   
12.479750714970059   0.95064684635463098   0.0034814407258221414   
12.505669200359405   0.92309329571936443   0.0043313329643816983   
12.531587685748752   0.90294825982267467   0.0051371308959883118   
12.557506171138098   0.8912806330173062   0.0050685969393048535   
12.583424656527443   0.88584856816599417   0.0039071381892340477   
12.609343141916789   0.88203354534472541   0.0024147846428151998   
12.635261627306136   0.87042993236871199   0.0032165637801928456   
12.661180112695481   0.84459619789330396   0.0056726023026402542   
12.687098598084827   0.80328200134077471   0.0061724199977936308   
12.713017083474172   0.74881396195232559   0.0053016603905114597   
12.73893556886352   0.68445088348202088   0.0031431793830938944   
12.764854054252865   0.6178917366279512   0.002785695313587054   
12.790772539642211   0.56062565290411143   0.0072140346311328709   
12.816691025031556   0.52156788691403373   0.0095880024962062368   
12.842609510420903   0.50190833028903083   0.0096851351535420441   
12.868527995810249   0.4968380930926832   0.008143765998851667   
12.894446481199594   0.50029680747473719   0.0056274827949866902   
12.92036496658894   0.50673878016450483   0.0028638462990073701   
12.946283451978285   0.5120706084618833   0.001413365507047416   
