-0.00252411221154941   -0.0249093979141737   88.8851341133931   0.306300289339559
0.0981546521398384   -0.0242779039328594   91.6961571763474   0.30619881637409
0.198169813945907   -0.0256783857209627   89.7371717834314   0.308351455959442
0.298174082774289   -0.0243615591737156   93.6956411376643   0.307687726611361
0.398463687450765   -0.0249359211355788   85.2915010247546   0.303357001808756
-0.502298706887839   -0.0254531538984329   83.9629756824105   0.302342781813822
-0.402389597999589   -0.0257399655567491   88.9414731607628   0.302627047789974
-0.302468764606475   -0.0250519822355757   95.1574288230571   0.306559434227938
-0.202596522097827   -0.0245968917052642   84.888182257444   0.303149470730577
-0.102564582047611   -0.0256860626191468   97.4411095179106   0.305724189816626
0.048455982796229   0.0752236023060799   80.1821733405156   0.304426337707225
0.148586420772772   0.0747676539899994   92.7406514878541   0.303063958177257
0.248731217988265   0.0751757091530746   78.9227807586688   0.310153324639314
0.348722468955608   0.0745164942426439   86.5114061999608   0.304845601788734
0.448767012810024   0.0751684032360601   93.2167780630156   0.303367745619114
-0.451296590164299   0.0748743982027021   85.1283499378448   0.30793771531302
-0.35201919145803   0.0752023421033689   86.0027103529307   0.305477323446424
-0.252285296147364   0.075312946884064   81.1247507240162   0.304280657009596
-0.152321774775294   0.0750616063154076   86.0040654270267   0.308132978259488
-0.0518437956909597   0.0742616069212002   83.9788630128619   0.304422349338492
0.0988641888339399   0.175495474102013   90.7179602560104   0.307347065952698
0.199083925992031   0.174705574059087   91.7158871771325   0.305561622217916
0.298974700271019   0.175313886897832   95.0339440030324   0.309020058904841
0.398793336191899   0.174617143479   87.3301687998567   0.307703844088601
0.499101546685003   0.174697407400108   91.172152199098   0.309034979325593
-0.400851134834056   0.1753848766137   93.2259620369234   0.307195603864797
-0.300708648682871   0.175753435713252   96.5721174565658   0.309587756630183
-0.201638775853786   0.174825847500402   97.9622699088488   0.306698151231256
-0.101293944432822   0.174159947650723   89.7375440380832   0.306838521368618
-0.00130375446440701   0.174151594966277   86.444157342109   0.304396222504911
0.148766023218754   0.275172061844219   93.0523745312963   0.308864410106945
0.248415593899929   0.275631910412696   86.1882747900719   0.30346774648847
0.348436950390007   0.274571415985344   95.7611208889986   0.309451542344819
0.447963552170996   0.274856492227623   92.9455654774293   0.306292669684558
0.548119067882794   0.274811408028193   93.5477374902519   0.307506795274143
-0.351899070382462   0.275659757555189   89.163222188863   0.307601157542254
-0.251800977985448   0.275204988617975   87.4720448236636   0.305923353185935
-0.151138793024596   0.273691397577851   94.6541929442382   0.305428013715849
-0.0505007443878426   0.273578838240045   88.9341037654151   0.305030532121843
0.0491727287021854   0.274992127370238   83.170127224167   0.306509225866751
0.198532960432659   0.375654211861145   88.5489815829807   0.306694165204077
0.298035607202822   0.375737170924926   87.1007532615131   0.310009668705741
0.39796559231   0.374603708941105   87.4634667364435   0.304647382151138
0.498651083787644   0.374565925903957   84.2855497377673   0.31017481673509
0.598885202615035   0.374943274085013   87.5543137114684   0.308627063973426
-0.301100158734659   0.375260668338181   92.7249854127906   0.310975807062582
-0.200821597637367   0.374399705896795   89.8684418623339   0.309076980940095
-0.101250957808751   0.373397111806646   91.1299268263921   0.306237256401701
-0.00106878065255143   0.374010534881018   89.4820763180969   0.306095252567424
0.0989004613412822   0.375849676693493   89.8372255497978   0.309404666438241
0.2494745866035   0.476000105696596   81.8470684891927   0.310044067543269
0.349951097758813   0.475142269883264   85.4681571830657   0.311902929855734
0.449323913303069   0.474458579498314   91.1923743900518   0.312054485374843
0.549523975664033   0.475114871059381   89.2346291931909   0.305079841437675
0.64994476862945   0.476317309014487   83.4304380785647   0.30911861367301
-0.250246458366919   0.4741833962347   81.3011524923036   0.309911953724987
-0.150655853870086   0.473799598961337   92.0578016669463   0.309464618806911
-0.0510487971578846   0.474156864628055   83.2855781315277   0.306082933858731
0.0486353219193832   0.475169628841458   85.0702777304162   0.306827189846191
0.149283437412056   0.47530588377906   90.4571037846161   0.306682650992501
-0.197513123460574   -0.424391875858755   89.8889423412992   0.30516693537327
-0.0972856615301725   -0.424742737606884   96.6731073413713   0.309676265205698
0.0015235255847851   -0.425485417993947   91.7350689307472   0.306599671994215
0.101540615425042   -0.424828731035315   94.7612570716357   0.309239320053422
0.202782488643968   -0.424661286209382   98.579626830111   0.308189379524213
-0.697918813953855   -0.424843873286977   92.3749381496029   0.306330764999999
-0.597650123796185   -0.425545703484325   92.6954879195331   0.309024196379742
-0.498143356767988   -0.425097035437873   91.6502336308448   0.30520037407334
-0.39809520547373   -0.424994890313217   93.3499191855425   0.3102886287891
-0.298014003586276   -0.425306394703945   99.7084956933467   0.306940280760293
-0.149479664926448   -0.323721707447027   91.4291850042632   0.304146728675423
-0.0489125548094677   -0.324478236091765   98.6035970932255   0.307065462239986
0.0506028230275034   -0.325766819498036   92.8301923641069   0.307129828062933
0.150673902626794   -0.325052151679165   101.440378931019   0.302698644659827
0.251144503562777   -0.324660281018873   97.9739068114315   0.305684101851559
-0.649195876430871   -0.325056363117511   88.7348736037784   0.306675115435689
-0.549316943895157   -0.325682399126003   86.1600510024387   0.300929466870709
-0.449684688875427   -0.324675405318688   90.781643627437   0.308695648574218
-0.349963151357783   -0.324027447813498   87.9872753672334   0.307023478467949
-0.250087847812078   -0.325545398829888   95.5599741566067   0.301269581721704
-0.100292086482903   -0.224509027916142   92.5072285323954   0.306446061077051
-0.000285107759203643   -0.225268158993087   92.9543110848055   0.306967213265168
0.0989527339151164   -0.224630565781822   96.7295711484411   0.312751940990799
0.19836699040128   -0.225380474643715   91.6366094783391   0.300535082143849
0.298741065931639   -0.225301095585165   96.4788613719811   0.308694272864251
-0.601196975336928   -0.224851513236706   97.2762989015005   0.306994077837492
-0.501222115360534   -0.224648619740191   93.4236133804214   0.308553142631577
-0.400390251516389   -0.224737344129113   91.0360102932147   0.305222048101359
-0.300599937338524   -0.224955161704558   100.121736336409   0.305673135614469
-0.200272904554126   -0.224850634063237   83.6393251336816   0.30412871695683
-0.0514886134529059   -0.125222684433227   91.2059688815465   0.309410433646832
0.0485486709560013   -0.124348119983979   87.2345389903334   0.307378015815764
0.148066038293032   -0.125265876245534   92.358357466953   0.303222014126385
0.247841200155985   -0.125274968151133   83.0763654101719   0.31082369201513
0.347164407594613   -0.124488643286867   90.8787271643421   0.304676920899903
-0.552806006829727   -0.125178132272856   93.1692456865157   0.303488745907507
-0.452459036040351   -0.125323104417905   93.559501886247   0.306059114049982
-0.351730500058283   -0.124827128261743   99.3124676695432   0.306206377642302
-0.252005037556817   -0.125497150231137   90.1907378829276   0.308209263376413
-0.151919006189757   -0.124222662627887   97.559899963405   0.306660462433923
