0.0064796213473364795   0   0   
0.019438864042009438   0   0   
0.032398106736682399   0   0   
0.045357349431355359   0   0   
0.058316592126028313   0   0   
0.071275834820701281   0   0   
0.084235077515374235   0   0   
0.097194320210047189   0   0   
0.11015356290472016   0   0   
0.12311280559939311   0   0   
0.13607204829406608   0   0   
0.14903129098873902   0   0   
0.16199053368341199   0   0   
0.17494977637808495   0   0   
0.18790901907275789   0   0   
0.20086826176743086   0   0   
0.21382750446210383   0   0   
0.2267867471567768   0   0   
0.23974598985144974   0   0   
0.2527052325461227   0   0   
0.26566447524079567   0   0   
0.27862371793546864   6.3736067984056224e-05   2.5659141210594956e-06   
0.29158296063014155   0.91450547044358666   0.00023264840689260475   
0.30454220332481452   23.537183558330361   0.0010685002553195621   
0.31750144601948749   10.410807202414855   0.00094729248655368961   
0.33046068871416046   0.1074836805926072   0.00012661701308710753   
0.34341993140883342   3.7778710749113379e-05   2.0448782586802659e-06   
0.35637917410350639   0   0   
0.36933841679817936   0   0   
0.38229765949285227   0   0   
0.39525690218752524   0   0   
0.40821614488219821   0   0   
0.42117538757687117   0   0   
0.43413463027154414   0   0   
0.44709387296621711   0   0   
0.46005311566089002   0   0   
0.47301235835556299   0   0   
0.48597160105023596   0   0   
0.49893084374490893   0   0   
0.51189008643958189   0   0   
0.52484932913425486   0   0   
0.53780857182892783   0   0   
0.5507678145236008   0   0   
0.56372705721827376   0   0   
0.57668629991294673   0   0   
0.58964554260761959   0   0   
0.60260478530229256   0   0   
0.61556402799696552   0   0   
0.62852327069163849   0   0   
0.64148251338631146   0   0   
0.65444175608098443   0   0   
0.66740099877565739   0   0   
0.68036024147033036   0   0   
0.69331948416500333   0   0   
0.7062787268596763   0   0   
0.71923796955434927   0   0   
0.73219721224902223   0   0   
0.7451564549436952   0   0   
0.75811569763836806   0   0   
0.77107494033304103   0   0   
0.78403418302771399   0   0   
0.79699342572238696   0   0   
0.80995266841705993   0   0   
0.8229119111117329   0   0   
0.83587115380640586   0   0   
0.84883039650107883   0   0   
0.8617896391957518   0   0   
0.87474888189042477   0   0   
0.88770812458509774   0   0   
0.9006673672797707   0   0   
0.91362660997444356   0   0   
0.92658585266911653   0   0   
0.9395450953637895   0   0   
0.95250433805846246   0   0   
0.96546358075313543   0   0   
0.9784228234478084   0   0   
0.99138206614248137   0   0   
1.0043413088371542   0   0   
1.0173005515318272   0   0   
1.0302597942265002   0   0   
1.0432190369211731   0   0   
1.0561782796158461   0   0   
1.0691375223105191   0   0   
1.082096765005192   0   0   
1.095056007699865   0   0   
1.108015250394538   0   0   
1.1209744930892109   3.8451244785263168e-08   2.5634163190175446e-08   
1.1339337357838839   6.2149296249917791e-06   2.8480680682039537e-07   
1.1468929784785569   0.00034568190434762236   1.826643642185844e-06   
1.1598522211732298   0.0095570668801083475   2.1760334308357647e-05   
1.1728114638679028   0.16707358566642304   0.0002140936837247443   
1.1857707065625758   1.6059038303658939   0.00090238397540894524   
1.1987299492572487   5.1386541583251602   0.0011425561841620702   
1.2116891919519217   5.1103263003536726   0.0021485740371481084   
1.2246484346465947   3.104013481659857   0.00072524720303913959   
1.2376076773412676   2.0843571112684668   0.00067747718863978472   
1.2505669200359406   1.657642915761282   0.00098888194900613151   
1.2635261627306136   1.7878299771961315   0.00097100085122350285   
1.2764854054252865   1.9584061611573364   0.00053774867261650159   
1.2894446481199595   1.7127127472151814   0.00030514533756984133   
1.3024038908146325   1.2086711726200099   0.0010043908095002683   
1.3153631335093054   0.93859041302544149   0.0015959376831970329   
1.3283223762039782   1.2481399359586993   0.0019218730153560818   
1.3412816188986512   2.102605912157778   0.0017867052653143873   
1.3542408615933241   3.1116851614754683   0.00044803247001942322   
1.3672001042879971   3.8610140583472755   0.0014995537566244258   
1.3801593469826701   4.2754797905143848   0.0031687854464172183   
1.393118589677343   4.4804590120510246   0.0034272847538437824   
1.406077832372016   4.3411292626971286   0.001884925383667453   
1.419037075066689   3.5605275758509219   0.00056937392968004648   
1.4319963177613619   2.2848109966401995   0.0019143725690980637   
1.4449555604560349   1.1321020404637144   0.0020989511172984892   
1.4579148031507079   0.54835724182675682   0.001761462746892439   
1.4708740458453808   0.59802221324502575   0.0017610928157696547   
1.4838332885400538   1.8469034316139455   0.0023207172161443901   
1.4967925312347268   6.1486841251253895   0.0013352468314800651   
1.5097517739293997   7.4533348831394445   0.0020428384941348475   
1.5227110166240727   3.1543773589637375   0.0012641527915430164   
1.5356702593187457   1.1545941126654971   0.0013272912785548257   
1.5486295020134186   0.57139755060673804   0.0011467717578507837   
1.5615887447080916   0.26057780902322761   0.00071455395146419341   
1.5745479874027646   0.1417623699387015   0.00043045435546457647   
1.5875072300974375   0.23062887044364155   0.0006076814220409689   
1.6004664727921105   0.55017025460673925   0.0010975329421843513   
1.6134257154867835   1.0330504140412286   0.0015913404356890107   
1.6263849581814565   1.4218198283268604   0.0013470165497815297   
1.6393442008761294   1.4298723580110615   0.00042692391337260539   
1.6523034435708024   1.0476400454436314   0.001397366479363311   
1.6652626862654751   0.55500902849534573   0.0016179881486379677   
1.6782219289601481   0.21019975584915348   0.00099046128046763219   
1.6911811716548211   0.056583270684289612   0.0003789407231718171   
1.704140414349494   0.010754606509272694   0.00010516046971358675   
1.717099657044167   0.0014586222158499041   1.977431301198136e-05   
1.73005889973884   0.00016007310808966159   4.4254783613831562e-06   
1.7430181424335129   0.00021843008631064579   4.8390503655067771e-06   
1.7559773851281859   0.0022708948325598439   2.3857211078424438e-05   
1.7689366278228589   0.021038679571310778   0.00011181027795706155   
1.7818958705175318   0.18629782679455178   0.00043427816628597777   
1.7948551132122048   1.2186429663113408   0.00087736357665797377   
1.8078143559068778   2.7645709992656521   0.00070776763912464961   
1.8207735986015507   1.5243616219288372   0.00081458349826212668   
1.8337328412962237   0.22825527997773453   0.00029885593600903305   
1.8466920839908967   0.012141979868561319   2.3310417616085919e-05   
1.8596513266855697   0.00028650236851839857   2.038091385503237e-06   
1.8726105693802426   3.0383135844853627e-06   2.2513291012909255e-07   
1.8855698120749156   5.7148327730674646e-08   2.5557509121244961e-08   
1.8985290547695886   0   0   
1.9114882974642615   0   0   
1.9244475401589345   0   0   
1.9374067828536075   0   0   
1.9503660255482804   0   0   
1.9633252682429534   0   0   
1.9762845109376264   0   0   
1.9892437536322993   0   0   
2.0022029963269721   0   0   
2.0151622390216453   0   0   
2.028121481716318   0   0   
2.0410807244109912   0   0   
2.0540399671056639   0   0   
2.0669992098003371   0   0   
2.0799584524950099   0   0   
2.0929176951896831   0   0   
2.1058769378843558   0   0   
2.118836180579029   0   0   
2.1317954232737018   2.0219043610487928e-08   2.0219043610487928e-08   
2.1447546659683749   3.5169529784708235e-07   4.0333068494687319e-08   
2.1577139086630477   3.3360207600331478e-06   2.5538615823353714e-07   
2.1706731513577204   3.4749595100711718e-05   9.4595717968651061e-07   
2.1836323940523936   0.00037494356463626345   4.5270936448113136e-06   
2.1965916367470664   0.0035513100669223087   2.5613536491485454e-05   
2.2095508794417396   0.026146489060370899   0.00011507451656593062   
2.2225101221364123   0.13583192594553997   0.00041033005175970971   
2.2354693648310855   0.47428535657885996   0.000777397719803364   
2.2484286075257582   1.1428344789650512   0.00070377913212720877   
2.2613878502204314   2.0781277821337538   0.00045736576862926867   
2.2743470929151042   3.0289812181703   0.0012882958371620731   
2.2873063356097774   3.3924791653551108   0.00067261260274126664   
2.3002655783044501   2.9919768203193143   0.0010457241511508496   
2.3132248209991233   2.5489560363474934   0.0006074257473388354   
2.326184063693796   2.3612929105061863   0.00062295671163567066   
2.3391433063884692   2.1098394360002539   0.00070396447687138474   
2.352102549083142   1.6595026995531735   0.00067499161424926413   
2.3650617917778152   1.1927673214407508   0.00042937230047597445   
2.3780210344724879   0.91307597503184583   0.0004468877142421244   
2.3909802771671611   0.84155860095352079   0.00054792075396609998   
2.4039395198618339   0.84450947779788006   0.0003377636347114246   
2.416898762556507   0.78251708932593709   0.00015810504184718257   
2.4298580052511798   0.61733319923341515   0.00051325169729150545   
2.442817247945853   0.4180129809459556   0.00082062048191556546   
2.4557764906405257   0.31731744430580403   0.001163540563882769   
2.4687357333351989   0.49358827714337062   0.0018340805541648484   
2.4816949760298717   1.0859849951930414   0.0023482152561269619   
2.4946542187245444   1.8752066992011502   0.0012878176187677613   
2.5076134614192176   2.1963152692405008   0.0010540134157801883   
2.5205727041138903   1.7080812752246099   0.0022718077202920312   
2.5335319468085635   0.95521633002858236   0.0019924969550707976   
2.5464911895032363   0.82277300802346743   0.0024281077333674261   
2.5594504321979095   1.749966729334097   0.0036454116459721517   
2.5724096748925822   2.8240849807485446   0.0017879857082362357   
2.5853689175872554   2.6831199359671851   0.0025304764517381823   
2.5983281602819281   1.9642400785910712   0.0029136314008389909   
2.6112874029766013   1.7499900611028055   0.0010437712931755527   
2.6242466456712741   1.7569935133507858   0.00035306922799104809   
2.6372058883659473   1.4924844309969403   0.00030264599018722642   
2.65016513106062   1.0037072484496917   0.00037571944482483632   
2.6631243737552932   0.58122685602801267   0.00053161268345062051   
2.676083616449966   0.44254599417708725   0.00086627828165353995   
2.6890428591446391   0.90314634399182504   0.00102720589099169   
2.7020021018393119   2.5817186533938199   0.00094017339886728244   
2.7149613445339851   2.604230930760508   0.0021363950859728645   
2.7279205872286578   2.0735795270408913   0.0017722841608349296   
2.740879829923331   2.1190536698650169   0.00065751902100618531   
2.7538390726180038   2.1474527376631922   0.0010898583803422942   
2.7667983153126769   1.8595672018508555   0.0026856934701099257   
2.7797575580073497   1.4566372887889056   0.0031630170444656549   
2.7927168007020229   1.3418323506684158   0.0025167582574307703   
2.8056760433966956   1.555909681444813   0.0014056865117955244   
2.8186352860913688   1.7676971214708871   0.00033379214086443116   
2.8315945287860416   1.7887967090938775   0.001374737931858832   
2.8445537714807143   1.8405226777100011   0.0012289041325231155   
2.8575130141753875   2.0985188571060965   0.00041743551584095004   
2.8704722568700602   2.0724097328352193   0.00072670718212870637   
2.8834314995647334   1.4209234101271778   0.001101245084466776   
2.8963907422594062   0.68413032879846027   0.0003242903009621746   
2.9093499849540794   0.26732387597416876   0.00036457158755306972   
2.9223092276487521   0.092907538265016296   0.00032425244122154664   
2.9352684703434253   0.027836573334341744   0.00014518506781257495   
2.9482277130380981   0.0093936592562527187   5.4972589303878036e-05   
2.9611869557327712   0.020264345328921378   8.4677398058268635e-05   
2.974146198427444   0.10174011491031959   0.00029905774109412837   
2.9871054411221172   0.39152338066986323   0.00065320325833586773   
3.0000646838167899   2.593727625198805   0.0020318315908448002   
3.0130239265114631   3.7672407503170623   0.0021057168290702712   
3.0259831692061359   1.7987969701275881   0.0014978345948214902   
3.038942411900809   0.89823822727495077   0.00047191532270668047   
3.0519016545954818   0.58651333613059275   0.0010893228179313142   
3.064860897290155   0.33778050797308086   0.0012224117215990323   
3.0778201399848277   0.14924890312704522   0.00085286302156528679   
3.0907793826795009   0.049424392301565478   0.00040054566068687634   
3.1037386253741737   0.012221829942424683   0.00014079388886885765   
3.1166978680688469   0.0022671925923712519   3.8062397729645627e-05   
3.1296571107635196   0.00032066948970326662   7.3617128529867964e-06   
3.1426163534581928   3.5098216959071141e-05   1.3159035047606411e-06   
3.1555755961528655   3.0323583310530129e-06   2.6139657480108957e-07   
3.1685348388475383   1.4283575900292547e-07   3.2777025612792062e-08   
3.1814940815422115   6.7739972992367906e-09   6.7739972992367906e-09   
3.1944533242368842   6.7465165799701104e-09   6.7465165799701104e-09   
3.2074125669315574   7.3911837198339204e-08   2.9116784350860898e-08   
3.2203718096262302   1.7399768515504401e-06   2.9509910488535996e-07   
3.2333310523209033   2.7334789570676369e-05   1.9052736882046592e-06   
3.2462902950155761   0.00033294848435668634   7.205807379113545e-06   
3.2592495377102493   0.0031075791123974928   2.6765835723523428e-05   
3.272208780404922   0.020425133719558475   9.9198303827928511e-05   
3.2851680230995952   0.096916918393729734   0.00028054011712635916   
3.298127265794268   0.5007001615303788   0.00056676122158573283   
3.3110865084889411   1.562995355173865   0.00050171526498674275   
3.3240457511836139   0.88900290290599491   0.00076352355761057898   
3.3370049938782871   0.1640746513841203   0.00035830595941109522   
3.3499642365729598   0.01423703461074666   4.8205823694275998e-05   
3.362923479267633   0.00066615499882308939   2.5260961650905809e-06   
3.3758827219623058   2.7559468432505501e-05   4.4332007838539247e-07   
3.388841964656979   8.3716814760138014e-05   9.3076289385301981e-07   
3.4018012073516517   0.00064039116338740473   2.5170461728075311e-06   
3.4147604500463249   0.0037283059122617397   1.0208474688549254e-05   
3.4277196927409976   0.016558876869707673   3.7235372094771522e-05   
3.4406789354356708   0.056434725602715139   8.0397393638528577e-05   
3.4536381781303436   0.14858915558173831   0.00014761547651243875   
3.4665974208250168   0.30838931434450533   0.00024879334827420005   
3.4795566635196895   0.52342723210783192   0.00037212325516211088   
3.4925159062143623   0.77614271388305527   0.00049949567912894598   
3.5054751489090354   1.1012206890377913   0.00092946289987166043   
3.5184343916037082   1.5681123680695029   0.0012159269430781541   
3.5313936342983814   2.1552747994964618   0.0011459549378662633   
3.5443528769930541   2.6863801393814567   0.00058371554450054519   
3.5573121196877273   2.9835021865116826   0.0010620392576815463   
3.5702713623824001   3.0712773019181738   0.0021244043183200231   
3.5832306050770732   3.1010672638291648   0.0026315010681683802   
3.596189847771746   3.0891862827432561   0.0017057042018393381   
3.6091490904664192   2.9446421978869332   0.00059774917036973235   
3.6221083331610919   2.548421597581509   0.0012251844494474625   
3.6350675758557651   1.7943835882371562   0.00053840785623914223   
3.6480268185504379   1.0980412382840657   0.0007002280632995401   
3.6609860612451111   1.0827292972396015   0.0015790841186659421   
3.6739453039397838   1.2539290887052266   0.00022053525969904171   
3.686904546634457   0.87987731137078123   0.0018483894383049149   
3.6998637893291297   0.64121719501605502   0.0014532337832452292   
3.7128230320238029   0.90889046053557427   0.0012048085999690964   
3.7257822747184757   1.3787702181254726   0.0013281401117638785   
3.7387415174131489   1.7027040114452981   0.00070305260087584329   
3.7517007601078216   1.6370050668417614   0.00063873905449921935   
3.7646600028024948   1.2038193084371787   0.0011557476027489753   
3.7776192454971675   0.67028339562255662   0.00099632748258477929   
3.7905784881918407   0.2824749858468026   0.00052865143028597172   
3.8035377308865135   0.095884853077982037   0.00023368314062615477   
3.8164969735811862   0.062135852559762337   0.00032345235878997027   
3.8294562162758594   0.19176379825515736   0.00099698141421931519   
3.8424154589705322   0.58363865709262651   0.0021185129759152599   
3.8553747016652054   1.1946532479744677   0.0021259734913422259   
3.8683339443598781   1.719847037159555   0.00070037916210135826   
3.8812931870545513   2.0288513849608942   0.0037732082852185769   
3.894252429749224   2.1744269382779628   0.0034304554165956627   
3.9072116724438972   1.8593316868543584   0.00068557125997095236   
3.92017091513857   1.1306934826737192   0.00077738324188232958   
3.9331301578332432   0.67972083178421314   0.00060299262166196309   
3.9460894005279159   0.87655299490249473   0.00041087795372498512   
3.9590486432225891   1.8195186400888571   0.0028349247925189789   
3.9720078859172618   2.9075311836052086   0.0027064175753316613   
3.984967128611935   2.6233139474351928   0.0016200118778781234   
3.9979263713066078   1.563483865831208   0.0013311299105221569   
4.010885614001281   1.0274280425403538   0.0005089800447576217   
4.0238448566959537   0.84615327949693459   0.00031601102704520513   
4.0368040993906265   0.70127790368486819   0.00046572615442419263   
4.0497633420853001   0.58894148364457246   0.0011952183147251358   
4.0627225847799728   0.59513473404158029   0.0015801573085119808   
4.0756818274746456   0.73707571319374466   0.0013979109382874054   
4.0886410701693183   0.9277481625981397   0.00062059762264416158   
4.101600312863992   1.0638851403398952   0.00075618778247722057   
4.1145595555586647   1.1346848986705786   0.0022206685879466962   
4.1275187982533375   1.1689852903276628   0.0024611335337029158   
4.1404780409480102   1.1199276578948114   0.00090564245431295907   
4.1534372836426829   1.0065293211334321   0.0016151337523214927   
4.1663965263373566   1.0060334515862738   0.0022842314791231556   
4.1793557690320293   1.1509051627317122   0.00055925072426059201   
4.1923150117267021   1.4773225653512775   0.0014757302500456555   
4.2052742544213748   2.2674515091768022   0.0022116292887803196   
4.2182334971160484   2.4353518602729116   0.0012020453840328124   
4.2311927398107212   1.8362028582939208   0.00062579363167873406   
4.2441519825053939   1.3463922699494512   0.00039043228795649847   
4.2571112252000667   1.0853444313390364   0.00069959520126897456   
4.2700704678947403   1.1483910812355249   0.0011020794788840217   
4.2830297105894131   1.0451765580689537   0.00070955271906166541   
4.2959889532840858   0.51227703736356717   0.0016470884033389849   
4.3089481959787586   0.12484401684438329   0.00073776053984001239   
4.3219074386734322   0.016997862016267853   0.00014291576542419968   
4.3348666813681049   0.0016286970491478249   1.4548971799249758e-05   
4.3478259240627777   0.00059963759259327439   5.0792378304959239e-06   
4.3607851667574504   0.0025058419123136195   2.5737765754211003e-05   
4.3737444094521241   0.011071549741288023   9.4791712404242374e-05   
4.3867036521467968   0.040199713163719379   0.00025963334803240468   
4.3996628948414696   0.11441957498306053   0.00060652664039212399   
4.4126221375361423   0.24946348359551139   0.00094757605017595451   
4.4255813802308159   0.4107842122673542   0.0010311607600792479   
4.4385406229254887   0.50833107676310209   0.0004247712123432464   
4.4514998656201614   0.47435069483940543   0.00048462766195685525   
4.4644591083148342   0.34019819300710126   0.0010468500954462978   
4.4774183510095078   0.22386709582110638   0.0010543843037640487   
4.4903775937041805   0.36697694637348347   0.00098883957135533294   
4.5033368363988533   1.3088331713743632   0.0012633721384327776   
4.516296079093526   2.0001820049739225   0.00071214363409835328   
4.5292553217881988   0.95997185524172144   0.0013182271646141863   
4.5422145644828724   0.18384659839213228   0.00054228734312911179   
4.5551738071775452   0.046879659353591326   0.00017041140552721592   
4.5681330498722179   0.081305996262768424   0.00021570329667243639   
4.5810922925668907   0.17108308557867165   0.00030736384919869667   
4.5940515352615643   0.30370059701303482   0.00037897510849027769   
4.607010777956237   0.46330979297172909   0.00026653494310184838   
4.6199700206509098   0.63049245654158968   0.00026734073645571936   
4.6329292633455825   0.79156522341155226   0.00033061584748974801   
4.6458885060402562   0.9261539861914451   0.00042998262626623356   
4.6588477487349289   0.99410544832121786   0.0003954902223908198   
4.6718069914296017   0.9582275315193409   0.00040793081930002992   
4.6847662341242744   0.83187803435542888   0.00035533733976423587   
4.697725476818948   0.68295984204327282   0.00028989302749100849   
4.7106847195136208   0.58282417330992523   0.00018171742684752022   
4.7236439622082935   0.56482256628707003   0.00020720935265151012   
4.7366032049029663   0.63437509459316746   0.00069387795935052763   
4.7495624475976399   0.76919007753169851   0.00093927445131107452   
4.7625216902923126   0.8890515565835241   0.00055247424069621703   
4.7754809329869854   0.93110135195869408   0.00015077205697305559   
4.7884401756816581   0.99551561375654903   0.00028389442246371023   
4.8013994183763318   1.3788041922290107   0.00030755457024217169   
4.8143586610710045   2.1059703941033125   0.00040210263724403075   
4.8273179037656773   2.2025249672360491   0.00083673870225761903   
4.84027714646035   2.0748266681237195   0.00024045950899562781   
4.8532363891550228   2.2398202093417457   0.00028973375786540157   
4.8661956318496964   2.1707670323159711   0.00077232923805894325   
4.8791548745443691   1.7338476127103439   0.00081346568028627812   
4.8921141172390419   1.2634850277504693   0.00026618706298652208   
4.9050733599337146   0.99272590192050285   0.0011884673292954407   
4.9180326026283883   0.9388017581739005   0.0017963641953172781   
4.930991845323061   1.0437802852466306   0.0020983630960042449   
4.9439510880177338   1.2231479883786717   0.0018774815986190062   
4.9569103307124065   1.3565224651902151   0.0007436100311536485   
4.9698695734070801   1.3591258336876487   0.0014247004699286863   
4.9828288161017529   1.303769060896454   0.0033860171485358807   
4.9957880587964256   1.3415651622195271   0.0038628098275598957   
5.0087473014910984   1.4459120884971863   0.0024389784715546954   
5.021706544185772   1.4500256247516921   0.00066328234849285829   
5.0346657868804447   1.3615534121911351   0.00029525362145275036   
5.0476250295751175   1.381968339368315   0.00057803712569687292   
5.0605842722697902   1.549137394463363   0.0014750157797050797   
5.0735435149644639   1.5124901102212503   0.0027494310379652003   
5.0865027576591366   1.1292799040103805   0.0027513899217539949   
5.0994620003538094   0.82933226691787038   0.0020904432507457865   
5.1124212430484821   1.0294153918297699   0.0024842302047956004   
5.1253804857431557   1.5420808344388145   0.0022257389685343907   
5.1383397284378285   1.6892289598469741   0.00070925926233037283   
5.1512989711325012   1.4637224129237458   0.0011338644304884469   
5.164258213827174   0.98670179201448771   0.0027710836526872131   
5.1772174565218467   0.5319073416576013   0.0020381812785420868   
5.1901766992165204   0.46648684125791612   0.00049671495663863607   
5.2031359419111931   0.78140526790222018   0.0011052686884765305   
5.2160951846058659   1.1952628884974045   0.00018740269055780682   
5.2290544273005386   1.4222447781179694   0.0022964128652036299   
5.2420136699952122   1.3912382682774431   0.0031718624598502193   
5.254972912689885   1.1963701059321899   0.0017414213108008901   
5.2679321553845577   0.89969349108546813   0.00054175847313207116   
5.2808913980792305   0.55086755444476257   0.0014927561019939419   
5.2938506407739041   0.27374688830219818   0.0010815240666525521   
5.3068098834685768   0.17661341117426987   0.00024341050594449029   
5.3197691261632496   0.30176376578429139   0.00098356576816535376   
5.3327283688579223   0.71713884927539629   0.0017688337740822456   
5.345687611552596   1.3466711809090494   0.0013085550938017251   
5.3586468542472687   1.6071003465389573   0.0011431470771407697   
5.3716060969419415   1.1539744706436357   0.0020137398680551755   
5.3845653396366142   0.58800996481950879   0.0014192498370771791   
5.3975245823312878   0.44614626879215636   0.001249419028131915   
5.4104838250259606   0.94420758706932499   0.002844800151762066   
5.4234430677206333   2.1507723367908776   0.003767097478136614   
5.4364023104153061   2.8393858722026492   0.0012053769675096123   
5.4493615531099797   2.2805099482814449   0.0037864847989982216   
5.4623207958046525   1.6761597173033703   0.0018510007387678039   
5.4752800384993252   1.3699128879687086   0.00021443755285493734   
5.488239281193998   1.0702346348729877   0.00026167347224321503   
5.5011985238886707   0.69701675045435952   0.00027952212296645384   
5.5141577665833443   0.36220659971069989   0.000487580845514038   
5.5271170092780171   0.16391494205552901   0.00049422029451129896   
5.5400762519726898   0.10291952968148456   0.00053147386705167243   
5.5530354946673626   0.13550598643180984   0.00066912016573988617   
5.5659947373620362   0.22477849591987219   0.00066719403422871506   
5.578953980056709   0.34899754898847655   0.00028828972465025634   
5.5919132227513817   0.50696451031953964   0.00066806413558570855   
5.6048724654460544   0.72385410363755156   0.0015206234443745291   
5.6178317081407281   1.0248922591546691   0.0016222935496165899   
5.6307909508354008   1.3438092153998849   0.00095118853545248114   
5.6437501935300736   1.4142998942983808   0.0006103405894209704   
5.6567094362247463   1.0466336568482503   0.00034685473861575021   
5.6696686789194199   0.53107482887858303   0.00084544493524728781   
5.6826279216140927   0.22921514216345515   0.00087936067256456418   
5.6955871643087654   0.25433816929332648   0.00060485546490365068   
5.7085464070034382   0.73125330600101956   0.00090117704726677018   
5.7215056496981118   1.0280275171675773   0.0010801312202891999   
5.7344648923927846   0.95282559736032816   0.00054577019681669155   
5.7474241350874573   0.62741396168700133   0.0013727284086390748   
5.7603833777821301   0.24173686660713144   0.0011216662150450209   
5.7733426204768037   0.14581889793693701   0.00041617475285873384   
5.7863018631714764   0.25635427748132496   0.00032666270442095488   
5.7992611058661492   0.48735366765323735   0.00037285720909668526   
5.8122203485608219   0.82097167518139407   0.00045048913699891908   
5.8251795912554947   1.21692888283191   0.00062688644282234973   
5.8381388339501683   1.5813459147395744   0.00074295563771869337   
5.8510980766448411   1.8000500949387072   0.00070197401382660261   
5.8640573193395138   1.8179773128186004   0.00039610143031819855   
5.8770165620341865   1.6753123313864646   0.00027107863616825766   
5.8899758047288602   1.452059995980554   0.00034015885904520035   
5.9029350474235329   1.1956440803148586   0.0003428612586782486   
5.9158942901182057   0.91705437730354122   0.00039841815595091565   
5.9288535328128784   0.63689903783312198   0.00057754299945602853   
5.941812775507552   0.40773942636644017   0.00062996262883946618   
5.9547720182022248   0.29132339814378171   0.00059733890194670741   
5.9677312608968975   0.32719101412866135   0.0005988179295231193   
5.9806905035915703   0.51305536836516399   0.00050238049673371822   
5.9936497462862439   0.82327108136377871   0.00072005116893191417   
6.0066089889809167   1.4066711232258019   0.0024918264095571001   
6.0195682316755894   1.7854734740042825   0.00088931752789793437   
6.0325274743702622   1.0457029042759016   0.0013075017722248036   
6.0454867170649358   0.32786839429766304   0.00080040523675944909   
6.0584459597596085   0.1018081775676173   0.00040686495997446769   
6.0714052024542813   0.062491901448772515   0.00026188359943766646   
6.084364445148954   0.092011105776007516   0.00020603226511578739   
6.0973236878436277   0.19149185643252744   0.00010446850483972483   
6.1102829305383004   0.39635740237228722   0.00049131697507176156   
6.1232421732329732   0.71765457859844952   0.00088613368206385197   
6.1362014159276459   1.0548012701921233   0.00037549048714508061   
6.1491606586223186   1.256228735627871   0.0010364740025335118   
6.1621199013169923   1.2990039370732001   0.0017296005832870552   
6.175079144011665   1.2705599843115786   0.0015496041387412392   
6.1880383867063378   1.2310703629415827   0.00084237530226119571   
6.2009976294010105   1.2298474410569517   0.00052726533789671142   
6.2139568720956841   1.3141476877068174   0.0014437180688870856   
6.2269161147903569   1.3256429503436319   0.00080994570292938938   
6.2398753574850296   1.0567754812327246   0.00050000901331014808   
6.2528346001797024   0.67629405944021077   0.00035122092580268833   
6.265793842874376   0.43748127745857165   0.00061053478952791207   
6.2787530855690488   0.37686489513397983   0.0011726356944878154   
6.2917123282637215   0.4786082165798894   0.0014139936994000412   
6.3046715709583943   0.80594808252972523   0.0015190019375083326   
6.3176308136530679   1.3708949739678207   0.001570482813414864   
6.3305900563477406   1.4020693660134108   0.0010687347630626197   
6.3435492990424134   1.0228532246500077   0.00032631657687772237   
6.3565085417370861   0.74491057820942857   0.00086031368544139002   
6.3694677844317598   0.52969877327891866   0.0010863022148350401   
6.3824270271264325   0.41165504442980046   0.00036741774089037275   
6.3953862698211053   0.51254254153900513   0.0014591559607959396   
6.408345512515778   0.73400891730141599   0.001087540900856083   
6.4213047552104516   0.43686560508684397   0.0041269170496837193   
6.4342639979051244   0.071418372244760837   0.00088526970155772372   
6.4472232405997971   0.090067026016980709   0.00044125524975813087   
6.4601824832944699   0.16936115340701172   0.00067166495374165917   
6.4731417259891426   0.26012269629855066   0.00069097726770683706   
