0.42972788892272645   11.115967772741822  0.01162267390419392
0.85945577784545291   6.0126668327283234  0.022230611782604422
1.2891836667681793   1.0085670265137004  0.004799748825248166
1.7189115556909058   0.022025512956324464  0.00066135256437834318
2.1486394446136323   0.011805185595442569  0.00033273340163568692
2.5783673335363586   0.073739353210370522  0.0017901760214707256
3.0080952224590853   0.13273321885335961  0.0018394128451209983
3.4378231113818116   0.063061795875202633  0.00079103156739530599
3.8675510003045379   0.16684624451765182  0.0039314834863231104
4.2972788892272646   0.4851608821169869  0.0016640629801267637
4.7270067781499909   0.67720913929052241  0.0070112935308497134
5.1567346670727172   0.20868845253156697  0.0044801076998479928
5.5864625559954435   2.27755667473423  0.0156319395154432
6.0161904449181707   0.13259926432152452  0.00080064083167421095
6.445918333840897   0.073912277827658758  0.0010928653378938393
6.8756462227636232   0.024378707672028001  0.00037084792432747317
7.3053741116863495   0.054229702809827539  0.00063642647650444978
7.7351020006090758   0.071789041754857567  0.0010033304395757784
8.1648298895318021   0.15221336700729712  0.0015424462069415185
8.5945577784545293   0.055253438077192678  0.00030488988214151114
9.0242856673772547   0.09280780343230534  0.00046593713202495367
9.4540135562999819   0.091446087002845734  0.00060467731609329091
9.883741445222709   0.078183101553463895  0.00063400341628596977
10.313469334145434   0.081226908439174791  0.0013965649692778646
10.743197223068162   0.062338287292160562  0.0010110703088778255
11.172925111990887   0.031176126804838063  0.0001849332664886622
11.602653000913614   0.13816523249255488  0.0018854503865770606
12.032380889836341   0.28561182264348247  0.0045182612998510276
12.462108778759067   0.13197235756515135  0.0017046518362871237
12.891836667681794   0.085682406129095916  0.0012402790194089983
13.321564556604519   0.048167163380282221  0.00036605662079879399
13.751292445527246   0.16044150858682524  0.0013147355124014416
14.181020334449974   0.14385507067222227  0.0019812878999426487
14.610748223372699   0.14138787759222632  0.0012524216675986357
15.040476112295426   0.12595983980945391  0.0004383263391455287
15.470204001218152   0.10259382949742282  0.00016107862071174917
15.899931890140879   0.10221246375581197  0.00032333311308875875
16.329659779063604   0.17619199849539187  0.0014324112677173119
16.759387667986331   0.21290788158177325  0.0024232333801885559
17.189115556909059   0.13526622078666398  0.00092097059869355063
17.618843445831786   0.081118397439628974  0.0002965206893063949
18.048571334754509   0.066827329710644148  0.00014495956408755244
18.478299223677237   0.10096503940179067  0.00034093993460674848
18.908027112599964   0.14545058631804242  0.00067963864163702193
19.337755001522691   0.30974251427494584  0.0048944642423744931
19.767482890445418   0.43343073712853186  0.0094239115309970714
20.197210779368142   0.24890597308505311  0.0043861102546434408
20.626938668290869   0.16452554489452142  0.00060415995278600495
21.056666557213596   0.44885984944276405  0.005827057382301211
21.486394446136323   0.37291075380044263  0.0051326647508988442
21.91612233505905   0.49726541456223979  0.0049784442714974231
22.345850223981774   1.127184237200866  0.004462841233376112
22.775578112904501   2.0053167880527648  0.011276167033450256
23.205306001827228   0.86541518466698387  0.0061948854320054718
23.635033890749956   0.34564028832440762  0.0046092371923993575
24.064761779672683   0.15902402359583199  0.00076610275179598836
24.494489668595406   0.14425605309500905  0.00031312722861102872
24.924217557518134   0.18096022835943373  0.00026537998292317508
25.353945446440861   0.29657803361082977  0.00049152712141786994
25.783673335363588   0.3280361531528052  0.0033332054083808604
26.213401224286315   0.33814313888049467  0.0019783350419747713
26.643129113209039   0.15648419459135603  0.00047956010445877304
27.072857002131766   0.21033600289032086  0.001568133217373649
27.502584891054493   0.34651521541740262  0.0060726979275303117
27.93231277997722   0.17099705376083567  0.0011720460034939591
28.362040668899947   0.91673991873080175  0.011136511330827154
28.791768557822671   0.16489965243408433  0.0010019148416833953
29.221496446745398   0.18593161949509023  0.0024189092696393236
29.651224335668125   0.20170909971740839  0.001185560871713618
30.080952224590852   0.2959556492218899  0.00096034560329602362
30.51068011351358   0.94517281048596421  0.0084177056990017121
30.940408002436303   4.3934923204153673  0.034222516075472047
31.37013589135903   5.2255322902386234  0.02963800288380518
31.799863780281758   0.79054737126505853  0.0078530832071955744
32.229591669204481   0.28746536262660545  0.0014456840075444715
32.659319558127208   0.20891015366511357  0.0014276211172173291
33.089047447049936   0.14477157105333259  0.00066772242227743473
33.518775335972663   0.11968214591515505  0.00044198498864427208
33.94850322489539   0.24535689966196187  0.0042199277459111516
34.378231113818117   0.49029258505831644  0.0031987927756526604
34.807959002740844   0.94865022297510343  0.006751176459075022
35.237686891663571   0.23359395829191573  0.00048676232396161116
35.667414780586299   0.26647156922100069  0.00089948906764946065
36.097142669509019   0.35348431036969644  0.00050690539013061129
36.526870558431746   0.41932058659584515  0.0012902942065747732
36.956598447354473   0.52468224302731378  0.0011994098530221776
37.3863263362772   0.3703062814208499  0.00095527427233436925
37.816054225199927   0.30349350765927461  0.0004041065759943524
38.245782114122655   0.30160583820531957  0.0012343485017438477
38.675510003045382   0.35267375419934667  0.0018056779847043522
39.105237891968109   0.34508292606198827  0.0036478816865168678
39.534965780890836   0.98463775662172981  0.0054090493920588377
39.964693669813563   18.343437876657389  0.10640762213250578
40.394421558736283   15.616503341026894  0.097506883287514975
40.824149447659011   1.1153399903134869  0.0097512208595189942
41.253877336581738   0.55215063878265072  0.0011070415036571559
41.683605225504465   0.45963468239678174  0.0005232955794798117
42.113333114427192   0.36579461386452133  0.00056969471322452457
42.543061003349919   0.36345063697087518  0.00064514677985791401
42.972788892272646   0.36573891655130625  0.0006909929538904532
