-0.0221139   -0.0093835     0
-0.0213177   0.0143557     0
0.0783526   0.0142279     1
0.0781428   -0.00934522     1
0.177056   -0.00763167     2
0.177205   0.0161556     2
0.276937   -0.0078511     3
0.278843   0.0159349     3
0.377113   0.015279     4
0.378919   -0.00805589     4
0.479803   -0.0073064     5
0.476174   0.0158618     5
-0.423652   -0.00745191     6
-0.420059   0.0160087     6
-0.322341   0.0156408     7
-0.321948   -0.00846384     7
-0.221958   -0.00865995     8
-0.220978   0.0152108     8
-0.119743   0.0155159     9
-0.122905   -0.00816141     9
0.0277866   0.0911354     10
0.0279933   0.115093     10
0.125999   0.0916065     11
0.12937   0.115206     11
0.22887   0.0921411     12
0.226923   0.115425     12
0.328594   0.115873     13
0.328073   0.0920135     13
0.427913   0.116068     14
0.428555   0.0921388     14
0.528139   0.0918539     15
0.528085   0.115656     15
-0.373856   0.11645     16
-0.370877   0.0929529     16
-0.270801   0.0906595     17
-0.272887   0.113774     17
-0.172326   0.115193     18
-0.170476   0.0913117     18
-0.0703891   0.115075     19
-0.071622   0.0918779     19
0.0773038   0.215034     20
0.0773723   0.19163     20
0.177062   0.215431     21
0.176905   0.191578     21
0.274816   0.216172     22
0.277879   0.192279     22
0.375119   0.215511     23
0.377628   0.192148     23
0.475406   0.216441     24
0.478182   0.192526     24
0.578472   0.215847     25
0.576588   0.19235     25
-0.323144   0.190905     26
-0.321307   0.214627     26
-0.222721   0.190653     27
-0.221054   0.214467     27
-0.1214   0.190518     28
-0.122999   0.214606     28
-0.0212373   0.191799     29
-0.0233284   0.215499     29
0.128315   0.314863     30
0.126181   0.291329     30
0.227306   0.316472     31
0.227352   0.292689     31
0.325875   0.292304     32
0.328296   0.315874     32
0.427384   0.315849     33
0.425901   0.291687     33
0.527657   0.291764     34
0.526974   0.315561     34
0.62662   0.315245     35
0.629885   0.291882     35
-0.271266   0.291199     36
-0.273029   0.315074     36
-0.171907   0.314262     37
-0.172184   0.290618     37
-0.0730238   0.291394     38
-0.0713246   0.315301     38
0.0264806   0.315632     39
0.0278076   0.291817     39
0.177521   0.392285     40
0.178091   0.416183     40
0.277391   0.416509     41
0.279002   0.392738     41
0.377787   0.416455     42
0.37941   0.392836     42
0.47965   0.41562     43
0.477996   0.391778     43
0.577127   0.415301     44
0.579248   0.391673     44
0.678554   0.391802     45
0.678432   0.415801     45
-0.221859   0.390709     46
-0.22176   0.414611     46
-0.122003   0.390435     47
-0.120683   0.414241     47
-0.0228377   0.392376     48
-0.0197177   0.416305     48
0.0794737   0.392278     49
0.0773427   0.415748     49
-0.27233   -0.484324     50
0.227447   0.491952     50
0.326834   0.491433     51
-0.171057   -0.484765     51
0.430298   0.491912     52
-0.0728866   -0.484275     52
0.529238   0.491991     53
0.0281633   -0.483759     53
0.627497   0.491968     54
0.128315   -0.484254     54
0.728695   0.490913     55
0.227636   -0.485278     55
-0.673409   -0.485841     56
-0.170111   0.490458     56
-0.572682   -0.484767     57
-0.0712483   0.491316     57
0.02885   0.493105     58
-0.472501   -0.483573     58
0.128554   0.491285     59
-0.373052   -0.485066     59
-0.222225   -0.408501     60
-0.22447   -0.384925     60
-0.123583   -0.407852     61
-0.122179   -0.38421     61
-0.0229759   -0.384707     62
-0.0218708   -0.408369     62
0.078763   -0.408034     63
0.0766261   -0.384555     63
0.178666   -0.408729     64
0.177575   -0.385008     64
0.278145   -0.409273     65
0.278176   -0.38505     65
-0.621872   -0.409151     66
-0.622944   -0.385438     66
-0.522891   -0.408262     67
-0.522009   -0.384659     67
-0.423376   -0.38306     68
-0.421619   -0.407145     68
-0.323048   -0.384672     69
-0.322887   -0.409117     69
-0.17278   -0.309525     70
-0.172238   -0.285845     70
-0.0733988   -0.284591     71
-0.0719807   -0.307959     71
0.0277627   -0.284825     72
0.0270162   -0.308187     72
0.128163   -0.308517     73
0.12752   -0.285263     73
0.22789   -0.284786     74
0.227606   -0.308628     74
0.32781   -0.285344     75
0.327369   -0.309149     75
-0.572866   -0.308544     76
-0.573825   -0.284458     76
-0.473031   -0.308314     77
-0.472434   -0.284354     77
-0.371963   -0.308124     78
-0.371973   -0.284698     78
-0.272043   -0.308555     79
-0.271892   -0.284546     79
-0.123075   -0.208973     80
-0.121074   -0.185165     80
-0.0223446   -0.185014     81
-0.0220038   -0.208955     81
0.0797021   -0.185444     82
0.0776365   -0.20918     82
0.177196   -0.208221     83
0.179941   -0.184967     83
0.277292   -0.208822     84
0.279579   -0.185069     84
0.377776   -0.184266     85
0.377636   -0.207797     85
-0.522099   -0.20843     86
-0.522716   -0.185224     86
-0.423601   -0.183367     87
-0.421058   -0.20784     87
-0.321797   -0.208604     88
-0.321717   -0.184648     88
-0.222908   -0.184776     89
-0.221112   -0.208097     89
-0.0728621   -0.0850353     90
-0.0717345   -0.108995     90
0.0278188   -0.0851642     91
0.0285795   -0.108911     91
0.128197   -0.109089     92
0.128939   -0.0856164     92
0.230367   -0.107848     93
0.226358   -0.0847008     93
0.327005   -0.107654     94
0.328925   -0.0840415     94
0.428128   -0.0841792     95
0.42783   -0.107603     95
-0.473514   -0.107923     96
-0.47139   -0.0841712     96
-0.370585   -0.108276     97
-0.373606   -0.0847598     97
-0.272607   -0.0840111     98
-0.272137   -0.107571     98
-0.172185   -0.0848651     99
-0.172143   -0.108423     99
