0.46400628289657042   97.633005109963138  0.019348335739362498     
0.92801256579314084   2.1929753617516599  0.0029534191244824846     
1.3920188486897112   9.9380063343004847  0.012972660856164636     
1.8560251315862817   2.4556122666664241  0.0087105663845942046     
2.3200314144828522   2.6368942053625576  0.0056697582643678388     
2.7840376973794223   2.5905147712400047  0.011585402327883812     
3.2480439802759928   0.644200218734987  0.0021899806851379824     
3.7120502631725634   2.5404921687696316  0.011899567368053355     
4.1760565460691339   0.056675662776869063  0.00034275250106855713     
4.6400628289657044   2.4567656972318113  0.012186257013792454     
5.104069111862275   0.094276401580830793  0.00048374993340506946     
5.5680753947588446   2.434219567227093  0.013126737785964851     
6.0320816776554151   0.74344762484867194  0.0028166372342180466     
6.4960879605519857   2.3589217293804459  0.013274171435220283     
6.9600942434485562   2.7542246531260377  0.0088608084043787247     
7.4241005263451267   2.0830537890738166  0.0093311808346159718     
7.8881068092416973   9.8148197702934473  0.02129732717493601     
8.3521130921382678   1.5843822277350563  0.0027314671272744541     
8.8161193750348374   90.890164928660995  0.043155080383842612     
9.2801256579314089   194.58162177913088  0.0053319316609989939     
9.7441319408279785   99.220689201411989  0.012355879741092034     
10.20813822372455   2.7961896532167278  0.0030071163448149059     
10.67214450662112   9.5293389066511285  0.003780912401888947     
11.136150789517689   2.7300129851269182  0.0069178391704554699     
11.600157072414261   2.3887814857171793  0.0031442506620976089     
12.06416335531083   2.6973789239773502  0.0083493719187280928     
12.528169638207402   0.52820120285304145  0.0017690485051371549     
12.992175921103971   2.523845042232646  0.0092073770385996228     
13.456182204000543   0.041363380151222787  0.00024523030503844368     
13.920188486897112   2.3438437352557443  0.010694192317913507     
14.384194769793684   0.14982282438747417  0.00065553322448429826     
14.848201052690253   2.2235107951772541  0.012725681496346578     
15.312207335586823   0.81222401647514633  0.0034365286898574336     
15.776213618483395   2.0399680734557899  0.013317630003106427     
16.240219901379966   2.7243272327464559  0.011427017957150121     
16.704226184276536   1.6687162925966831  0.0087953409472828992     
17.168232467173105   9.1818788900645146  0.027124802387124824     
17.632238750069675   1.0499918698657008  0.0022248052415978579     
18.096245032966248   80.044430310045996  0.061384169907162658     
18.560251315862818   179.20463978010931  0.019533236029822523     
19.024257598759387   95.420690108796629  0.037790161161578882     
19.488263881655957   3.3068400815636025  0.0034288667938328222     
19.952270164552527   8.6588400606699045  0.0057367126419822914     
20.4162764474491   2.8663168738226924  0.0045113377455092868     
20.88028273034567   2.0515279908293846  0.0033622238565772296     
21.344289013242239   2.6657257837451161  0.0040540174674891809     
21.808295296138809   0.41486202980856915  0.0015307154122955243     
22.272301579035378   2.3896010833976461  0.0056765606361209669     
22.736307861931952   0.051712586848751574  0.00019893625483237768     
23.200314144828521   2.1392925166733324  0.0080575477700949441     
23.664320427725091   0.21890721521396857  0.00085259634155868528     
24.128326710621661   1.9456097274803517  0.010935656654211247     
24.592332993518234   0.845907920656594  0.0037738193964532826     
25.056339276414803   1.684779033043398  0.011981955653949797     
25.520345559311373   2.5600289558880526  0.012727460904651086     
25.984351842207943   1.2713730974737486  0.007418617208647501     
26.448358125104512   8.146936005271537  0.029620976666148328     
26.912364408001086   0.64505932391294717  0.0015662454694850624     
27.376370690897655   66.696129963986405  0.071647905269086795     
27.840376973794225   156.26875922759249  0.037966817942546354     
28.304383256690794   86.876666202531212  0.060467089583990754     
28.768389539587368   3.6509810136496616  0.004657278384165555     
29.232395822483937   7.4691999573239755  0.012568256455197066     
29.696402105380507   2.8509044765993494  0.0036062502329163347     
30.160408388277077   1.6804724154500287  0.0047405047149899881     
30.624414671173646   2.5083583846349545  0.0010397044655036443     
31.088420954070219   0.32394419022744907  0.0013027396757304112     
31.552427236966789   2.1648753285713321  0.0029329578038324029     
32.016433519863362   0.089038295301616859  0.00019041981377206119     
32.480439802759932   1.8795323309637753  0.0049027253332227627     
32.944446085656502   0.29750029521069253  0.0010736765294745932     
33.408452368553071   1.6462789379599202  0.0082776848499581403     
33.872458651449641   0.84922898227231564  0.0036392523314988479     
34.33646493434621   1.3451552378069717  0.0097713436188738544     
34.80047121724278   2.2986437733090082  0.012542664599950848     
35.26447750013935   0.9388171728402207  0.0056411542966775019     
35.728483783035919   6.8735977540541138  0.028761440340806931     
36.192490065932496   0.39260427935570494  0.00094024240920548315     
36.656496348829066   52.604065157540646  0.073557259764376765     
37.120502631725635   129.07781365466643  0.055010837276731548     
37.584508914622205   74.930658191427929  0.076308505252334214     
38.048515197518775   3.7859345316141748  0.0063898237757594526     
38.512521480415344   6.1377947901213327  0.016754209701291313     
38.976527763311914   2.6987425663990225  0.0057588898474985761     
39.440534046208484   1.3300981744627398  0.0054428997143778244     
39.904540329105053   2.2599505971640864  0.005057970790755753     
40.36854661200163   0.27029914578108653  0.0010021135261547958     
40.8325528948982   1.8904365721736414  0.0041809796903602629     
41.296559177794769   0.15179245117319621  0.00024774900720574885     
41.760565460691339   1.60617451804975  0.0022808062805732076     
42.224571743587909   0.38195733077097539  0.0013205374445683628     
42.688578026484478   1.3681628681911086  0.0053766876986029938     
43.152584309381048   0.83351355783599949  0.0029986031444267055     
43.616590592277618   1.0617895904402723  0.0072513476983763688     
44.080596875174187   1.9904639877203285  0.011041059734086037     
44.544603158070757   0.69926652190400527  0.0038752886898589566     
45.008609440967334   5.5394767142710941  0.025232477840937438     
45.472615723863903   0.28518355973177734  0.00048278743910665555     
45.936622006760473   39.30919625596721  0.068285649996195596     
46.400628289657043   101.05938929316237  0.066115708102731998     
