0.42972788892272645   5.1919673375499489  0.003540273378406578
0.85945577784545291   2.7083252605315927  0.0031897744128538388
1.2891836667681793   0.55134121508910603  0.0019786152960982449
1.7189115556909058   0.022909364168397628  0.00023516878420013382
2.1486394446136323   0.0020283755418439454  0.00016716932533448423
2.5783673335363586   0.029344805652027457  0.00028779624631105205
3.0080952224590853   0.11301353331687626  0.00084082409615411667
3.4378231113818116   0.10109425445555113  0.0021453909341027576
3.8675510003045379   0.046894816050009402  0.0013840427287227506
4.2972788892272646   0.92783148272535173  0.0052409209071472505
4.7270067781499909   0.044375226249927056  0.0015903386781363019
5.1567346670727172   0.35300159123903706  0.004022829951127076
5.5864625559954435   1.9359294011586763  0.0039384374084539604
6.0161904449181707   0.030424425687293272  0.00030395754377024412
6.445918333840897   0.010010825353943151  0.00021232146808795571
6.8756462227636232   0.0090509982922968796  0.00026627056715012572
7.3053741116863495   0.047875084657845457  0.00043795624251733759
7.7351020006090758   0.087986485688640131  0.00076005327760647357
8.1648298895318021   0.061712096809961184  0.00093521168524034222
8.5945577784545293   0.76831656467785238  0.0015209491333068432
9.0242856673772547   0.015332864916471521  0.0002041269999112761
9.4540135562999819   0.047800031783155004  0.00072374553038358293
9.883741445222709   0.052207277329909121  0.00069608986020548955
10.313469334145434   0.079588024843486402  0.00078220794392465426
10.743197223068162   0.23960612904640742  0.00075588445463652659
11.172925111990887   0.0035016773895007969  6.0994349395648723e-05
11.602653000913614   0.0540119118135344  0.00042839835035538606
12.032380889836341   0.070668650589265469  0.00082504686227264897
12.462108778759067   0.10767844144796803  0.0019761223649819043
12.891836667681794   0.86501434475621213  0.0065270540360243744
13.321564556604519   0.035311719906509775  0.0010062670487611445
13.751292445527246   0.044317716217292188  0.00058126672671702193
14.181020334449974   0.058730147349711785  0.00043051376109419182
14.610748223372699   0.07036663938393742  0.0006179102711598054
15.040476112295426   0.071314821187408578  0.00049548330746198421
15.470204001218152   0.014165030242483592  0.00035326216917287853
15.899931890140879   0.025546345055647849  0.00033461481324854625
16.329659779063604   2.7211527196214856  0.0091594444974572781
16.759387667986331   0.57251055030316423  0.0018270288598634691
17.189115556909059   1.2702921327302553  0.0062423795584135505
17.618843445831786   0.047954847301529041  0.00061919826271054974
18.048571334754509   0.022684565548714008  0.0003443645779626399
18.478299223677237   0.057300042659267283  0.0010361249389294422
18.908027112599964   0.34698551176388076  0.0017917112248119823
19.337755001522691   0.56439050818105035  0.0045262819954336096
19.767482890445418   0.23554195818114741  0.0018874371768614853
20.197210779368142   0.071460596332772346  0.0002368569219167789
20.626938668290869   0.97181269453473021  0.0030478182787795257
21.056666557213596   1.5765267636673417  0.0037877472463132115
21.486394446136323   5.0683482558982946  0.018058560236772934
21.91612233505905   3.5003308334600916  0.0049173263975416144
22.345850223981774   0.042259988616439313  0.00032025137791906592
22.775578112904501   0.17678309775549292  0.00044034531826470351
23.205306001827228   0.20886227044039459  0.00077315788078055746
23.635033890749956   0.073479526625715709  0.00049082289647310244
24.064761779672683   0.036160401242528153  0.00026538842467181991
24.494489668595406   0.029302740457671486  0.00042038110423711042
24.924217557518134   0.072370617061374637  0.00062252398691156279
25.353945446440861   0.14312565548205536  0.0020588205747242629
25.783673335363588   0.53724893028656568  0.0054952420694748275
26.213401224286315   0.089180529856660119  0.00082061277353877639
26.643129113209039   0.03919261432476381  0.00048195574484139543
27.072857002131766   0.12877602246219722  0.0012969943862837095
27.502584891054493   0.82869043584376572  0.0020361669597709891
27.93231277997722   0.083275427642013994  0.00065833034812960125
28.362040668899947   0.048949397464929544  0.00043633866804047722
28.791768557822671   0.023419220344472983  7.9843626698835249e-05
29.221496446745398   0.042704473546771433  0.00019410933182713964
29.651224335668125   0.34921860093336954  0.0017591926160149565
30.080952224590852   0.76137232082203883  0.0037417745700569708
30.51068011351358   0.25219540694771754  0.00081183184189486311
30.940408002436303   0.05690138217404722  0.00015357596765169473
31.37013589135903   0.024745017054939126  7.2950944278232834e-05
31.799863780281758   0.053654003366449055  0.00024388096443042728
32.229591669204481   0.092917667499481156  0.00072261206103555664
32.659319558127208   0.88942881430221171  0.0025509816647763911
33.089047447049936   0.16592532468955117  0.0015536493532922252
33.518775335972663   0.055323641265122084  0.00046828772297023217
33.94850322489539   0.11248459010937649  0.0011116403598363669
34.378231113818117   0.65557389728470372  0.0057699335568694292
34.807959002740844   0.19086755480069952  0.002284632108572289
35.237686891663571   0.12601305039593092  0.00087392557675611956
35.667414780586299   0.057783860414366092  0.00044272103980709385
36.097142669509019   0.055587008835450023  0.00030619792909459028
36.526870558431746   0.081351655634971  0.0002752946260815142
36.956598447354473   0.21586868412158142  0.00070315869011942851
37.3863263362772   0.23011355109938804  0.00039657664817785086
37.816054225199927   0.11212369125557784  0.00011599728866651756
38.245782114122655   2.8113735997091066  0.0088115940687674383
38.675510003045382   3.3378226485796581  0.011535053872305299
39.105237891968109   1.6690978398292114  0.0043973572795156678
39.534965780890836   1.0831130332692821  0.0026758203630313555
39.964693669813563   0.16455815974741484  0.00023839294349682665
40.394421558736283   0.18304731847134401  0.00074191507629256348
40.824149447659011   0.53295456090943411  0.0042928387149726427
41.253877336581738   0.37513126704085394  0.0015989723479337789
41.683605225504465   0.12085750274858006  0.0011575161704563685
42.113333114427192   0.094314820513659986  0.00025332518862135046
42.543061003349919   0.15740360603686558  0.00050616427341711697
42.972788892272646   1.7649391943564102  0.0082249131561410828
