0.012348310936298084   0   0   
0.037044932808894253   0   0   
0.061741554681490417   91.582111641300545   9.9341074625651042e-09   
0.086438176554086588   0   0   
0.11113479842668275   0   0   
0.13583142029927892   0   0   
0.16052804217187508   0   0   
0.18522466404447124   0   0   
0.20992128591706744   0   0   
0.2346179077896636   0   0   
0.25931452966225976   0   0   
0.2840111515348559   0   0   
0.30870777340745209   0   0   
0.33340439528004828   0   0   
0.35810101715264442   0   0   
0.38279763902524061   0   0   
0.40749426089783675   0   0   
0.43219088277043294   0   0   
0.45688750464302907   0   0   
0.48158412651562527   0   0   
0.50628074838822146   0   0   
0.53097737026081759   0   0   
0.55567399213341373   0   0   
0.58037061400600998   0   0   
0.60506723587860611   0   0   
0.62976385775120225   0   0   
0.65446047962379839   0   0   
0.67915710149639463   0   0   
0.70385372336899077   0   0   
0.72855034524158691   0   0   
0.75324696711418315   0   0   
0.77794358898677929   0   0   
0.80264021085937542   0   0   
0.82733683273197156   0   0   
0.85203345460456781   0   0   
0.87673007647716394   0   0   
0.90142669834976008   0   0   
0.92612332022235633   0   0   
0.95081994209495246   0   0   
0.9755165639675486   0   0   
1.0002131858401448   0   0   
1.024909807712741   0   0   
1.0496064295853371   0   0   
1.0743030514579333   0   0   
1.0989996733305294   0   0   
1.1236962952031255   0   0   
1.1483929170757219   0   0   
1.173089538948318   0   0   
1.1977861608209142   0   0   
1.2224827826935103   0   0   
1.2471794045661064   0   0   
1.2718760264387026   0   0   
1.2965726483112987   0   0   
1.3212692701838951   0   0   
1.3459658920564912   1.2603042886417505e-07   4.3725543110781384e-08   
1.3706625139290873   3.0387246203500681   0.00017098172580323812   
1.3953591358016835   10.494904429195328   0.00026047556625600592   
1.4200557576742796   17.54972915238434   0.00030357364202808199   
1.4447523795468757   11.12403953628614   0.00022147382602204463   
1.4694490014194719   5.4690633521922865   0.00011657547248916032   
1.4941456232920682   0.0095374727456760071   6.5820777995564022e-06   
1.5188422451646644   0   0   
1.5435388670372605   0   0   
1.5682354889098566   0   0   
1.5929321107824528   0   0   
1.6176287326550489   0   0   
1.6423253545276451   0   0   
1.6670219764002412   0   0   
1.6917185982728375   0   0   
1.7164152201454337   0   0   
1.7411118420180298   0   0   
1.765808463890626   0   0   
1.7905050857632221   0   0   
1.8152017076358182   0   0   
1.8398983295084144   0   0   
1.8645949513810107   0   0   
1.8892915732536069   0   0   
1.913988195126203   0   0   
1.9386848169987991   0   0   
1.9633814388713953   0   0   
1.9880780607439914   0   0   
2.0127746826165875   0   0   
2.0374713044891837   0   0   
2.0621679263617798   0   0   
2.0868645482343759   0   0   
2.1115611701069725   0   0   
2.1362577919795687   0   0   
2.1609544138521648   0   0   
2.1856510357247609   0   0   
2.2103476575973571   0   0   
2.2350442794699532   0   0   
2.2597409013425493   0   0   
2.2844375232151455   0   0   
2.3091341450877416   0   0   
2.3338307669603378   0   0   
2.3585273888329339   0   0   
2.38322401070553   1.0676671046265607e-07   2.9058218016553052e-08   
2.4079206325781262   0.90883103542355679   9.0711606913183277e-05   
2.4326172544507223   5.4822632633454995   0.00022350186215073943   
2.4573138763233184   9.3972824870817708   0.00029796670397383601   
2.482010498195915   7.5168709721024075   0.0001822549511677487   
2.5067071200685112   4.0956332102157755   0.00011435039035829979   
2.5314037419411073   0.12358507848654582   8.1406453224640284e-05   
2.5561003638137034   0   0   
2.5807969856862996   0   0   
2.6054936075588957   0   0   
2.6301902294314918   0   0   
2.654886851304088   0   0   
2.6795834731766841   0   0   
2.7042800950492802   0   0   
2.7289767169218764   0   0   
2.7536733387944725   0   0   
2.7783699606670686   0.017016505835623489   1.0059205373273363e-05   
2.8030665825396648   3.1950642832086194   6.4115804876428364e-05   
2.8277632044122614   6.0832662755185909   0.00013144152464508719   
2.8524598262848575   8.525243500755802   0.00021647267594992425   
2.8771564481574536   4.7257934069142242   0.00022810732944684035   
2.9018530700300498   1.2864062069709059   0.00012359317428476475   
2.9265496919026459   1.6220080743221901e-05   4.1724724277581092e-07   
2.951246313775242   0   0   
2.9759429356478382   0   0   
3.0006395575204343   0   0   
3.0253361793930305   0   0   
3.0500328012656266   0   0   
3.0747294231382227   0   0   
3.0994260450108189   0   0   
3.124122666883415   0   0   
3.1488192887560111   0   0   
3.1735159106286077   0   0   
3.1982125325012039   0   0   
3.2229091543738   0   0   
3.2476057762463961   0   0   
3.2723023981189923   0   0   
3.2969990199915884   0   0   
3.3216956418641845   0   0   
3.3463922637367807   0   0   
3.3710888856093768   0   0   
3.3957855074819729   0   0   
3.4204821293545691   0   0   
3.4451787512271652   0   0   
3.4698753730997614   0   0   
3.4945719949723575   0   0   
3.5192686168449541   0   0   
3.5439652387175502   0   0   
3.5686618605901463   0   0   
3.5933584824627425   0   0   
3.6180551043353386   0   0   
3.6427517262079347   0   0   
3.6674483480805309   0   0   
3.692144969953127   0.0020646291157569501   3.1569195656211038e-06   
3.7168415918257232   3.3084679057331063   7.7376568801480622e-05   
3.7415382136983193   8.1790029399502515   0.00012419888088535071   
3.7662348355709154   13.304389761770769   0.00012636724527009541   
3.7909314574435116   7.9555481396390027   0.00027497438009400279   
3.8156280793161077   3.2810185791852275   0.00011882320966744411   
3.8403247011887038   0.0036091486892891356   1.0046556597486712e-05   
3.8650213230613004   0   0   
3.8897179449338966   0   0   
3.9144145668064927   0   0   
3.9391111886790888   0   0   
3.963807810551685   0   0   
3.9885044324242811   0   0   
4.0132010542968768   0   0   
4.0378976761694734   0   0   
4.06259429804207   0   0   
4.0872909199146656   0   0   
4.1119875417872622   0   0   
4.1366841636598579   0   0   
4.1613807855324545   0   0   
4.1860774074050502   1.5196146843136154e-07   1.2585043458267138e-08   
4.2107740292776468   0.37044881909575601   3.9688928036123351e-05   
4.2354706511502425   3.0029273842856499   8.4812588904498337e-05   
4.260167273022839   5.1491634331741334   0.00011503134453817189   
4.2848638948954347   4.643444222569146   8.8264887134279537e-05   
4.3095605167680313   2.5598157617308899   8.5649268762092331e-05   
4.334257138640627   0.16378141401941227   7.0042039411831684e-05   
4.3589537605132236   0   0   
4.3836503823858193   0   0   
4.4083470042584159   0   0   
4.4330436261310124   0   0   
4.4577402480036081   0   0   
4.4824368698762047   0   0   
4.5071334917488004   0   0   
4.531830113621397   0   0   
4.5565267354939927   0   0   
4.5812233573665893   0   0   
4.6059199792391849   0   0   
4.6306166011117815   0   0   
4.6553132229843772   0   0   
4.6800098448569738   0   0   
4.7047064667295695   0   0   
4.7294030886021661   0   0   
4.7540997104747627   0   0   
4.7787963323473583   0   0   
4.8034929542199549   0   0   
4.8281895760925506   0   0   
4.8528861979651472   8.5392162937809333e-05   5.6776980034849153e-07   
4.8775828198377429   0.85033194821990072   3.273145990898442e-05   
4.9022794417103395   2.897338132393451   9.2289557240124253e-05   
4.9269760635829352   4.9695095886061166   0.00011470052081333276   
4.9516726854555317   3.3615697253512784   8.9274979912434715e-05   
4.9763693073281274   1.6653475736989119   4.2211325530996362e-05   
5.001065929200724   0.016814625507587132   3.0254844777108845e-05   
5.0257625510733197   0   0   
5.0504591729459163   8.0134347686137979e-06   1.0703370227116536e-07   
5.075155794818512   0.98590862513234587   8.5449010997835124e-05   
5.0998524166911086   5.2099539623669017   0.00016707833941568847   
5.1245490385637051   9.0400587592468532   0.00021993234630413723   
5.1492456604363008   7.1866091347132563   0.00015062594805608298   
5.1739422823088974   3.8807708557139765   0.00014333057582842524   
5.1986389041814931   0.13882970100360089   0.00011010684350834481   
5.2233355260540897   2.7063271761613636e-09   2.7063271761613636e-09   
5.2480321479266854   0   0   
5.272728769799282   0   0   
5.2974253916718776   0   0   
5.3221220135444742   0   0   
5.3468186354170699   0   0   
5.3715152572896665   0   0   
5.3962118791622622   0   0   
5.4209085010348588   0   0   
5.4456051229074554   0   0   
5.470301744780051   0   0   
5.4949983666526476   0   0   
5.5196949885252433   0   0   
5.5443916103978399   0   0   
5.5690882322704356   0   0   
5.5937848541430322   0   0   
5.6184814760156279   0.00064479341778047315   2.2097573270626889e-06   
5.6431780978882244   0.97090754113686695   3.0127637232251059e-05   
5.6678747197608201   2.6331473775539128   8.3423509526056591e-05   
5.6925713416334167   4.3695457850640102   9.0633114895402628e-05   
5.7172679635060124   2.7305074306075872   8.2803520148463903e-05   
5.741964585378609   1.2078058709689533   4.2642145851644294e-05   
5.7666612072512047   0.0044938920551679475   9.3394680154480474e-06   
5.7913578291238013   0   0   
5.8160544509963978   0   0   
5.8407510728689935   0   0   
5.8654476947415901   0   0   
5.8901443166141858   0   0   
5.9148409384867824   0   0   
5.9395375603593781   0   0   
5.9642341822319747   0   0   
5.9889308041045703   0   0   
6.0136274259771669   0   0   
6.0383240478497626   0   0   
6.0630206697223592   0   0   
6.0877172915949549   0   0   
6.1124139134675515   0   0   
6.1371105353401472   0.06076963956192815   4.8682707479273471e-05   
6.1618071572127437   3.0384523841981693   5.2301487122775093e-05   
6.1865037790853403   5.7069554897408581   0.00012155045334573166   
6.211200400957936   7.696116607440103   0.00018790290285713396   
6.2358970228305326   4.3014166617557596   0.00021018588765860481   
6.2605936447031283   1.0668150547070864   0.00012347578230491112   
6.2852902665757249   8.0836057382407274e-05   1.3074375986158452e-06   
6.3099868884483206   0   0   
6.3346835103209171   0   0   
6.3593801321935128   0   0   
6.3840767540661094   0   0   
6.4087733759387051   0   0   
6.4334699978113017   8.7890702150960218e-09   4.8583413599269554e-09   
6.4581666196838974   0.14314156219819217   6.0169285223020093e-05   
6.482863241556494   3.264412453088251   6.6958847546134998e-05   
6.5075598634290905   5.8381946476858866   6.9599945470143408e-05   
6.5322564853016862   6.9801383648026015   9.5188893401567024e-05   
6.5569531071742828   3.8816242375514263   0.00018150691644084047   
6.5816497290468785   0.69569182491359365   0.00013670776346249693   
6.6063463509194751   1.0897843331522048e-05   2.9313099332859866e-07   
6.6310429727920708   0   0   
6.6557395946646674   0   0   
6.680436216537263   0   0   
6.7051328384098596   0   0   
6.7298294602824553   0   0   
6.7545260821550519   0   0   
6.7792227040276476   0   0   
6.8039193259002442   0   0   
6.8286159477728399   0   0   
6.8533125696454364   0   0   
6.878009191518033   0   0   
6.9027058133906287   0   0   
6.9274024352632253   0   0   
6.952099057135821   0   0   
6.9767956790084176   0   0   
7.0014923008810133   0   0   
7.0261889227536098   0   0   
7.0508855446262055   0.042803546293849165   2.9342099090943255e-05   
7.0755821664988021   1.4003906878948583   2.9432218514912364e-05   
7.1002787883713978   2.5699063462601737   4.6616811551478023e-05   
7.1249754102439944   3.2863954112058475   5.0280906559239077e-05   
7.1496720321165901   1.8353447441719513   0.00010605197983833611   
7.1743686539891867   0.39834671924530404   7.1036300228294836e-05   
7.1990652758617824   1.9995296801958907e-05   2.9600552020149649e-07   
7.2237618977343789   0   0   
7.2484585196069755   0   0   
7.2731551414795712   0   0   
7.2978517633521678   0   0   
7.3225483852247635   0.0017788300104783917   4.1759608898529433e-06   
7.3472450070973601   0.84178113305393483   2.5348175136454765e-05   
7.3719416289699558   2.073735032958401   8.8924798176054981e-05   
7.3966382508425523   3.3666826369509863   0.00011933861462512199   
7.421334872715148   2.0450130403729281   8.3846584164495502e-05   
7.4460314945877446   0.84225287010265652   4.7526211730808718e-05   
7.4707281164603403   0.31475581771321376   7.2888175772895757e-05   
7.4954247383329369   3.1735510039501117   9.5890766295286371e-05   
7.5201213602055326   5.5601681688152653   0.00016545403387792503   
7.5448179820781291   5.5588039023256101   0.0001126914783300878   
7.5695146039507257   3.0872273809336466   0.00019946049277084154   
7.5942112258233214   0.32431893712684839   0.00016918281679328208   
7.618907847695918   9.4624953276060123e-07   7.0080430192923923e-08   
7.6436044695685137   0   0   
7.6683010914411103   0   0   
7.692997713313706   0   0   
7.7176943351863025   0   0   
7.7423909570588982   0   0   
7.7670875789314948   0   0   
7.7917842008040905   0   0   
7.8164808226766871   0   0   
7.8411774445492828   3.7263823772159098e-06   1.0380837012341687e-07   
7.8658740664218794   0.43772232942616482   5.859571061299847e-05   
7.8905706882944751   3.1697260165757194   7.6396328584515146e-05   
7.9152673101670716   5.5408003960817192   0.00016421046931133777   
7.9399639320396682   5.00980587000996   0.00011270652596406854   
7.9646605539122639   2.7638288152364837   0.00013930939120372986   
7.9893571757848605   0.200833142741822   0.0001284724209048501   
8.0140537976574571   1.9226598938562709e-07   3.9481607991222321e-08   
8.0387504195300519   0   0   
8.0634470414026485   0   0   
8.088143663275245   0   0   
8.1128402851478416   0   0   
8.1375369070204364   0   0   
8.162233528893033   0   0   
8.1869301507656296   0   0   
8.2116267726382262   0   0   
8.236323394510821   0   0   
8.2610200163834175   0   0   
8.2857166382560141   0   0   
8.3104132601286107   0   0   
8.3351098820012073   0   0   
8.3598065038738021   0   0   
8.3845031257463987   0   0   
8.4091997476189952   0   0   
8.4338963694915918   0   0   
8.4585929913641866   1.0882896186280093e-05   1.9710791612808093e-07   
8.4832896132367832   0.29296989872317116   2.682931681539304e-05   
8.5079862351093798   1.5406073015768885   4.7532183381582224e-05   
8.5326828569819764   2.6902145180540021   0.00012401153117298528   
8.5573794788545712   2.1859723638893345   6.7828921562414179e-05   
8.5820761007271678   1.1823626396038481   5.6895227382159995e-05   
8.6067727225997643   1.2053963033428407   4.6251819373548912e-05   
8.6314693444723609   3.3771806272328804   0.00015308571836028855   
8.6561659663449575   5.6973470634332266   0.00026041657327086992   
8.6808625882175523   3.706618754792346   0.00013697213576780307   
8.7055592100901489   1.7240799422864568   4.1669206472514424e-05   
8.7302558319627455   0.014971227018685   4.879773850236909e-05   
8.754952453835342   0   0   
8.7796490757079368   0   0   
8.8043456975805334   2.5400228018327046e-06   8.9708197091334274e-08   
8.82904231945313   0.33658847990770254   6.227752261925178e-05   
8.8537389413257266   2.7583041150690489   6.2660484869716928e-05   
8.8784355631983214   4.8361833919273518   0.00010772286343053855   
8.903132185070918   4.5763798297732535   5.3496006303989978e-05   
8.9278288069435146   2.5340476101031282   0.00014006924928870874   
8.9525254288161111   0.22425407246034153   0.00014032818880794827   
8.9772220506887077   5.9364608130622941e-07   5.6680398909265849e-08   
9.0019186725613025   0   0   
9.0266152944338991   0   0   
9.0513119163064957   0   0   
9.0760085381790923   0   0   
9.1007051600516871   0   0   
9.1254017819242836   0   0   
9.1500984037968802   0   0   
9.1747950256694768   0   0   
9.1994916475420716   0   0   
9.2241882694146682   0   0   
9.2488848912872648   2.2299449413327353e-06   6.3077504854432075e-08   
9.2735815131598613   0.30928028312450144   6.6396831365861984e-05   
9.2982781350324561   2.6092243568313601   5.5235085633156142e-05   
9.3229747569050527   4.5812544319813603   0.00015680381988081411   
9.3476713787776493   4.3832760018819185   7.8524905915814291e-05   
9.3723680006502459   2.4308449594613351   0.00013337171656919296   
9.3970646225228425   0.22449067071670791   0.00013572226330099111   
9.4217612443954373   7.0667061898841022e-07   7.3142552745186963e-08   
9.4464578662680339   0   0   
9.4711544881406304   0   0   
9.495851110013227   0   0   
9.5205477318858218   0   0   
9.5452443537584184   0   0   
9.569940975631015   0   0   
9.5946375975036116   0   0   
9.6193342193762064   0   0   
9.6440308412488029   0   0   
9.6687274631213995   0   0   
9.6934240849939961   0   0   
9.7181207068665927   0   0   
9.7428173287391875   0   0   
9.7675139506117841   0   0   
9.7922105724843806   0.011347251721475033   1.6911326967716555e-05   
9.8169071943569772   0.83929279997304056   1.1923196082755756e-05   
9.841603816229572   1.7019061143155675   7.2153390141963328e-05   
9.8663004381021686   2.4722102480243543   0.000100085500396491   
9.8909970599747652   1.4246500810144267   6.1963614913795335e-05   
9.9156936818473618   2.4196477267841645   4.9207357897435221e-05   
9.9403903037199566   4.6848347920513131   0.00018837835718605641   
9.9650869255925532   7.4697535781254838   0.00029631149164200991   
9.9897835474651497   4.5029692435383038   0.00012115068207894927   
10.014480169337746   1.7771097533775744   6.2518704336495058e-05   
10.039176791210343   0.005058269836352615   2.5390854267404429e-05   
10.063873413082938   0   0   
10.088570034955534   0   0   
10.113266656828131   0   0   
10.137963278700727   0   0   
10.162659900573322   0   0   
10.187356522445919   0.00064546794763238199   4.0484303746007747e-06   
10.212053144318515   0.89201355885246722   4.1284020521347771e-05   
10.236749766191112   2.8004906706042294   0.00012483873752037789   
10.261446388063707   4.7677241138366935   0.00021712465373455977   
10.286143009936303   3.2016551940886783   8.5716719571546974e-05   
10.3108396318089   1.5382795537551518   3.2694414329387245e-05   
10.335536253681497   0.019830303629221971   5.3553162278574206e-05   
10.360232875554091   0   0   
10.384929497426688   0   0   
10.409626119299284   0   0   
10.434322741171881   0   0   
10.459019363044478   0   0   
10.483715984917072   0   0   
10.508412606789669   0   0   
10.533109228662266   0   0   
10.557805850534862   0   0   
10.582502472407457   0   0   
10.607199094280054   0   0   
10.63189571615265   0   0   
10.656592338025247   4.3774763675592669e-08   1.1018802925493255e-08   
10.681288959897842   0.085273851091228898   7.6217781427566545e-05   
10.705985581770438   1.9053323304925481   5.5473455852732425e-05   
10.730682203643035   3.4840502873995599   5.5446116382242382e-05   
10.755378825515631   4.2748101105865598   0.00010577979678828135   
10.780075447388228   2.3978715086613115   0.00013005564233101228   
10.804772069260823   0.47976237450645546   0.00011370376808700543   
10.829468691133419   4.0064563178541017e-05   7.5911066313758688e-07   
10.854165313006016   0   0   
10.878861934878612   0   0   
10.903558556751207   0   0   
10.928255178623804   0   0   
10.9529518004964   0   0   
10.977648422368997   0   0   
11.002345044241592   0   0   
11.027041666114188   5.5123611430234094e-08   1.0818747058726517e-08   
11.051738287986785   0.078579039126232333   6.6271199715641451e-05   
11.076434909859382   1.8215512509631837   2.9081250754445517e-05   
11.101131531731978   3.345902817218929   9.1399354956410581e-05   
11.125828153604573   4.1501679879622745   0.00013963456314519305   
11.150524775477169   2.3252570584927851   0.00016434660803183529   
11.175221397349766   0.48460309817472428   0.00013024705707977464   
11.199918019222363   5.812359183012033e-05   1.0328963311446763e-06   
11.224614641094957   0.0042557622927404864   1.3888789628648946e-05   
11.249311262967554   1.1172480630889495   2.4403811045087699e-05   
11.274007884840151   2.7250394115259723   0.00013754888034834597   
11.298704506712747   4.3869998231374845   0.00019325095545724632   
11.323401128585342   2.7389118271191472   9.2662784123113324e-05   
11.348097750457939   2.0391408022731712   5.1467744339175314e-05   
11.372794372330535   1.7091476073373002   4.3689465360765937e-05   
11.397490994203132   1.9634062626096558   5.2430274056364537e-05   
11.422187616075728   1.09961038389477   6.432815619430225e-05   
11.446884237948323   0.18552728874814525   5.7925991553290698e-05   
11.47158085982092   8.5359161375038871e-06   2.1708783695081276e-07   
11.496277481693516   0   0   
11.520974103566113   0   0   
11.545670725438708   0   0   
11.570367347311304   7.0555855753536641e-05   1.0827075445320089e-06   
11.595063969183901   0.50277482670874034   4.624581718030245e-05   
11.619760591056497   2.2939470839619485   8.5467065850313143e-05   
11.644457212929092   4.0022206382847497   0.00018726306012812412   
11.669153834801689   3.1244683875004106   9.1278423844703802e-05   
11.693850456674285   1.6580057610557766   8.8915335709548577e-05   
11.718547078546882   0.065573591710461206   9.803302924069203e-05   
11.743243700419477   3.731658071609249e-08   9.2288317900013686e-09   
11.767940322292073   0   0   
11.79263694416467   0   0   
11.817333566037266   0   0   
11.842030187909863   0   0   
11.866726809782458   0   0   
11.891423431655054   0   0   
11.916120053527651   0   0   
11.940816675400248   0   0   
11.965513297272842   0   0   
11.990209919145439   0   0   
12.014906541018036   0   0   
12.039603162890632   0   0   
12.064299784763227   0   0   
12.088996406635824   0.0055724113390015153   1.9001612098472137e-05   
12.11369302850842   1.0935464696981595   1.3622664226822316e-05   
12.138389650381017   2.5658677689138306   0.00010113384326031842   
12.163086272253613   4.0709350073782008   0.00018868650678328084   
12.187782894126208   2.4588063364359056   7.132669097764955e-05   
12.212479515998805   0.96026462804252679   3.8438540810360024e-05   
12.237176137871401   0.0029933222741501278   1.4398697842712025e-05   
12.261872759743998   0.038619713034915897   3.6864418236776643e-05   
12.286569381616593   0.82616405730681797   2.9952450272619356e-05   
12.311266003489189   1.5163194087922572   4.8530430371496984e-05   
12.335962625361786   0.876530481412306   0.00022762485997032798   
