1.4100299999999999   0.007264   9.9991110716014262e-05   
1.4100899999999998   0.004084   0.00017337948103637998   
1.41015   0.004592   0.00011168208848731693   
1.41021   0.004756   0.00012241278074159123   
1.4102699999999999   0.005096   0.00013188547220136787   
1.4103299999999999   0.005524   9.0911434313230858e-05   
1.4103899999999998   0.005948   5.9940711447970729e-05   
1.41045   0.006272   0.00014554724318928202   
1.4105099999999999   0.006876   0.000192245213782352   
1.4105699999999999   0.007424   0.00011190472137790553   
1.4106299999999998   0.007176   0.00017860695519616375   
1.41069   0.008452   0.0001542350298876505   
1.4107499999999999   0.008988   0.00019248549728918973   
1.4108099999999999   0.0098   0.00017074997966487596   
1.4108699999999998   0.0101   0.00023218766356357331   
1.41093   0.01046   0.00022910453703252777   
1.41099   0.011796   0.00024143644206199601   
1.4110499999999999   0.012308   0.00034651535159194447   
1.4111099999999999   0.013516   0.00019481729332320007   
1.4111699999999998   0.013932   0.00013637204014508743   
1.41123   0.01516   0.00023829020588816113   
1.4112899999999999   0.015756   0.00023742694782933876   
1.4113499999999999   0.01738   0.00027268215114956746   
1.4114099999999998   0.01814   0.00026674998698323409   
1.41147   0.019976   0.00035368284600126645   
1.41153   0.020544   0.00036535279753502185   
1.4115899999999999   0.02158   0.00040988887382910125   
1.4116499999999998   0.023276   0.00039139408954828806   
1.41171   0.025548   0.00026706969543964029   
1.41177   0.026652   0.00030978415424650472   
1.4118299999999999   0.028644   0.00035565026516384198   
1.4118899999999999   0.030272   0.00030050623953588719   
1.4119499999999998   0.032828   0.00041402308040870271   
1.41201   0.03514   0.00035603994782108993   
1.4120699999999999   0.036724   0.00030018956973515548   
1.4121299999999999   0.03862   0.00050744676787050502   
1.4121899999999998   0.042004   0.00030842683267042623   
1.41225   0.043952   0.00023939182200828092   
1.41231   0.047008   0.00068012547861895799   
1.4123699999999999   0.048748   0.0004126898216444027   
1.4124299999999999   0.052572   0.00040753132122301692   
1.41249   0.055872   0.00041985394285791025   
1.41255   0.058196   0.0005434850503923728   
1.4126099999999999   0.061768   0.00056034275225079872   
1.4126699999999999   0.065852   0.0003930077748736164   
1.4127299999999998   0.068972   0.00070452631841069884   
1.41279   0.073724   0.00069723135009518574   
1.4128499999999999   0.078   0.00044044422020400143   
1.4129099999999999   0.082648   0.00040821780678674197   
1.4129699999999998   0.087636   0.00055801075258457179   
1.41303   0.093408   0.00112131351548084   
1.41309   0.099564   0.00076497668809796638   
1.4131499999999999   0.1046   0.00063911049296833036   
1.4132099999999999   0.110072   0.0012204742247722127   
1.41327   0.116676   0.00073627168898444015   
1.41333   0.123852   0.00081412093013807776   
1.4133899999999999   0.12816   0.00061260826707520726   
1.4134499999999999   0.13732   0.00092645081418881102   
1.4135099999999998   0.14554   0.0010414391751588544   
1.41357   0.15308   0.00061394172723837918   
1.4136299999999999   0.160512   0.0006567746104173705   
1.4136899999999999   0.169476   0.00085323853640116361   
1.4137499999999998   0.178676   0.001015041542663813   
1.41381   0.188256   0.00060751442598326654   
1.41387   0.196352   0.0010309658901567344   
1.4139299999999999   0.204284   0.00092923768039542309   
1.4139899999999999   0.217696   0.0007148009824031049   
1.41405   0.22912   0.00079458165093337085   
1.41411   0.243136   0.0010550568178486357   
1.4141699999999999   0.254728   0.0014150027875905013   
1.4142299999999999   0.264924   0.0012399347653091365   
1.4142899999999998   0.279796   0.001124158154156058   
1.41435   0.293276   0.00093410349176808787   
1.4144099999999999   0.306368   0.00090137278020189237   
1.4144699999999999   0.323944   0.0014847635052986267   
1.4145299999999998   0.337492   0.0014028421943405536   
1.41459   0.356016   0.0011715016005110705   
1.41465   0.37262   0.0015200380112206257   
1.4147099999999999   0.387784   0.0017136544446169876   
1.4147699999999999   0.408392   0.0011718293391104361   
1.4148299999999998   0.427632   0.0013172469607311877   
1.41489   0.446408   0.001277870450745648   
1.4149499999999999   0.469568   0.0013218276909054544   
1.4150099999999999   0.492052   0.0015179992680425694   
1.4150699999999998   0.511776   0.00069824414704950178   
1.41513   0.536536   0.001000590048143816   
1.4151899999999999   0.559816   0.0011516048705080162   
1.4152499999999999   0.584352   0.0014054598298540345   
1.4153099999999998   0.611796   0.0011737188760516742   
1.41537   0.63846   0.0021012186939964148   
1.41543   0.663052   0.0025077022683458004   
1.4154899999999999   0.694088   0.0016972427312817956   
1.4155499999999999   0.724292   0.0014533217124917689   
1.4156099999999998   0.75316   0.002476872580044801   
1.41567   0.787256   0.0013066421766412501   
1.4157299999999999   0.815872   0.0029418409957787359   
1.4157899999999999   0.853636   0.0018846698502508206   
1.4158499999999998   0.892748   0.0025763923096712833   
1.41591   0.924052   0.0031321362252196694   
1.41597   0.964092   0.0013252562016455503   
1.4160299999999999   0.999836   0.001740288098754532   
1.4160899999999998   1.041192   0.0024252508690396947   
1.41615   1.080796   0.0027833501795897389   
1.41621   1.124752   0.0017145526141435944   
1.4162699999999999   1.169472   0.0032325170103531082   
1.4163299999999999   1.215732   0.0037968176147926869   
1.4163899999999998   1.261868   0.0025694481897870617   
1.41645   1.308392   0.0015470895973479491   
1.4165099999999999   1.359452   0.002255620535462474   
1.4165699999999999   1.406008   0.0018255548928111334   
1.4166299999999998   1.462052   0.0027217644603781848   
1.41669   1.514464   0.0031865227303615938   
1.41675   1.569092   0.0020472120880195393   
1.4168099999999999   1.62352   0.0031572364850011176   
1.4168699999999999   1.6864   0.0029960269988399243   
1.41693   1.73676   0.0028908191841683103   
1.41699   1.802944   0.0025600430551934945   
1.4170499999999999   1.862964   0.0023389832548923238   
1.4171099999999999   1.932004   0.0024887547979751505   
1.4171699999999998   1.990688   0.0040719781706465693   
1.41723   2.062636   0.0038080357141182365   
1.4172899999999999   2.1294   0.0029646809833999724   
1.4173499999999999   2.202416   0.00311297899482508   
1.4174099999999998   2.275936   0.0047744438186848275   
1.41747   2.3389   0.0022139055485222548   
1.41753   2.419496   0.0037347292628337341   
1.4175899999999999   2.50012   0.0033509083345664307   
1.4176499999999999   2.573624   0.003379315907103108   
1.41771   2.653448   0.0038230589265084191   
1.41777   2.734984   0.0029449116945825424   
1.4178299999999999   2.813432   0.0050153570383595131   
1.4178899999999999   2.902048   0.0037029132074924795   
1.4179499999999998   2.983384   0.0030360278142482457   
1.41801   3.070644   0.0029894953866274113   
1.4180699999999999   3.169516   0.0027697248960862574   
1.4181299999999999   3.246192   0.0052316703939670442   
1.4181899999999998   3.347352   0.0055705217788721563   
1.41825   3.436816   0.0047188593725367213   
1.41831   3.537404   0.0032402493731192895   
1.4183699999999999   3.63126   0.004999751993849307   
1.4184299999999999   3.732088   0.0044123092467424733   
1.41849   3.82982   0.0021090218901977101   
1.41855   3.937204   0.0041525636525993024   
1.4186099999999999   4.034356   0.005391016230730498   
1.4186699999999999   4.138116   0.0043295632830832161   
1.4187299999999998   4.237548   0.0052006838866526936   
1.41879   4.347516   0.0038084091750289868   
1.4188499999999999   4.445972   0.0033283325154398207   
1.4189099999999999   4.556896   0.0046458438295845549   
1.4189699999999998   4.669812   0.0031439030236668644   
1.41903   4.785824   0.0058935722425179259   
1.41909   4.887044   0.003870129254229613   
1.4191499999999999   5.014788   0.0045253696718243148   
1.4192099999999999   5.126736   0.0067081647100960375   
1.41927   5.231052   0.004811128026657436   
1.41933   5.351112   0.0050663361295691271   
1.4193899999999999   5.46858   0.0050576243874415634   
1.4194499999999999   5.582556   0.0049155624070677295   
1.4195099999999998   5.703896   0.0052842212082555473   
1.41957   5.820288   0.0038203143558845228   
1.4196299999999999   5.945464   0.004293176808741011   
1.4196899999999999   6.062264   0.004717555675935934   
1.4197499999999998   6.182124   0.0054095863879679721   
1.41981   6.298648   0.0077162427241357316   
1.41987   6.424044   0.0077081877391655925   
1.4199299999999999   6.545244   0.0060033574310084128   
1.4199899999999999   6.661108   0.0070822019174829891   
1.4200499999999998   6.779944   0.005178527289576401   
1.42011   6.90856   0.0081437681695882872   
1.4201699999999999   7.024368   0.0057397508269571535   
1.4202299999999999   7.150348   0.005579629776646888   
1.4202899999999998   7.2609   0.0044418024369493428   
1.42035   7.380268   0.0070172537838293368   
1.42041   7.509224   0.0061296690503376715   
1.4204699999999999   7.643248   0.0053585331326149852   
1.4205299999999998   7.735212   0.0048317838435832185   
1.42059   7.868196   0.0067162329388496272   
1.42065   7.980192   0.0068455696621975651   
1.4207099999999999   8.0982   0.0085034811172314055   
1.4207699999999999   8.216364   0.010412393384808393   
1.4208299999999998   8.333648   0.0070435592013002068   
1.42089   8.445556   0.0058463662408561437   
1.4209499999999999   8.56856   0.00548844118731961   
1.4210099999999999   8.683076   0.0083707054262669311   
1.4210699999999998   8.782548   0.0078110077312583418   
1.42113   8.893796   0.0049054833718107341   
1.42119   8.991148   0.0073812544552626203   
1.4212499999999999   9.102552   0.0081700891875996756   
1.4213099999999999   9.21544   0.010502581270017985   
1.42137   9.312992   0.0062959254548742657   
1.42143   9.416028   0.007622861638227149   
1.4214899999999999   9.513156   0.0056112726225381645   
1.4215499999999999   9.60548   0.005938008644879893   
1.4216099999999998   9.701784   0.006174407969820159   
1.42167   9.807316   0.0075024794716294684   
1.4217299999999999   9.888068   0.0051352136815868032   
1.4217899999999999   9.976808   0.009557654384488538   
1.4218499999999998   10.064584   0.0067322803136991317   
1.42191   10.14698   0.0060784508260281205   
1.42197   10.22466   0.0049690786089799637   
1.4220299999999999   10.308572   0.0068207110740416095   
1.4220899999999999   10.383948   0.010058815569771048   
1.42215   10.459136   0.0046227887686978538   
1.42221   10.529936   0.006205045115782002   
1.4222699999999999   10.587468   0.0089560706661894246   
1.4223299999999999   10.661116   0.005554163043259787   
1.4223899999999998   10.719504   0.0063434899612820681   
1.42245   10.770756   0.008824576691138121   
1.4225099999999999   10.828352   0.0094430612738784592   
1.4225699999999999   10.878064   0.0067522880401962836   
1.4226299999999998   10.929564   0.0037966602867957506   
1.42269   10.980828   0.0035074424997269579   
1.42275   11.01428   0.0074484802327574747   
1.4228099999999999   11.063284   0.0088257974395770255   
1.4228699999999999   11.094236   0.0091272942564841353   
1.42293   11.125868   0.0089370142665211945   
1.42299   11.14976   0.0071246501668503366   
1.4230499999999999   11.178388   0.0051347774592047539   
1.4231099999999999   11.204816   0.0066634904433704228   
1.4231699999999998   11.228384   0.0091273093516108425   
1.42323   11.226516   0.0038931390362478041   
1.4232899999999999   11.24846   0.0067753914196077025   
1.4233499999999999   11.251664   0.0059276863014914056   
1.4234099999999998   11.261256   0.010375657323220038   
1.42347   11.259096   0.0067636707982178467   
1.42353   11.262084   0.0066438073421794349   
1.4235899999999999   11.255168   0.0067228031190698699   
1.4236499999999999   11.235452   0.0050169882067500002   
1.4237099999999998   11.22398   0.0054347793576802867   
1.42377   11.209188   0.0052771980781048851   
1.4238299999999999   11.192664   0.0064731107411093844   
1.4238899999999999   11.175576   0.0064820441220343991   
1.4239499999999998   11.150336   0.0042847209684852857   
1.42401   11.125844   0.0088918448529474573   
1.4240699999999999   11.073036   0.0080898124137021979   
1.4241299999999999   11.039852   0.0044908838031433956   
1.4241899999999998   11.003744   0.0067991926318089417   
1.42425   10.973976   0.0055091978040767432   
1.42431   10.93162   0.0082875762439932505   
1.4243699999999999   10.872924   0.0082747196259988071   
1.4244299999999999   10.817928   0.0056953713760483264   
1.4244899999999998   10.763632   0.004973679344532024   
1.42455   10.706832   0.0048672211556265864   
1.4246099999999999   10.647264   0.0044585007943625012   
1.4246699999999999   10.57592   0.0077709590427722889   
1.4247299999999998   10.512684   0.0075252167484474266   
1.42479   10.442852   0.0050237623793771528   
1.4248499999999999   10.370924   0.0070413292936932689   
1.4249099999999999   10.28642   0.0077788528145936116   
1.4249699999999998   10.222272   0.0072264988910415568   
1.42503   10.132148   0.0058924586077837857   
1.42509   10.062484   0.0052401609814118909   
1.4251499999999999   9.968448   0.0047700018169111789   
1.4252099999999999   9.868624   0.0076401703296896411   
1.4252699999999998   9.778312   0.0068546115539508429   
1.42533   9.696648   0.0065382234760078841   
1.4253899999999999   9.595716   0.0069171386505629102   
1.4254499999999999   9.502348   0.0072374828036639259   
1.4255099999999998   9.40192   0.0053531598145394326   
1.42557   9.29708   0.00857035095871548   
1.42563   9.203472   0.0071351270019063883   
1.4256899999999999   9.08732   0.0057190240037576032   
1.4257499999999999   8.999904   0.0044776708230955226   
1.42581   8.888652   0.0080391996284870471   
1.42587   8.772076   0.0075103187090236402   
1.4259299999999999   8.669336   0.0091303200868802733   
1.4259899999999999   8.547336   0.0053652087460684385   
1.4260499999999998   8.462276   0.0058159396298257767   
1.42611   8.321528   0.006671315179349698   
1.4261699999999999   8.216008   0.0051146075769960666   
1.4262299999999999   8.100052   0.0054974775629879166   
1.4262899999999998   7.984016   0.0078630007277403055   
1.42635   7.866836   0.0035925525434957803   
1.42641   7.756804   0.0040634980004917541   
1.4264699999999999   7.63798   0.00407964377529852   
1.4265299999999999   7.517228   0.0059160348582851462   
1.42659   7.398048   0.0050114351016228732   
1.42665   7.281236   0.0063547831853914363   
1.4267099999999999   7.153724   0.00656118539425447   
1.4267699999999999   7.039864   0.0080526957805031762   
1.4268299999999998   6.917292   0.0046719248471885736   
1.42689   6.791808   0.0076317833651993405   
1.4269499999999999   6.681308   0.0059139520157374222   
1.4270099999999999   6.562784   0.0044140792924459099   
1.4270699999999998   6.43388   0.0070248878203775555   
1.42713   6.322264   0.0060595451241088354   
1.42719   6.196204   0.0062666963119866216   
1.4272499999999999   6.077856   0.0042081833504627039   
1.4273099999999999   5.963168   0.0066851498445767508   
1.42737   5.841332   0.0057336590605147554   
1.42743   5.72814   0.0052047918092636171   
1.4274899999999999   5.623448   0.0070459742327721394   
1.4275499999999999   5.503088   0.0060977425331018759   
1.4276099999999998   5.38432   0.0048526409762565489   
1.42767   5.264788   0.0041191328105696362   
1.4277299999999999   5.160732   0.0035330970990210972   
1.4277899999999999   5.033808   0.0057209254884541328   
1.4278499999999998   4.930984   0.0037972537444842344   
1.42791   4.827188   0.0045914899058535977   
1.42797   4.711856   0.0053976231806231081   
1.4280299999999999   4.607292   0.0050632305892581987   
1.4280899999999999   4.493948   0.0070288195310450067   
1.42815   4.388844   0.0055998109491898735   
1.42821   4.292508   0.0059387961368913736   
1.4282699999999999   4.183156   0.0045669010158846795   
1.4283299999999999   4.081784   0.0043047475600266553   
1.4283899999999998   3.977108   0.0056504553995427599   
1.42845   3.878124   0.0032900142519110333   
1.4285099999999999   3.781604   0.0052755551998502499   
1.4285699999999999   3.682992   0.0054101034699490946   
1.4286299999999998   3.58494   0.0028462169824366628   
1.42869   3.494696   0.0023481525598743472   
1.42875   3.391916   0.0047979234397115171   
1.4288099999999999   3.31764   0.0022599587016875701   
1.4288699999999999   3.21536   0.0034592330556546102   
1.4289299999999998   3.131288   0.0034908785268022136   
1.42899   3.047716   0.0050391761231375979   
1.4290499999999999   2.954528   0.0058215471025034685   
1.4291099999999999   2.876708   0.0033845612878349634   
1.4291699999999998   2.789944   0.0028619073670854329   
1.42923   2.70644   0.0039387443007469677   
1.4292899999999999   2.627924   0.0016421714621534176   
1.4293499999999999   2.552916   0.001497036479923647   
1.4294099999999998   2.476336   0.0037756327505024317   
1.42947   2.406468   0.0044601985008143718   
1.42953   2.333296   0.0024169637518543053   
1.4295899999999999   2.263004   0.0021857026330221495   
1.4296499999999999   2.1886   0.0030499078310299451   
1.4297099999999998   2.119172   0.0032766109863020985   
1.42977   2.052784   0.0025373455946454676   
1.4298299999999999   1.986496   0.0028072806929284583   
1.4298899999999999   1.930492   0.0020150196028823134   
1.4299499999999998   1.863964   0.0036255706677248337   
1.43001   1.799964   0.0019953586143848959   
1.43007   1.738404   0.0031168214578316866   
1.4301299999999999   1.682796   0.0030837175256138079   
1.4301899999999999   1.625664   0.0030372982146052925   
1.43025   1.575352   0.0031632040015711264   
1.43031   1.520796   0.0015363847897653262   
1.4303699999999999   1.468272   0.0019615214049870038   
1.4304299999999999   1.417876   0.002525239350591893   
1.4304899999999998   1.3697   0.0023487433992574743   
1.43055   1.314908   0.0028660653632927942   
1.4306099999999999   1.273648   0.0022907644527052059   
1.4306699999999999   1.220796   0.0024410158176919368   
1.4307299999999998   1.177292   0.0014009400018876363   
1.43079   1.136468   0.0024559410054441938   
1.43085   1.092608   0.0013472579559980371   
1.4309099999999999   1.0554   0.0024579883373740166   
1.4309699999999999   1.016296   0.0029248920967751547   
1.43103   0.979432   0.0015062394674597119   
1.43109   0.938092   0.0023401124379444319   
1.4311499999999999   0.904728   0.0032301402790315789   
1.4312099999999999   0.866548   0.0021155681138749586   
1.4312699999999998   0.835084   0.0020285469347951175   
1.43133   0.802708   0.0025605141844732834   
1.4313899999999999   0.772336   0.0015123338843581398   
1.4314499999999999   0.738928   0.0020794255617036775   
1.4315099999999998   0.709776   0.0013864384427573987   
1.43157   0.680784   0.0015764737020747674   
1.43163   0.6553   0.0013484905141181622   
1.4316899999999999   0.626416   0.0019159234501061529   
1.4317499999999999   0.601764   0.0018420129086289138   
1.43181   0.576616   0.00076844894285682862   
1.43187   0.551576   0.0012958902559844933   
1.4319299999999999   0.531964   0.00097350592077181414   
1.4319899999999999   0.504936   0.0014774055337351052   
1.4320499999999998   0.483048   0.001816691009011225   
1.43211   0.464548   0.0012987795981014044   
1.4321699999999999   0.444836   0.0012664203269232716   
1.4322299999999999   0.425456   0.00096314669472285318   
1.4322899999999998   0.40392   0.0012460497582360022   
1.43235   0.386952   0.001413142125430654   
1.43241   0.37238   0.0016186825919040872   
1.4324699999999999   0.357664   0.0015864672143546567   
1.4325299999999999   0.341368   0.0013460566275028857   
1.4325899999999998   0.325592   0.0011977133769534904   
1.43265   0.308312   0.0013915146024705924   
1.4327099999999999   0.294876   0.00074541442611923311   
1.4327699999999999   0.282868   0.0012648133810522759   
1.4328299999999998   0.265604   0.0012746896790112398   
1.43289   0.259184   0.00083820336964777641   
1.4329499999999999   0.243452   0.0011223000193055926   
1.4330099999999999   0.233204   0.00088741221788098279   
1.4330699999999998   0.221828   0.0006610980764354609   
1.43313   0.21162   0.0011681894823472206   
1.43319   0.199624   0.00084607748528790881   
1.4332499999999999   0.19034   0.0015880246289721777   
1.4333099999999999   0.1808   0.00072824904165173251   
1.43337   0.1722   0.00077741451834483609   
1.43343   0.165812   0.00089391125584888656   
1.4334899999999999   0.156816   0.00052463574665349148   
1.4335499999999999   0.149688   0.00086222038945967853   
1.4336099999999998   0.141572   0.00084126993950283929   
1.43367   0.133912   0.00065398063172135821   
1.4337299999999999   0.127304   0.00096613226607724666   
1.4337899999999999   0.121772   0.00039440757261154786   
1.4338499999999998   0.114228   0.00068645433610368836   
1.43391   0.108732   0.00059533146696235991   
1.43397   0.10344   0.00068227071850793483   
1.4340299999999999   0.09826   0.00073901435860355391   
1.4340899999999999   0.092744   0.00045420308722469546   
1.4341499999999998   0.087952   0.0004107359248957899   
1.43421   0.083576   0.00062938982797274015   
1.4342699999999999   0.079248   0.0005843225897472122   
1.4343299999999999   0.074472   0.0008385341707739498   
1.4343899999999998   0.071392   0.00043121739812355024   
1.43445   0.066876   0.00050825890165457136   
1.43451   0.06322   0.0004457901848278951   
1.4345699999999999   0.060076   0.00044968927543854599   
1.4346299999999998   0.056584   0.00037604727835148014   
1.43469   0.054076   0.00053341499374835313   
1.43475   0.050088   0.00025056735621385319   
1.4348099999999999   0.047908   0.00036651148231217346   
1.4348699999999999   0.045176   0.00039219949572181295   
1.4349299999999998   0.043356   0.00038415043349650869   
1.43499   0.040828   0.00057812109458140343   
1.4350499999999999   0.037816   0.00029880948966040408   
1.4351099999999999   0.036288   0.00045909282527852928   
1.4351699999999998   0.034324   0.00044992641373648846   
1.43523   0.032044   0.00049450132007463395   
1.43529   0.030316   0.00024421848141913146   
1.4353499999999999   0.028484   0.0005196049781645027   
1.4354099999999999   0.027088   0.00048036282583526844   
1.43547   0.025052   0.00029442524046389473   
1.43553   0.023248   0.00029723466225264585   
1.4355899999999999   0.022552   0.00024504330683008306   
1.4356499999999999   0.021444   0.00029408691081228199   
1.4357099999999998   0.01972   0.00032941699342255486   
1.43577   0.018336   0.00019850104953542858   
1.4358299999999999   0.017516   0.00033643622476382256   
1.4358899999999999   0.01684   0.0003495266640599668   
1.4359499999999998   0.01494   0.0001443760521847181   
1.43601   0.01436   0.00029634814361190491   
1.43607   0.013588   0.00026700312108038488   
1.4361299999999999   0.012304   0.000176   
1.4361899999999999   0.01204   0.00017748865378446651   
1.43625   0.011288   0.00017786886555362445   
1.43631   0.01026   0.00016256280837469149   
1.4363699999999999   0.009732   0.00015731638326774629   
1.4364299999999999   0.009364   0.00021136172259370375   
1.4364899999999998   0.008688   0.00018559693484059003   
1.43655   0.007868   0.00013186525108778447   
1.4366099999999999   0.0072   0.00029034844966388614   
1.4366699999999999   0.006988   0.00020352886773133683   
1.4367299999999998   0.00652   0.00013023056476879765   
1.43679   0.006028   0.00014895786130461341   
1.43685   0.00548   0.00013439576712911096   
1.4369099999999999   0.005272   0.0002048131940194392   
1.4369699999999999   0.0052   0.00017648418248292584   
1.43703   0.00466   0.00012764534199622536   
1.43709   0.004552   0.00013581687016796633   
1.4371499999999999   0.003984   0.00011158653841550761   
1.4372099999999999   0.003768   0.00010133333333333333   
1.4372699999999998   0.003792   0.00011072287729080904   
1.43733   0.003588   0.00011172187689874252   
1.4373899999999999   0.003264   0.00015110849670941002   
1.4374499999999999   0.002692   0.00011361533542812099   
1.4375099999999998   0.002876   9.8061205377050102e-05   
1.43757   0.002632   6.7144950997408915e-05   
1.43763   0.002512   7.9955543203013066e-05   
1.4376899999999999   0.002356   8.4632539053644531e-05   
1.4377499999999999   0.00222   9.0676470058236289e-05   
1.4378099999999998   0.002044   7.9431312045901227e-05   
1.43787   0.002   0.00010815626555025732   
1.4379299999999999   0.001836   0.00010003554923681437   
1.4379899999999999   0.001664   9.412993383852155e-05   
1.4380499999999998   0.001768   7.3466545674431525e-05   
1.43811   0.001544   4.2666666666666666e-05   
1.4381699999999999   0.001444   6.0059230024294443e-05   
1.4382299999999999   0.001404   8.0321575903088179e-05   
1.4382899999999998   0.001508   4.8092503458323823e-05   
1.43835   0.001236   6.9653108728581207e-05   
1.43841   0.001392   9.3104481333845818e-05   
1.4384699999999999   0.00134   5.9404451759854571e-05   
1.4385299999999999   0.001264   8.4580008144819765e-05   
1.4385899999999998   0.001304   7.2834668179987536e-05   
1.43865   0.001224   6.7514607472918201e-05   
1.4387099999999999   0.00136   4.5018514709691019e-05   
1.4387699999999999   0.0012   4.4221663871405332e-05   
1.4388299999999998   0.00136   9.2568293107785502e-05   
1.43889   0.001248   7.9285699985698696e-05   
1.43895   0.001404   9.9322147021139696e-05   
1.4390099999999999   0.001324   5.2476449744411805e-05   
1.4390699999999998   0.001436   0.00010969857691774209   
1.43913   0.001576   9.7470223373317681e-05   
1.43919   0.001492   6.9037831818664629e-05   
1.4392499999999999   0.001636   7.2651374537734812e-05   
1.4393099999999999   0.00162   9.7113907918027432e-05   
1.4393699999999998   0.00182   0.00012999145271046777   
1.43943   0.001972   9.3912488815681781e-05   
1.4394899999999999   0.001972   0.00010767027857718623   
1.4395499999999999   0.00212   9.977753031397177e-05   
1.4396099999999998   0.002176   0.00012539005808542664   
1.43967   0.002392   9.4054357805591454e-05   
1.43973   0.002404   0.00011034491379306977   
1.4397899999999999   0.002692   7.3768406365989619e-05   
1.4398499999999999   0.00278   0.00010176225014982499   
1.43991   0.00324   0.00018233059108236458   
1.43997   0.003248   9.0784237496262411e-05   
