-6.92066e-05   0.00111043     0
-0.000545959   -0.000849212     0
0.0499142   -0.000974435     1
0.0497061   0.00104196     1
0.0994397   -0.00112288     2
0.0998587   0.000864398     2
0.150431   0.000585334     3
0.148989   -0.000590657     3
0.199036   0.000229997     4
0.200796   0.000226054     4
0.249078   0.000139444     5
0.250844   0.000207305     5
0.300183   0.0012519     6
0.299909   -0.000755196     6
0.349382   0.000891271     7
0.350455   -0.000733605     7
0.399876   0.000924529     8
0.399895   -0.00112638     8
0.450519   -0.000578254     9
0.449099   0.000622698     9
0.499744   0.00113168     10
-0.500261   -0.000900924     10
-0.451026   -0.000513218     11
-0.449552   0.000686496     11
-0.401201   0.000339599     12
-0.399481   -9.17622e-05     12
-0.349432   0.000104861     13
-0.351204   5.6291e-05     13
-0.300352   0.0013226     14
-0.300116   -0.000692454     14
-0.250967   -0.000598246     15
-0.249708   0.000921935     15
-0.201324   -0.000422903     16
-0.199556   0.000112653     16
-0.151148   0.000651655     17
-0.149562   -0.000222531     17
-0.0993769   -0.000410281     18
-0.100996   0.000542241     18
-0.0503164   -0.00128509     19
-0.0503626   0.000783474     19
0.0244635   0.0492259     20
0.024901   0.0511931     20
0.0739488   0.0497058     21
0.0756378   0.0504141     21
0.125129   0.0510442     22
0.124466   0.049166     22
0.17574   0.0503357     23
0.17403   0.0498007     23
0.224542   0.0510198     24
0.225448   0.0492739     24
0.274659   0.0490815     25
0.275181   0.0510202     25
0.32476   0.0492594     26
0.324915   0.05133     26
0.375658   0.0497703     27
0.373961   0.0503771     27
0.425466   0.0506506     28
0.424152   0.0492571     28
0.474291   0.0488807     29
0.475124   0.0506868     29
0.524087   0.0495763     30
-0.474393   0.0506047     30
-0.424661   0.051183     31
-0.425627   0.0494801     31
-0.375396   0.0513485     32
-0.375283   0.049307     32
-0.326149   0.0504894     33
-0.324483   0.0497605     33
-0.276132   0.0500466     34
-0.274448   0.0506403     34
-0.225404   0.0512529     35
-0.22503   0.0492626     35
-0.174731   0.0507608     36
-0.175951   0.0492984     36
-0.126131   0.0503192     37
-0.124448   0.0496029     37
-0.0744303   0.0499008     38
-0.0762068   0.0500356     38
-0.0254717   0.0508816     39
-0.0252275   0.0488727     39
0.0491844   0.100395     40
0.0508093   0.0995885     40
0.0990471   0.100255     41
0.100792   0.0998923     41
0.150334   0.0991538     42
0.14952   0.100978     42
0.200849   0.0994315     43
0.199285   0.100395     43
0.249442   0.100845     44
0.250559   0.0992446     44
0.299074   0.100457     45
0.300843   0.100209     45
0.349214   0.100495     46
0.350805   0.0996059     46
0.400526   0.0992796     47
0.399156   0.100593     47
0.450484   0.100457     48
0.449066   0.0992542     48
0.499955   0.0989846     49
0.499481   0.100939     49
0.548862   0.100357     50
-0.449346   0.100108     50
-0.399957   0.101244     51
-0.400638   0.099365     51
-0.350798   0.100954     52
-0.349757   0.0993099     52
-0.300779   0.0993074     53
-0.299833   0.101024     53
-0.249519   0.100767     54
-0.250928   0.0995119     54
-0.199288   0.10009     55
-0.201071   0.100078     55
-0.151074   0.0998544     56
-0.149344   0.100277     56
-0.100772   0.100857     57
-0.0996932   0.0992471     57
-0.0494399   0.100203     58
-0.0511696   0.099776     58
-0.000935816   0.0994504     59
0.000652287   0.100459     59
0.0742728   0.150549     60
0.0758082   0.149508     60
0.12585   0.150108     61
0.124064   0.149987     61
0.175925   0.149883     62
0.174153   0.150221     62
0.224169   0.150214     63
0.225868   0.149618     63
0.274519   0.149267     64
0.275263   0.151111     64
0.325588   0.150811     65
0.324379   0.149333     65
0.375532   0.150929     66
0.374461   0.149303     66
0.425408   0.150834     67
0.424336   0.149212     67
0.474421   0.149136     68
0.475183   0.150966     68
0.524006   0.14938     69
0.5254   0.150619     69
0.574292   0.149332     70
0.575086   0.151157     70
-0.374451   0.149358     71
-0.375746   0.150766     71
-0.324923   0.150913     72
-0.325433   0.14897     72
-0.274586   0.150768     73
-0.275895   0.14941     73
-0.224882   0.1491     74
-0.225363   0.15107     74
-0.174281   0.149566     75
-0.17589   0.150413     75
-0.125005   0.149048     76
-0.125155   0.151073     76
-0.0748273   0.151084     77
-0.07513   0.149078     77
-0.0243309   0.150625     78
-0.025689   0.14933     78
0.0242863   0.149355     79
0.0256282   0.150679     79
0.0998408   0.201195     80
0.0998305   0.199131     80
0.14917   0.199695     81
0.150899   0.200165     81
0.200397   0.19903     82
0.199325   0.200648     82
0.25019   0.198929     83
0.249346   0.20071     83
0.300764   0.200088     84
0.299002   0.200054     84
0.350725   0.199528     85
0.349185   0.200619     85
0.399027   0.200322     86
0.400756   0.19988     86
0.450749   0.199845     87
0.44899   0.200044     87
0.499279   0.200827     88
0.500491   0.199352     88
0.549221   0.201064     89
0.55012   0.199317     89
-0.400038   0.199261     90
0.59931   0.201182     90
-0.351385   0.20002     91
-0.349576   0.200165     91
-0.299364   0.200557     92
-0.301027   0.199779     92
-0.251001   0.199963     93
-0.249245   0.200055     93
-0.199815   0.201078     94
-0.200332   0.199119     94
-0.149482   0.199366     95
-0.150778   0.200739     95
-0.100567   0.200785     96
-0.0995858   0.1991     96
-0.0500896   0.198944     97
-0.0497588   0.200955     97
-0.00101604   0.200343     98
0.000655777   0.199687     98
0.0506565   0.200651     99
0.0492667   0.19939     99
0.124096   0.250126     100
0.125819   0.249618     100
0.174286   0.2505     101
0.175675   0.249256     101
0.224124   0.249759     102
0.225812   0.250419     102
0.274947   0.251023     103
0.27474   0.248998     103
0.325715   0.249574     104
0.324303   0.250839     104
0.375986   0.250312     105
0.37425   0.249633     105
0.425075   0.250985     106
0.424752   0.248972     106
0.475249   0.250913     107
0.474248   0.249236     107
0.525481   0.250726     108
0.523981   0.249626     108
0.574837   0.251168     109
0.574668   0.249148     109
0.624134   0.2496     110
-0.374415   0.250767     110
-0.324324   0.250394     111
-0.325922   0.249532     111
-0.274148   0.250373     112
-0.275911   0.250053     112
-0.225098   0.250991     113
-0.225125   0.248959     113
-0.174251   0.250201     114
-0.176056   0.250004     114
-0.125401   0.25096     115
-0.124938   0.248999     115
-0.0749287   0.249006     116
-0.0752781   0.250999     116
-0.0243415   0.250492     117
-0.0260883   0.25023     117
0.0241072   0.249386     118
0.0253776   0.250792     118
0.0744349   0.249223     119
0.0752303   0.251054     119
0.150013   0.29888     120
0.149782   0.300895     120
0.199227   0.300536     121
0.200591   0.299243     121
0.249049   0.30024     122
0.250758   0.299726     122
0.299049   0.29989     123
0.300804   0.300181     123
0.350072   0.301147     124
0.349882   0.29913     124
0.400707   0.299366     125
0.399284   0.300586     125
0.450676   0.300603     126
0.449081   0.299752     126
0.500617   0.300502     127
0.499175   0.299316     127
0.55019   0.301113     128
0.549643   0.299141     128
0.599165   0.300614     129
0.600621   0.299455     129
0.649155   0.299854     130
-0.349123   0.300325     130
-0.300802   0.300303     131
-0.299059   0.299878     131
-0.249099   0.299979     132
-0.250869   0.300281     132
-0.199995   0.30123     133
-0.200186   0.299183     133
-0.150532   0.301061     134
-0.14987   0.299171     134
-0.100495   0.299045     135
-0.0999958   0.301016     135
-0.0504781   0.301145     136
-0.0499917   0.299196     136
0.00075625   0.300477     137
-0.00097171   0.299999     137
0.0490062   0.300255     138
0.0508446   0.300197     138
0.0992895   0.299489     139
0.100709   0.300696     139
0.175356   0.350883     140
0.17437   0.349182     140
0.225646   0.350336     141
0.224051   0.349454     141
0.275195   0.350912     142
0.274511   0.349036     142
0.324129   0.349445     143
0.325715   0.35035     143
0.375194   0.351104     144
0.374627   0.349178     144
0.424075   0.349799     145
0.425771   0.350455     145
0.474638   0.349279     146
0.475595   0.350988     146
0.524879   0.351161     147
0.524868   0.349096     147
0.575471   0.350883     148
0.574366   0.349296     148
0.624542   0.351039     149
0.625137   0.349114     149
-0.324209   0.350138     150
0.674063   0.349745     150
-0.274351   0.350631     151
-0.275913   0.34968     151
-0.225451   0.349353     152
-0.224567   0.351148     152
-0.17559   0.349665     153
-0.174164   0.350859     153
-0.124754   0.349186     154
-0.125442   0.351058     154
-0.0742519   0.350594     155
-0.0758556   0.349716     155
-0.0242452   0.350734     156
-0.0255994   0.34944     156
0.0253272   0.351054     157
0.0245856   0.349184     157
0.0757078   0.350617     158
0.0742817   0.349412     158
0.124754   0.350963     159
0.125353   0.349029     159
0.20051   0.401169     160
0.19971   0.399346     160
0.250549   0.400665     161
0.2495   0.399024     161
0.299922   0.400824     162
0.300036   0.39879     162
0.349111   0.400222     163
0.350813   0.399682     163
0.400913   0.399584     164
0.399372   0.400569     164
0.45074   0.400838     165
0.449475   0.399356     165
0.499468   0.399448     166
0.500541   0.401061     166
0.549112   0.400402     167
0.550797   0.399759     167
0.600347   0.399172     168
0.599552   0.400983     168
0.650849   0.400277     169
0.649149   0.399617     169
0.699919   0.401041     170
-0.300426   0.399049     170
-0.249598   0.400947     171
-0.250599   0.399259     171
-0.200478   0.400916     172
-0.199388   0.399319     172
-0.1497   0.401198     173
-0.150224   0.399255     173
-0.100828   0.400883     174
-0.0995069   0.399512     174
-0.0495122   0.399119     175
-0.0504275   0.40086     175
0.000507857   0.401108     176
-0.000568714   0.399503     176
0.0507101   0.400648     177
0.0493511   0.399339     177
0.0999474   0.399071     178
0.100497   0.401036     178
0.150373   0.401121     179
0.149774   0.399212     179
0.224338   0.450664     180
0.225831   0.449528     180
0.274315   0.450695     181
0.27537   0.449069     181
0.324527   0.448953     182
0.324822   0.450957     182
0.374117   0.450288     183
0.375744   0.449501     183
0.42432   0.450651     184
0.425683   0.44937     184
0.474194   0.450761     185
0.475658   0.449602     185
0.524467   0.449534     186
0.525539   0.451183     186
0.575982   0.4498     187
0.574289   0.450443     187
0.624304   0.449473     188
0.625877   0.450379     188
0.675143   0.449096     189
0.674891   0.451153     189
-0.274243   0.450055     190
0.724003   0.450212     190
-0.22448   0.45091     191
-0.225689   0.449415     191
-0.174567   0.45084     192
-0.17575   0.449312     192
-0.124305   0.450259     193
-0.126073   0.450136     193
-0.0760117   0.45071     194
-0.0744968   0.449676     194
-0.025382   0.449068     195
-0.0253322   0.45113     195
0.0252757   0.450912     196
0.0245149   0.449066     196
0.0754232   0.451107     197
0.0748383   0.449185     197
0.124742   0.451184     198
0.125545   0.449381     198
0.175031   0.449219     199
0.17487   0.451242     199
0.250795   0.499455     200
-0.250906   -0.499647     200
-0.201123   -0.499824     201
0.300658   0.49957     201
0.35053   0.499059     202
-0.150663   -0.499315     202
-0.0992208   -0.499642     203
0.399268   0.49954     203
0.44996   0.499022     204
-0.0500235   -0.498937     204
-0.000839092   -0.499347     205
0.500683   0.499449     205
0.0491552   -0.499511     206
0.550957   0.499996     206
0.601117   0.499572     207
0.0993594   -0.499729     207
0.150848   -0.499516     208
0.6493   0.499674     208
0.699113   0.499499     209
0.200452   -0.499312     209
0.248747   -0.499737     210
-0.749501   -0.499947     210
-0.699607   -0.499991     211
-0.701383   -0.499795     211
-0.651124   -0.499563     212
-0.149316   0.499875     212
-0.59952   -0.499952     213
-0.601286   -0.499761     213
-0.550067   -0.499061     214
-0.0505514   0.499005     214
-0.499532   -0.499352     215
-0.000758246   0.499288     215
-0.450961   -0.499479     216
0.0506306   0.499453     216
-0.400904   -0.499681     217
-0.399137   -0.499892     217
0.149425   0.499762     218
-0.349129   -0.49925     218
-0.300738   -0.499403     219
0.200958   0.499754     219
-0.225186   -0.448983     220
-0.225607   -0.450966     220
-0.17563   -0.450837     221
-0.175061   -0.448888     221
-0.124757   -0.449273     222
-0.125754   -0.450949     222
-0.0746799   -0.450753     223
-0.0756959   -0.449065     223
-0.0242557   -0.449937     224
-0.0259888   -0.449533     224
0.0245126   -0.449039     225
0.0252337   -0.450905     225
0.0755745   -0.450721     226
0.0743926   -0.449219     226
0.125663   -0.449457     227
0.124133   -0.45057     227
0.174503   -0.450909     228
0.175131   -0.449013     228
0.225105   -0.450684     229
0.224283   -0.448856     229
-0.724652   -0.450407     230
0.273994   -0.449065     230
-0.675253   -0.450851     231
-0.675478   -0.448824     231
-0.624461   -0.449843     232
-0.626186   -0.449402     232
-0.576086   -0.450205     233
-0.574413   -0.449574     233
-0.526134   -0.450253     234
-0.524369   -0.44994     234
-0.474353   -0.449908     235
-0.476105   -0.450115     235
-0.424338   -0.449444     236
-0.425883   -0.45047     236
-0.374263   -0.450191     237
-0.375853   -0.449316     237
-0.325703   -0.450345     238
-0.324479   -0.448876     238
-0.27519   -0.450684     239
-0.275128   -0.448638     239
-0.199455   -0.399444     240
-0.201059   -0.400296     240
-0.150961   -0.400471     241
-0.149663   -0.399039     241
-0.101301   -0.39963     242
-0.0995966   -0.400127     242
-0.0494215   -0.400077     243
-0.0511526   -0.399604     243
-0.000118757   -0.400898     244
-0.000170096   -0.398871     244
0.0491268   -0.400018     245
0.0508879   -0.400119     245
0.0991927   -0.399303     246
0.100474   -0.400692     246
0.148914   -0.400514     247
0.150454   -0.399524     247
0.199215   -0.398945     248
0.200181   -0.400669     248
0.248626   -0.399557     249
0.250372   -0.399816     249
0.300306   -0.399174     250
0.298948   -0.400497     250
-0.650323   -0.400806     251
-0.650365   -0.398763     251
-0.600947   -0.39945     252
-0.599394   -0.400397     252
-0.550363   -0.40099     253
-0.549742   -0.399089     253
-0.500115   -0.401165     254
-0.500222   -0.39912     254
-0.450164   -0.399056     255
-0.450449   -0.401058     255
-0.399814   -0.400651     256
-0.400943   -0.399091     256
-0.349781   -0.400597     257
-0.350955   -0.399068     257
-0.300677   -0.398649     258
-0.300096   -0.400566     258
-0.24963   -0.400085     259
-0.251159   -0.39904     259
-0.175731   -0.349088     260
-0.174758   -0.350798     260
-0.124768   -0.348966     261
-0.126275   -0.350043     261
-0.0753987   -0.350782     262
-0.0757668   -0.348794     262
-0.0243415   -0.350139     263
-0.0260923   -0.350302     263
0.0241792   -0.3492     264
0.0254015   -0.35072     264
0.0755125   -0.350515     265
0.0741148   -0.349234     265
0.123929   -0.349231     266
0.125353   -0.350449     266
0.174168   -0.348919     267
0.175114   -0.350628     267
0.223809   -0.349242     268
0.225257   -0.350394     268
0.274596   -0.34878     269
0.274566   -0.350823     269
0.325177   -0.349578     270
0.32361   -0.350532     270
-0.624365   -0.349858     271
-0.626129   -0.350253     271
-0.57581   -0.349323     272
-0.57468   -0.35088     272
-0.526156   -0.349966     273
-0.524392   -0.350179     273
-0.474704   -0.350853     274
-0.47572   -0.349183     274
-0.425482   -0.349039     275
-0.425358   -0.351107     275
-0.374587   -0.350495     276
-0.375978   -0.349255     276
-0.326115   -0.349412     277
-0.324462   -0.350136     277
-0.274704   -0.350244     278
-0.276015   -0.348875     278
-0.225957   -0.350444     279
-0.224596   -0.349106     279
-0.149524   -0.299707     280
-0.151292   -0.299675     280
-0.0996835   -0.299126     281
-0.101153   -0.30026     281
-0.0502144   -0.298944     282
-0.050342   -0.301018     282
0.000578854   -0.300473     283
-0.00108159   -0.29981     283
0.0502944   -0.300421     284
0.0489083   -0.299159     284
0.0987434   -0.300328     285
0.100287   -0.299339     285
0.148644   -0.299614     286
0.150404   -0.299814     286
0.200517   -0.299445     287
0.198824   -0.300232     287
0.24904   -0.300428     288
0.250264   -0.29897     288
0.298888   -0.299875     289
0.300633   -0.299622     289
0.349385   -0.298838     290
-0.650248   -0.300836     290
-0.599473   -0.300216     291
-0.60121   -0.29977     291
-0.5505   -0.299059     292
-0.550216   -0.301089     292
-0.500286   -0.301084     293
-0.500631   -0.299083     293
-0.449554   -0.299846     294
-0.451261   -0.300367     294
-0.399452   -0.29987     295
-0.401212   -0.2999     295
-0.34962   -0.299524     296
-0.351366   -0.300005     296
-0.299606   -0.299273     297
-0.301214   -0.300157     297
-0.251077   -0.299401     298
-0.249359   -0.299873     298
-0.200022   -0.298685     299
-0.200401   -0.30067     299
-0.125817   -0.25046     300
-0.124285   -0.249403     300
-0.0755284   -0.249098     301
-0.0746104   -0.25083     301
-0.025208   -0.250953     302
-0.0253332   -0.248929     302
0.0238575   -0.250495     303
0.0253089   -0.249295     303
0.0737411   -0.249962     304
0.0755012   -0.249956     304
0.125379   -0.249122     305
0.124013   -0.250421     305
0.174956   -0.248562     306
0.174523   -0.250531     306
0.224225   -0.250683     307
0.22492   -0.248802     307
0.273739   -0.249794     308
0.275491   -0.249528     308
0.325575   -0.249387     309
0.32389   -0.250033     309
0.374736   -0.248848     310
0.374263   -0.250803     310
-0.575211   -0.250877     311
-0.575205   -0.248843     311
-0.525192   -0.251064     312
-0.525332   -0.249034     312
-0.475692   -0.249308     313
-0.47484   -0.251096     313
-0.424869   -0.249162     314
-0.425764   -0.250922     314
-0.37487   -0.250599     315
-0.375959   -0.248978     315
-0.325082   -0.248761     316
-0.325818   -0.250617     316
-0.275442   -0.248597     317
-0.275316   -0.250655     317
-0.22609   -0.249385     318
-0.224431   -0.250147     318
-0.176011   -0.249932     319
-0.174281   -0.249536     319
-0.101069   -0.200523     320
-0.0994631   -0.199701     320
-0.0493779   -0.200154     321
-0.0511214   -0.199893     321
0.000499375   -0.199582     322
-0.00120913   -0.200129     322
0.0496019   -0.198946     323
0.0498804   -0.200958     323
0.100561   -0.199812     324
0.0988379   -0.200258     324
0.149701   -0.200931     325
0.149643   -0.198877     325
0.200454   -0.200219     326
0.199201   -0.198798     326
0.249138   -0.200371     327
0.250289   -0.198815     327
0.298805   -0.199413     328
0.300417   -0.200253     328
0.350769   -0.199542     329
0.34903   -0.199833     329
-0.59933   -0.199441     330
0.399087   -0.200339     330
-0.551049   -0.199434     331
-0.54945   -0.200274     331
-0.500857   -0.200732     332
-0.499467   -0.199465     332
-0.450875   -0.200639     333
-0.449443   -0.199461     333
-0.400315   -0.200841     334
-0.400522   -0.19879     334
-0.351278   -0.200246     335
-0.349623   -0.199459     335
-0.301138   -0.199312     336
-0.299521   -0.200113     336
-0.249622   -0.199202     337
-0.251044   -0.200406     337
-0.199822   -0.199166     338
-0.200957   -0.20074     338
-0.151043   -0.200265     339
-0.149475   -0.199324     339
-0.0753426   -0.150984     340
-0.0751093   -0.148968     340
-0.0260772   -0.149543     341
-0.0244838   -0.150406     341
0.0252045   -0.149052     342
0.0244414   -0.150881     342
0.0742742   -0.150994     343
0.0752672   -0.149298     343
0.124719   -0.150831     344
0.124849   -0.148796     344
0.175366   -0.148996     345
0.174147   -0.150462     345
0.223895   -0.149614     346
0.225635   -0.149937     346
0.275761   -0.149511     347
0.274009   -0.149688     347
0.324245   -0.150496     348
0.325476   -0.14903     348
0.375682   -0.150462     349
0.374244   -0.14919     349
-0.57442   -0.149225     350
0.424265   -0.150582     350
-0.525618   -0.149196     351
-0.524787   -0.150984     351
-0.474415   -0.149326     352
-0.475858   -0.1505     352
-0.424451   -0.149533     353
-0.426171   -0.149961     353
-0.375582   -0.150766     354
-0.375171   -0.148778     354
-0.325895   -0.150739     355
-0.32491   -0.149029     355
-0.276214   -0.149585     356
-0.274513   -0.150161     356
-0.22563   -0.14903     357
-0.224913   -0.150912     357
-0.174478   -0.149516     358
-0.175999   -0.150539     358
-0.126022   -0.14948     359
-0.124399   -0.150279     359
-0.0500912   -0.0989139     360
-0.0505243   -0.10088     360
-0.000710709   -0.0991958     361
4.89853e-05   -0.101033     361
0.0505435   -0.100457     362
0.048898   -0.09974     362
0.0989533   -0.100573     363
0.1004   -0.099373     363
0.149228   -0.100699     364
0.150305   -0.099073     364
0.200497   -0.0990529     365
0.199156   -0.100369     365
0.249005   -0.0991552     366
0.250494   -0.100251     366
0.300204   -0.0987838     367
0.299253   -0.100519     367
0.349562   -0.100574     368
0.350224   -0.0986628     368
0.400284   -0.0990843     369
0.399377   -0.100842     369
0.449092   -0.0991014     370
-0.549858   -0.10074     370
-0.500507   -0.0988891     371
-0.500094   -0.100864     371
-0.449974   -0.0987994     372
-0.450721   -0.100642     372
-0.401302   -0.099591     373
-0.399586   -0.100036     373
-0.350196   -0.0988417     374
-0.350744   -0.100769     374
-0.299694   -0.100108     375
-0.301459   -0.0998298     375
-0.250101   -0.0989979     376
-0.250675   -0.100921     376
-0.2001   -0.0989965     377
-0.20041   -0.101034     377
-0.149775   -0.099222     378
-0.15113   -0.100573     378
-0.101287   -0.0996574     379
-0.0995611   -0.100042     379
-0.0244517   -0.0493461     380
-0.0258987   -0.0505102     380
0.0256083   -0.0495716     381
0.0240171   -0.050435     381
0.0739479   -0.0501437     382
0.0756981   -0.0503175     382
0.124085   -0.0504692     383
0.125724   -0.0497333     383
0.174114   -0.050195     384
0.17572   -0.0493349     384
0.224149   -0.0502133     385
0.225643   -0.0491276     385
0.274963   -0.0485977     386
0.274973   -0.0506295     386
0.324134   -0.048914     387
0.325308   -0.050489     387
0.374039   -0.0495531     388
0.375663   -0.0503809     388
0.42561   -0.0498527     389
0.42391   -0.0503714     389
0.473978   -0.0491803     390
-0.524734   -0.0506816     390
-0.475833   -0.0505702     391
-0.474719   -0.0489498     391
-0.424504   -0.0495399     392
-0.426223   -0.0500443     392
-0.376048   -0.0490479     393
-0.374884   -0.0505854     393
-0.325809   -0.0488715     394
-0.324841   -0.0505733     394
-0.276005   -0.0493858     395
-0.274647   -0.0506769     395
-0.226101   -0.0491653     396
-0.224812   -0.0505995     396
-0.175686   -0.0507165     397
-0.174812   -0.0489492     397
-0.124287   -0.0495716     398
-0.126001   -0.050162     398
-0.0744674   -0.0506142     399
-0.0760003   -0.0496197     399
