0.44102683529415743   7.3773776125820756  0.0067202529585960812
0.88205367058831485   2.0223739403251417  0.0076050997857115617
1.3230805058824724   0.12876707616728345  0.0011242843297177817
1.7641073411766297   4.8132531373204762e-06  3.6477655175683878e-07
2.205134176470787   0.051241262396403885  0.0014984216102772963
2.6461610117649448   0.57596191842011719  0.0041422696743400405
3.0871878470591021   0.53984924478044466  0.0058054222544855919
3.5282146823532594   2.8537070667541422e-05  2.6538622442624347e-06
3.9692415176474167   0.024789592280901057  0.00050410713231521378
4.410268352941574   0.082618150784829107  0.001510547885905795
4.8512951882357314   0.032957075453898777  0.00061735941520836576
5.2923220235298896   6.473900148023278e-05  5.9197669018962579e-06
5.7333488588240469   0.48318592580347404  0.0049954380777049299
6.1743756941182042   0.52967573857514373  0.0038549186713820748
6.6154025294123615   0.064782118604128359  0.0017615676139555839
7.0564293647065188   7.9902180872576469e-05  5.8477741603875384e-06
7.4974562000006761   0.090045803382819639  0.00085924388865967794
7.9384830352948335   1.8786496176449573  0.0073471047316892733
8.3795098705889917   8.7319970783537473  0.0083246128517829931
8.8205367058831481   99.590475613529978  0.0004382752343505471
9.2615635411773063   6.0644981713923342  0.005311634857836346
9.7025903764714627   2.1365601465907096  0.0077290806274848574
10.143617211765621   0.17673958259280138  0.0014495440673326357
10.584644047059779   0.00018754470043298967  1.3011024632360841e-05
11.025670882353936   0.038964849227162711  0.0012412135442742136
11.466697717648094   0.61456745132855132  0.004376489780961955
11.90772455294225   0.58695144030896675  0.0065572030486021575
12.348751388236408   0.00036815648404701299  3.2283922700621684e-05
12.789778223530565   0.017976170231232231  0.0004069398917608638
13.230805058824723   0.080902020080547203  0.0014782959591462478
13.671831894118879   0.042385288617164611  0.00074733783107908659
14.112858729413038   0.00049677673345372872  4.1041735315091369e-05
14.553885564707196   0.41914116588701648  0.0041616878772999701
14.994912400001352   0.47779567856140341  0.0035291183607952164
15.43593923529551   0.079070566094802616  0.0020220763759836901
15.876966070589667   0.00046064468475935203  2.9468111538884836e-05
16.317992905883823   0.06004816686852346  0.00064882289672954741
16.759019741177983   1.711769553462518  0.0069685510647626399
17.20004657647214   10.090631307579436  0.010022780200542287
17.641073411766296   98.370956412119097  0.0017331064056874221
18.082100247060456   4.8278347713426894  0.0042022503194529068
18.523127082354613   2.2158337878518598  0.0077115457523031619
18.964153917648769   0.23401840954830934  0.0018357247872305286
19.405180752942925   0.00075342900788617227  4.305358799000507e-05
19.846207588237085   0.028331033540715524  0.00099715137163475533
20.287234423531242   0.64362083235886783  0.0045451267014036705
20.728261258825398   0.62286336991814523  0.0072180385402379071
21.169288094119558   0.0011880363063603439  9.2859187857780925e-05
21.610314929413715   0.012517852510072346  0.00032354766118923619
22.051341764707871   0.077560116747915307  0.0014158389507308442
22.492368600002028   0.052882476133063148  0.00089237001808083646
22.933395435296188   0.0015042401982290962  0.00010379651637649238
23.374422270590344   0.35037175295886517  0.0033384434147464714
23.8154491058845   0.4225009317702604  0.0031807446800842904
24.256475941178657   0.093485437947268248  0.002270339686556977
24.697502776472817   0.001334959859724482  7.0649737932382959e-05
25.138529611766973   0.037870777462768392  0.00048384692126238095
25.57955644706113   1.5287575401875516  0.0064879135880979066
26.02058328235529   11.413701280566569  0.011722058254553772
26.461610117649446   96.368304332841785  0.0038255298436341162
26.902636952943602   3.6974015904582653  0.0034648284022982089
27.343663788237759   2.2561482562747373  0.0075515353597573854
27.784690623531919   0.30011538004170285  0.0022781664835683686
28.225717458826075   0.0020185300734697229  8.9394845894501548e-05
28.666744294120232   0.019558374071128638  0.00077198361903782029
29.107771129414392   0.6615820077427889  0.0046387848220673132
29.548797964708548   0.64654689418905408  0.0077587062636039121
29.989824800002705   0.0026760199196912486  0.00017999276293050187
30.430851635296861   0.0083360734348683557  0.00025105134406272451
30.871878470591021   0.072766887506467293  0.0013270918483454341
31.312905305885177   0.064159783481700051  0.0010483930560414173
31.753932141179334   0.0034517929866147067  0.00018703477109508171
32.194958976473494   0.2799072245762609  0.0025580337423799825
32.635985811767647   0.36594166179817665  0.0028256857602271182
33.077012647061807   0.10734563674771713  0.0024962572121573032
33.518039482355967   0.0029861393353709494  0.00012866945293915318
33.95906631765012   0.02234873983209117  0.00035382018121280632
34.400093152944279   1.336888414234552  0.0059274754080457225
34.841119988238439   12.661292134964825  0.013341005195291365
35.282146823532592   93.626302009943755  0.006620615215527001
35.723173658826752   2.6977713136032397  0.0030720922392785401
36.164200494120912   2.2550381104329449  0.0072548216716723689
36.605227329415065   0.3739611063168656  0.0027669653524033618
37.046254164709225   0.0044889558017144263  0.00015156659085095128
37.487281000003378   0.01270083826783556  0.0005701359852040036
37.928307835297538   0.66734409918358658  0.0046516945203650162
38.369334670591698   0.65756236537505142  0.0081551683366492142
38.810361505885851   0.0050600973130184161  0.00028768747614294983
39.251388341180011   0.0052905339214997125  0.00018715133188031802
39.692415176474171   0.066768787541268208  0.0012174937917565824
40.133442011768324   0.075840446762503311  0.0012093175129696272
40.574468847062484   0.0069016496820041727  0.00028149674318537519
41.015495682356644   0.21101868928180653  0.0018492632277205718
41.456522517650797   0.3101265905630373  0.0024785812787169673
41.897549352944957   0.11996031660829183  0.0026899161133203972
42.338576188239117   0.0057411620052178597  0.00020315404849967139
42.779603023533269   0.012178200083667021  0.00024952569397676014
43.220629858827429   1.1432978294183695  0.0053119272034465423
43.661656694121582   13.79472556356497  0.014811476081088181
44.102683529415742   90.204215126051203  0.0099922792463054353
