0.50882954214656695   6.5789807064952994e-08  1.5014457530510005e-10     
1.0176590842931339   7.2496654897801625e-08  1.2188628035415888e-10     
1.5264886264397008   8.5538004528567136e-08  7.6924190959917828e-11     
2.0353181685862678   1.0978411532100929e-07  7.8093172797032134e-11     
2.544147710732835   1.5491177399554268e-07  2.626010709384204e-10     
3.0529772528794017   2.4700111049787481e-07  1.7572976800277206e-10     
3.5618067950259684   4.6568040205914977e-07  4.1797126981733102e-10     
4.0706363371725356   1.1599416612051232e-06  1.951396375068812e-09     
4.5794658793191028   5.3294069453608715e-06  1.2181751550521689e-08     
5.0882954214656699   99.999446666839556  7.6692339045281341e-07     
5.5971249636122362   7.9599005449760599e-06  1.8137481727032809e-08     
6.1059545057588034   2.6098940556390157e-06  4.3851461051234222e-09     
6.6147840479053706   1.606311591332204e-06  1.4473422654152434e-09     
7.1236135900519368   1.3449350449924825e-06  9.5654211887296575e-10     
7.632443132198504   1.3942155807697848e-06  2.3634069912787235e-09     
8.1412726743450712   1.756369346644299e-06  1.2497906564759531e-09     
8.6501022164916375   2.746418784451748e-06  2.4602099462837042e-09     
9.1589317586382055   5.8721884732365404e-06  9.8850454753801801e-09     
9.6677613007847718   2.3753916672383623e-05  5.4380602355648672e-08     
10.17659084293134   99.997786686707317  3.0728203298976059e-06     
10.685420385077906   2.90083768917054e-05  6.5994728805452085e-08     
11.194249927224472   8.7722047985152743e-06  1.4729604592558335e-08     
11.70307946937104   5.0283674032821328e-06  4.5393988210071027e-09     
12.211909011517607   3.9527198241150783e-06  2.8108010842163068e-09     
12.720738553664173   3.8728744727268575e-06  6.5650047125847201e-09     
13.229568095810741   4.6377214071703087e-06  3.3006785927928883e-09     
13.738397637957307   6.9274794363322256e-06  6.1932684601305124e-09     
14.247227180103874   1.4209226876152415e-05  2.3934003084181168e-08     
14.756056722250442   5.5342286027819033e-05  1.2689423631962103e-07     
15.264886264397008   99.995020117649372  6.9091556713658755e-06     
15.773715806543576   6.320765913295061e-05  1.4357214312265084e-07     
16.282545348690142   1.8559530092211289e-05  3.1143485768390737e-08     
16.79137489083671   1.0352117874999649e-05  9.3631649707624911e-09     
17.300204432983275   7.9334535882338742e-06  5.6406571068879103e-09     
17.809033975129843   7.5909910039122519e-06  1.2867365990610256e-08     
18.317863517276411   8.8909391661218738e-06  6.3288612070042938e-09     
18.826693059422976   1.3008634964406914e-05  1.1606678906157351e-08     
19.335522601569544   2.6171077086867226e-05  4.410924174871814e-08     
19.844352143716112   0.00010009728425053801  2.2986940665757717e-07     
20.35318168586268   99.99114705640535  1.2284619472682678e-05     
20.862011228009244   0.00011055399020545586  2.5071929964208925e-07     
21.370840770155812   3.1972001351416596e-05  5.361480643552054e-08     
21.87967031230238   1.7578021582616642e-05  1.592860766280189e-08     
22.388499854448945   1.3287500650838051e-05  9.4459592200350385e-09     
22.897329396595513   1.2548718998465628e-05  2.1270448445151706e-08     
23.406158938742081   1.451595380830995e-05  1.0334871975384562e-08     
23.914988480888645   2.098970433066433e-05  1.8689879329690125e-08     
24.423818023035214   4.1757789791863647e-05  7.0421539727083035e-08     
24.932647565181782   0.00015802148264058666  3.6345205487110137e-07     
25.441477107328346   99.986167638402615  1.9192685333917889e-05     
25.950306649474914   0.00017104341578498234  3.872851172422024e-07     
26.459136191621482   4.9009780121811775e-05  8.2131373710915482e-08     
26.967965733768047   2.6706583186714193e-05  2.4245587767053834e-08     
27.476795275914615   2.00152744671479e-05  1.4226617994076033e-08     
27.985624818061183   1.8746263542306385e-05  3.1774195543511374e-08     
28.494454360207747   2.1512745846221269e-05  1.5319311286508356e-08     
29.003283902354315   3.0870552880795892e-05  2.74322158576787e-08     
29.512113444500883   6.0969446177535233e-05  1.0288148369349889e-07     
30.020942986647452   0.00022911725441114784  5.2778728529174506e-07     
30.529772528794016   99.98008203774816  2.7634255104335755e-05     
31.038602070940584   0.00024467178436433192  5.5311788510307462e-07     
31.547431613087152   6.9673057997648334e-05  1.1668078260573822e-07     
32.05626115523372   3.773835337050053e-05  3.4323858199582727e-08     
32.565090697380285   2.8117237594687394e-05  1.9982605188406004e-08     
33.073920239526849   2.6183880972049051e-05  4.4378536578399252e-08     
33.582749781673421   2.9881345133709911e-05  2.1282847599776245e-08     
34.091579323819985   4.2651092367830148e-05  3.7822944865495034e-08     
34.60040886596655   8.3806157953059079e-05  1.41499471480576e-07     
35.109238408113121   0.00031338677453047037  7.2301933977162232e-07     
35.618067950259686   99.972890467218161  3.7610004756473563e-05     
36.12689749240625   0.00033143474732142009  7.4806528921009295e-07     
36.635727034552822   9.3962056531936243e-05  1.5725041364834138e-07     
37.144556576699387   5.0673928773244341e-05  4.6173062084128512e-08     
37.653386118845951   3.7593901650644659e-05  2.6713953514051467e-08     
38.162215660992523   3.4861878861144955e-05  5.9083386640630835e-08     
38.671045203139087   3.962183087647266e-05  2.822621869504159e-08     
39.179874745285652   5.6331280970981516e-05  4.9851235178378309e-08     
39.688704287432223   0.00011026806736577391  1.862857148594151e-07     
40.197533829578788   0.00041083201955377638  9.4929157252565901e-07     
40.706363371725359   99.964593178245249  4.9117784677672052e-05     
41.215192913871924   0.00043132775897739545  9.7197443896636894e-07     
41.724022456018488   0.00012187702713925383  2.0382743055286624e-07     
42.23285199816506   6.5513951918948897e-05  5.9802730951946105e-08     
42.741681540311625   4.8445827266019903e-05  3.4420756509915702e-08     
43.250511082458189   4.478061600326244e-05  7.5888646585483581e-08     
43.759340624604761   5.0734331639302761e-05  3.6150233007609872e-08     
44.268170166751325   7.1911123309705512e-05  6.3506170308546551e-08     
44.77699970889789   0.00014035534720911253  2.3725024235367985e-07     
45.285829251044461   0.00052145476744509486  1.2067464251208817e-06     
45.794658793191026   99.955190460903428  6.2157496850078411e-05     
46.30348833533759   0.00054434607664497588  1.2246918939265916e-06     
46.812317877484162   0.00015341825099117825  2.5639877793226687e-07     
47.321147419630726   8.2259111140304983e-05  7.5222282979316645e-08     
47.829976961777291   6.067362403656711e-05  4.3103168534907216e-08     
48.338806503923863   5.5940502392882808e-05  9.4794202995002491e-08     
48.847636046070427   6.3219025350130795e-05  4.5055771050539232e-08     
49.356465588216992   8.9390670452976579e-05  7.8776750725968065e-08     
49.865295130363563   0.00017406820082297768  2.9440290209191616e-07     
50.374124672510128   0.00064525659738920157  1.4955254016374161e-06     
50.882954214656692   99.944682643890725  7.6726974672200315e-05     
