-0.0263211486268861   -0.0330416958810606   102.403805796168   0.296871051310447
0.0719200087530888   -0.0335848551370821   77.1033692299392   0.308965133873074
0.170983236855798   -0.0270701414647196   75.7108335236073   0.313224527864484
0.271152833170096   -0.0209845906151712   71.0216751329955   0.302168549464287
0.372282872776228   -0.0246354789253668   97.0951381138204   0.303176292915941
0.472368384008501   -0.0334934738324859   114.789238585776   0.309597923035105
-0.426670599363341   -0.0319689375346118   72.673638513629   0.304890259378994
-0.326778011648032   -0.0226486931167542   89.8715001507399   0.300408189990879
-0.227101357989961   -0.0203363107120299   101.038475674151   0.307663002730421
-0.126175634656797   -0.0270635893568093   113.579769275931   0.301539496681099
0.0226450928887758   0.0655130608507135   96.4933284818596   0.309680193487709
0.12050291667525   0.0708456542163737   81.9659245435581   0.306325269860553
0.22020492665873   0.0759728853606728   83.6982006387647   0.305864584699234
0.319857671855749   0.0771299534505602   109.528166936489   0.298125580383514
0.422029513242294   0.0724426473088825   109.635657729361   0.312981800654094
0.520730465690394   0.0648976189517707   101.100069565248   0.318525822903825
-0.37909648463155   0.0731696017581314   50.8025822625754   0.314509884279345
-0.277223683976252   0.079434256565618   73.9684191775703   0.31166391314258
-0.178004306813265   0.0757944619694282   98.4693693393048   0.315955841259565
-0.077630643310025   0.0702872152310567   114.025811015174   0.309850213304975
0.0700856803178085   0.169507098786756   70.4256729415394   0.308858132706577
0.169280582405891   0.174564015694896   73.2211096426623   0.312141290552526
0.268591890233672   0.178786021916762   85.4217113592427   0.295128548124
0.368537088673058   0.173612671310801   106.71664524924   0.308507112538768
0.470190245022344   0.168947488519596   96.1616343105644   0.307905396382284
0.571363486509514   0.165861251345183   46.1029714928029   0.30704283746289
-0.327027805189394   0.176234392706656   74.6586435364117   0.306319399759708
-0.227878812136387   0.179160764731064   86.9580056167944   0.299042389845118
-0.128703179120424   0.173358172992271   88.1979082176295   0.312825711102239
-0.0301292719397261   0.166400051007406   112.152803294675   0.312721449019053
0.119847567664751   0.272995695147982   79.3199709647956   0.30243179295456
0.218432471992691   0.277805055047626   72.3116576094999   0.304894249035039
0.318318231280688   0.276268997365033   103.672303561329   0.309155345565341
0.420168544563322   0.268591510578688   103.592881931083   0.300696159531418
0.521997447499923   0.263375622955618   106.09163039576   0.3145628827889
0.62328934722854   0.270682340745127   68.6079891251136   0.308986586356121
-0.275127747955767   0.279873598519722   68.6763883355229   0.313632488287822
-0.177935508320193   0.277384797470759   98.4910722144212   0.314913487616581
-0.0786671758706577   0.271440765060605   98.282345635271   0.307277578023111
0.0202460764650971   0.265737971522655   80.0860062312602   0.310325367067084
0.172536239098006   0.374884141685719   70.6109685257686   0.295511282620447
0.271782629404475   0.378123661419353   95.1012874679473   0.309215346209041
0.370567673841331   0.371866997946305   102.775508073582   0.305813944395398
0.470133370201167   0.364755209323158   101.642015255096   0.302937881543507
0.570446431587155   0.365026581741601   81.0376052939364   0.306121928691633
0.671926089121163   0.372685464626404   74.7167963094741   0.308062531561229
-0.227660615462538   0.382139481670104   96.4480698418184   0.29781929430757
-0.128472169329918   0.376126445529082   102.421210359162   0.30335702129343
-0.0285742136494162   0.369799842420675   84.7654090200406   0.306097609560088
0.0715893519249554   0.368847344922252   63.9625459598586   0.298008440260001
0.220887088169578   0.478501146331518   83.8610200955499   0.312367989129412
0.320911995312003   0.475407347798506   115.532410896161   0.299637130127147
0.421128475855065   0.467197110238779   100.761460539981   0.312455958238556
0.519551421310656   0.464546521197194   80.9090125121899   0.29988668237505
0.619504813523777   0.468179032469177   74.5225038764006   0.313708385254521
0.720634881160517   0.478934087066538   55.8768998918815   0.305740738810447
-0.179135090016258   0.479655461631952   102.142314652631   0.313196770682795
-0.0784142090972706   0.472519277818814   107.895956726866   0.298452177796176
0.0222855579136693   0.468819791451333   93.8575808173129   0.309486960817145
0.121718607772681   0.47053163374596   81.7138086535707   0.301819549446594
-0.227606510465248   -0.421790650236848   87.3741012158903   0.316628587140678
-0.128804691624779   -0.427361418176202   101.831043517836   0.307469953614208
-0.0301255971976251   -0.434095422202008   96.6437791333493   0.316156533896686
0.0712225529997517   -0.435990114690808   81.4450685089307   0.296147772942199
0.170144746377199   -0.427158727770461   58.1377475721711   0.303547275952138
0.27225339695392   -0.419955779874897   74.3558303442946   0.304969798953668
-0.628107567702578   -0.424133210208451   109.036580439747   0.310580687620939
-0.527854908433424   -0.431580148043257   93.8421436434071   0.302752128374554
-0.428562523661435   -0.430966428328673   76.5138184062992   0.306695243494103
-0.327724389459113   -0.424270090155211   71.0909541693055   0.314761786434301
-0.177539362572129   -0.322084514616898   113.02038479266   0.305708552689418
-0.0772931816928367   -0.330194587543909   103.657231735772   0.307366619362422
0.0209539128649267   -0.337557190578656   79.9059373108503   0.306246504948894
0.12100923814813   -0.331281247495815   75.6516348851922   0.325041000901526
0.220770408050026   -0.325385746014122   65.82491009399   0.308487051141536
0.322092070375644   -0.319182241644038   106.591014741454   0.309364365801093
-0.576960281997377   -0.328430709072106   101.833004854526   0.303967894069154
-0.478469394586072   -0.33218504260273   94.7965779864968   0.304280008638412
-0.379035680668249   -0.327510914247353   61.2582703693321   0.319228047654139
-0.27762525041599   -0.322159375133946   90.6407620237652   0.298154205166688
-0.129436233994673   -0.227637839897244   113.75898368879   0.309524195099428
-0.0284230085825755   -0.235280055470551   116.510922944491   0.305376018317121
0.0719657596153486   -0.231658563924318   78.7961628829463   0.301598452232596
0.172335617029349   -0.228500150057016   70.839627992066   0.308308999679338
0.272109631119094   -0.220809050927329   73.6505866707074   0.31064467461521
0.372646245855158   -0.223522030781018   104.61109046657   0.313738709422171
-0.526690169939231   -0.231848821907584   89.1648364529005   0.308891201306786
-0.42628018860753   -0.23174353244434   74.9211533896574   0.298714921704352
-0.326832702114861   -0.224968259400228   88.1808785872657   0.315421724149
-0.227651112012507   -0.219310337247527   94.1301557475127   0.320313259814148
-0.0760845023483863   -0.131062966948728   94.3999312233699   0.318812149581213
0.0219508889409376   -0.137350656970366   80.7074198361441   0.313595393420948
0.122874915656976   -0.130699776108559   89.4723367436612   0.309054337588755
0.222451885980222   -0.123460840217194   72.5133855278225   0.306479903727769
0.321103898546394   -0.121029971468261   94.8308521342789   0.305699763520927
0.423117212922946   -0.128331382559127   117.729885514121   0.304041698382778
-0.475016319677176   -0.13343639526285   108.228069585074   0.319238192038962
-0.376007528139549   -0.127072393432331   80.2402027756134   0.299408506424594
-0.276925973200713   -0.120684048251094   78.2938873289122   0.307723504698162
-0.176001748773661   -0.123018466838962   112.533587723808   0.32048588462727
