0.46400628289657042   48.738956552823746  0.010649879480223607     
0.92801256579314084   1.0979996855834256  0.0034844462774755301     
1.3920188486897112   4.9086566393206127  0.011156965476715089     
1.8560251315862817   1.2045281109846489  0.0044229427172083033     
2.3200314144828522   1.2859940680088565  0.0057188490680209006     
2.7840376973794223   1.2426646762358657  0.0066957491077756986     
3.2480439802759928   0.31804320116764396  0.0030369526942803725     
3.7120502631725634   1.1955142119660041  0.0097073399596594933     
4.1760565460691339   0.040552849419340023  0.0005756830298184071     
4.6400628289657044   1.1303333433372373  0.01193461765828304     
5.104069111862275   0.062677944102174987  0.00065934499021980653     
5.5680753947588446   1.1043511652915728  0.010490189384635655     
6.0320816776554151   0.3488224566736212  0.0034497498192703357     
6.4960879605519857   1.0633955872088314  0.0081039812675012177     
6.9600942434485562   1.2510913034549054  0.0072973966657333028     
7.4241005263451267   0.94835711923568591  0.0057920355694492175     
7.8881068092416973   4.4763508818410348  0.017434952437609674     
8.3521130921382678   0.76196421271309697  0.0069603684833919599     
8.8161193750348374   41.734973313582778  0.076287597304936354     
9.2801256579314089   89.713362059261983  0.12489524881358171     
9.7441319408279785   45.865214263106969  0.088944704463526516     
10.20813822372455   1.3511974258539233  0.011606791430318578     
10.67214450662112   4.4223212524889126  0.015921291302800291     
11.136150789517689   1.2647849559037875  0.0035460381386996585     
11.600157072414261   1.1014497017076872  0.005368373410157359     
12.06416335531083   1.219100923061418  0.0043973603664431321     
12.528169638207402   0.25395360437703385  0.0027934436134019395     
12.992175921103971   1.1174792130286016  0.0086250911610986561     
13.456182204000543   0.056391232909800962  0.00047641665130760411     
13.920188486897112   0.99857229724625435  0.0103742583192543     
14.384194769793684   0.11351141430960943  0.00081862312795949498     
14.848201052690253   0.90291338186805036  0.0099890774882396863     
15.312207335586823   0.33950642683278588  0.0039226122153067894     
15.776213618483395   0.79164108514271163  0.0076389805588986497     
16.240219901379966   1.0475245823855911  0.0088074758440097995     
16.704226184276536   0.64854465745250709  0.0059275797176561646     
17.168232467173105   3.452635864318705  0.024183669516111945     
17.632238750069675   0.48113871576633855  0.0056056630650743357     
18.096245032966248   29.649034761762996  0.15699318426969974     
18.560251315862818   66.684278059475095  0.33870226946897808     
19.024257598759387   35.806520148780778  0.20353232300189145     
19.488263881655957   1.4374158824669778  0.016905960439724961     
19.952270164552527   3.3815140250303464  0.024277976848348259     
20.4162764474491   1.1305909924407293  0.0073132327506594131     
20.88028273034567   0.81833801778619111  0.0062426794859511898     
21.344289013242239   1.0340976703425254  0.0063788761478453706     
21.808295296138809   0.19502654099697885  0.0022894935755358143     
22.272301579035378   0.941230159037936  0.008379719221530824     
22.736307861931952   0.12220601945625875  0.00045315309095284598     
23.200314144828521   0.83100568210348386  0.0084920933693977885     
23.664320427725091   0.19326467103122982  0.00096020765323171287     
24.128326710621661   0.71306225610963325  0.0081007050231296639     
24.592332993518234   0.31918434390048021  0.0038937800052731006     
25.056339276414803   0.56457413776884582  0.0060644882821731722     
25.520345559311373   0.82354983361203741  0.0094536278198711997     
25.984351842207943   0.43702267093459158  0.0042781413661815438     
26.448358125104512   2.4467188691039214  0.025906148885920185     
26.912364408001086   0.32621727036860202  0.0022680418807064309     
27.376370690897655   18.98443416975724  0.18300687256893782     
27.840376973794225   44.585557382693541  0.42899492526937046     
28.304383256690794   25.1655865745648  0.25280270327736064     
28.768389539587368   1.39524337974624  0.014252231142213693     
29.232395822483937   2.3960990593794909  0.026140224928686861     
29.696402105380507   0.93852127714528336  0.010689016327390752     
30.160408388277077   0.58680544324029572  0.0060069540725521272     
30.624414671173646   0.82764309899841515  0.0085544821923023565     
31.088420954070219   0.17118360011061963  0.0015554612988596107     
31.552427236966789   0.78997355299868505  0.008154104189090752     
32.016433519863362   0.24549338661916175  0.0010368263453015356     
32.480439802759932   0.7294545472888489  0.0067160775243706028     
32.944446085656502   0.31110834399301563  0.0010855866965652965     
33.408452368553071   0.61382666394356797  0.0056201922550564949     
33.872458651449641   0.3176751932590143  0.0033057762508688696     
34.33646493434621   0.43531453074140475  0.0040761223648981711     
34.80047121724278   0.66488431894473129  0.0085427734380420481     
35.26447750013935   0.32924333552924323  0.0023946214140074248     
35.728483783035919   1.7540697026377952  0.021882463137665119     
36.192490065932496   0.28409255665366985  0.00059653719815466491     
36.656496348829066   12.067414470140375  0.15449146841364516     
37.120502631725635   29.502755693815637  0.37806189955501176     
37.584508914622205   17.496534086774173  0.22607002631942606     
38.048515197518775   1.3092743883531837  0.010563006321437708     
38.512521480415344   1.7353225217258808  0.022516291402512668     
38.976527763311914   0.79121620739339494  0.011193158449917848     
39.440534046208484   0.45189682418231076  0.0044527457702107625     
39.904540329105053   0.68729509469176095  0.0084328867570634908     
40.36854661200163   0.18395384742428601  0.00092397072772666954     
40.8325528948982   0.72252919727549463  0.0071636444370776828     
41.296559177794769   0.42200172832314303  0.0021120432695391053     
41.760565460691339   0.72943434931178056  0.0048382434895963646     
42.224571743587909   0.47226098715642604  0.0017939498785344771     
42.688578026484478   0.61622840881478981  0.0036079457177660034     
43.152584309381048   0.34196109366126469  0.0025185467651041142     
43.616590592277618   0.38512026745040517  0.002445347072053703     
44.080596875174187   0.57093106495009112  0.0063077905148435987     
44.544603158070757   0.28467783475502548  0.0012291875231182072     
45.008609440967334   1.3301973724934083  0.015215992773468862     
45.472615723863903   0.31490944141772028  0.0005837104163039278     
45.936622006760473   7.9154584926977738  0.10453157792646121     
46.400628289657043   20.044330914707229  0.26360141089516543     
