0.42972788892272645   5.1676061333590123  0.0077830642184494627
0.85945577784545291   2.6697848553160662  0.006161262852558312
1.2891836667681793   0.56271061951414555  0.0022679462895885445
1.7189115556909058   0.034772374628099894  0.0008435091238692291
2.1486394446136323   0.0027877007227732617  8.5196510233165759e-05
2.5783673335363586   0.03612788421712478  0.00027968977605580191
3.0080952224590853   0.12215302499231728  0.0010438115768805064
3.4378231113818116   0.10286726008355538  0.0021770690604991013
3.8675510003045379   0.063569426880098866  0.0016187818067117609
4.2972788892272646   0.8761037040182493  0.0050832345530385792
4.7270067781499909   0.084180899936667464  0.002228702907040212
5.1567346670727172   0.34584767047994318  0.0033175957914159901
5.5864625559954435   1.8561373798859142  0.0096965493537761978
6.0161904449181707   0.061175267513892309  0.0017026101843876052
6.445918333840897   0.014227235657676438  0.00016566761918364348
6.8756462227636232   0.013331664930430898  0.00013492256760534505
7.3053741116863495   0.065960813716086722  0.00083335196185469875
7.7351020006090758   0.14752159464370951  0.0026963074432124133
8.1648298895318021   0.15149375826116593  0.00051104479706601505
8.5945577784545293   0.89575760099756265  0.0052618857052404587
9.0242856673772547   0.074100722160436014  0.00053288397696139458
9.4540135562999819   0.072971980959582593  0.00066031028283069952
9.883741445222709   0.074936128908472992  0.00086870092081777235
10.313469334145434   0.12923943862258239  0.001803600537946987
10.743197223068162   0.21723427852202704  0.0018298071496657887
11.172925111990887   0.0098309166974632425  4.0770753410256268e-05
11.602653000913614   0.083889006105689638  0.0011616069323215407
12.032380889836341   0.11110151727654713  0.0010127237041377951
12.462108778759067   0.1765333087955276  0.0025369983493602717
12.891836667681794   0.79604172179192821  0.0065073171761376747
13.321564556604519   0.45074686142465886  0.0040306731671692969
13.751292445527246   0.2231399839901212  0.0027320420110451224
14.181020334449974   0.12711109808212861  0.000982758322035556
14.610748223372699   0.10964085650406873  0.00079027904001191688
15.040476112295426   0.097461893842170985  0.00064341803016672703
15.470204001218152   0.032972920827165809  0.00021356507432380863
15.899931890140879   0.10864003560163276  0.00095770460321927307
16.329659779063604   2.7827910292356035  0.025206152499916052
16.759387667986331   1.7486071334008038  0.030493661236889026
17.189115556909059   1.325909350283135  0.015280556802392905
17.618843445831786   0.19258378167135803  0.0012833072335976177
18.048571334754509   0.088588842208898935  0.00043557355932988386
18.478299223677237   0.13285117161713514  0.0011827457057706535
18.908027112599964   0.35731416297414598  0.0044328389161954328
19.337755001522691   0.47880775748691168  0.0033980060219021303
19.767482890445418   0.1943888148561424  0.001209328780529261
20.197210779368142   0.10533560656756719  0.00078460771565990799
20.626938668290869   0.86272441620825739  0.012994616010075687
21.056666557213596   1.9050075999097325  0.038141305321617608
21.486394446136323   4.7993542985967514  0.072443315854039173
21.91612233505905   8.088631976126691  0.1299856281964117
22.345850223981774   0.53434428469576044  0.0091347437905353551
22.775578112904501   0.3399083297377327  0.003564202955184742
23.205306001827228   0.30363220350534294  0.0021626043636060409
23.635033890749956   0.15157829724797215  0.0010807039468575594
24.064761779672683   0.11247894417952307  0.00055741436949720465
24.494489668595406   0.21580189749137934  0.0026609971860292168
24.924217557518134   0.33521009963898034  0.0043688352844593313
25.353945446440861   0.40155188635698641  0.0027823431696121338
25.783673335363588   0.49696702625762926  0.0038106241729049264
26.213401224286315   0.2858631743072749  0.0015791029520920715
26.643129113209039   0.17476234718519686  0.00086782351963406763
27.072857002131766   0.23718633542711513  0.0024896116748819534
27.502584891054493   0.72253709686377932  0.0044923001934407073
27.93231277997722   0.23877804633742832  0.0016197487341359405
28.362040668899947   0.13933563314933571  0.00072567225296981609
28.791768557822671   0.12986504764492382  0.00081197264904010157
29.221496446745398   0.31488795911714386  0.0021701449043138642
29.651224335668125   0.99677107775954877  0.0067388677205667457
30.080952224590852   1.4015912177310583  0.012102435038395573
30.51068011351358   1.1180758233914739  0.0095455833672994287
30.940408002436303   0.35946315404876639  0.0025198890282175124
31.37013589135903   0.14268615738971558  0.00075239945655603188
31.799863780281758   0.15694992480736086  0.00087830942309869669
32.229591669204481   0.29291191989548868  0.0026355248064610409
32.659319558127208   0.70050573981467124  0.0077671581325100587
33.089047447049936   0.41262172868242752  0.0061940438697281142
33.518775335972663   0.29235551397007252  0.0015277899802063698
33.94850322489539   0.3925090762089625  0.0016999731500286231
34.378231113818117   0.61516365484597215  0.0032463180453587029
34.807959002740844   0.60184919910012685  0.0063765596144592889
35.237686891663571   0.57425962133817303  0.0042310550475752441
35.667414780586299   0.61375352583358941  0.016950626442225768
36.097142669509019   0.26423402136863309  0.0025928692268834466
36.526870558431746   0.27646320628268549  0.0024287320075904361
36.956598447354473   0.47095878482623497  0.004308476705878583
37.3863263362772   0.73255914137214738  0.0083817652245006628
37.816054225199927   1.922789789961712  0.027494127404034181
38.245782114122655   6.535972829791693  0.065475330189698291
38.675510003045382   3.4782923612796353  0.0545079349547621
39.105237891968109   2.1026389380582503  0.029933607860614024
39.534965780890836   1.0140773045792162  0.01340207323026284
39.964693669813563   0.30485845678713024  0.0015942450852321354
40.394421558736283   0.22957757013282191  0.00049893236950443197
40.824149447659011   0.46560279758972561  0.0019657543375775792
41.253877336581738   0.50808376028116402  0.0036826428380252107
41.683605225504465   0.39999457062635378  0.0029126840862723018
42.113333114427192   0.37458912351929381  0.0011724128639175194
42.543061003349919   0.62662460240845801  0.0053544796281208961
42.972788892272646   1.7943432577709312  0.01983586158335152
