0.4848420195558783   0.00018301391581163233  4.6769610268628555e-07     
0.9696840391117566   0.00018829896631316861  2.6280978228143489e-07     
1.454526058667635   0.00021022636990630669  1.9411442737987661e-07     
1.9393680782235132   0.00026032700720868727  1.6701684580818796e-07     
2.4242100977793917   0.00035276434422123272  3.92709107785679e-07     
2.9090521173352699   0.00052823815476024098  4.0495734286389606e-07     
3.3938941368911482   0.00092444207193020548  7.1993004634091349e-07     
3.8787361564470264   0.0021720014663300636  3.9683179923607362e-06     
4.3635781760029051   0.0088953158314329078  2.0815962726331775e-05     
4.8484201955587833   107.86725063826918  0.043357500272990272     
5.3332622151146616   0.012766413796621395  3.5835066195160765e-05     
5.8181042346705398   0.0044817775883493981  8.4287752528392301e-06     
6.3029462542264181   0.0031845036461716365  7.8894574950640775e-06     
6.7877882737822963   0.0029254082928294094  7.4565690543496129e-06     
7.2726302933381746   0.0029798578314329894  8.7219645161729764e-06     
7.7574723128940528   0.0031150687632012514  6.8003462217193981e-06     
8.2423143324499311   0.0034602708526214953  7.4876748631170381e-06     
8.7271563520058102   0.0043094166033307867  1.4033847979670138e-05     
9.2119983715616875   0.0057755153859413095  1.5641610380756624e-05     
9.6968403911175667   2.2310544299845943  0.0023187290101680364     
10.181682410673444   0.00626969626125784  1.4626916453672473e-05     
10.666524430229323   0.0063970096975786516  2.550363254010285e-05     
11.151366449785201   0.0064281242490310053  1.5437396242480637e-05     
11.63620846934108   0.0068990941339757936  1.666008968871406e-05     
12.121050488896957   0.0076605265153182276  1.8355517498948545e-05     
12.605892508452836   0.0089412132271126087  1.8978521425312056e-05     
13.090734528008714   0.01212718659119244  2.5972039268357118e-05     
13.575576547564593   0.021073021380141568  6.6100255025066104e-05     
14.06041856712047   0.060967708237147999  0.00021146827334956237     
14.545260586676349   51.655178203166134  0.24508109401358707     
15.030102606232226   0.085698981761314957  0.00023250778265670696     
15.514944625788106   0.02974575396462145  5.3092289353670328e-05     
15.999786645343985   0.01913233900165838  2.3682158519155744e-05     
16.484628664899862   0.017031125715752989  1.9384653366175474e-05     
16.969470684455739   0.018908118723934171  2.1977104057502549e-05     
17.45431270401162   0.025547569290613055  3.8754809904352034e-05     
17.939154723567498   0.042125825150065625  0.0001055344273936785     
18.423996743123375   0.086942499020298862  0.00032161952116347064     
18.908838762679252   0.28182619419137447  0.00094114518044405353     
19.393680782235133   121.36806192536025  0.8671166209394385     
19.878522801791011   0.36252743469809118  0.00126475352180199     
20.363364821346888   0.10389404196961782  0.00032705453282856469     
20.848206840902765   0.058686661985397917  0.00026203932485197268     
21.333048860458646   0.046089304666238141  0.00019754056466697372     
21.817890880014524   0.045756777201902128  0.00020239598416754935     
22.302732899570401   0.051800857180756004  0.00016036303167079607     
22.787574919126278   0.070380273991417074  0.00024484864583127658     
23.272416938682159   0.12528206092417538  0.00042321671090271119     
23.757258958238037   0.35698858870474823  0.0010724048735833938     
24.242100977793914   77.997725331732028  0.75371778047892756     
24.726942997349795   0.43053544066795902  0.0016364733545854578     
25.211785016905672   0.13392660389617105  0.00053568732512003408     
25.69662703646155   0.08389540304295092  0.00047946566138606388     
26.181469056017427   0.069452008355815052  0.00044745281317936895     
26.666311075573308   0.066734451331257537  0.00051159713007847083     
27.151153095129185   0.061418174899406628  0.00045610284055265408     
27.635995114685063   0.055617341543746338  0.00027445551563449073     
28.12083713424094   0.061910059267556385  0.00017077330388031142     
28.605679153796821   0.10056970666647038  0.00027204521658779495     
29.090521173352698   8.300471404797451  0.094015569922726308     
29.575363192908576   0.10694864457662572  0.00036716037816476897     
30.060205212464453   0.062367913462001612  0.00021301882233560576     
30.545047232020334   0.05570953380894372  0.00019087660742469782     
31.029889251576211   0.055260657177791387  0.00019847755672464979     
31.514731271132089   0.057564027825760924  0.00026339074681371253     
31.99957329068797   0.059343943242625316  0.0002714089615525372     
32.484415310243847   0.066954439679597771  0.00017120635578606     
32.969257329799724   0.093401571642825944  0.00022584859807008856     
33.454099349355602   0.20100490467683751  0.00041685155513218491     
33.938941368911479   10.458136479223649  0.14502335692862169     
34.423783388467356   0.25258382814627437  0.0006138790616650382     
34.908625408023241   0.11951847320836192  0.00025423119888295804     
35.393467427579118   0.092881824278485491  0.0002181901387474088     
35.878309447134995   0.093984612027185845  0.00028779055130604553     
36.363151466690873   0.11381615862261166  0.00036686804332745427     
36.84799348624675   0.14397027469710295  0.00044907403006477251     
37.332835505802628   0.20320265584136991  0.00040918379924294868     
37.817677525358505   0.34829556400554591  0.00077941753502358392     
38.302519544914382   0.92832417410257778  0.0027095412458362893     
38.787361564470267   42.595080590616087  0.60930342811361533     
39.272203584026144   1.1188192806109766  0.0037194587393642807     
39.757045603582021   0.3946689104052255  0.00066698780796907082     
40.241887623137899   0.26116631371513296  0.0011020507869859586     
40.726729642693776   0.25156098098394709  0.0019244880851168987     
41.211571662249654   0.34280729175088555  0.0045770640183286443     
41.696413681805531   0.32325891189038699  0.0030507077504822115     
42.181255701361415   0.33309718804947474  0.001089331541441663     
42.666097720917293   0.47837750628328672  0.0011425147531667003     
43.15093974047317   1.1571732144432753  0.0045335987191836854     
43.635781760029047   36.669129917765216  0.52877276406041506     
44.120623779584925   1.3245683903466462  0.0050289522584393342     
44.605465799140802   0.47464861247290946  0.00073574073732530229     
45.090307818696679   0.32020161015167158  0.0011899624992714325     
45.575149838252557   0.312094708538077  0.0026433679703777613     
46.059991857808441   0.47725818016927796  0.009551843042350987     
46.544833877364319   0.34471869866608614  0.0048973660535044192     
47.029675896920196   0.25369188772981482  0.0014354439767607516     
47.514517916476073   0.25558438055153671  0.00049368721168529261     
47.999359936031951   0.43306965308199264  0.001486896426062386     
48.484201955587828   7.9473055134294224  0.11226680072409376     
