-0.0239666   -0.0442284     0
-0.0286757   -0.021855     0
0.0693737   -0.0452048     1
0.0744663   -0.0219649     1
0.173838   -0.015359     2
0.168129   -0.0387812     2
0.267524   -0.0320093     3
0.274781   -0.0099599     3
0.373666   -0.0362432     4
0.3709   -0.0130278     4
0.477161   -0.0443379     5
0.467575   -0.0226491     5
-0.423318   -0.0207393     6
-0.430023   -0.0431986     6
-0.326803   -0.0342392     7
-0.326753   -0.0110582     7
-0.224926   -0.0319871     8
-0.229276   -0.00868552     8
-0.121722   -0.0377263     9
-0.13063   -0.0164008     9
0.0239382   0.0536415     10
0.021352   0.0773846     10
0.122084   0.0825484     11
0.118922   0.0591429     11
0.218965   0.0642432     12
0.221445   0.0877026     12
0.323537   0.0662892     13
0.316178   0.0879707     13
0.418146   0.0838161     14
0.425913   0.0610692     14
0.522995   0.052838     15
0.518466   0.0769572     15
-0.371757   0.0825736     16
-0.386436   0.0637656     16
-0.274046   0.0909914     17
-0.280402   0.0678771     17
-0.176286   0.063737     18
-0.179723   0.0878519     18
-0.0822888   0.0812063     19
-0.0729724   0.0593682     19
0.0662649   0.158279     20
0.0739065   0.180735     20
0.172608   0.186094     21
0.165953   0.163034     21
0.269462   0.190136     22
0.267722   0.167436     22
0.371814   0.162213     23
0.36526   0.185013     23
0.46897   0.180759     24
0.471411   0.157136     24
0.563503   0.157325     25
0.579224   0.174398     25
-0.324035   0.187632     26
-0.33002   0.164837     26
-0.228465   0.167639     27
-0.227293   0.190682     27
-0.129066   0.161295     28
-0.12834   0.185422     28
-0.0344834   0.177575     29
-0.0257751   0.155225     29
0.117778   0.261529     30
0.121917   0.284462     30
0.221853   0.289012     31
0.215012   0.266598     31
0.321016   0.264679     32
0.31562   0.287859     32
0.422778   0.257315     33
0.417559   0.279868     33
0.525217   0.251715     34
0.518778   0.275037     34
0.627451   0.281783     35
0.619128   0.259582     35
-0.279339   0.268601     36
-0.270917   0.291146     36
-0.176219   0.265368     37
-0.179652   0.289402     37
-0.0803016   0.283173     38
-0.0770328   0.259709     38
0.0182733   0.253944     39
0.0222189   0.277532     39
0.176159   0.385639     40
0.168914   0.364129     40
0.272798   0.366241     41
0.270767   0.390007     41
0.373065   0.36036     42
0.368071   0.383374     42
0.472391   0.353308     43
0.467876   0.376203     43
0.572207   0.376693     44
0.568686   0.35336     44
0.674924   0.384151     45
0.668928   0.36122     45
-0.226426   0.370722     46
-0.228896   0.393557     46
-0.130882   0.387557     47
-0.126063   0.364696     47
-0.0296054   0.358039     48
-0.027543   0.381561     48
0.0667591   0.358516     49
0.0764196   0.379178     49
0.219654   0.466518     50
0.222121   0.490484     50
0.316143   0.485839     51
0.325681   0.464976     51
0.423283   0.455354     52
0.418974   0.47904     52
0.521301   0.475972     53
0.517802   0.453121     53
0.622596   0.479844     54
0.616414   0.456514     54
0.726968   0.488699     55
0.714302   0.469169     55
-0.181568   0.491469     56
-0.176703   0.467842     56
-0.0750278   0.461561     57
-0.0818006   0.483477     57
0.0230544   0.456906     58
0.0215167   0.480734     58
0.123325   0.482055     59
0.120112   0.459008     59
-0.227071   -0.409587     60
-0.228142   -0.433994     60
-0.131132   -0.41575     61
-0.126477   -0.438972     61
-0.028775   -0.446212     62
-0.0314762   -0.421979     62
0.0695959   -0.447289     63
0.0728492   -0.424691     63
0.176061   -0.417212     64
0.164228   -0.437106     64
0.269217   -0.431286     65
0.27529   -0.408625     65
-0.631848   -0.412806     66
-0.624367   -0.435461     66
-0.527106   -0.443235     67
-0.528604   -0.419925     67
-0.425922   -0.41946     68
-0.431204   -0.442473     68
-0.323958   -0.412781     69
-0.331491   -0.435759     69
-0.181954   -0.311229     70
-0.173125   -0.33294     70
-0.0799729   -0.318671     71
-0.0746135   -0.341718     71
0.018972   -0.34919     72
0.0229358   -0.325924     72
0.118035   -0.343431     73
0.123984   -0.319132     73
0.225435   -0.314527     74
0.216106   -0.336244     74
0.325354   -0.330621     75
0.31883   -0.307743     75
-0.579262   -0.316952     76
-0.574659   -0.339909     76
-0.47753   -0.343884     77
-0.479409   -0.320486     77
-0.384704   -0.33831     78
-0.373368   -0.316712     78
-0.277502   -0.333662     79
-0.277748   -0.310657     79
-0.124832   -0.238568     80
-0.134041   -0.216708     80
-0.0233898   -0.245823     81
-0.0334562   -0.224737     81
0.0741296   -0.220244     82
0.069802   -0.243073     82
0.168599   -0.239737     83
0.176072   -0.217264     83
0.275338   -0.209308     84
0.268881   -0.23231     84
0.369724   -0.211809     85
0.375569   -0.235235     85
-0.526524   -0.219932     86
-0.526856   -0.243765     86
-0.42915   -0.242872     87
-0.423411   -0.220615     87
-0.326463   -0.212805     88
-0.327202   -0.237132     88
-0.228503   -0.206984     89
-0.226799   -0.231637     89
-0.0769876   -0.118799     90
-0.0751814   -0.143327     90
0.0238207   -0.12541     91
0.0200811   -0.149291     91
0.12277   -0.142623     92
0.12298   -0.118776     92
0.225852   -0.112183     93
0.219051   -0.134739     93
0.320153   -0.109277     94
0.322054   -0.132783     94
0.428341   -0.138715     95
0.417893   -0.117948     95
-0.478704   -0.121737     96
-0.471329   -0.145135     96
-0.374133   -0.115688     97
-0.377882   -0.138457     97
-0.279231   -0.13231     98
-0.274621   -0.109058     98
-0.180537   -0.111597     99
-0.171467   -0.13444     99
