0.4848420195558783   9.147382066081574e-05  2.3529360510826558e-07     
0.9696840391117566   9.3556532225728427e-05  1.3446589645162385e-07     
1.454526058667635   0.00010300900129624241  8.8552926927168833e-08     
1.9393680782235132   0.0001277245616648314  8.0950525391348155e-08     
2.4242100977793917   0.00017881295251797878  1.7261689933650941e-07     
2.9090521173352699   0.00029037663914203996  1.8133914904223999e-07     
3.3938941368911482   0.00057546858520849965  4.5373133442642872e-07     
3.8787361564470264   0.0015403233964689593  2.3070902607572979e-06     
4.3635781760029051   0.0072710915497174879  1.4355507302599527e-05     
4.8484201955587833   97.059596139970823  0.049465209239944943     
5.3332622151146616   0.011606973738661347  3.2695550805734687e-05     
5.8181042346705398   0.0034604621252178286  4.5615946302580692e-06     
6.3029462542264181   0.0020099009897627707  2.3589425067214353e-06     
6.7877882737822963   0.0016426210566176526  1.6831353389161027e-06     
7.2726302933381746   0.0017012997509859424  2.015855320843194e-06     
7.7574723128940528   0.0022017664068700622  1.3751631618842761e-06     
8.2423143324499311   0.0036739847191217877  3.852583917367853e-06     
8.7271563520058102   0.0083846191556509023  1.690765895917649e-05     
9.2119983715616875   0.032747011329742052  5.3869068445131071e-05     
9.6968403911175667   88.916640073857809  0.17684392079584679     
10.181682410673444   0.045026287204435272  0.00013684110630644882     
10.666524430229323   0.012488368718867266  2.4078584876629276e-05     
11.151366449785201   0.0068897667787941464  1.6631188026943617e-05     
11.63620846934108   0.0053325289644826771  1.0934350325036143e-05     
12.121050488896957   0.0052583559633341501  1.0291792628838745e-05     
12.605892508452836   0.0064618964604056807  6.1185726050733021e-06     
13.090734528008714   0.010334327920568298  1.924514453633066e-05     
13.575576547564593   0.022204802337092735  6.407261918647201e-05     
14.06041856712047   0.078376235824693341  0.0001836991399740908     
14.545260586676349   77.334649819295244  0.33032900626042754     
15.030102606232226   0.10405853374101441  0.00035367039426766055     
15.514944625788106   0.02889452114236661  8.4424075666269045e-05     
15.999786645343985   0.01594554108327143  6.0632770575248548e-05     
16.484628664899862   0.012207093643108856  3.9715848021197515e-05     
16.969470684455739   0.011917108904233121  3.7282641940899073e-05     
17.45431270401162   0.014178927805873498  2.3454771914168008e-05     
17.939154723567498   0.021796419211121642  5.7500991159207414e-05     
18.423996743123375   0.044439490050992119  0.00015184870298208126     
18.908838762679252   0.14542392669150088  0.00043767666755863935     
19.393680782235133   64.493328225619675  0.45393878282634366     
19.878522801791011   0.18952655342370222  0.00069061203428432394     
20.363364821346888   0.054122757481662798  0.00018942236721839186     
20.848206840902765   0.030456360132803932  0.00014532468207840936     
21.333048860458646   0.023592631123053576  0.00010243003791512044     
21.817890880014524   0.023287846017841222  9.9604596986580797e-05     
22.302732899570401   0.027024081299722707  7.4379013573531655e-05     
22.787574919126278   0.039208325734253754  0.00012522846338148973     
23.272416938682159   0.075351354831196382  0.00025644044030148873     
23.757258958238037   0.23183743367459343  0.00071876741416150839     
24.242100977793914   52.263632648910859  0.51317830678463111     
24.726942997349795   0.29747895569940612  0.0010826574626991458     
25.211785016905672   0.088406044341250743  0.00030800438550317309     
25.69662703646155   0.05123885461691156  0.0002649721157199734     
26.181469056017427   0.040892032999797354  0.00021567391958254744     
26.666311075573308   0.04171467296132425  0.00022572045315017066     
27.151153095129185   0.047277550670558134  0.00020554041908054279     
27.635995114685063   0.063352933320598494  0.00022443027917752998     
28.12083713424094   0.11376751836266684  0.00033872697586727126     
28.605679153796821   0.33179373827957583  0.00093285703952497446     
29.090521173352698   41.756244973778988  0.50542535991853318     
29.575363192908576   0.42000921769578425  0.0014728473830540924     
30.060205212464453   0.13059207043787141  0.00039492310857455345     
30.545047232020334   0.078415034924142663  0.00039907672913003519     
31.029889251576211   0.065460371992868718  0.00040244924048215174     
31.514731271132089   0.071224517407085593  0.00051202590157214985     
31.99957329068797   0.077673397425165067  0.00049755358228895695     
32.484415310243847   0.094506014593470876  0.00035184878104481625     
32.969257329799724   0.15766544519220954  0.0003865120548965889     
33.454099349355602   0.43766664316062182  0.0011983850637367356     
33.938941368911479   33.278244371451609  0.4518384096650843     
34.423783388467356   0.54783856397195194  0.001892568594843252     
34.908625408023241   0.17869580049955948  0.00042627095219683391     
35.393467427579118   0.11158267091264304  0.00052568033867013351     
35.878309447134995   0.098668916379052808  0.00069526823496391129     
36.363151466690873   0.11909982918125971  0.0012254500503444051     
36.84799348624675   0.12087164934672774  0.0010480048840854296     
37.332835505802628   0.13238926464584259  0.00049601112086244575     
37.817677525358505   0.20508396623429903  0.00045059526090132266     
38.302519544914382   0.54269179244915602  0.001750301693134041     
38.787361564470267   26.599607076329152  0.37961632460773808     
39.272203584026144   0.67269603140623438  0.0024031674205601593     
39.757045603582021   0.23068000355615627  0.00041935390784079604     
40.241887623137899   0.15020304100635215  0.00063480563187626041     
40.726729642693776   0.14204274305845481  0.0011314611624619199     
41.211571662249654   0.19641486531577479  0.0028664063659350512     
41.696413681805531   0.17855654552276011  0.0019247372900112047     
42.181255701361415   0.17621460537892291  0.00063594083013325516     
42.666097720917293   0.25471987206062267  0.00059556921818540895     
43.15093974047317   0.64242011198398862  0.0025109268641020832     
43.635781760029047   21.305432413585245  0.3080832319209675     
44.120623779584925   0.78827432273651531  0.0029958485844632061     
44.605465799140802   0.28494904078732928  0.00041831179876206662     
45.090307818696679   0.19389849504393765  0.00073033657157131335     
45.575149838252557   0.19721984638082358  0.001742224931098968     
46.059991857808441   0.3151962057446001  0.0060404982009403715     
46.544833877364319   0.25042078142597472  0.0031062598248245144     
47.029675896920196   0.22483773507027366  0.00074871456707719157     
47.514517916476073   0.30593808199455456  0.0008053571573206052     
47.999359936031951   0.73440526178105799  0.0032183018851384631     
48.484201955587828   17.041522781380648  0.2457897239481114     
