0.4848420195558783   8.5561530766163995e-05  2.4291877507840339e-07     
0.9696840391117566   8.7319595615360256e-05  1.6058605107435106e-07     
1.454526058667635   9.6961399003035325e-05  1.4075663699588445e-07     
1.9393680782235132   0.00012157934516847591  4.9658401593666923e-08     
2.4242100977793917   0.00017077482229656107  9.9213900585987244e-08     
2.9090521173352699   0.00027606701191867483  1.2800778813072306e-07     
3.3938941368911482   0.00054166317075705895  8.3336923510587188e-07     
3.8787361564470264   0.0014528887224660284  1.957369713817454e-06     
4.3635781760029051   0.0068894580122191164  1.7214606274269142e-05     
4.8484201955587833   96.105396831067054  0.097329202130612256     
5.3332622151146616   0.010837477496212682  3.1534966408017182e-05     
5.8181042346705398   0.0032636702462693565  3.5329309621016239e-06     
6.3029462542264181   0.0019225398282258092  2.541143834264474e-06     
6.7877882737822963   0.0015804279343779642  1.8437189113546679e-06     
7.2726302933381746   0.0016338755807817163  1.601964615090313e-06     
7.7574723128940528   0.0021010016867231124  2.0855183637534108e-06     
8.2423143324499311   0.0034971999862245411  5.847158411929242e-06     
8.7271563520058102   0.0081079783698045357  2.0026993160794857e-05     
9.2119983715616875   0.031651444575101751  9.788929828874738e-05     
9.6968403911175667   85.562723486076131  0.34552082884232264     
10.181682410673444   0.042226216457206284  0.00012685912995107487     
10.666524430229323   0.012044447126377088  2.4913126183310792e-05     
11.151366449785201   0.0067668109319814483  2.2873858878998164e-05     
11.63620846934108   0.0052324055265454421  1.6962095244351632e-05     
12.121050488896957   0.0051235836119077327  1.1715999334430541e-05     
12.605892508452836   0.0062016011601873106  1.3311424435097183e-05     
13.090734528008714   0.0099782824507510727  2.9224370828609107e-05     
13.575576547564593   0.022003761333359417  0.00010143457449699447     
14.06041856712047   0.077015477501417075  0.00033709511665892805     
14.545260586676349   71.259470173877897  0.63751095894863704     
15.030102606232226   0.09783390458227874  0.00032691821569773938     
15.514944625788106   0.028426223533079848  0.0001118455844080425     
15.999786645343985   0.016066565237509864  8.9938811287922828e-05     
16.484628664899862   0.012245229306115423  6.8100414871095488e-05     
16.969470684455739   0.01182899430975396  4.6661675249595484e-05     
17.45431270401162   0.013743541782098826  4.9103410825397085e-05     
17.939154723567498   0.02131818181922356  9.2792250469328582e-05     
18.423996743123375   0.044646369602446893  0.00026218761663151416     
18.908838762679252   0.14357906139284156  0.0007175237774581692     
19.393680782235133   56.540054076015007  0.86022000703878965     
19.878522801791011   0.17744285655936774  0.00060914051810651443     
20.363364821346888   0.053738640615884625  0.00026380005327288068     
20.848206840902765   0.031207155773749931  0.00021922391715207326     
21.333048860458646   0.024093095521288625  0.00017917126856625997     
21.817890880014524   0.023411414335214335  0.00012755440693836749     
22.302732899570401   0.026679884486920164  0.00014495174908645875     
22.787574919126278   0.038770099529057976  0.00021468842932329747     
23.272416938682159   0.075708714996903553  0.00044973830332566308     
23.757258958238037   0.22674709117448881  0.0010552233999312901     
24.242100977793914   43.899650941622916  0.9488699073287882     
24.726942997349795   0.27542589765696274  0.00087316444079786373     
25.211785016905672   0.087582372874729651  0.00042874697156712235     
25.69662703646155   0.052810118603480249  0.00039838432774865199     
26.181469056017427   0.042233278808328564  0.00036429177328366602     
26.666311075573308   0.042283978803518875  0.00029995924958963664     
27.151153095129185   0.048025573286553851  0.00038199737573838631     
27.635995114685063   0.063240287613704183  0.00040758958539455828     
28.12083713424094   0.11297595692535893  0.00056673523253231537     
28.605679153796821   0.31783300981451719  0.0012842592008866863     
29.090521173352698   34.327045761230479  0.90739155706414367     
29.575363192908576   0.3830591528398389  0.0011740354165144003     
30.060205212464453   0.12801468183587227  0.00054336298636318595     
30.545047232020334   0.080551575460671808  0.00059420493147963909     
31.029889251576211   0.06805952149508572  0.00063080726912285247     
31.514731271132089   0.073843137000151705  0.00072429797681497328     
31.99957329068797   0.081792879324404129  0.00089931603148464931     
32.484415310243847   0.0950658878573949  0.00067220029192321869     
32.969257329799724   0.15359302288270842  0.00055704380463603704     
33.454099349355602   0.4084634232282334  0.0018459747078615687     
33.938941368911479   27.491421174515429  0.78854506621171527     
34.423783388467356   0.49233717326868432  0.0017821921226180341     
34.908625408023241   0.17264383399190556  0.00060471073988989015     
35.393467427579118   0.11361184630061407  0.00077892669753494338     
35.878309447134995   0.1032382525202215  0.0010012322867524366     
36.363151466690873   0.13058434019097766  0.0018285926067171871     
36.84799348624675   0.13220617071153586  0.0018610183172875451     
37.332835505802628   0.13382076125650274  0.00098561153601991091     
37.817677525358505   0.19557871093987892  0.00053481347046637878     
38.302519544914382   0.49437166145923929  0.0030116532256497958     
38.787361564470267   22.455799704334785  0.65305758085594242     
39.272203584026144   0.59796491988112626  0.0027202604495685318     
39.757045603582021   0.21967636918145841  0.00069987650266922943     
40.241887623137899   0.15135597858971891  0.0009515292954851695     
40.726729642693776   0.15012152993120802  0.0015373242499475198     
41.211571662249654   0.23424713736835413  0.0044138842939702319     
41.696413681805531   0.2021103214612688  0.0033750485061182586     
42.181255701361415   0.17829687957445372  0.0012968368931615394     
42.666097720917293   0.23849695352856506  0.00073711742427498747     
43.15093974047317   0.57554110765927834  0.0043638605894058398     
43.635781760029047   18.385041670597732  0.53734625872991861     
44.120623779584925   0.69655962253479982  0.0037668572803626079     
44.605465799140802   0.26820864398430199  0.00089678118962715848     
45.090307818696679   0.19369656620619487  0.0011337985553949336     
45.575149838252557   0.21168260541036986  0.0023477546459943242     
46.059991857808441   0.41025721382736582  0.0094398604389406869     
46.544833877364319   0.29101914279025564  0.0053938088095691557     
47.029675896920196   0.22680826471537011  0.0015438425885731438     
47.514517916476073   0.28298813299651559  0.0010805578510507285     
47.999359936031951   0.65320802213391626  0.0054808961390574918     
48.484201955587828   14.877218472814525  0.44822323451120603     
