0.46400628289657042   48.760486683277693  0.012587929284294845     
0.92801256579314084   1.0984498468562403  0.0040128415889966     
1.3920188486897112   4.9448794127528571  0.0062877690239361688     
1.8560251315862817   1.2092520779290299  0.0029368002948433123     
2.3200314144828522   1.3218673028549221  0.0033175787406599738     
2.7840376973794223   1.2703055078272323  0.0040604605365366209     
3.2480439802759928   0.33646881290406234  0.0018763318135002893     
3.7120502631725634   1.250265954677353  0.0049765365398804704     
4.1760565460691339   0.042327029571045455  0.00048442803910849112     
4.6400628289657044   1.2046905986195886  0.0064351556990185952     
5.104069111862275   0.065407516189791096  0.00057040125624306239     
5.5680753947588446   1.1661729634329602  0.0055926438649160671     
6.0320816776554151   0.3720066137731248  0.0024207793549508357     
6.4960879605519857   1.1036308005118406  0.0047871403529818886     
6.9600942434485562   1.3028580981424129  0.0054049543475105067     
7.4241005263451267   0.96883254453644811  0.0037050494862379202     
7.8881068092416973   4.5636916014870005  0.01419034857841622     
8.3521130921382678   0.77880894822533742  0.0044114969999646628     
8.8161193750348374   42.122364583779029  0.090103862413008611     
9.2801256579314089   90.012054000438479  0.19702851870712839     
9.7441319408279785   45.775795607526879  0.11009970430795168     
10.20813822372455   1.329445335127873  0.0068351187696241127     
10.67214450662112   4.4192223601437154  0.012835807061845273     
11.136150789517689   1.249922574287228  0.0043715989625103451     
11.600157072414261   1.1192632861474604  0.0031428755199991928     
12.06416335531083   1.2254704317902395  0.004545725207958518     
12.528169638207402   0.26455161033380803  0.0018013286749876306     
12.992175921103971   1.1482010110737109  0.0057341046835793437     
13.456182204000543   0.055084280269415624  0.00041946536095738324     
13.920188486897112   1.0484646334775275  0.0073571163958664879     
14.384194769793684   0.11440089670073088  0.00082658245406129831     
14.848201052690253   0.94975963170059784  0.006871470626105988     
15.312207335586823   0.36068324876023789  0.0031408861487286628     
15.776213618483395   0.82782213745948365  0.0063977933006707445     
16.240219901379966   1.1010429353066637  0.0087035080878527753     
16.704226184276536   0.67308576985767939  0.0054147284044934959     
17.168232467173105   3.5750239526530756  0.030044981939352248     
17.632238750069675   0.49901028242507169  0.0031713677938454548     
18.096245032966248   30.47028770966469  0.23489083110609039     
18.560251315862818   67.879966904749517  0.53926679591430671     
19.024257598759387   36.088395180698969  0.29357789445204073     
19.488263881655957   1.4068891101380969  0.01114508498016408     
19.952270164552527   3.3946872028390549  0.024974005618713921     
20.4162764474491   1.1135988376715362  0.0084034046111555027     
20.88028273034567   0.83301961056644993  0.0059467651242546064     
21.344289013242239   1.0343844310597462  0.0082744380595744581     
21.808295296138809   0.20095654247568772  0.0018106411640750101     
22.272301579035378   0.95727266225716732  0.0083133281698463733     
22.736307861931952   0.11581990783139897  0.00059054978627882061     
23.200314144828521   0.85887786480127045  0.0085343383885495249     
23.664320427725091   0.18998351994777959  0.0010751931579551103     
24.128326710621661   0.74219429662836665  0.0076475778816264163     
24.592332993518234   0.33604850557228624  0.0037415472178224291     
25.056339276414803   0.59162111113471806  0.0066669458963809526     
25.520345559311373   0.87230717124396769  0.010719629693140912     
25.984351842207943   0.4593453248670147  0.0052596842561092851     
26.448358125104512   2.5948551508807475  0.036275304346884894     
26.912364408001086   0.33437002662898154  0.0017937609558020172     
27.376370690897655   20.170843849857091  0.28380416009204397     
27.840376973794225   46.906288791577762  0.67770089449278832     
28.304383256690794   26.140951450593882  0.38101206830709099     
28.768389539587368   1.3787432812772239  0.014526059453136314     
29.232395822483937   2.4654988930389698  0.029257176281008113     
29.696402105380507   0.94169831357613826  0.011221738323882289     
30.160408388277077   0.60796536734241008  0.0061339904155066784     
30.624414671173646   0.84105266426038058  0.0099915972080368086     
31.088420954070219   0.17502229759826678  0.0013523978769918088     
31.552427236966789   0.80748658719111356  0.008512537167949917     
32.016433519863362   0.23136994020631963  0.0015937857633122768     
32.480439802759932   0.74751318801734098  0.006950604908292941     
32.944446085656502   0.30192277340681247  0.0012365593468391919     
33.408452368553071   0.63210838076031394  0.0056250632474142084     
33.872458651449641   0.3316624989693079  0.0032995488900149837     
34.33646493434621   0.45480557687703262  0.0049414143758104385     
34.80047121724278   0.70897935625037641  0.009708343678800777     
35.26447750013935   0.34592849152639829  0.0034725054556088444     
35.728483783035919   1.9128498039273192  0.030213825915912236     
36.192490065932496   0.2804015418248125  0.0011535152507781139     
36.656496348829066   13.371585521212053  0.23552047317980174     
37.120502631725635   32.461447468565038  0.58852982644960989     
37.584508914622205   18.987134941694105  0.34703819714869909     
38.048515197518775   1.320496062887653  0.015981102497575399     
38.512521480415344   1.8445345654725253  0.025307544802411989     
38.976527763311914   0.81709541260750879  0.011305355745260326     
39.440534046208484   0.4746699096639897  0.0048528895898384011     
39.904540329105053   0.71482628586033702  0.0092233126566282079     
40.36854661200163   0.18470098720399057  0.00093842375486340872     
40.8325528948982   0.74217174835948331  0.0070074854612548775     
41.296559177794769   0.39716053423129835  0.0029876491288629666     
41.760565460691339   0.7391255662857436  0.0040643758735785622     
42.224571743587909   0.45529237266936387  0.0025064200529410018     
42.688578026484478   0.62476961123657775  0.0026548368780059837     
43.152584309381048   0.3527544227448396  0.0023086861553597121     
43.616590592277618   0.39733919816225071  0.0030614140640545631     
44.080596875174187   0.60846429560634285  0.0075942391521711526     
44.544603158070757   0.29369026331930325  0.001805764056826286     
45.008609440967334   1.4755535983113473  0.021061272649695122     
45.472615723863903   0.3021739555613955  0.00082606973307300036     
45.936622006760473   9.0672841680897095  0.16298579311034887     
46.400628289657043   22.901266422540377  0.42743015176630708     
