0.4848420195558783   0.00017127921148753716  4.7553985481462669e-07     
0.9696840391117566   0.00017600177159332543  2.8506086600619706e-07     
1.454526058667635   0.00019839687567205505  2.60453499056545e-07     
1.9393680782235132   0.00024860232677461708  1.716448750860765e-07     
2.4242100977793917   0.00033846155475589959  3.5856368693766621e-07     
2.9090521173352699   0.00050520963191393506  4.495562575783154e-07     
3.3938941368911482   0.00087469819638364634  1.2168927592250983e-06     
3.8787361564470264   0.0020469489325650925  5.3234235161178392e-06     
4.3635781760029051   0.0083547150167788365  2.6488823939296939e-05     
4.8484201955587833   106.99662221096013  0.082311284491601047     
5.3332622151146616   0.011991774189171485  2.9530675051108921e-05     
5.8181042346705398   0.0043031642480603863  9.2488225527274187e-06     
6.3029462542264181   0.0031166239684350552  1.2669602036504667e-05     
6.7877882737822963   0.0028943506028335788  1.4665551897333508e-05     
7.2726302933381746   0.0029604821328181282  1.5950675850509215e-05     
7.7574723128940528   0.0030443286392043207  1.456949713183974e-05     
8.2423143324499311   0.003360182020169014  1.3687150304560327e-05     
8.7271563520058102   0.0041537543410467117  2.3238605119036808e-05     
9.2119983715616875   0.0054143879840710399  2.2681585803903134e-05     
9.6968403911175667   2.2204922645100741  0.0041973948049323989     
10.181682410673444   0.005949090339536319  2.0344752772662767e-05     
10.666524430229323   0.0061756560120775805  3.5190865274271907e-05     
11.151366449785201   0.0062354406472775626  2.9222052756458675e-05     
11.63620846934108   0.0067646236523773645  3.3908680053262714e-05     
12.121050488896957   0.0075686391649565184  3.743623774782051e-05     
12.605892508452836   0.0086852599947656628  3.9788731903205747e-05     
13.090734528008714   0.011716680983584633  4.6114449796246506e-05     
13.575576547564593   0.02090434817813187  0.00011789976439295848     
14.06041856712047   0.061257271803339031  0.00038519774393587498     
14.545260586676349   47.314462785269109  0.48042698235005158     
15.030102606232226   0.079987060882838196  0.00025492952095600368     
15.514944625788106   0.028499541154546291  8.6782264450161849e-05     
15.999786645343985   0.018376783897537174  4.2785546540922074e-05     
16.484628664899862   0.016239841023380378  2.622471434070241e-05     
16.969470684455739   0.018007372323607014  2.6664801586303607e-05     
17.45431270401162   0.024366074787917784  6.89447913050693e-05     
17.939154723567498   0.04094500108996359  0.00016854440131509409     
18.423996743123375   0.087573027664850002  0.0005660045998203334     
18.908838762679252   0.28033670835465044  0.0015644778875746206     
19.393680782235133   106.33605957598671  1.6493708982442774     
19.878522801791011   0.33906921059097154  0.0011231203316987315     
20.363364821346888   0.10288947223476766  0.00046531038522499475     
20.848206840902765   0.059961279108493067  0.00039956495348372502     
21.333048860458646   0.047048743937320156  0.00033920247760120853     
21.817890880014524   0.046212692326759072  0.00026551364286017259     
22.302732899570401   0.051567137376220695  0.00031754050112610186     
22.787574919126278   0.069980189096537611  0.00042553042065935275     
23.272416938682159   0.12581415630069596  0.00073968109691328382     
23.757258958238037   0.34747332038609742  0.0015591100817525968     
24.242100977793914   65.589961690304745  1.3869983379960321     
24.726942997349795   0.39962206557519365  0.00135930949468989     
25.211785016905672   0.13302497272192795  0.0007108877591953192     
25.69662703646155   0.087075158515839299  0.00073611611156754582     
26.181469056017427   0.073472787966386588  0.00079850228648698346     
26.666311075573308   0.070657794271304299  0.0007736919429503425     
27.151153095129185   0.066213567356185737  0.00087732724021174879     
27.635995114685063   0.057621284837089666  0.00054843599038839189     
28.12083713424094   0.061740773592810325  0.00033472400949875048     
28.605679153796821   0.094876331121229944  0.00039511059185114447     
29.090521173352698   6.7902340724753161  0.16154699322872749     
29.575363192908576   0.099404266154884052  0.00042056344169397     
30.060205212464453   0.060156273219770807  0.00028438941660388014     
30.545047232020334   0.05467374642763583  0.00029720033939157136     
31.029889251576211   0.055347142223507974  0.00036829055261426911     
31.514731271132089   0.058787921325866811  0.00049704092423003001     
31.99957329068797   0.060447237253034616  0.00053065628596095513     
32.484415310243847   0.066024475628919739  0.0003693472041003698     
32.969257329799724   0.091689879391183859  0.00047463278559549534     
33.454099349355602   0.19369507662002003  0.00066612997470789914     
33.938941368911479   8.7995722517754081  0.26628183119518992     
34.423783388467356   0.23494149619055032  0.00066964881514047775     
34.908625408023241   0.11749109788649355  0.00045707152481257888     
35.393467427579118   0.09175767419418023  0.0004321970062148623     
35.878309447134995   0.0924824686962312  0.00037848696060414254     
36.363151466690873   0.11266546322281415  0.00063756144046393182     
36.84799348624675   0.14203034648298875  0.000737153640255744     
37.332835505802628   0.19669584940677227  0.00085058499876146932     
37.817677525358505   0.33041899134111144  0.00086223869545922538     
38.302519544914382   0.85273296089703915  0.0046047795530003667     
38.787361564470267   36.194108476145404  1.0687931911649905     
39.272203584026144   1.006155299134058  0.0042284997225008929     
39.757045603582021   0.38147140033932424  0.0011215447289999574     
40.241887623137899   0.26519133100875502  0.0017839646702475003     
40.726729642693776   0.26583749243549781  0.0026051543735432532     
41.211571662249654   0.40340702266367908  0.0071385354131329282     
41.696413681805531   0.35969178598513346  0.0053693032707766293     
42.181255701361415   0.33446761447498124  0.0022531977323907033     
42.666097720917293   0.44778489373536493  0.0014457141768184463     
43.15093974047317   1.0380770435491661  0.0078088073774069266     
43.635781760029047   31.6828067644674  0.91947868228767936     
44.120623779584925   1.1715015382460196  0.0062943063717712939     
44.605465799140802   0.44566119469207842  0.0015953657691349534     
45.090307818696679   0.31833202052713614  0.0017471195967297979     
45.575149838252557   0.33324097354462206  0.0036075985336286579     
46.059991857808441   0.63188922190571697  0.015010052606249087     
46.544833877364319   0.41401011353928372  0.0086487782278575211     
47.029675896920196   0.26887974176903368  0.0029113453857782201     
47.514517916476073   0.24687736052565511  0.00081655783618037407     
47.999359936031951   0.39202435853099285  0.0025482138719959725     
48.484201955587828   6.8894741521754971  0.19223980170023191     
