0.50882954214656695   0.0013124784528721542  1.5992268531844588e-06     
1.0176590842931339   0.0014475842939233989  1.344762936227236e-06     
1.5264886264397008   0.001715735699185824  5.5379374798522572e-07     
2.0353181685862678   0.0021959619975654412  8.3742829829513972e-07     
2.544147710732835   0.0030875085561620732  2.5638813931048139e-06     
3.0529772528794017   0.0048808350727213838  1.667945236908697e-06     
3.5618067950259684   0.0091181043321351886  3.1524515812571903e-06     
4.0706363371725356   0.02236468589700959  2.0354707481206848e-05     
4.5794658793191028   0.10148355890806499  0.00011988631017520859     
5.0882954214656699   190.52032919947609  0.0030538161383050368     
5.5971249636122362   0.15538946530373413  0.00019503214377821539     
6.1059545057588034   0.052008040217470052  4.7356074647734183e-05     
6.6147840479053706   0.032437638598252554  1.0908685345852123e-05     
7.1236135900519368   0.027112352937003317  1.1414072802990223e-05     
7.632443132198504   0.027796065358348052  2.1286795705455707e-05     
8.1412726743450712   0.034159924722922129  1.105094984085058e-05     
8.6501022164916375   0.051643204702340328  1.9335639342842441e-05     
9.1589317586382055   0.10543316217466899  9.1453090526516136e-05     
9.6677613007847718   0.4034603113647995  0.00046865907520764461     
10.17659084293134   164.65879274581155  0.010503509712483311     
10.685420385077906   0.51732721391505565  0.00066155312363736519     
11.194249927224472   0.16779196311035724  0.00014289164986230328     
11.70307946937104   0.10014490758009923  4.0004482734337151e-05     
12.211909011517607   0.079611601426217825  3.4230941024407285e-05     
12.720738553664173   0.076936346924589329  5.2972094670108523e-05     
13.229568095810741   0.088201839665295399  2.8049225516634365e-05     
13.738397637957307   0.12295391564396652  4.8739876506113803e-05     
14.247227180103874   0.22910342781017327  0.00018695306520190962     
14.756056722250442   0.7839907977001182  0.00091729580369685896     
15.264886264397008   129.02818693508217  0.018367060402741694     
15.773715806543576   0.96103062857256336  0.0012370302278692332     
16.282545348690142   0.32692061831192967  0.00025108089145598623     
16.79137489083671   0.19830259044129872  9.5155573627966012e-05     
17.300204432983275   0.15726841158611855  6.4135176115925097e-05     
17.809033975129843   0.14869153256605635  9.4295209477943189e-05     
18.317863517276411   0.16347668695550903  5.1438866893627451e-05     
18.826693059422976   0.21381931511256028  8.9257278762002788e-05     
19.335522601569544   0.3655537361275435  0.00027844924126791518     
19.844352143716112   1.1074808182826551  0.0013297179554562933     
20.35318168586268   91.573257207466173  0.022917373767748068     
20.862011228009244   1.3379283143892498  0.001718976014643226     
21.370840770155812   0.49662550264636207  0.00034816053104592845     
21.87967031230238   0.31455787944605251  0.00016864740518363875     
22.388499854448945   0.2538149960718507  9.6859015523010274e-05     
22.897329396595513   0.23825858488278365  0.00014214664837300587     
23.406158938742081   0.25390884423567421  7.8844098609252582e-05     
23.914988480888645   0.31314770189477885  0.00014073370130063459     
24.423818023035214   0.4885842025564132  0.00033899425310743844     
24.932647565181782   1.2832779431250596  0.0015856890595042661     
25.441477107328346   58.773668208079226  0.022661446344972539     
25.950306649474914   1.5416561144880493  0.0019655773181065022     
26.459136191621482   0.64300957813152972  0.00044818293569977338     
26.967965733768047   0.43271659829191072  0.00023617732619294816     
27.476795275914615   0.35918604370670853  0.00013233243667727267     
27.985624818061183   0.33758431352624058  0.00019304395044103523     
28.494454360207747   0.35117586713520595  0.00010809757334564326     
29.003283902354315   0.41010190123183487  0.00020125831956990968     
29.512113444500883   0.58123636304474955  0.00034819383714945311     
30.020942986647452   1.2937733288383403  0.0016258488540261345     
30.529772528794016   34.058184076244371  0.018570736097215956     
31.038602070940584   1.5460863906276175  0.0019336782245669721     
31.547431613087152   0.74259483681492853  0.00055857218329797552     
32.05626115523372   0.53722373009388161  0.00027183909456801909     
32.565090697380285   0.46171976093961726  0.00016483462173829677     
33.073920239526849   0.43691631902132578  0.00024708381867572053     
33.582749781673421   0.44640829298643048  0.00014363429912359429     
34.091579323819985   0.49664071955503389  0.00025860573944740172     
34.60040886596655   0.63978001905473408  0.00031302414486690028     
35.109238408113121   1.184385771687227  0.0014737762171981342     
35.618067950259686   17.812120993522796  0.012873724417710356     
36.12689749240625   1.4003396127552197  0.0016649257898446509     
36.635727034552822   0.78989461943237386  0.00063692312860402886     
37.144556576699387   0.61819523815051171  0.00026404572682437232     
37.653386118845951   0.55167796841740596  0.00018492818495400708     
38.162215660992523   0.52757599601441858  0.00029876673297024803     
38.671045203139087   0.53253042307732581  0.00019236322327454652     
39.179874745285652   0.56921513554643354  0.00029553775567745351     
39.688704287432223   0.67211642360067912  0.00027373497042085465     
40.197533829578788   1.0283368022826292  0.0011976280150882133     
40.706363371725359   8.4577042038920128  0.0075973854060449635     
41.215192913871924   1.1909467995121477  0.00126169562787634     
41.724022456018488   0.79685442393798648  0.00063698252792236145     
42.23285199816506   0.67425148674837853  0.00022389410979413702     
42.741681540311625   0.62424681315719035  0.00019273751077875773     
43.250511082458189   0.60452200697919517  0.00033580853739467293     
43.759340624604761   0.6060407243408132  0.00024276238968327288     
44.268170166751325   0.62877860801131269  0.00030732343565649885     
44.77699970889789   0.69187438970653727  0.0002604341213417383     
45.285829251044461   0.88976783981474672  0.00087166182702178675     
45.794658793191026   3.7566724747484593  0.0037870544493335619     
46.30348833533759   0.99774763458796181  0.0008603234980643376     
46.812317877484162   0.78495485206814125  0.00055745599843615524     
47.321147419630726   0.71163079422573714  0.0001934674367523685     
47.829976961777291   0.68042683659232343  0.00019717460745778274     
48.338806503923863   0.66738226860236859  0.00034997399452543501     
48.847636046070427   0.66737699123033308  0.00027149268511330149     
49.356465588216992   0.67926315568494416  0.00030898206761829577     
49.865295130363563   0.71177031233009344  0.00026327652784827971     
50.374124672510128   0.80329063664416983  0.0005829709595670096     
50.882954214656692   1.7258588550143503  0.0015422737489662985     
