0.24242100977793915   0.083686320494187126  0.00080267308911261439     
0.4848420195558783   0.082557830426893657  0.00076552048249097237     
0.72726302933381748   0.080939344732262512  0.00075579987169603349     
0.9696840391117566   0.079021804003270474  0.00078733356610119356     
1.2121050488896958   0.076910956414251444  0.00079477247609669136     
1.454526058667635   0.075108688879213444  0.00083495687640313324     
1.6969470684455741   0.074223743251954223  0.00091198304679653465     
1.9393680782235132   0.075113221402252286  0.0010201235452680505     
2.1817890880014525   0.079142791904025056  0.0011739322551680425     
2.4242100977793917   0.088295147971773912  0.0013839889146570503     
2.6666311075573308   0.10591841280882431  0.0016195375831875395     
2.9090521173352699   0.13742437705908546  0.0019782781701455739     
3.151473127113209   0.19240307546456242  0.0024302179856399744     
3.3938941368911482   0.2894706329532458  0.0030503737966518315     
3.6363151466690873   0.46631015299597453  0.0040654136616889056     
3.8787361564470264   0.81362765719072149  0.0060474874993837622     
4.1211571662249655   1.579850076246306  0.0090703138835999851     
4.3635781760029051   3.7033437099769055  0.019441699373926205     
4.6059991857808438   13.094443816264259  0.054289640360483619     
4.8484201955587833   292.48488707966398  0.94449215028481675     
5.090841205336722   53.077950250343383  0.52572616963619327     
5.3332622151146616   9.756298246636176  0.065422556759697951     
5.5756832248926003   4.1308552318449024  0.02585401753224324     
5.8181042346705398   2.3175462282588107  0.014454972770322775     
6.0605252444484785   1.4964295345220218  0.0093021149638265205     
6.3029462542264181   1.0518576082934264  0.0070750700795749005     
6.5453672640043568   0.78646804987651971  0.0059508696827596683     
6.7877882737822963   0.61780764216255393  0.0055669908249108105     
7.030209283560235   0.51151574063558218  0.0056090141329860978     
7.2726302933381746   0.4492481952311824  0.0057110020664495388     
7.5150513031161132   0.42555718140314159  0.005954530426889218     
7.7574723128940528   0.44060163588522035  0.006628622363359222     
7.9998933226719924   0.50265782954646255  0.0072712354410050422     
8.2423143324499311   0.63504500830000458  0.008075425185728235     
8.4847353422278697   0.87959349520927685  0.0099157618524727429     
8.7271563520058102   1.3460741599329971  0.013485879557823301     
8.9695773617837489   2.2964414607651319  0.019113587704275683     
9.2119983715616875   4.6616945712416102  0.039533102523126647     
9.4544193813396262   13.09467600992937  0.12011812879988442     
9.6968403911175667   106.13925828152516  1.4729934825070947     
9.9392614008955054   191.99219077917522  1.0748382418583782     
10.181682410673444   16.779493678784532  0.099594953987625299     
10.424103420451383   5.8292031405027473  0.038245996354517266     
10.666524430229323   2.8966075168628397  0.020707204980885293     
10.908945440007262   1.6986076348137023  0.014799368205176537     
11.151366449785201   1.0946740174604883  0.010347337731677816     
11.393787459563139   0.75254889019636089  0.0079284075028192216     
11.63620846934108   0.53994810845846738  0.0067943069568683993     
11.878629479119018   0.40480183596045489  0.0061236874989415696     
12.121050488896957   0.31649345748092897  0.0058809790711501602     
12.363471498674897   0.26252959783969433  0.0058857577172991415     
12.605892508452836   0.23424776554161593  0.0060655382512654238     
12.848313518230775   0.22916602820560708  0.0067939105871270563     
13.090734528008714   0.25178568467174935  0.0075159503430411883     
13.333155537786654   0.30633452821996892  0.0096076565556443338     
13.575576547564593   0.42118227134445108  0.012799114281582146     
13.817997557342531   0.64463217828154891  0.019852807723106512     
14.06041856712047   1.1730250127551545  0.035304274463132048     
14.30283957689841   2.8196985432140735  0.090386188425400822     
14.545260586676349   14.00029525985156  0.52369997787174602     
14.787681596454288   273.53126532434978  0.86549702980840994     
15.030102606232226   5.6229892318491382  0.15808487512605105     
15.272523616010167   1.6011566357430653  0.052970626093981911     
15.514944625788106   0.73266415632439229  0.021371311533327718     
15.757365635566044   0.40173321605775558  0.010841060712114278     
15.999786645343985   0.25114113055813821  0.0072869890319452317     
16.242207655121923   0.17000617971442219  0.0054963093347393191     
16.484628664899862   0.12632793397092383  0.0038094467045755548     
16.727049674677801   0.099689843895748183  0.0029657549868854107     
16.969470684455739   0.08476563475219845  0.002801618522815607     
17.211891694233678   0.077061410211089831  0.0025994808081662123     
17.45431270401162   0.075856796605574597  0.0026850620713097095     
17.696733713789559   0.080214368696696667  0.0028361485997538671     
17.939154723567498   0.091753212006199736  0.0033797132889887877     
18.181575733345436   0.11722806288273205  0.0045462522441513509     
18.423996743123375   0.16421246504595728  0.0057203745218164221     
18.666417752901314   0.26736298496745088  0.0089548314474317416     
18.908838762679252   0.50165660454168139  0.017209492737069449     
19.151259772457191   1.2433908350407161  0.041419663661068361     
19.393680782235133   4.5521009414128486  0.1151318694723286     
19.636101792013072   212.30666372949989  3.0340829513486674     
19.878522801791011   15.492227285752975  0.69382386541440495     
20.120943811568949   3.2947366448341575  0.086162941290528733     
20.363364821346888   1.6017766085912201  0.044775249200736595     
20.605785831124827   0.98771703674076089  0.023660587478772618     
20.848206840902765   0.70277230650554291  0.01391593116041422     
21.090627850680708   0.53836347137359166  0.010733621476770687     
21.333048860458646   0.44537966940424324  0.0079606801250798008     
21.575469870236585   0.37483359466983265  0.0062865409452164566     
21.817890880014524   0.32945825605044312  0.0060922440789534298     
22.060311889792462   0.29678376066053864  0.0048644179299785199     
22.302732899570401   0.27879000635988632  0.0045825922263455869     
22.54515390934834   0.27234660226548205  0.0053884902631079249     
22.787574919126278   0.28239678059800384  0.0048333223019152747     
23.029995928904221   0.32501672153871413  0.0054573895136170363     
23.272416938682159   0.41002965291253543  0.0070856280970473613     
23.514837948460098   0.60979803426249706  0.01095641897774059     
23.757258958238037   1.0459209089255333  0.01189405211554392     
23.999679968015975   2.2749982256115703  0.045290509548500483     
24.242100977793914   7.1542528846544604  0.14736833254268813     
24.484521987571853   98.527635688883576  2.8121212038834824     
24.726942997349795   60.164095789915922  0.75914254895416706     
24.969364007127734   8.0184330536444875  0.11080560017139117     
25.211785016905672   3.3857333367881212  0.042826524490276674     
25.454206026683611   1.9338608198334136  0.019072081089415616     
25.69662703646155   1.2832167961503754  0.016085669320349471     
25.939048046239488   0.93035457274266133  0.011684000583878066     
26.181469056017427   0.72035081887118499  0.0085600515379046569     
26.423890065795366   0.57266778959416383  0.0070387201045707978     
26.666311075573308   0.47570638255018189  0.0059208548246062862     
26.908732085351247   0.40455168664224201  0.0052517620663901609     
27.151153095129185   0.35635556947712629  0.0051378362264177801     
27.393574104907124   0.32430105897424261  0.0045058375626750287     
27.635995114685063   0.31240694389772611  0.0052719420574048153     
27.878416124463001   0.32819531453136546  0.0061015751915667196     
28.12083713424094   0.37807324886828879  0.0081989915622255677     
28.363258144018882   0.50969329700914643  0.012017132721731162     
28.605679153796821   0.79528874102564734  0.018877611475240632     
28.84810016357476   1.5385784600932228  0.039514925460023832     
29.090521173352698   4.2315509428337267  0.12591249021981968     
29.332942183130637   29.09150462343364  1.3151065153969989     
29.575363192908576   90.417703158280628  0.97428734505815199     
29.817784202686514   6.9032151591281413  0.1693295289418814     
30.060205212464453   2.6279328720577892  0.080408505678843365     
30.302626222242395   1.4428484101240357  0.034200433732016801     
30.545047232020334   0.92351200286745009  0.019659258716193399     
30.787468241798273   0.65447713923350496  0.014591334952722419     
31.029889251576211   0.49154676550400081  0.011555008363203781     
31.27231026135415   0.39157014596905933  0.0081226715388309092     
31.514731271132089   0.3247468676756219  0.0070021343429963481     
31.757152280910027   0.27797201182958633  0.0061616047579169364     
31.99957329068797   0.2481155425052495  0.0048763643887970509     
32.241994300465905   0.23055461643787854  0.0038799455158091641     
32.484415310243847   0.22670470532245866  0.0042135170766736188     
32.726836320021782   0.23857994964091315  0.003501706250668814     
32.969257329799724   0.27418867299637695  0.0057104174458828225     
33.211678339577666   0.35289084757355168  0.0059491479675491715     
33.454099349355602   0.52048820453141726  0.010188939744045893     
33.696520359133544   0.91737678630286971  0.015446594631308146     
33.938941368911479   2.1766418480001633  0.059813313808603085     
34.181362378689421   8.192399321977015  0.33836726491822749     
34.423783388467356   77.537471254105942  1.9453862768770032     
34.666204398245299   6.3773610960431349  0.24263434417921036     
34.908625408023241   2.0054993348976064  0.049564395849841892     
35.151046417801176   1.1021402228546726  0.028394535778848265     
35.393467427579118   0.71930503261911247  0.01661695650186059     
35.635888437357053   0.52573357427582861  0.011455775915665238     
35.878309447134995   0.41127715492529996  0.0089047758392273735     
36.120730456912931   0.35398379062811172  0.0061091262589765394     
36.363151466690873   0.30900011437976098  0.0044751591789176877     
36.605572476468815   0.2824714659871996  0.0048326248808893459     
36.84799348624675   0.26956389760431169  0.0039315888541743377     
37.090414496024692   0.26508645285874529  0.0034017486671689321     
37.332835505802628   0.26846147084360791  0.0029832854146313436     
37.57525651558057   0.28744577541369946  0.0030398932800021478     
37.817677525358505   0.32657262133339292  0.003931480661569526     
38.060098535136447   0.4024790761930314  0.0046885932355691501     
38.302519544914382   0.55973492573732  0.0063158864761260193     
38.544940554692324   0.91126736178812765  0.0096427283230058204     
38.787361564470267   1.8310009191058379  0.035960389748061331     
39.029782574248202   4.9225078533991758  0.078949667070500819     
39.272203584026144   44.656972643926073  1.7429403656794172     
39.514624593804079   11.931088685525078  0.24192304491835926     
39.757045603582021   2.8546986603345512  0.042676675248614288     
39.999466613359957   1.5098844669934752  0.022427282853752434     
40.241887623137899   0.99969749483085008  0.0089567692213360763     
40.484308632915841   0.74150357774535468  0.0068192074986541601     
40.726729642693776   0.59440440254340828  0.0045211363447705762     
40.969150652471718   0.51136022499598277  0.0045857316830992429     
41.211571662249654   0.44886948257632374  0.0035488618196656552     
41.453992672027596   0.41119988355113271  0.0030627729213341451     
41.696413681805531   0.3897253721629849  0.0031827588198135214     
41.938834691583473   0.37589172359663015  0.0034007160769513564     
42.181255701361415   0.36973530546739226  0.0025937726199216003     
42.42367671113935   0.38464034521362769  0.0026172197641689876     
42.666097720917293   0.41379200154149901  0.0034084896973813524     
42.908518730695228   0.48074510284248264  0.0049941473064365649     
43.15093974047317   0.62324794637960295  0.0036235557016044089     
43.393360750251105   0.92904738244984076  0.013059963094457411     
43.635781760029047   1.6326285183769906  0.032545267677799359     
43.87820276980699   3.767701160493249  0.08189988174215557     
44.120623779584925   19.852836602273191  1.0104314856898214     
44.363044789362867   17.281636918235356  0.30120675370217642     
44.605465799140802   3.4691185237572023  0.053068259441030394     
44.847886808918744   1.7511296099052458  0.034112690599958848     
45.090307818696679   1.1601754008632732  0.017229914935378816     
45.332728828474622   0.85301480345071945  0.011327779106354031     
45.575149838252557   0.68496578475392984  0.0074553261085871913     
45.817570848030499   0.5782765837958717  0.0082001649256189451     
46.059991857808441   0.50945160330443683  0.0056258913779966403     
46.302412867586376   0.46591178406629326  0.0045752269690716723     
46.544833877364319   0.4381954820680208  0.0052970104688324974     
46.787254887142254   0.42026277074737218  0.0046281186220291499     
47.029675896920196   0.41083620670632494  0.0024597344666977801     
47.272096906698131   0.42241918153954057  0.0039398679301717671     
47.514517916476073   0.44453731949761422  0.0036347795407098479     
47.756938926254016   0.50066406858976369  0.004277483938065773     
47.999359936031951   0.62346991095997778  0.0047065852367140384     
48.241780945809893   0.86355026650315998  0.008432987862720681     
48.484201955587828   1.372329593809202  0.01927437574204633     
