0.21486394446136323   44.938350228685362  0.030539063753863
0.42972788892272645   21.346817221865047  0.015148046351478755
0.64459183338408965   3.1958851567553011  0.0075208411148039913
0.85945577784545291   0.021736592792902396  0.00039727185863733369
1.0743197223068162   0.011955808851640289  8.4600187019556304e-05
1.2891836667681793   0.11878739649778292  0.00068272424529803101
1.5040476112295427   0.16910421089323219  0.00064878045831828785
1.7189115556909058   0.036565844444252907  0.00045656533030302091
1.933775500152269   0.039742235040254773  0.00024210999443825803
2.1486394446136323   0.018026622048030848  7.3294231366939559e-05
2.3635033890749955   0.021112321326881422  0.00022832751437052448
2.5783673335363586   0.10514220128373755  0.0017909154737170521
2.7932312779977218   0.36379210559039714  0.0094374742834124619
3.0080952224590853   0.049194634293417088  0.00078769792994247642
3.2229591669204485   0.012913236987891826  9.4907925733964526e-05
3.4378231113818116   0.016608556692740819  0.000147634022032343
3.6526870558431748   0.078155048111710607  0.00043101991157855179
3.8675510003045379   0.048101113355736076  0.00052290555124074877
4.0824149447659011   0.038333912157913037  0.00055989838313448373
4.2972788892272646   0.021519757821515402  0.00042515981426915611
4.5121428336886273   0.016013126365423964  0.00017740804136363178
4.7270067781499909   0.032614427698218729  0.0003140219682923732
4.9418707226113545   0.1161950359867967  0.0011231978790974091
5.1567346670727172   0.16775113929760639  0.0023885398262827875
5.3715986115340808   0.10926675530734216  0.0012183652177796138
5.5864625559954435   0.066138315281546416  0.00044574417727413275
5.8013265004568071   0.068426953483928961  0.00062214368710899074
6.0161904449181707   0.15697807114644886  0.0012381342490918766
6.2310543893795334   0.18477776694110456  0.0009094466663575517
6.445918333840897   0.066470272253450082  0.00055353034937461154
6.6607822783022597   0.047721655470030858  0.00026565483005670014
6.8756462227636232   0.051665257199421748  0.00032286975923739461
7.0905101672249868   0.06032232354802236  0.00035459324059984547
7.3053741116863495   0.05219971997755081  0.00027675005797918698
7.5202380561477131   0.037892000191655482  0.00015256619599854762
7.7351020006090758   0.030964534306565239  0.00017768464751424767
7.9499659450704394   0.039729739189084565  0.00043948238257042577
8.1648298895318021   0.83502816457188211  0.0060224214456819546
8.3796938339931657   3.6155204614203936  0.032554960600429131
8.5945577784545293   0.42361369219555497  0.012617939888137271
8.8094217229158929   0.27174817534750914  0.0064645382384726486
9.0242856673772547   0.33627570677783951  0.0077919145967315561
9.2391496118386183   0.52238509766099986  0.0073295018709761922
9.4540135562999819   0.66365944475133422  0.009645619899996989
9.6688775007613454   0.3231905930692421  0.0045249307155695502
9.883741445222709   0.79489270072056969  0.010251446251342186
10.098605389684071   1.4120918135303171  0.0092111588522414987
10.313469334145434   0.84636832001773428  0.0088438239216871391
10.528333278606798   0.23498158890749757  0.0030178496508999176
10.743197223068162   0.20597624322141906  0.001623214430195904
10.958061167529525   0.19229761561196454  0.0013071327651406887
11.172925111990887   0.21343851664099472  0.0011743977057351932
11.387789056452251   0.22322961618858631  0.0014746591167278748
11.602653000913614   0.203298875366541  0.0020892236533093797
11.817516945374978   0.20467478819414238  0.001475354659716531
12.032380889836341   0.18492243769501463  0.0013226011881902839
12.247244834297703   0.15143719144120023  0.0010152074217994428
12.462108778759067   0.16189956901599726  0.0013594219134216473
12.67697272322043   0.14311795905089786  0.0013755699984044508
12.891836667681794   0.23300224858954365  0.002872984095275902
13.106700612143158   0.13948680608733988  0.0017947864716569095
13.321564556604519   0.071151151765835097  0.0002288991464931104
13.536428501065883   0.092476486123921851  0.00057487055110151112
13.751292445527246   0.29967473049799623  0.0035482548227792306
13.96615638998861   0.27531353560013013  0.0025635927810204441
14.181020334449974   0.21132498713481603  0.0024351687964129297
14.395884278911335   0.20471239634063674  0.0023175695359182111
14.610748223372699   0.20646290430414334  0.0018668765099280228
14.825612167834063   0.21479812963997777  0.0018315824064357181
15.040476112295426   0.23480973335410885  0.001949237366523715
15.25534005675679   0.249681299247228  0.002368017497616652
15.470204001218152   0.27340145549081858  0.0018505151335918309
15.685067945679515   0.29396439752250877  0.00204979845990014
15.899931890140879   0.35159245183969327  0.0022433736916146424
16.114795834602241   0.50882365308956918  0.003245588230134376
16.329659779063604   0.78776007342549386  0.0061598545436095763
16.544523723524968   0.96675712727351375  0.0072858965813760836
16.759387667986331   0.91157545618533398  0.013453489144120676
16.974251612447695   0.72589164046304623  0.0099362655460931991
17.189115556909059   0.44479599196257286  0.0065743340183918041
17.403979501370422   0.28277687042679431  0.0022636193831798278
17.618843445831786   0.19506172131800961  0.0014622946485961122
17.833707390293149   0.14211940451836648  0.00065816461146155455
18.048571334754509   0.13730739259199509  0.00079409860056872216
18.263435279215873   0.1814210192004658  0.0014875135896804322
18.478299223677237   0.22519471726042649  0.0021132387956786427
18.6931631681386   0.25932632728537441  0.0025526909757253872
18.908027112599964   0.25213573470363767  0.0021309864601104632
19.122891057061327   0.27480003352016829  0.0022913384894110619
19.337755001522691   0.68870075881772003  0.0080433626892775342
19.552618945984054   0.47708640118372374  0.0041965428767365737
19.767482890445418   0.52323210435070344  0.0046778452952546581
19.982346834906782   0.64314867590775092  0.0065566358783176266
20.197210779368142   0.67620652437392436  0.0056147781133614401
20.412074723829505   0.78651832067624418  0.0078917980643150037
20.626938668290869   1.0612295165724021  0.010041361445433364
20.841802612752232   1.2846571556114718  0.009857619703092342
21.056666557213596   1.5036875867361641  0.017787463619472537
21.27153050167496   1.7343428319717408  0.017864611207367321
21.486394446136323   2.0989869469049744  0.027136815519518127
21.701258390597687   2.7303878506638608  0.039623441396075879
21.91612233505905   2.0513502360121695  0.038962014667464327
22.130986279520414   1.8598889246641639  0.024333851598485003
22.345850223981774   0.68780077188905797  0.0053994192302051843
22.560714168443138   0.42641017401712872  0.0044176881962047633
22.775578112904501   0.3083726808474384  0.0022894622595463382
22.990442057365865   0.23518132902654447  0.00058862687428351226
23.205306001827228   0.20677177959626113  0.0010681280350708302
23.420169946288592   0.20381984805255196  0.0012112877887588027
23.635033890749956   0.22901352805141505  0.0018809278203340645
23.849897835211319   0.27859037013700549  0.00180011612533197
24.064761779672683   0.34199847277622611  0.0016386535869967868
24.279625724134046   0.40720849189343166  0.0031760700699582004
24.494489668595406   0.46528923396089131  0.0025552187672955251
24.70935361305677   0.60855568926838074  0.0036687908207695687
24.924217557518134   1.0389930912155526  0.015163595222736917
25.139081501979497   1.0338178276426597  0.010912885146139456
25.353945446440861   0.88999302556341067  0.0089284812386740716
25.568809390902224   0.71789042740685636  0.004571290305817027
25.783673335363588   0.57964436128729876  0.003019869176437032
25.998537279824951   0.53841416784404318  0.0042935280856928333
26.213401224286315   0.49844720419209404  0.0042352918358918695
26.428265168747679   0.45534717302621332  0.0026994844641438872
26.643129113209039   0.3925323966012875  0.0023881108956414506
26.857993057670402   0.38109533513474617  0.0010853626061618122
27.072857002131766   0.40549313991315692  0.0015837992537454549
27.287720946593129   0.44465991933304016  0.0028692904110669203
27.502584891054493   0.46161901637022772  0.0050509013902902706
27.717448835515857   0.3785468269850432  0.0014463566247530719
27.93231277997722   0.29163453356838347  0.0010287762255605196
28.147176724438584   0.29192729473527624  0.0010867144616242773
28.362040668899947   0.28254744388622741  0.001063329152355262
28.576904613361307   0.26131491034150609  0.0009812125213794195
28.791768557822671   0.24692779910850678  0.00082765501879975909
29.006632502284035   0.2523712586796918  0.0011089556890987329
29.221496446745398   0.29392137074952129  0.0017686761199907661
29.436360391206762   0.41294877844692584  0.0016246265337961141
29.651224335668125   0.73191369918504472  0.0049788545152773771
29.866088280129489   1.4520698945103119  0.02397980009513818
30.080952224590852   3.3311343027816346  0.065182660246111225
30.295816169052216   8.0039731437790335  0.16119421801706251
30.51068011351358   5.8481641300099573  0.095523142178686179
30.72554405797494   2.2515185130327343  0.062494482817779753
30.940408002436303   0.9732538336811389  0.0084844353077644706
31.155271946897667   0.67206317938768668  0.0058450695829362609
31.37013589135903   0.59511186089795576  0.0041486412367701745
31.584999835820394   0.54012806339231177  0.0051389683679878186
31.799863780281758   0.47309660495715976  0.0013142070367543564
32.014727724743118   0.41818420279067403  0.0012842205141921379
32.229591669204481   0.40067280830063086  0.0012010378112752597
32.444455613665845   0.41721932781172538  0.0016288449643899481
32.659319558127208   0.4313817825520877  0.0018401939706352497
32.874183502588572   0.42854015449724594  0.0020259011747416564
33.089047447049936   0.42032865138241671  0.0010322424282834465
33.303911391511299   0.40846374539657613  0.0015288189287272406
33.518775335972663   0.39499008975739057  0.0017193614212927386
33.733639280434026   0.3843881192330508  0.0013778605895493447
33.94850322489539   0.36414033697236422  0.0015115514252558619
34.163367169356754   0.33785032262102047  0.0011948417146367173
34.378231113818117   0.30768620154005711  0.0011189753174304803
34.593095058279481   0.31475597417309701  0.001608362290021612
34.807959002740844   0.34547090945935666  0.0014175538355869668
35.022822947202208   0.40558182864650276  0.0019185221686784617
35.237686891663571   0.46400666438250063  0.0019505281746963655
35.452550836124935   0.50977776567920638  0.0025590511927285759
35.667414780586299   0.55139554550828485  0.002216193248321827
35.882278725047662   0.60934225729744402  0.0018950329208159917
36.097142669509019   0.68514577214612272  0.0027573468351082802
36.312006613970382   0.74888873310462787  0.0023889799799188495
36.526870558431746   0.77784583554796035  0.0053188785194741617
36.741734502893109   0.77211687298077304  0.0052737080266299527
36.956598447354473   0.77425586220857372  0.0023797900574969953
37.171462391815837   0.7969305104178704  0.0038594073014385048
37.3863263362772   0.88195039102974918  0.0022009503477445679
37.601190280738564   0.9657563603011834  0.0058361457975110943
37.816054225199927   1.0456403429843636  0.0065447825772935792
38.030918169661291   1.1465722485458133  0.0057431781984615913
38.245782114122655   1.3303784031417846  0.015943477832178287
38.460646058584018   1.6996583055056003  0.017583396042459971
38.675510003045382   2.7490199948669965  0.041282799441886607
38.890373947506745   2.778008349188218  0.041011034466467871
39.105237891968109   1.4801305661964168  0.019324886091033648
39.320101836429473   0.71723153062050663  0.0079552580864277414
39.534965780890836   0.5467121018605831  0.0016055152887240842
39.7498297253522   0.53980784352207457  0.0018717752729959321
39.964693669813563   0.56972844078401697  0.0019497171920627325
40.179557614274927   0.61152600104025503  0.0021481229669950725
40.394421558736283   0.67010761574857334  0.0020860317397392703
40.609285503197647   0.75077837508781557  0.0021219906813232747
40.824149447659011   0.85135279125439163  0.0031505139019461166
41.039013392120374   0.9565932785840857  0.0028108841945739899
41.253877336581738   1.0479552561878834  0.0051066199854713067
41.468741281043101   1.1788049256842242  0.0036462173475617859
41.683605225504465   1.3575037925651986  0.004801049280828495
41.898469169965828   1.4825886982490228  0.0070518547984597964
42.113333114427192   1.5694737005849639  0.0068098271849500486
42.328197058888556   1.6041362527884689  0.0089822648333763269
42.543061003349919   1.5683332715586719  0.0041267892235406503
42.757924947811283   1.4235948620371264  0.0087418123728071986
42.972788892272646   1.2547111882357601  0.0039149030441743079
