0.012959242694672959   0   0   
0.038877728084018875   0   0   
0.064796213473364797   0   0   
0.090714698862710719   0   0   
0.11663318425205663   0   0   
0.14255166964140256   0   0   
0.16847015503074847   0   0   
0.19438864042009438   0   0   
0.22030712580944031   0   0   
0.24622561119878622   0   0   
0.27214409658813216   0.016357034350241788   4.9546774548529766e-05   
0.29806258197747804   12.481328000882945   0.0012793014278497144   
0.32398106736682397   5.1293915534985793   0.0011785104538064755   
0.34989955275616991   0.0038982837603970997   1.6367554273842797e-05   
0.37581803814551579   0   0   
0.40173652353486172   0   0   
0.42765500892420766   0   0   
0.45357349431355359   0   0   
0.47949197970289947   0   0   
0.50541046509224541   0   0   
0.53132895048159134   0   0   
0.55724743587093728   0   0   
0.5831659212602831   0   0   
0.60908440664962904   0   0   
0.63500289203897498   0   0   
0.66092137742832091   0   0   
0.68683986281766685   0   0   
0.71275834820701278   0   0   
0.73867683359635872   0   0   
0.76459531898570454   0   0   
0.79051380437505048   0   0   
0.81643228976439641   0   0   
0.84235077515374235   0   0   
0.86826926054308828   0   0   
0.89418774593243422   0   0   
0.92010623132178004   0   0   
0.94602471671112598   0   0   
0.97194320210047191   0   0   
0.99786168748981785   0   0   
1.0237801728791638   0   0   
1.0496986582685097   0   0   
1.0756171436578557   1.201158222234505e-06   1.4280199205433111e-07   
1.1015356290472016   0.00057194885094307569   4.7613646210026296e-06   
1.1274541144365475   0.045542066160354617   7.1559214364099913e-05   
1.1533725998258935   0.69225297771960812   0.00033723124314760644   
1.1792910852152392   2.5811783931062726   0.0026421019567104177   
1.2052095706045851   3.1370377508471169   0.0028895611592531721   
1.231128055993931   1.8324940683878328   0.0023000320486495354   
1.257046541383277   1.0552001793177724   0.005298110837238701   
1.2829650267726229   1.17601000751336   0.0048945453650184514   
1.3088835121619689   1.7137477861057183   0.0027358126353219657   
1.3348019975513148   2.3027734002716808   0.00044870298917443719   
1.3607204829406607   2.7543583839562736   0.0021416298581613644   
1.3866389683300067   3.1133742814179549   0.003389676615749021   
1.4125574537193526   3.6063176762124054   0.0052122469574247374   
1.4384759391086985   4.3753297286688329   0.0070741040475190425   
1.4643944244980445   4.8373687132373054   0.0054035726570157152   
1.4903129098873904   3.5803498161586324   0.00054642525982000369   
1.5162313952767361   1.5732638739236479   0.0035709526085499481   
1.5421498806660821   0.60416542530697633   0.0041338316234078827   
1.568068366055428   0.32605347516524684   0.0038783690784168469   
1.5939868514447739   0.26368882026995308   0.0035287762638421937   
1.6199053368341199   0.31014333237545977   0.0028998540729988973   
1.6458238222234658   0.4626601708753168   0.0018966077532546997   
1.6717423076128117   0.72647816962476941   0.0004565621206849671   
1.6976607930021577   1.0599564234557446   0.0019277743935702732   
1.7235792783915036   1.3113483492934989   0.0033157064826178375   
1.7494977637808495   1.2371063357670406   0.0023244906929379135   
1.7754162491701955   0.74030289815111309   0.00054972982103256001   
1.8013347345595414   0.21492497726333762   0.00054890771379618025   
1.8272532199488871   0.024137686824520588   0.0001442069239608375   
1.8531717053382331   0.00093810189080732471   1.2323473950384322e-05   
1.879090190727579   1.1981090604964777e-05   6.0215996556178797e-07   
1.9050086761169249   2.8859786494561853e-08   1.9239857663041235e-08   
1.9309271615062709   0   0   
1.9568456468956168   0   0   
1.9827641322849627   0   0   
2.0086826176743084   0   0   
2.0346011030636544   2.7021583533124791e-07   1.1743944824102095e-07   
2.0605195884530003   1.0659334915552746e-05   4.6318760439211153e-07   
2.0864380738423463   0.00022302843002997399   3.3740656412956829e-06   
2.1123565592316922   0.0026707397944981221   1.6334304926985854e-05   
2.1382750446210381   0.01926757923704723   8.8668641728364571e-05   
2.1641935300103841   0.090138653282897132   0.00025832177767438351   
2.19011201539973   0.29437273136223991   0.00061759992106214685   
2.2160305007890759   0.72528514596142539   0.00055361115749015419   
2.2419489861784219   1.3519538345449642   0.00071091887843859614   
2.2678674715677678   1.7304196618163119   0.0017648046971736515   
2.2937859569571137   1.5114342218359095   0.00066216345146951063   
2.3197044423464597   1.1789422695092019   0.00097071485944173997   
2.3456229277358056   1.1411017278879852   0.00074822457639124342   
2.3715414131251515   1.3084323616329614   0.00039378019721246306   
2.3974598985144975   1.4915675163533894   0.0014106769986726788   
2.4233783839038434   1.5507155461517798   0.0014988438400571298   
2.4492968692931893   1.4492326890028575   0.000417336669445531   
2.4752153546825353   1.2792256857040046   0.0018582852686759092   
2.5011338400718812   1.2365675207436364   0.0034091701091175923   
2.5270523254612272   1.5347627069702651   0.0025082234675651529   
2.5529708108505731   2.0199592430511077   0.0016602109085026049   
2.578889296239919   2.0774950504611789   0.0028016007370574492   
2.604807781629265   1.8279178135647561   0.0018552092445597448   
2.6307262670186109   1.8704515646115159   0.0011308711259414553   
2.6566447524079564   1.9730233388348109   0.00075143385199425898   
2.6825632377973023   1.8027190035826467   0.00050726342046662786   
2.7084817231866483   1.5289920442053833   0.00042287571952154236   
2.7344002085759942   1.339682628374905   0.00037285192441811271   
2.7603186939653401   1.227967650211824   0.00060074865018022484   
2.7862371793546861   1.1862980825306029   0.001568420401657504   
2.812155664744032   1.2857889184210391   0.0021777407078456342   
2.8380741501333779   1.5697643153363483   0.0012942987442041249   
2.8639926355227239   1.8543996920113267   0.0017454266685842475   
2.8899111209120698   1.9050080429877248   0.0027705994006857049   
2.9158296063014157   1.7334991174364205   0.0023056311172853749   
2.9417480916907617   1.3201712052412216   0.00050229216229183329   
2.9676665770801076   0.74909357278926524   0.0016558628509532335   
2.9935850624694536   0.32178825261591852   0.0019456422770492659   
3.0195035478587995   0.14728800354374818   0.0017576155477206129   
3.0454220332481454   0.12610490228202881   0.00159475959020055   
3.0713405186374914   0.18031860203166434   0.0013930554418353595   
3.0972590040268373   0.2888631491142947   0.00089710598211976961   
3.1231774894161832   0.43706411274719468   0.00034745021783681476   
3.1490959748055292   0.57933056810801974   0.001344491180495602   
3.1750144601948751   0.63765016014381683   0.0021482445280585864   
3.200932945584221   0.55339344484167656   0.0016937921390826015   
3.226851430973567   0.35546143614443867   0.00064139397892696192   
3.2527699163629129   0.15489477186742696   0.00039943250640716121   
3.2786884017522588   0.041382035991240795   0.00029716650595524536   
3.3046068871416048   0.0061686742796370656   7.5472759655418358e-05   
3.3305253725309503   0.00055340061133669262   9.0259919971691344e-06   
3.3564438579202962   0.00082277769306959632   1.0422387880908252e-05   
3.3823623433096421   0.0055404863861676855   4.4504502017463396e-05   
3.4082808286989881   0.027257209738032198   0.00012496251202540105   
3.434199314088334   0.097956400915136584   0.0002628807067738505   
3.4601177994776799   0.26489464182278139   0.00036468617143126228   
3.4860362848670259   0.55488423608677379   0.000343339734518519   
3.5119547702563718   0.93480026536042213   0.00034652649630037982   
3.5378732556457178   1.3400271768646942   0.00049078639492170151   
3.5637917410350637   1.7514566950639477   0.00031558626447093518   
3.5897102264244096   2.1344721566782612   0.0015416640631056977   
3.6156287118137556   2.2929425826086173   0.0025044489815815131   
3.6415471972031015   2.1108452569816964   0.001887384751243079   
3.6674656825924474   1.8477445082775564   0.0008503743473892112   
3.6933841679817934   1.7410050674439055   0.00080507538177528933   
3.7193026533711393   1.7442501336941472   0.0010832999997374797   
3.7452211387604852   1.7270334159959671   0.0011261198588228683   
3.7711396241498312   1.6152680198456965   0.00076687715191284883   
3.7970581095391771   1.4287843170824265   0.0027332230578401874   
3.822976594928523   1.2871299271568827   0.0047426477374485265   
3.848895080317869   1.345245431488398   0.0048425078211071706   
3.8748135657072149   1.624558807492853   0.0020008393370948439   
3.9007320510965608   1.8266990779237633   0.0025772589885291088   
3.9266505364859068   1.5817553572288828   0.0032805852087006416   
3.9525690218752527   1.0699936480367901   0.0016244518379491231   
3.9784875072645987   0.7543972762329578   0.00059649496862048073   
4.0044059926539441   0.72632695019824962   0.00083432694797910804   
4.0303244780432905   0.8648674547324831   0.00087091564518062851   
4.056242963432636   1.0831673116953025   0.0003114222372481969   
4.0821614488219824   1.2904797887695379   0.00082661831204264116   
4.1080799342113279   1.3899528123599389   0.0010416519204926424   
4.1339984196006743   1.3636986312071528   0.00060335366630265979   
4.1599169049900198   1.2897410322057749   0.00098224625448337535   
4.1858353903793661   1.1893009926020345   0.0013477635714404694   
4.2117538757687116   0.97643520592458867   0.00062409332153580018   
4.237672361158058   0.67950352064008153   0.0014815912129977286   
4.2635908465474035   0.50449005083183673   0.0026943918454596362   
4.2895093319367499   0.55237871641010087   0.0022875760596107053   
4.3154278173260954   0.73712392699834701   0.00082393891801446329   
4.3413463027154409   0.90946627000543767   0.0015214326292234145   
4.3672647881047872   0.93040924331092137   0.0023613314091569691   
4.3931832734941327   0.75445038529428786   0.0013155676015557075   
4.4191017588834791   0.47598478698777547   0.00047444447093727071   
4.4450202442728246   0.24252182229164551   0.001073654724375843   
4.470938729662171   0.12454183507719034   0.0011785808206512402   
4.4968572150515165   0.10275131855980483   0.001179673584227386   
4.5227757004408629   0.14236080149699702   0.0011151137443425563   
4.5486941858302083   0.22997744531431464   0.00074017014775536119   
4.5746126712195547   0.36010964726089986   0.00033095753318783628   
4.6005311566089002   0.51062781587025378   0.001147910498476889   
4.6264496419982466   0.63218898081387866   0.0017596488665958351   
4.6523681273875921   0.67571051764509355   0.0017296043252056819   
4.6782866127769385   0.63775416145290005   0.00089197564163677557   
4.704205098166284   0.57237555129740511   0.00049865376917228412   
4.7301235835556303   0.55412001895947062   0.00097513884719396955   
4.7560420689449758   0.64071011017080049   0.0010939732435177408   
4.7819605543343222   0.85399926645257408   0.00042743537393563716   
4.8078790397236677   1.14741098721683   0.0010149531213682787   
4.8337975251130141   1.4074430409166019   0.0021516538407722171   
4.8597160105023596   1.5742343261933371   0.0021911708609284612   
4.885634495891706   1.6923338023523084   0.0016801000202605849   
4.9115529812810514   1.7967992168075836   0.0010158868544852096   
4.9374714666703978   1.8738563256467864   0.00047891669712529182   
4.9633899520597433   1.9255001204303968   0.00030821061283062275   
4.9893084374490888   1.9539375687273782   0.00073628174154048615   
5.0152269228384352   1.9113634479524967   0.00061537305977886701   
5.0411454082277807   1.772483202964268   0.0011469789758647149   
5.0670638936171271   1.6371068761817921   0.0021596957382715117   
5.0929823790064725   1.6047280601807174   0.0014708913085096523   
5.1189008643958189   1.5773174985516139   0.00072036393456510011   
5.1448193497851644   1.3912135512562607   0.0006864238513417331   
5.1707378351745108   1.0840796943733433   0.0014774426744706293   
5.1966563205638563   0.82852141052181684   0.0035275821995475719   
5.2225748059532027   0.72877688594803455   0.004447606512555525   
5.2484932913425482   0.80161440755856792   0.0035252539336943182   
5.2744117767318945   0.9867774445261522   0.0012012011255988125   
5.30033026212124   1.1291242702618173   0.0016718365781510086   
5.3262487475105864   1.0932485118501497   0.0021050019595478029   
5.3521672328999319   0.94036651982190804   0.0014021208232526885   
5.3780857182892783   0.84950312871353798   0.0010203114918022437   
5.4040042036786238   0.86052237289694343   0.0015637116336538866   
5.4299226890679702   0.87546506554807048   0.0016148137641543416   
5.4558411744573156   0.85928555055177579   0.00092271429970081327   
5.481759659846662   0.87447604318260423   0.00047729597625658494   
5.5076781452360075   0.95102351772853102   0.0003167502203073671   
5.5335966306253539   1.0343926345463586   0.00092969599211619319   
5.5595151160146994   1.0444462714397876   0.0015032988415804289   
5.5854336014040458   0.92996954436949885   0.001398590946470631   
5.6113520867933913   0.70006413553423661   0.00043704936990855969   
5.6372705721827376   0.43645102084157138   0.001125247707555174   
5.6631890575720831   0.24848812260513083   0.0021363967564825623   
5.6891075429614286   0.1872780517234849   0.002452313722788713   
5.715026028350775   0.23648883165957867   0.0021980241903528446   
5.7409445137401205   0.36306560476941202   0.0014007208971120637   
5.7668629991294669   0.52820317053292654   0.00052986272976287138   
5.7927814845188124   0.67114691334308114   0.0016488768549371288   
5.8186999699081587   0.73167354425162054   0.0021603236036352008   
5.8446184552975042   0.7052689907869461   0.001567121057565809   
5.8705369406868506   0.65483766875591059   0.0007893972840386237   
5.8964554260761961   0.65121464296542618   0.00061324007962729829   
5.9223739114655425   0.7120938082875818   0.00054152495300686085   
5.948292396854888   0.8089501127275656   0.0004113419555484739   
5.9742108822442344   0.91392963498311768   0.00043324331863812503   
6.0001293676335798   1.0289555272630632   0.00048178622224797785   
6.0260478530229262   1.1561353392861768   0.00034420569825983475   
6.0519663384122717   1.2913191269070864   0.00031909927297412469   
6.0778848238016181   1.4361362793963509   0.00089120907110088574   
6.1038033091909636   1.5715019301836482   0.0017633985108652491   
6.12972179458031   1.6451460597202542   0.002670077209572882   
6.1556402799696555   1.5949416116867897   0.0026462163109713916   
6.1815587653590018   1.444559578087922   0.0015499107231978033   
6.2074772507483473   1.3067180537833901   0.00061054717014568511   
6.2333957361376937   1.2590707253425919   0.00060278824341642804   
6.2593142215270392   1.2926587269924797   0.00055802528166860184   
6.2852327069163856   1.3625383649166796   0.00046170923698496818   
6.3111511923057311   1.4274121796773884   0.00075155017606421802   
6.3370696776950766   1.472004771969784   0.0018003717499593546   
6.3629881630844229   1.5224103499680551   0.0027939134665838252   
6.3889066484737684   1.6124134697765131   0.0026544879911652893   
6.4148251338631148   1.6910761637578617   0.0017445191568143521   
6.4407436192524603   1.6068652762975015   0.0018392305249179153   
6.4666621046418067   1.2932445464663748   0.0011588211097328702   
6.4925805900311522   0.91899775491662837   0.0015863297686132269   
6.5184990754204986   0.69031507806446949   0.0018216526095143786   
6.544417560809844   0.623782919865698   0.0013396238844735938   
6.5703360461991904   0.61509347825887975   0.0012455841263985935   
6.5962545315885359   0.59948323782994297   0.0020133332199139912   
6.6221730169778823   0.59572416686820857   0.0034095394330967098   
6.6480915023672278   0.66475586989469727   0.0039028282309515576   
6.6740099877565742   0.84067187616672973   0.0024493597886927055   
6.6999284731459197   1.0654619466519971   0.0015377295043663738   
6.725846958535266   1.1957916159019049   0.0041198438399477083   
6.7517654439246115   1.1292488216542269   0.0047377898272768772   
6.7776839293139579   0.93193442979716092   0.0035846312563684973   
6.8036024147033034   0.75793546513525595   0.0023632101782085786   
6.8295209000926498   0.66765343908205232   0.0017006271065861822   
6.8554393854819953   0.61986881333881483   0.00092957126964334879   
6.8813578708713417   0.58211289031531449   0.00046307126430594021   
6.9072763562606871   0.5671737728722239   0.0014581075344671063   
6.9331948416500335   0.5969042882253795   0.0017455371020953743   
6.959113327039379   0.66340679424220507   0.0010843829176800115   
6.9850318124287245   0.71957606244607936   0.00074616618732083832   
7.0109502978180709   0.7099142884937855   0.0011920334080070667   
7.0368687832074164   0.62377973106199244   0.00091496280512069577   
7.0627872685967628   0.51308104892609292   0.00057147853129464333   
7.0887057539861082   0.44804133345022565   0.00091345955886308953   
7.1146242393754546   0.46382819836877226   0.0012264780725177311   
7.1405427247648001   0.56215882679047445   0.0014334576498240796   
7.1664612101541465   0.73949476783361604   0.0013256460644281765   
7.192379695543492   0.98935652181716348   0.00047841401604202818   
7.2182981809328384   1.2770727825255517   0.0013823528599396128   
7.2442166663221839   1.5289693789942907   0.0032490202713554555   
7.2701351517115302   1.6631365152868118   0.0039526687751985344   
7.2960536371008757   1.6480052966552249   0.0029277586164050005   
7.3219721224902221   1.5279998151642054   0.0011558043886326646   
7.3478906078795676   1.3830558785028152   0.00077457430189227151   
7.373809093268914   1.2647070702715695   0.0017178151023144563   
7.3997275786582595   1.1868133749255255   0.0022997078900197789   
7.4256460640476059   1.1667700179152705   0.0025187731237725017   
7.4515645494369513   1.2250262892627219   0.0018370278276892039   
7.4774830348262977   1.3326323167276565   0.00099801562160792991   
7.5034015202156432   1.4013945397237483   0.0019506661589190335   
7.5293200056049896   1.3595177466522379   0.0018361204769833978   
7.5552384909943351   1.228759980743593   0.00084548891977457869   
7.5811569763836815   1.1069467033059952   0.0012252641062274649   
7.607075461773027   1.0726910725529368   0.0014725935719963487   
7.6329939471623725   1.1326082611218069   0.00078445904869865552   
7.6589124325517188   1.2289623720513042   0.00061628463186058911   
7.6848309179410643   1.2861695421047854   0.00080810731102362703   
7.7107494033304107   1.2783689718788471   0.00065316302902764003   
7.7366678887197562   1.2510742840554438   0.0014692090412816379   
7.7625863741091026   1.239722448079755   0.0015227034370554954   
7.7885048594984481   1.2024331298791538   0.0010578300422955739   
7.8144233448877944   1.0759586458558094   0.00044344238080640625   
7.8403418302771399   0.87352162631954063   0.00095019465318484172   
7.8662603156664863   0.68309294840041349   0.0018661894424427416   
7.8921788010558318   0.57215081330952093   0.0021692308858846888   
7.9180972864451782   0.54688884717318107   0.0018723158856444966   
7.9440157718345237   0.582001110159818   0.0010931365207011538   
7.9699342572238701   0.63620260689021859   0.00047927496351433181   
7.9958527426132155   0.66740003878424513   0.00047822633558244958   
8.0217712280025619   0.67226953269793497   0.00073125452039796354   
8.0476897133919074   0.68679347836907513   0.0011510477119822504   
8.0736081987812529   0.73687281069566238   0.00078648474410060182   
8.0995266841706002   0.80873973035809926   0.00063047195398670643   
8.1254451695599457   0.86908543011367839   0.0020191344622680351   
8.1513636549492912   0.89270547407502633   0.0029818482340500375   
8.1772821403386367   0.87079770261906406   0.0033646816720345764   
8.2032006257279839   0.81617907465823971   0.0030280831920850364   
8.2291191111173294   0.75854969696092961   0.0022635346108257212   
8.2550375965066749   0.72147917908859202   0.001423237224404039   
8.2809560818960204   0.70788065546926793   0.00053296520255076301   
8.3068745672853659   0.71640522267235666   0.00074092762819499186   
8.3327930526747132   0.75519890264171914   0.0015860091257781601   
8.3587115380640586   0.8346115250830698   0.0017553888217339788   
8.3846300234534041   0.9527995965955907   0.0010772233673484748   
8.4105485088427496   1.0821042238401314   0.00064911385287817777   
8.4364669942320969   1.1806567970882567   0.0018079840997512251   
8.4623854796214424   1.2201786196672766   0.0022950137664943943   
8.4883039650107879   1.2129573074133401   0.0019116953451882382   
8.5142224504001334   1.1992503788183321   0.0012375549628964358   
8.5401409357894806   1.2085312982691023   0.00060381842873680417   
8.5660594211788261   1.2469235355371923   0.00051273738815211046   
8.5919779065681716   1.3107957847075157   0.0012168391605625646   
8.6178963919575171   1.3997129564868236   0.0014725790466584198   
8.6438148773468644   1.5018187642594537   0.0010815757224713274   
8.6697333627362099   1.5688643532736114   0.0012746309304879081   
8.6956518481255554   1.5279101153141489   0.0020131316186908873   
8.7215703335149009   1.3500594041967926   0.0013845993375865289   
8.7474888189042481   1.091429577122758   0.00062998639766330718   
8.7734073042935936   0.85363298021455439   0.0025288781104887348   
8.7993257896829391   0.71308510489538396   0.0039780115699407314   
8.8252442750722846   0.69915670443831893   0.0043780628131094255   
8.8511627604616319   0.80141361088766921   0.0037771010249961323   
8.8770812458509774   0.97890957691646905   0.0024980301955349049   
8.9029997312403228   1.1769194448482928   0.00080436284698570307   
8.9289182166296683   1.3484640329003156   0.0016845039598744469   
8.9548367020190156   1.4560198176410383   0.0040193605374540421   
8.9807551874083611   1.4518178565589339   0.0055045513782152177   
9.0066736727977066   1.309520953764901   0.0048851259266228426   
9.0325921581870521   1.0856333331426486   0.0023991190560224186   
9.0585106435763976   0.88955137938941996   0.0013477906881067869   
9.0844291289657448   0.78869221845011551   0.0031942697975048104   
9.1103476143550903   0.78270024482305656   0.0040060997843550643   
9.1362660997444358   0.83768373535929312   0.0035627998762240051   
9.1621845851337813   0.90270661045837295   0.0022071039888164693   
9.1881030705231286   0.91897399119129638   0.001067480318919504   
9.2140215559124741   0.85908801145037593   0.00041226104901246713   
9.2399400413018196   0.75539416830808498   0.00047059548994978573   
9.2658585266911651   0.65802611701905791   0.00046554080623916289   
9.2917770120805123   0.57816440325145211   0.00071392470526142528   
9.3176954974698578   0.50358637692511177   0.00049514759665071699   
9.3436139828592033   0.44955263240871736   0.00090379290349180929   
9.3695324682485488   0.44728388902770899   0.0013248808379642877   
9.3954509536378961   0.50675916281913302   0.0010618423460412698   
9.4213694390272416   0.6074536176868876   0.00045357177346363057   
9.447287924416587   0.716393272477469   0.00086302357292329052   
9.4732064098059325   0.81009850456278675   0.001253879382375366   
9.4991248951952798   0.88963420561696833   0.0013132280411638539   
9.5250433805846253   0.97973955854970356   0.0014013938178384567   
9.5509618659739708   1.0992597795216767   0.0019747405855356604   
9.5768803513633163   1.231661106831098   0.0030085587005731624   
9.6027988367526635   1.3335149827504937   0.0037603717087702189   
9.628717322142009   1.3778860633614366   0.0037212424422450601   
9.6546358075313545   1.3703297780740814   0.0030402961106974836   
9.6805542929207   1.3262516640082181   0.0021503432066991695   
9.7064727783100455   1.2553221340577566   0.00085143653236720647   
9.7323912636993928   1.1702841903940383   0.00098949434717094373   
9.7583097490887383   1.1013587615368628   0.0025186375831591993   
9.7842282344780838   1.0862095522678891   0.00319746054789734   
9.8101467198674293   1.1428522100622388   0.0024535599381990069   
9.8360652052567765   1.2525163029009932   0.00079711950124497441   
9.861983690646122   1.3621776867344327   0.0014081148828871834   
9.8879021760354675   1.4137638319172922   0.0024168214836443266   
9.913820661424813   1.377442406840337   0.0020069736686461545   
9.9397391468141603   1.2684579535866543   0.00062746830143152059   
9.9656576322035058   1.1358685639438875   0.0011689805693632719   
9.9915761175928512   1.0296580215288137   0.0019657136301657612   
10.017494602982197   0.9641280136126121   0.0019093577345753324   
10.043413088371544   0.91382117652961731   0.0016325554248655567   
10.069331573760889   0.85654549029456937   0.0018489612955232302   
10.095250059150235   0.80140390657431378   0.0023628803968497216   
10.12116854453958   0.76847540485157882   0.0027310127603289407   
10.147087029928928   0.76252336448277425   0.0028195311140458008   
10.173005515318273   0.78117360566865377   0.0027416399357215712   
10.198924000707619   0.83193619692245092   0.0026139869559033927   
10.224842486096964   0.92596547523716835   0.0021496206014858798   
10.250760971486311   1.0619506687228711   0.00071251218127659247   
10.276679456875657   1.2183747640349768   0.0019209829640644873   
10.302597942265002   1.3435225493371224   0.0046112826353908233   
10.328516427654348   1.367527790007479   0.0060353695516881118   
10.354434913043693   1.2617307916614633   0.0052251517084902591   
10.380353398433041   1.0793419412109555   0.0029317365017686898   
10.406271883822386   0.90422913103511886   0.00087235045295343793   
10.432190369211732   0.7797322607411527   0.0018148545365465177   
10.458108854601077   0.70460570036102629   0.0032280971194257919   
10.484027339990424   0.67385026524374268   0.0042378463909447067   
10.50994582537977   0.68865277811735751   0.0043829304593810089   
10.535864310769115   0.74246009227638901   0.0032670027913729623   
10.561782796158461   0.80941981298732598   0.0012457135014666635   
10.587701281547808   0.84597757220693395   0.0018642687094357034   
10.613619766937154   0.81101704038520552   0.0029961090721121807   
10.639538252326499   0.70363545245189513   0.0025011396246381392   
10.665456737715845   0.58069202969482911   0.0013163210034724447   
10.691375223105192   0.5151961516021383   0.00090619656857918766   
10.717293708494537   0.53576450469877088   0.00073036202715023295   
10.743212193883883   0.62127514987503664   0.00051706345333692219   
10.769130679273228   0.73964785543622381   0.00042847445555488088   
10.795049164662576   0.87796213537485809   0.00040738807742200248   
10.820967650051921   1.0359603251922924   0.0007823768275559394   
10.846886135441267   1.2025987072402618   0.0020141743925563383   
10.872804620830612   1.3487685350251521   0.0031416204067411712   
10.898723106219959   1.4485525854836227   0.0034528313499346776   
10.924641591609305   1.502875874429853   0.002882204023595487   
10.95056007699865   1.535788626153258   0.0020743923415275969   
10.976478562387996   1.5620809562216876   0.0017257794255553526   
11.002397047777341   1.5656973837540217   0.0018578229561002992   
11.028315533166689   1.5144815276739044   0.0016259925417802399   
11.054234018556034   1.3950632399826122   0.00073388457607111748   
11.08015250394538   1.2336110673473713   0.0010954530176231887   
11.106070989334725   1.0810218069422476   0.0024499724861086254   
11.131989474724072   0.97986828389138086   0.0031476599133346077   
11.157907960113418   0.94854131472881612   0.0029775247142329579   
11.183826445502763   0.97987668967431862   0.0020324842017382183   
11.209744930892109   1.0465835631816903   0.00078980853651861152   
11.235663416281456   1.1053696349669795   0.00090429810236726994   
11.261581901670802   1.1194012391160037   0.0012363351014079678   
11.287500387060147   1.0815528681660276   0.0008573359833840316   
11.313418872449493   1.0113728667951032   0.00058443207315852822   
11.33933735783884   0.93101334495467715   0.001122174835362259   
11.365255843228185   0.85370425138437832   0.0015921185741283802   
11.391174328617531   0.78549467135887638   0.0020915933642818611   
11.417092814006876   0.72982951631116486   0.0027067363477189734   
11.443011299396224   0.69529136398070391   0.003258758792600129   
11.468929784785569   0.69509997488770367   0.0030364793494118096   
11.494848270174915   0.72858110556622762   0.0019864859944822914   
11.52076675556426   0.7684675692894849   0.0010926257495742606   
11.546685240953607   0.78465217895736664   0.00091444265058070446   
11.572603726342953   0.7841227755944119   0.00099379519416916154   
11.598522211732298   0.81304681006182262   0.0015696156038881329   
11.624440697121644   0.90744098439448998   0.0010851403686927802   
11.650359182510989   1.0537505118105504   0.0012767219100635619   
11.676277667900337   1.1949738972360384   0.0036301983762412792   
11.702196153289682   1.2627464144402151   0.0050279186367965022   
11.728114638679028   1.2221251579477056   0.004510579349851749   
11.754033124068373   1.0977708056070269   0.0026051114208557506   
11.77995160945772   0.95292009648791789   0.00091168780969902033   
11.805870094847066   0.83546439610899251   0.0012407361525184016   
11.831788580236411   0.75463701378899674   0.0017520508233124986   
11.857707065625757   0.7040738990528723   0.0024594789264217609   
11.883625551015104   0.69007239813279078   0.0030262191515372162   
11.90954403640445   0.72681264879939016   0.0029591044396870288   
11.935462521793795   0.81443680821147367   0.0018475949035338967   
11.961381007183141   0.92849621145298526   0.00069533661630866546   
11.987299492572488   1.0291537823568128   0.0024955689588080547   
12.013217977961833   1.0820108367431637   0.0036550688822421565   
12.039136463351179   1.0818635993408109   0.0037069379922536163   
12.065054948740524   1.05227336165109   0.0029100631579476575   
12.090973434129872   1.0012886176796377   0.0018374688478269406   
12.116891919519217   0.91278614090533339   0.0017249049848800496   
12.142810404908563   0.85217983861072624   0.0013261208756669251   
12.168728890297908   0.87741255497588119   0.00067911396742038603   
12.194647375687255   0.95903373906556437   0.00056539060085276556   
12.220565861076601   1.0608092753552938   0.00030557510907435392   
12.246484346465946   1.1544132165341838   0.00091446645619525786   
12.272402831855292   1.193818497838961   0.0015976042253551699   
12.298321317244637   1.1552980970456964   0.0018961256535584812   
12.324239802633985   1.0781675637449882   0.0018108612193639609   
12.35015828802333   0.99243966825614573   0.00074094870677762006   
12.376076773412676   0.9155278820463851   0.0016769104124448783   
12.401995258802021   0.87056601184108222   0.00282051612685963   
12.427913744191368   0.86655892477638496   0.002964843023853525   
12.453832229580714   0.8911244382314695   0.002212152767715238   
12.479750714970059   0.92137911171873411   0.0010085911026032713   
12.505669200359405   0.93953506406256581   0.00043564514890709697   
12.531587685748752   0.94124868901263866   0.0011966967603755917   
12.557506171138098   0.92768321907310912   0.0019496252840288512   
12.583424656527443   0.88702568682652798   0.0020971148809408171   
12.609343141916789   0.79217856853500387   0.00086950899205454489   
12.635261627306136   0.66094392846912334   0.0016268363012138885   
12.661180112695481   0.56018063133664846   0.003268254602826324   
12.687098598084827   0.53134225210407821   0.0044446397901017646   
12.713017083474172   0.56997561149677488   0.0046681288040179056   
12.73893556886352   0.64840784975659964   0.0032584696884897388   
12.764854054252865   0.71289492586685278   0.0011528994992303343   
12.790772539642211   0.70971502410032406   0.0018621695888389729   
12.816691025031556   0.67729319217417426   0.0027433043893145255   
12.842609510420903   0.58579811258528221   0.0049449099166293959   
12.868527995810249   0.4161946966714794   0.0038736845838493962   
12.894446481199594   0.30850338968666083   0.0012102638808886182   
12.92036496658894   0.29380334278729618   0.00187828483596498   
12.946283451978285   0.33380168272328584   0.0026503802504405957   
