1   1.1899215014080031   0
2   1.1724669323076358   0.017454569100367245
3   1.1689164827756796   0.01068455361907083
4   1.1694107331550184   0.0075712698047867903
5   1.1682133524062714   0.0059856659221506519
6   1.1699109438645759   0.0051737105749844205
7   1.1728383263318454   0.0052620390172884974
8   1.174998811819125   0.0050432616931253684
9   1.1733929722235468   0.0047287525580568506
10   1.1749870196182403   0.0045199411169607832
1   1.5759473072017608   0
2   1.568860086791221   0.0070872204105398915
3   1.5395964087041472   0.029548362947881501
4   1.5284070578134707   0.023701359661516312
5   1.5271797467123956   0.018399971804911923
6   1.5217364302755405   0.015979226163348439
7   1.5076227022882579   0.019534071215590094
8   1.4996630087336726   0.018696033674946056
9   1.4765313266594981   0.028406697501448501
10   1.4645906658698752   0.028073684304769777
