0.50882954214656695   8.5522497783255899e-07  1.9248732280081901e-09     
1.0176590842931339   9.1712778371069206e-07  1.1664295346000423e-09     
1.5264886264397008   1.053946214337245e-06  8.870849632112872e-10     
2.0353181685862678   1.3255141844383997e-06  8.0285949597538332e-10     
2.544147710732835   1.8596204929236082e-06  2.5214188205586964e-09     
3.0529772528794017   2.9816926073147531e-06  1.8110763749319122e-09     
3.5618067950259684   5.7363224038719668e-06  4.8472212537957095e-09     
4.0706363371725356   1.467232513471067e-05  1.8788552707950116e-08     
4.5794658793191028   6.929273448019703e-05  1.5641283185074045e-07     
5.0882954214656699   99.994516338142465  9.0262669258953442e-06     
5.5971249636122362   0.00010345026213259424  2.3214461179753819e-07     
6.1059545057588034   3.3021039088731115e-05  4.1707601793832099e-08     
6.6147840479053706   1.9797766366741979e-05  1.6596830724099497e-08     
7.1236135900519368   1.6242132932521548e-05  9.8130483810539225e-09     
7.632443132198504   1.6737351044968732e-05  2.2692154275237373e-08     
8.1412726743450712   2.1198976440113883e-05  1.2915969275948347e-08     
8.6501022164916375   3.3822988787788307e-05  2.8691872799174976e-08     
9.1589317586382055   7.4271232668960873e-05  9.5749810953682627e-08     
9.6677613007847718   0.00030890174413048498  6.9925539157251856e-07     
10.17659084293134   99.978067225326906  3.6101350205005677e-05     
10.685420385077906   0.00037691098373435572  8.4321747139419998e-07     
11.194249927224472   0.00011100420319218927  1.3922777662290466e-07     
11.70307946937104   6.1994582831535248e-05  5.1760593954839973e-08     
12.211909011517607   4.7747495412664181e-05  2.8783684411990338e-08     
12.720738553664173   4.6496900199084974e-05  6.3030341557939979e-08     
13.229568095810741   5.5969933002185747e-05  3.4215232266542838e-08     
13.738397637957307   8.5296950703350941e-05  7.2634595405269064e-08     
14.247227180103874   0.00017970324675801058  2.3321106791021863e-07     
14.756056722250442   0.00071979333185470744  1.6338855961141921e-06     
15.264886264397008   99.950658278738716  8.1202170991166911e-05     
15.773715806543576   0.0008210425672379411  1.8310878894520159e-06     
16.282545348690142   0.00023489144784123228  2.9254092960409253e-07     
16.79137489083671   0.00012767606585275695  1.061611210682529e-07     
17.300204432983275   9.5861795534543586e-05  5.7677972707180108e-08     
17.809033975129843   9.1146441514093701e-05  1.2352939881786924e-07     
18.317863517276411   0.00010729138980791958  6.5825069548479138e-08     
18.826693059422976   0.00016014613674025433  1.3688801615674831e-07     
19.335522601569544   0.00033096259482570303  4.3231190343286948e-07     
19.844352143716112   0.0013020507144785657  2.9635169518127622e-06     
20.35318168586268   99.912298856735278  0.00014429546911748054     
20.862011228009244   0.0014356221599666342  3.1915064865705932e-06     
21.370840770155812   0.00040471220952684978  5.004662066088187e-07     
21.87967031230238   0.00021687872652427359  1.7957960997827569e-07     
22.388499854448945   0.00016060946393026977  9.6481088374016113e-08     
22.897329396595513   0.0001506982289762528  2.0417941677894684e-07     
23.406158938742081   0.00017516443252319912  1.0787926546157771e-07     
23.914988480888645   0.00025836340461287513  2.2166397527528622e-07     
24.423818023035214   0.00052804835853098907  6.941645345435233e-07     
24.932647565181782   0.0020557292433249326  4.6911382725739298e-06     
25.441477107328346   99.863002053421671  0.00022533344307911209     
25.950306649474914   0.0022203987914661002  4.9200377042234859e-06     
26.459136191621482   0.00062050044593895857  7.6183498426079397e-07     
26.967965733768047   0.00032964388151041272  2.7179555066738996e-07     
27.476795275914615   0.00024201915415211136  1.4520092674043346e-07     
27.985624818061183   0.00022516858937997041  3.0496711492500469e-07     
28.494454360207747   0.00025959439977310033  1.6052824718136312e-07     
29.003283902354315   0.00037994654114208174  3.2717365978514819e-07     
29.512113444500883   0.0007709644838850783  1.0198479766935489e-06     
30.020942986647452   0.0029808563808199202  6.8195090569219786e-06     
30.529772528794016   99.802784691062917  0.00032425433959424217     
31.038602070940584   0.0031750932683902737  7.0120678936192735e-06     
31.547431613087152   0.00088229453586694182  1.0754980644155836e-06     
32.05626115523372   0.00046601761193578204  3.8258656783262838e-07     
32.565090697380285   0.00034012372569463758  2.0386878750512673e-07     
33.073920239526849   0.00031457791217389754  4.2587578305797566e-07     
33.582749781673421   0.00036059087481219956  2.2393814856526112e-07     
34.091579323819985   0.00052489825635736952  4.5362772775408374e-07     
34.60040886596655   0.0010597197782806068  1.4104024549920619e-06     
35.109238408113121   0.0040774316580358588  9.3511554056674158e-06     
35.618067950259686   99.731667310338985  0.00044098350136391837     
36.12689749240625   0.0042993980523497248  9.4628138374517563e-06     
36.635727034552822   0.0011901371666924352  1.4403329747384099e-06     
37.144556576699387   0.00062605071647509117  5.1172826776190859e-07     
37.653386118845951   0.00045496022384388157  2.7253998304685895e-07     
38.162215660992523   0.00041895063677678441  5.6688520821600987e-07     
38.671045203139087   0.00047816767407082372  2.9828988285605093e-07     
39.179874745285652   0.00069322617173598512  6.0123642204487878e-07     
39.688704287432223   0.0013943278944285041  1.8668240733058243e-06     
40.197533829578788   0.0053454266131525717  1.228836648728953e-05     
40.706363371725359   99.649674158450571  0.00057543233570725897     
41.215192913871924   0.0055929771212014391  1.2267331684970432e-05     
41.724022456018488   0.0015440752096382738  1.8552513440210825e-06     
42.23285199816506   0.00080979865867951593  6.5899409168672097e-07     
42.741681540311625   0.00058656985635816187  3.5129436162150389e-07     
43.250511082458189   0.00053831523736866016  7.2797158693130786e-07     
43.759340624604761   0.00061234283259237947  3.8377823130377825e-07     
44.268170166751325   0.00088494280260147038  7.702096726130698e-07     
44.77699970889789   0.001774807301216738  2.390059747631762e-06     
45.285829251044461   0.006784784710871091  1.5633191556615639e-05     
45.794658793191026   99.556833175085399  0.00072749892800360934     
46.30348833533759   0.0070554658143073875  1.5420526279283692e-05     
46.812317877484162   0.0019441595829542694  2.3192063172135795e-06     
47.321147419630726   0.0010173215085823747  8.2415517793770126e-07     
47.829976961777291   0.00073499796698731976  4.4023673685545099e-07     
48.338806503923863   0.00067270420516382341  9.0910742284209711e-07     
48.847636046070427   0.00076313858637891654  4.8061095387526893e-07     
49.356465588216992   0.0011000655347099627  9.6075718660925955e-07     
49.865295130363563   0.0022011812415224841  2.981002408709525e-06     
50.374124672510128   0.0083954212428685494  1.9387437530822753e-05     
50.882954214656692   99.45317597625663  0.00089706834525595382     
