0.46400628289657042   96.263297804298601  0.015149994518633492     
0.92801256579314084   1.8828274741601121  0.0053691021245960134     
1.3920188486897112   9.8874160031848698  0.012846210165524249     
1.8560251315862817   2.2276250061159509  0.0070288820024546024     
2.3200314144828522   2.4050199586657012  0.0092775208434853609     
2.7840376973794223   2.1267373080250256  0.0045735823339555659     
3.2480439802759928   0.47453331730119437  0.0026345381651051153     
3.7120502631725634   1.7310487224052461  0.0085987999042511514     
4.1760565460691339   0.21106575469710569  0.0026979956903179548     
4.6400628289657044   1.2943431312799828  0.011115416674903041     
5.104069111862275   0.091913372563094885  0.0010973091290818118     
5.5680753947588446   0.7683314977900388  0.010615690746084265     
6.0320816776554151   0.19636353231226723  0.0022239529826915441     
6.4960879605519857   0.44569003409781506  0.0067621929156524842     
6.9600942434485562   0.40574056565229476  0.0074290221501995459     
7.4241005263451267   0.21060501310031746  0.0028050750661283428     
7.8881068092416973   0.78490692440500707  0.012965822975786684     
8.3521130921382678   0.58489030870621836  0.010883673677288491     
8.8161193750348374   1.2538770356510531  0.018808657550544515     
9.2801256579314089   1.5951521633643433  0.030908690921343651     
9.7441319408279785   1.2283436243645975  0.020840713733740575     
10.20813822372455   0.32796866035403531  0.0044262227624579356     
10.67214450662112   0.41258507196916979  0.0077577357535599967     
11.136150789517689   0.19636366032346288  0.004002879465436183     
11.600157072414261   0.22146319914060771  0.0038662207390105291     
12.06416335531083   0.26677137387467376  0.0050601092932978494     
12.528169638207402   0.14051392679701532  0.0012338483539509925     
12.992175921103971   0.31761821369516703  0.0070926133220414241     
13.456182204000543   0.12106805253236645  0.0038591055282051873     
13.920188486897112   0.37262463261637002  0.0045999960558984049     
14.384194769793684   0.23641270013832456  0.0016617328873228639     
14.848201052690253   0.44150647746284861  0.0062902466958666354     
15.312207335586823   0.33806806420588595  0.0025481792891606842     
15.776213618483395   0.44571721316954247  0.0064062011233083514     
16.240219901379966   0.67259809175097065  0.007951705169004109     
16.704226184276536   0.75779728995675983  0.014142570788258911     
17.168232467173105   1.6593861440027656  0.01903628228434377     
17.632238750069675   1.4047493095282501  0.013477407971022738     
18.096245032966248   5.3184569326120606  0.049270144505819345     
18.560251315862818   10.245500113945826  0.095835066337901164     
19.024257598759387   5.4281676572095651  0.039077193525400196     
19.488263881655957   0.41144788425109716  0.0028017334425464532     
19.952270164552527   0.96909208246540962  0.014762377050599153     
20.4162764474491   0.75650441277631116  0.0086754742695708118     
20.88028273034567   0.64706892135682905  0.0049656882903876922     
21.344289013242239   0.56001301754149639  0.0051560468677357522     
21.808295296138809   0.39160098844047988  0.00096825928264984589     
22.272301579035378   0.44125854733036919  0.0036220549178965079     
22.736307861931952   0.21515752141302912  0.00079141096141485092     
23.200314144828521   0.41525549668229971  0.0024532320841230635     
23.664320427725091   0.39031027998853347  0.00070877689412025067     
24.128326710621661   0.54034281187877988  0.0039075565315784788     
24.592332993518234   0.68453443617385243  0.002457290234104986     
25.056339276414803   0.70429537089347574  0.0034705103688623001     
25.520345559311373   0.68627553763878844  0.0033544128840469367     
25.984351842207943   0.67691227199193817  0.0061907758710748228     
26.448358125104512   0.93894744902946949  0.0073536461239009015     
26.912364408001086   1.070101279137769  0.011754499800600196     
27.376370690897655   0.68748928188362934  0.0067385267502014822     
27.840376973794225   0.28744234673855104  0.0021220571533629053     
28.304383256690794   0.43282454189307816  0.0048844815364163934     
28.768389539587368   0.37968349905187601  0.0019721875769737747     
29.232395822483937   0.46260477199072714  0.0015515472130779286     
29.696402105380507   0.60976290616046086  0.0024311572935817445     
30.160408388277077   0.59414682362481449  0.0021559081388192928     
30.624414671173646   0.89169873124450983  0.0074910379333926372     
31.088420954070219   1.0217148301560831  0.0087021598085896467     
31.552427236966789   0.66524778604568726  0.0036267005807737491     
32.016433519863362   0.4106597060777272  0.0013349218918487108     
32.480439802759932   0.52901520341691324  0.0022603319045954643     
32.944446085656502   0.5049082107973757  0.0017260928706242685     
33.408452368553071   0.54985164230213789  0.002963548043634319     
33.872458651449641   0.50752273020843077  0.0013286121263059071     
34.33646493434621   0.53264803058692629  0.0014418784404574834     
34.80047121724278   0.67413663113283184  0.0059567389017516243     
35.26447750013935   0.67264904133091731  0.0067334009400029705     
35.728483783035919   0.78677017890230764  0.0046741513835877985     
36.192490065932496   0.68170832697610404  0.0054797750324557796     
36.656496348829066   1.6831584261430854  0.013240913213855162     
37.120502631725635   3.1638744625692  0.030732759611912807     
37.584508914622205   2.2469416500829577  0.027398609454256736     
38.048515197518775   0.7989063727901602  0.0043177348303929218     
38.512521480415344   0.72599897186902984  0.0023431954136083649     
38.976527763311914   0.69046112393035901  0.0015551092307214947     
39.440534046208484   0.6781487166786849  0.0022893196106532355     
39.904540329105053   0.76290169382744991  0.0029449155592363572     
40.36854661200163   0.73683326432966454  0.0027469293046051939     
40.8325528948982   0.82318827051160882  0.0030456794540606614     
41.296559177794769   0.8780784782293218  0.0024473668618265325     
41.760565460691339   0.8366270616901578  0.0018097407892498132     
42.224571743587909   0.70153250676913472  0.0020058780888356346     
42.688578026484478   0.75921110533265995  0.00227787198998203     
43.152584309381048   0.86380154784871886  0.0038225727472576329     
43.616590592277618   0.88006042416635195  0.003092788986667207     
44.080596875174187   0.86462301702521154  0.0029149819347495359     
44.544603158070757   0.83546741070146041  0.0031198689261498555     
45.008609440967334   0.95076532963295435  0.0026251829040217336     
45.472615723863903   0.96910845981196685  0.002268267630290233     
45.936622006760473   1.1944024459740678  0.0056596204735599031     
46.400628289657043   1.6291440637488153  0.021840504245818596     
