-0.12601   0.0302931     0
-0.104184   0.0249834     0
-0.0195243   0.0294626     1
-0.00057039   0.0165429     1
0.0935263   0.0348153     2
0.0841685   0.0117992     2
0.186522   0.0404972     3
0.1868   0.0157453     3
0.276173   0.031705     4
0.296544   0.0241588     4
0.378886   0.026827     5
0.399102   0.0172396     5
0.4808   0.0168361     6
0.501647   0.0130208     6
-0.407497   0.0269466     7
-0.412142   0.00313705     7
-0.310414   0.0347348     8
-0.315483   0.0100509     8
-0.211935   0.0406172     9
-0.218841   0.0170038     9
-0.0725616   0.127449     10
-0.0520312   0.118508     10
0.0472885   0.130782     11
0.0341609   0.110583     11
0.141566   0.141856     12
0.135946   0.118187     12
0.227441   0.132811     13
0.248227   0.125822     13
0.329316   0.123891     14
0.350935   0.122615     14
0.432295   0.117512     15
0.454091   0.110843     15
0.544485   0.127005     16
0.536641   0.104211     16
-0.360419   0.134086     17
-0.368032   0.110148     17
-0.259302   0.138775     18
-0.269383   0.117988     18
-0.174434   0.130814     19
-0.153421   0.124088     19
-0.00625779   0.232252     20
-0.0122238   0.208678     20
0.0899723   0.239393     21
0.0841331   0.214608     21
0.197895   0.231556     22
0.176462   0.230403     22
0.279949   0.224983     23
0.301063   0.22029     23
0.384369   0.21676     24
0.406472   0.211829     24
0.50086   0.227595     25
0.491056   0.205032     25
0.594384   0.233906     26
0.588327   0.209941     26
-0.313611   0.237827     27
-0.314194   0.213793     27
-0.224134   0.230638     28
-0.202738   0.224628     28
-0.120695   0.224803     29
-0.0989733   0.219879     29
0.0399207   0.339168     30
0.0361933   0.314854     30
0.126977   0.328829     31
0.148337   0.326637     31
0.231457   0.325217     32
0.252259   0.318512     32
0.335762   0.316938     33
0.357014   0.309541     33
0.447578   0.327134     34
0.444645   0.302644     34
0.543899   0.334239     35
0.53832   0.310701     35
0.641852   0.340605     36
0.633959   0.317461     36
-0.271925   0.328003     37
-0.251552   0.324772     37
-0.169207   0.326468     38
-0.14784   0.318641     38
-0.0542602   0.331936     39
-0.0629815   0.309513     39
0.0785293   0.429435     40
0.0990629   0.422779     40
0.181975   0.424068     41
0.202445   0.418996     41
0.286157   0.419269     42
0.304987   0.407418     42
0.399838   0.42575     43
0.389952   0.404103     43
0.499108   0.432238     44
0.488451   0.410246     44
0.595852   0.438992     45
0.58376   0.418812     45
0.679916   0.431562     46
0.700624   0.425444     46
-0.196476   0.422321     47
-0.218288   0.421793     47
-0.102699   0.431367     48
-0.109791   0.408208     48
-0.0100369   0.439315     49
-0.0126472   0.41505     49
-0.378957   -0.477114     50
-0.358504   -0.483299     50
-0.27744   -0.483971     51
-0.256298   -0.488707     51
-0.161773   -0.474209     52
-0.168554   -0.498594     52
-0.0646907   -0.46605     53
-0.0719701   -0.489625     53
0.0326834   -0.459156     54
0.0223361   -0.480585     54
0.117767   -0.469682     55
0.139389   -0.471949     55
0.222167   -0.476716     56
0.242928   -0.48121     56
-0.666116   -0.467025     57
-0.672289   -0.490876     57
-0.572156   -0.460559     58
-0.575434   -0.485083     58
-0.483008   -0.471684     59
-0.461301   -0.474383     59
-0.32555   -0.384766     60
-0.304907   -0.391331     60
-0.210812   -0.374701     61
-0.218025   -0.397577     61
-0.114081   -0.366159     62
-0.120852   -0.389791     62
-0.0194258   -0.356764     63
-0.0217994   -0.381804     63
0.0692652   -0.370279     64
0.0907803   -0.372184     64
0.171467   -0.373835     65
0.190951   -0.384206     65
0.287615   -0.368713     66
0.275811   -0.389866     66
-0.614789   -0.362028     67
-0.626919   -0.382701     67
-0.530467   -0.372027     68
-0.509683   -0.375285     68
-0.428447   -0.378955     69
-0.405938   -0.379863     69
-0.25883   -0.275065     70
-0.266643   -0.298544     70
-0.161056   -0.268944     71
-0.169548   -0.290881     71
-0.0649033   -0.257233     72
-0.0732031   -0.280993     72
0.0206234   -0.268804     73
0.0416294   -0.27593     73
0.124966   -0.274691     74
0.145652   -0.279551     74
0.238826   -0.269414     75
0.232043   -0.292763     75
0.338251   -0.261976     76
0.326115   -0.282956     76
-0.577445   -0.270108     77
-0.556066   -0.276845     77
-0.472988   -0.275642     78
-0.453898   -0.28517     78
-0.371217   -0.282945     79
-0.349964   -0.287714     79
-0.212527   -0.166206     80
-0.215957   -0.190648     80
-0.113019   -0.161781     81
-0.124816   -0.181954     81
-0.0260929   -0.16656     82
-0.00636757   -0.175058     82
0.0769352   -0.177054     83
0.0979164   -0.181559     83
0.18474   -0.165729     84
0.189334   -0.190476     84
0.285102   -0.159963     85
0.282118   -0.184805     85
0.373635   -0.169173     86
0.395181   -0.173095     86
-0.501395   -0.179376     87
-0.522227   -0.181255     87
-0.398697   -0.186492     88
-0.42021   -0.189227     88
-0.306882   -0.171126     89
-0.31175   -0.195841     89
-0.164804   -0.0596622     90
-0.169887   -0.0833706     90
-0.076225   -0.0702955     91
-0.0548703   -0.0710856     91
0.0273897   -0.0762348     92
0.0496217   -0.0776399     92
0.139135   -0.0648649     93
0.133836   -0.089595     93
0.240399   -0.0632233     94
0.227291   -0.0822853     94
0.346248   -0.0710387     95
0.324368   -0.0713958     95
0.429806   -0.0745786     96
0.450103   -0.0844191     96
-0.468856   -0.0810652     97
-0.449672   -0.0919227     97
-0.358226   -0.0727545     98
-0.364427   -0.0959348     98
-0.261724   -0.0647419     99
-0.265193   -0.089173     99
