0.4848420195558783   0.50140046880305928  0.00092073106710514294     
0.9696840391117566   0.50718684224043131  0.00045568615153218815     
1.454526058667635   0.52289372676762639  0.0010001764525645112     
1.9393680782235132   0.56030429066480159  0.0023881639063813751     
2.4242100977793917   0.64190786776175279  0.0041958848300232061     
2.9090521173352699   0.81812466814562841  0.0063363061636185226     
3.3938941368911482   1.2183391264979093  0.0093887486778580077     
3.8787361564470264   2.2788402253806233  0.013937581793589215     
4.3635781760029051   6.3006833574308142  0.025354022058907017     
4.8484201955587833   60.496310369167512  0.1770209788104642     
5.3332622151146616   58.942085551244092  0.1647903483088612     
5.8181042346705398   6.2391693526295839  0.018274166182725863     
6.3029462542264181   2.1872558798299902  0.009777323833585004     
6.7877882737822963   1.0653944736246712  0.0064640871919110951     
7.2726302933381746   0.60460923560384521  0.0037599987915876587     
7.7574723128940528   0.38535394202939042  0.0024902130486789047     
8.2423143324499311   0.27841239631565282  0.002010308043164153     
8.7271563520058102   0.24676006425978085  0.0024119063734231135     
9.2119983715616875   0.28528477554434948  0.0038473969452009442     
9.6968403911175667   0.69175935481691148  0.0080075643261524968     
10.181682410673444   28.71386420814378  0.063398349207675793     
10.666524430229323   1.3035330862370966  0.0193621778803239     
11.151366449785201   0.4062094194108452  0.010056328783412139     
11.63620846934108   0.25446366771064611  0.0073825624191549418     
12.121050488896957   0.20436137080041405  0.0056740889182286384     
12.605892508452836   0.17613162693326359  0.0045993637305548613     
13.090734528008714   0.17633582503471247  0.0032047670551514401     
13.575576547564593   0.1794007921478347  0.0027024586323266472     
14.06041856712047   0.20350453866158586  0.0036752047734222901     
14.545260586676349   0.24408957929940181  0.0070058944410326078     
15.030102606232226   1.2280911375507428  0.029545369254313412     
15.514944625788106   1.0850043548603521  0.015894765393581762     
15.999786645343985   0.32154085208418835  0.002469092210836869     
16.484628664899862   0.29600293487606652  0.0027602924596241425     
16.969470684455739   0.27884008466675772  0.0048856242272830727     
17.45431270401162   0.27629463219468466  0.0055133457375386681     
17.939154723567498   0.2941271418624107  0.0069669809910312128     
18.423996743123375   0.35542634912149798  0.0074339660995488047     
18.908838762679252   0.50200805994368619  0.010748981752286254     
19.393680782235133   0.86280105006046637  0.015511361413272085     
19.878522801791011   3.1914240631248258  0.039365249489979518     
20.363364821346888   20.070693120613463  0.13708333171301263     
20.848206840902765   0.78603313990427783  0.011001370603991223     
21.333048860458646   0.41847883217883949  0.0048794513970728426     
21.817890880014524   0.35032653569106905  0.0031172497613456664     
22.302732899570401   0.28451688524647375  0.0019472616574104478     
22.787574919126278   0.22279833538986227  0.0016132125835234884     
23.272416938682159   0.21554463601498479  0.0010870102829668823     
23.757258958238037   0.26017805487769986  0.0021179808597110135     
24.242100977793914   0.41386806449558308  0.0049587303885434786     
24.726942997349795   1.0988044191967908  0.01353156855327343     
25.211785016905672   37.812374383026044  0.30099173372403977     
25.69662703646155   4.0727771794884226  0.05832248158908652     
26.181469056017427   1.1912903866256548  0.0099377622030367645     
26.666311075573308   0.84580592969659474  0.0048337967005110184     
27.151153095129185   0.76835586420227631  0.0060450707970494105     
27.635995114685063   0.64909002433420062  0.006005769206374677     
28.12083713424094   0.58465460330982971  0.0068746891595153834     
28.605679153796821   0.63665596060062692  0.0080384626369344647     
29.090521173352698   0.87677681266020139  0.010736528212967962     
29.575363192908576   1.6773784648522278  0.02029852345248918     
30.060205212464453   9.3399095925545467  0.10265526071051032     
30.545047232020334   22.760604664819455  0.22528834967143586     
31.029889251576211   1.6559679516476647  0.01458978329748494     
31.514731271132089   0.79016063194638148  0.0041048937634660652     
31.99957329068797   0.68887796219240476  0.002770308022189875     
32.484415310243847   0.55728462945488788  0.0019200500512361035     
32.969257329799724   0.39254766851908585  0.002567626761074222     
33.454099349355602   0.35274632043291573  0.0020955973300366371     
33.938941368911479   0.4571396506174809  0.0023836636145208925     
34.423783388467356   0.47168837887458312  0.0023323684799088342     
34.908625408023241   0.51331361238881589  0.0027642202476227997     
35.393467427579118   11.603651617582762  0.090657522218373789     
35.878309447134995   0.95003135396967748  0.017824284050628508     
36.363151466690873   0.61771165623459668  0.0066578209050647744     
36.84799348624675   0.63927767084645459  0.0042936810623720875     
37.332835505802628   0.64559426389083586  0.0049471910440378053     
37.817677525358505   0.5603863053753915  0.0034449586714868372     
38.302519544914382   0.51725075300657755  0.004251127555707717     
38.787361564470267   0.61816770864126612  0.003044576485040144     
39.272203584026144   0.79119713710327121  0.002993422492032745     
39.757045603582021   0.7052222547134255  0.002831701068677372     
40.241887623137899   0.71226043578297542  0.0044174343510575338     
40.726729642693776   1.2989910411271619  0.025631267830429832     
41.211571662249654   1.033416709948748  0.0054897413306785343     
41.696413681805531   0.76423859047707788  0.0050141648767623708     
42.181255701361415   0.8016495183376228  0.0041217178454505849     
42.666097720917293   0.75518071857118731  0.0025476303844418609     
43.15093974047317   0.63300151128743322  0.0032181795898307786     
43.635781760029047   0.65138869730908124  0.0026058024381960977     
44.120623779584925   0.80493910276894474  0.0042950666900973198     
44.605465799140802   0.80276829307188714  0.0029727366875002833     
45.090307818696679   0.97056187260240101  0.0054780185186539196     
45.575149838252557   6.1570807402598891  0.059108656851273836     
46.059991857808441   1.1580721816574374  0.0079352127024937298     
46.544833877364319   1.2247876053710508  0.0059127408366772892     
47.029675896920196   0.87114697819868933  0.001640391516150329     
47.514517916476073   0.85017856283924429  0.0024809818319866103     
47.999359936031951   0.76638067679000638  0.0019534548741717977     
48.484201955587828   0.69441040535616385  0.0016226890759180786     
