0.4848420195558783   0.25306027804688895  0.00045853635505775441     
0.9696840391117566   0.26324301259213409  0.00032807223443576073     
1.454526058667635   0.28413298286245118  0.00078856853166337756     
1.9393680782235132   0.32372420534935773  0.0015653679136299051     
2.4242100977793917   0.39743857922523305  0.0025262658807169568     
2.9090521173352699   0.53972957812887945  0.0036017914841867113     
3.3938941368911482   0.84061352770639263  0.0049190882330092078     
3.8787361564470264   1.6021788112699456  0.0066735050693555736     
4.3635781760029051   4.4360812605897397  0.011652545224614288     
4.8484201955587833   42.516121908184501  0.11322758598639674     
5.3332622151146616   40.463708295694318  0.076573557444550213     
5.8181042346705398   4.3672966876825959  0.0051986120205490345     
6.3029462542264181   1.59359763341896  0.0036835176689395272     
6.7877882737822963   0.84177713289005029  0.0030544607468189969     
7.2726302933381746   0.54619526806696307  0.0026788512885140635     
7.7574723128940528   0.41676658093482973  0.00246616469570618     
8.2423143324499311   0.3746803011440353  0.0025968179071286701     
8.7271563520058102   0.41050589774441265  0.0030198096022574661     
9.2119983715616875   0.60521834573310668  0.0052759786747537547     
9.6968403911175667   1.7320845594377967  0.015322824838433407     
10.181682410673444   69.972656609949171  0.20748975608663529     
10.666524430229323   1.9217836965513234  0.019493531968018552     
11.151366449785201   0.48735853652060701  0.0087952641802376089     
11.63620846934108   0.27733104560006001  0.0053588461640316449     
12.121050488896957   0.21979037661476248  0.003159749701458476     
12.605892508452836   0.21437182978925092  0.0015458841832090704     
13.090734528008714   0.25030299183969711  0.0010511474545822555     
13.575576547564593   0.35932668415414527  0.0025594931878112082     
14.06041856712047   0.67887241233397719  0.0053163868053057276     
14.545260586676349   2.0108329985954755  0.015814052670746427     
15.030102606232226   31.470651938633628  0.25547707916080183     
15.514944625788106   18.089870626973363  0.062289832718328242     
15.999786645343985   2.0127547991161487  0.018543185467494811     
16.484628664899862   0.88963054147498273  0.0097951555292478853     
16.969470684455739   0.55771429113019493  0.0064847304050888886     
17.45431270401162   0.42863160250840393  0.0045377742154934557     
17.939154723567498   0.38989461463697327  0.0041102367516805652     
18.423996743123375   0.42283560719472511  0.0037539445488382183     
18.908838762679252   0.56787051823347346  0.0044766562886751109     
19.393680782235133   1.0353034690854291  0.0090406608519023731     
19.878522801791011   4.068774587798658  0.040809139494544702     
20.363364821346888   31.641547400108898  0.27455711242365184     
20.848206840902765   2.0402091377469261  0.019745386787431874     
21.333048860458646   0.43158285083224842  0.0082721247184233884     
21.817890880014524   0.19994051242240692  0.0052802531004606972     
22.302732899570401   0.11139337691143763  0.0037092070112397637     
22.787574919126278   0.083535830503249492  0.0025507186717365492     
23.272416938682159   0.088676751512456105  0.0019612902734463002     
23.757258958238037   0.13032804297638885  0.0018122527872561139     
24.242100977793914   0.26907053437936755  0.0034363689580117769     
24.726942997349795   0.78587694344836974  0.0086395038074276336     
25.211785016905672   25.768013875923971  0.20265112190293932     
25.69662703646155   3.7155351158039012  0.049140036729475021     
26.181469056017427   0.91283437354742157  0.010583923302590459     
26.666311075573308   0.53776528778705927  0.0049712477115266552     
27.151153095129185   0.39099774654679428  0.002908448692723763     
27.635995114685063   0.33147762117123637  0.0022708879914102813     
28.12083713424094   0.33683901383273397  0.0030549710443177676     
28.605679153796821   0.41391726720694678  0.0032236057407043232     
29.090521173352698   0.637144688227429  0.0048891023262052946     
29.575363192908576   1.3209458465242701  0.011724787502326923     
30.060205212464453   7.1108097762879763  0.074089603027197197     
30.545047232020334   18.052206892421201  0.1624499617126811     
31.029889251576211   1.4022812278426029  0.0070056804884525524     
31.514731271132089   0.58874092091227315  0.0032478966812474551     
31.99957329068797   0.35982397472363062  0.0028953737241211327     
32.484415310243847   0.21598844260066476  0.0025090591837516178     
32.969257329799724   0.15840123314897164  0.0017133447353633138     
33.454099349355602   0.15687077296497208  0.0017129061087319309     
33.938941368911479   0.20054127353517393  0.0016404650113003988     
34.423783388467356   0.33395581128895043  0.0025576796735022876     
34.908625408023241   0.73444418830505556  0.0054905251324596507     
35.393467427579118   23.724269682839633  0.19232615956605708     
35.878309447134995   1.9748498215761974  0.029938979513798196     
36.363151466690873   0.72851211437708483  0.011207948338247147     
36.84799348624675   0.48004094541094716  0.0045682644232542684     
37.332835505802628   0.3630087463287002  0.0029002688465096235     
37.817677525358505   0.304345599610444  0.0019801483118960795     
38.302519544914382   0.31302532880661063  0.0027970483546997717     
38.787361564470267   0.39999281757984779  0.0028764408781337545     
39.272203584026144   0.6460005305198149  0.0045669049884011724     
39.757045603582021   1.4173981631879369  0.011872378559936931     
40.241887623137899   10.063639414195148  0.10644715698572971     
40.726729642693776   12.185809004639508  0.15396321111787087     
41.211571662249654   2.4151794849983658  0.0094331108114564997     
41.696413681805531   0.78542829750831583  0.0036383305679909139     
42.181255701361415   0.5363596547105679  0.0020551561506662532     
42.666097720917293   0.36146989270559205  0.0020182493891690234     
43.15093974047317   0.28479927595407158  0.0014632279638112417     
43.635781760029047   0.28570961672340061  0.0019533818117072836     
44.120623779584925   0.35155487954730044  0.0026100777904390368     
44.605465799140802   0.53727137670177408  0.0045739705521249943     
45.090307818696679   1.3727918265343819  0.014248752895943469     
45.575149838252557   20.716643664539163  0.20259444126765444     
46.059991857808441   1.8534276361942617  0.010339870671841863     
46.544833877364319   1.6405703585584042  0.014014741789921935     
47.029675896920196   0.54362757845395532  0.0029747325413818344     
47.514517916476073   0.369801681902568  0.002696775330159695     
47.999359936031951   0.30852661540094072  0.0020602261836573207     
48.484201955587828   0.30632492879026342  0.0024410187121593075     
