0.42972788892272645   14.614535316268867  0.015620434880389076
0.85945577784545291   6.5657455699295083  0.012772185350251672
1.2891836667681793   0.64763997156477698  0.0047723210698319924
1.7189115556909058   0.038766501278052871  0.00041464528599248463
2.1486394446136323   0.014760550195236355  0.00049011003055823538
2.5783673335363586   0.14616713608777781  0.0025794077586761169
3.0080952224590853   0.40717569547642228  0.0060578674821022925
3.4378231113818116   0.19525889671225067  0.0035931222809445688
3.8675510003045379   0.097634559102676671  0.0013512870657253958
4.2972788892272646   0.64465972727307249  0.0063555310184406438
4.7270067781499909   0.22301753820419134  0.0051448847914139298
5.1567346670727172   0.36102802137421285  0.0042848233685949491
5.5864625559954435   1.6845574594809307  0.0077145346404298731
6.0161904449181707   0.68921016251123323  0.0060043032626791441
6.445918333840897   0.054023350078212355  0.00065354800406142294
6.8756462227636232   0.040655057795142941  0.0010145583193920612
7.3053741116863495   0.086119257035028271  0.0010952305081211487
7.7351020006090758   0.1253680276358404  0.0015702127025754573
8.1648298895318021   0.65214684008686181  0.0074468126509666731
8.5945577784545293   6.3561956466726812  0.049615210775171035
9.0242856673772547   9.4891861048802966  0.13715111294893727
9.4540135562999819   0.51356817113876282  0.0057450774027368311
9.883741445222709   0.60491678699598329  0.0073746226818940494
10.313469334145434   0.25495305920253773  0.0034417346625003672
10.743197223068162   0.17054758418052635  0.0027944511323471896
11.172925111990887   0.10618540010470028  0.00086977063101492699
11.602653000913614   0.13464200220058529  0.0025816729681082142
12.032380889836341   0.18266279293500321  0.0026290410305983593
12.462108778759067   0.16579333154109458  0.0025464677164380746
12.891836667681794   0.10553892727794767  0.00082617189273459159
13.321564556604519   0.081171422137829803  0.0015500776181675451
13.751292445527246   0.11597995501830781  0.0011803756612534439
14.181020334449974   0.2564478063005872  0.0034453402662683916
14.610748223372699   0.29644495785380735  0.0021558284737973158
15.040476112295426   0.38091381968152293  0.0016592804209718721
15.470204001218152   0.32029780606120639  0.0018018817104690188
15.899931890140879   0.84641477426617581  0.0087602095547074424
16.329659779063604   0.80272583308568539  0.0084416326381818318
16.759387667986331   0.71436200640751288  0.0037197952584217188
17.189115556909059   0.60428748436325307  0.0074722237641717472
17.618843445831786   0.55524522100024469  0.0059032950462689725
18.048571334754509   0.36070716856647338  0.0027616189727750754
18.478299223677237   0.43809973026297933  0.0034849265519304901
18.908027112599964   0.53405843942093798  0.0056153946760356069
19.337755001522691   0.37607228387889503  0.0029566106278447778
19.767482890445418   0.28148656238706258  0.0017050600459034938
20.197210779368142   0.29913206034427844  0.0022981787909943249
20.626938668290869   0.44935677968849234  0.0032120904603782419
21.056666557213596   0.65880766757488752  0.005571245870139071
21.486394446136323   0.7005951965955352  0.0036539221143115204
21.91612233505905   1.1257598097640501  0.016653955354529813
22.345850223981774   2.0980133495240982  0.034657345220623645
22.775578112904501   0.37275741619775624  0.001978533583255
23.205306001827228   0.69049916922735303  0.0053925339415687068
23.635033890749956   0.67618244834187459  0.0027892042528952801
24.064761779672683   0.7041803898276132  0.0052566145058164772
24.494489668595406   1.308046547163763  0.018957342733922802
24.924217557518134   1.3508779548882365  0.0080127436236151576
25.353945446440861   1.0502766047577012  0.0076594145371770261
25.783673335363588   0.962025398415947  0.012462933577139126
26.213401224286315   0.94198179477593497  0.010651123634404074
26.643129113209039   6.0978231651662523  0.080945438475923149
27.072857002131766   1.2404136260828228  0.013087375974948806
27.502584891054493   0.57693416722038021  0.005165781488383939
27.93231277997722   0.47173717980786383  0.0023520431280473962
28.362040668899947   0.57602234691307138  0.0065847689604474809
28.791768557822671   0.58706628687570995  0.0073069114201273438
29.221496446745398   0.70408632617555762  0.01828524163219517
29.651224335668125   1.1905686600974203  0.0060811967636622525
30.080952224590852   0.84218351580849513  0.0056209547795868086
30.51068011351358   0.69802232444862058  0.0023923901747374489
30.940408002436303   4.9288939055779163  0.15300704747563606
31.37013589135903   3.3920203246885464  0.1013039206233949
31.799863780281758   0.69639425024157525  0.0077139472606214187
32.229591669204481   0.50402613120884242  0.0030740809064462855
32.659319558127208   0.48669544902135797  0.0022132863424751602
33.089047447049936   0.38307170771772688  0.0013081766480721002
33.518775335972663   0.34215609539195461  0.0010004321453384385
33.94850322489539   0.39709292526526159  0.0010475244709178103
34.378231113818117   0.55453753226710475  0.0016687170396761889
34.807959002740844   0.7339263157394846  0.0041755819499946521
35.237686891663571   1.4689681193239438  0.011419299308664721
35.667414780586299   3.3013807846707674  0.052224631735346645
36.097142669509019   0.80909807062986615  0.003914658359337815
36.526870558431746   0.69950845235211574  0.0026483405271206621
36.956598447354473   1.1324340130956407  0.0081884062763753523
37.3863263362772   2.0037044581256065  0.010836959112969372
37.816054225199927   0.95765881815961071  0.012434699712805527
38.245782114122655   1.5136990068600254  0.021874550078418793
38.675510003045382   1.5392374114547039  0.0084996256551957028
39.105237891968109   0.96942758420524069  0.0060184641436305436
39.534965780890836   0.79479989990081386  0.0043435647696970927
39.964693669813563   2.3588233577620008  0.011482136769969121
40.394421558736283   1.1167763114221613  0.0040108935108060271
40.824149447659011   0.88762837320541168  0.0024770829573950943
41.253877336581738   1.0414119090827897  0.0048682273151313904
41.683605225504465   1.8138973875409403  0.023580041854838501
42.113333114427192   1.0216855349993209  0.0084888166038115034
42.543061003349919   0.82780938621484299  0.0059622038819867836
42.972788892272646   0.72670126394755309  0.0019810317096131278
