0.000338457899894594   0.00234461212498903   105.522814441082   0.302419091656445
0.050742403748241   0.00209061643061608   105.567698816683   0.307148389718667
0.100989812671197   0.00155417338440124   82.4392572205942   0.309402555119627
0.151021655894878   0.00228220921370569   81.6881406546849   0.314422262834107
0.201120668183495   0.00293516141581296   93.2711629595622   0.311230357307163
0.25122966376666   0.00267628646836158   83.347257447892   0.308049443883107
0.300627302239496   0.00213893682687446   82.034966160504   0.300863070616253
0.351023879143849   0.00120625960824374   98.4960551677348   0.301241893810318
0.401265723146816   0.0016140108468849   87.3327389382529   0.305873342965491
0.450849077545552   0.00173779915264253   82.1641603575838   0.301077890369037
0.500374112973267   0.00114666189799969   97.0612867203326   0.31068354034427
-0.44977115661673   0.0014888209077589   101.573309092887   0.314264021183661
-0.399755043885182   0.00223327172489353   89.6474668264662   0.309055933010438
-0.349314415710765   0.00175838991970283   82.1119324290626   0.310222193737649
-0.299169300919393   0.00180698236059948   85.7951820777583   0.308704923903219
-0.249688623424235   -0.000261064013989155   94.1905980801408   0.313518184472222
-0.198999181603881   0.000229308013221677   90.8501342002758   0.305782472417458
-0.149160968894611   0.00101783410769701   96.9044249483414   0.312191622119275
-0.0995554002369162   9.50667273305839e-05   90.5781253726051   0.302624237891809
-0.0491249414928733   0.0012635285833589   94.8700957204652   0.301081606904644
0.0258109301238732   0.0524950861430332   82.7319508450574   0.302437594880758
0.0761257382763849   0.0510242881879345   80.3413643997954   0.308275924232001
0.126006711603504   0.052313301762986   79.114273577562   0.313082681821689
0.176125940302657   0.0525195471907495   87.5485598986381   0.31478360144002
0.226434060433676   0.0529092690490904   84.8587542951587   0.313577666844339
0.276554682687762   0.0525052922596069   93.6966127069623   0.303141622699061
0.326523599603053   0.0516580963167686   83.8838134327159   0.305373483442406
0.376604549673913   0.051214340736715   81.5194299751122   0.30343913767216
0.426335648792275   0.0521716217062181   87.7929912153428   0.314662079998993
0.475987830340255   0.0520789340291231   97.7582414564145   0.305061764486132
0.525311435118559   0.0516102039712276   83.3775202228149   0.305733538562064
-0.424577171783231   0.051808656285209   83.9335787642716   0.303218156221311
-0.374350990059178   0.0516124363951597   97.8049712972927   0.304203624580508
-0.324336866585446   0.0526008432002752   95.3583465799423   0.304926498129477
-0.273953342840701   0.0509454049756051   87.9578809104966   0.305585195264018
-0.224089160511295   0.0501805833373969   88.4342295330808   0.301899347346965
-0.174601399771149   0.0505957760183738   92.5424343133302   0.304707475586809
-0.124345281909196   0.051215909232449   87.3679797873357   0.304486962431297
-0.0743903528977686   0.0506873486958767   69.9202262989205   0.314668928875491
-0.0237892999104765   0.0520895547037719   68.8926309906453   0.304161524570064
0.0510259681707524   0.101647750532165   91.5523833053716   0.304167728114275
0.100859244904633   0.101267541226132   93.339185187717   0.31192712517288
0.151453296937716   0.103170038323325   94.0834392244874   0.305800385495918
0.201272301045188   0.102034717652973   101.742375810387   0.304197233414635
0.25094468853328   0.10315360904662   110.308700034106   0.304512576581285
0.301346071934546   0.101854415374439   93.1747216949653   0.302499610600019
0.351350974186689   0.101482996045674   98.4603017771227   0.306554400180248
0.400751555442078   0.101954521348475   90.3128046061328   0.307570078493732
0.451060109245385   0.102839136961015   91.1124298501737   0.30371920426372
0.501366681398581   0.101967709001564   80.157835109189   0.301141361895028
-0.448807862252776   0.101390527205769   81.6868537094602   0.3104957776366
-0.399197113000932   0.101023013084474   86.6849635554666   0.305883092441565
-0.349258587701295   0.101467350346175   74.0176528657028   0.308889939640371
-0.298881254052901   0.101587631004124   98.0793741238101   0.31093129349741
-0.248728625574012   0.101124646785554   94.9486598266118   0.311794802647968
-0.19941130394059   0.101038572558279   87.7214370244453   0.304240326247873
-0.149470540637051   0.100778911945327   74.3041833335859   0.307760548918023
-0.0991367748613914   0.100608719202788   94.3332803018538   0.303697918867367
-0.049174330145549   0.100954070620422   75.8406612808196   0.307972850328957
0.00103315064506575   0.102410046432413   89.4381032015919   0.300907519688553
0.0758770791580566   0.151624932120998   85.7608323920302   0.314759965235176
0.125865112945543   0.151764795460082   80.6945883414898   0.303670328578799
0.175965037965696   0.153251794691681   102.218157165673   0.302275295505552
0.225845688648185   0.152171386663114   95.1620641347237   0.310501258882265
0.276076568041507   0.152364414041362   91.3303693537303   0.314839890535851
0.325773984296004   0.151506226774932   84.9107193699436   0.312246038884203
0.375782055328988   0.151492447145079   87.9504469606136   0.310266281109497
0.425431636322658   0.152124392981324   86.8138695365721   0.315871813854225
0.476457220246471   0.152470562324094   93.7872258894857   0.302751242097676
0.526638534633409   0.151953421832711   91.1543107152968   0.305900861043048
-0.423771517882354   0.151986344019959   84.5516904845521   0.308371286596005
-0.373868429452602   0.150877283511997   77.109461803362   0.3040226602291
-0.323670050203553   0.152348102863535   80.9371597748387   0.318552944556271
-0.274023513295684   0.15121603672239   86.5430262591133   0.303484557889978
-0.223574157859139   0.151216019450361   79.6407793022479   0.299985407717551
-0.173720246660818   0.15074282187515   84.461674541277   0.298580782448251
-0.123594250904732   0.150818710483937   104.175666110002   0.310333565304458
-0.0735512760038346   0.150330011435707   94.9100433995323   0.311578431748415
-0.023839927900285   0.152251362159602   80.6944807312829   0.303557097499452
0.0260610118779327   0.152560578283612   89.1072216077438   0.318878124302454
0.10138401583158   0.201781799974201   87.0524486480649   0.312778664657742
0.151126757093171   0.202634549106213   73.2901740940547   0.310334694821963
0.201198231880062   0.202110751606117   95.1546589644602   0.306795927771581
0.251100410579621   0.201909527845162   85.8929830969846   0.301181556840121
0.301630582038853   0.20260720102721   91.7155352289108   0.299263254602904
0.351865432404612   0.201760293416618   78.6971087616641   0.313404024426388
0.401358900169736   0.201510816290513   78.7658105352558   0.309162521305984
0.451384845210232   0.201553515550734   84.0467390980123   0.305968720560945
0.501686765010649   0.202067085163231   87.0492394454602   0.303210709771258
0.550990727979858   0.201986926959559   90.2580855826049   0.309018258291051
-0.398332390950928   0.201091282397818   96.7976889589075   0.304886040775198
-0.348584922097819   0.201202932619032   89.4116486637616   0.306788352233611
-0.298816677152046   0.202247838808447   90.9596894861612   0.307360252043009
-0.248803386953596   0.200944104330516   89.7016735126259   0.303991213431438
-0.199055967265208   0.200863786959778   105.668535156181   0.306023581252273
-0.1484139963936   0.201442549857809   71.9797216489559   0.299612574856948
-0.0988759617886707   0.200314725451259   86.0256768795234   0.305923817447692
-0.0491885341697848   0.201205295906043   76.5699921900252   0.306676819497427
0.000448683339156394   0.202632067178379   93.6991872732533   0.308377387410699
0.0511963197596335   0.201409230674133   94.4888954412621   0.307854045939826
0.126276100899481   0.25225068391215   98.2571628233788   0.300863580804284
0.176257229282024   0.252599806358296   104.070152447738   0.302013340509906
0.225915442683961   0.251751919011305   95.2215300971009   0.310362751735432
0.276432509865557   0.252133733481102   94.0687298398166   0.317141868459808
0.326624073365568   0.252196453002813   91.7746648376395   0.304662215463729
0.376773200036557   0.252420143550597   104.74393341445   0.303665684214743
0.426519565144552   0.251580662052201   89.9756013717043   0.315128810920222
0.476682726964325   0.251801544281291   87.8455072167486   0.308292940447366
0.52642378587968   0.253029269407186   96.7862170832419   0.309918629816695
0.576023422590679   0.251164268271259   100.234436215931   0.313046246419752
0.625827061390646   0.251280309185613   94.6076051098363   0.314126987510464
-0.324149652764945   0.252670099035366   84.5183359215407   0.304814135689159
-0.274311331279264   0.252401935124823   90.4140643963052   0.298026299593476
-0.224160786178005   0.251834154852366   86.836775425016   0.305894812364456
-0.174142247760184   0.250971905145298   92.1163314976938   0.304288501745845
-0.124009014259985   0.251173772516674   98.301783044359   0.308570939760973
-0.0745329699278107   0.250002903959352   93.4772970406426   0.307015732415028
-0.0248034571118695   0.251610288318552   74.9710986870152   0.312114627641104
0.0252101558681764   0.250984224103021   95.6257322906008   0.303945643809135
0.0760014565731535   0.250555842834696   97.4986656661022   0.301498263151944
0.151230185524497   0.302415123163512   74.2408529156323   0.303507661611634
0.200825651506242   0.301840141976818   93.2860229083572   0.310685093691086
0.250986267421004   0.301322776541585   83.3229398980073   0.306689073133721
0.301560873860305   0.30189499982549   87.2679545946821   0.301189592995159
0.350672760059406   0.302076512234855   91.5433563169631   0.309170183151424
0.400486432719961   0.301364352403019   96.2553401780695   0.311411260444935
0.450573681529621   0.302077984443949   86.2978209941377   0.304401115061582
0.500693644647973   0.302487046098378   81.6833657139898   0.304216192999205
0.550613827229161   0.301957812025348   113.544577628482   0.30057210897286
0.600304543831321   0.30171320168541   98.2366805521193   0.303792698753431
0.65075202001883   0.301925687344887   90.5431226119101   0.306469258190686
-0.298615066240653   0.302828971661651   77.839684995952   0.305866103806202
-0.249164931167556   0.301704620978842   87.1352966953811   0.311091289089001
-0.199432665074765   0.301228740994041   101.843285961322   0.307046871232456
-0.149595540647558   0.30156170463038   94.8646026427172   0.314137466564773
-0.0994542360009141   0.300713676277383   94.7765404247886   0.300979854230617
-0.0494675452703371   0.300717804662114   91.6532108916657   0.302344541210574
0.000558352660496295   0.301170544856419   101.333823076521   0.307830651620153
0.0507009271749469   0.300455684413849   91.5034184500405   0.306642250002954
0.100612799489824   0.301194935375022   71.8319255457728   0.310034681187145
0.175744378430045   0.352538334799588   92.1421156003343   0.310647492392171
0.225772546823761   0.351170043549296   95.7334015249825   0.311704605064042
0.276042772984007   0.350739256988155   72.3179046396676   0.304602720798781
0.325923102098906   0.352426680365453   81.1956610517251   0.311789050892967
0.375953042360008   0.351947820163253   87.7401007064653   0.304063224802155
0.426034533913863   0.351807651395459   79.1515487063618   0.302636008492898
0.476305999994722   0.352263924083935   82.2823703556359   0.310100339369382
0.525748133642481   0.352507463161042   98.3235750264832   0.29989901089666
0.575991661486279   0.351517559498667   68.6185938240957   0.316988640501367
0.626086166805847   0.351404679874834   94.6605374803198   0.30307298069508
0.676044240384716   0.352061523839984   94.2183761765369   0.30462365863395
-0.273787452686498   0.352190627400919   103.223647623914   0.298309489052719
-0.225058720471676   0.351798278677866   86.4825801098849   0.305060395580487
-0.174840782817484   0.351149945362512   81.1875973075726   0.307854756584448
-0.124181414099236   0.351306824517577   86.0282595744682   0.312131831615633
-0.0739560698046984   0.350978916740994   81.8270303226136   0.308711761860262
-0.0239398326001484   0.350817796120085   72.4883838969212   0.302967367282329
0.0258590326145002   0.350814189962703   91.4501473541921   0.310331030604599
0.0756554788227371   0.3508599300505   99.8815489443802   0.312188818911659
0.12518622949194   0.351527109086528   94.6638767790067   0.304229211568182
0.200644904450703   0.401587667525158   85.5333823286809   0.308799606584616
0.250993068251076   0.400622579946283   83.746624105711   0.303285892526781
0.301221228071032   0.401180684500884   77.0698193506965   0.303143958585011
0.351288601383951   0.402198444876885   85.886226025087   0.310891244371129
0.401061450120814   0.401590856702297   89.6634917209317   0.311399169519237
0.451339504919243   0.402047627979386   87.9834920829207   0.292404499035168
0.500731502647279   0.402940313020258   88.9792184146125   0.309130947298705
0.551232963338536   0.401510208232001   93.2556244181701   0.299623883037235
0.601009602286455   0.401881007299108   92.5254541758522   0.306943608681647
0.65124863308537   0.402275934495546   82.9703460956169   0.299835736827532
0.700639815920517   0.401969672619342   104.409989440799   0.315153727736848
-0.249074816078733   0.402989136185463   89.6752038932502   0.307172269857627
-0.198982733541395   0.401406893730721   85.7996568747914   0.308180916260914
-0.148616862807553   0.401285602731826   84.1606252684815   0.309937180551883
-0.0987352910971229   0.400585109509928   89.6565355426064   0.298502394930925
-0.0484463688055938   0.400600327155754   98.0348096092983   0.304183369906575
0.00154772415842145   0.401492512226095   96.4076887893916   0.310717606478384
0.0510023631699317   0.40128799454451   85.9140084135411   0.313959597206649
0.10053740903935   0.40125087417766   77.7195022544492   0.308169085751174
0.150326669288091   0.401984775745272   77.5009311600284   0.306593809648865
0.226348726625082   0.451253582319196   92.2366335213527   0.306224817310419
0.27659470870206   0.451200875775702   81.504515548598   0.303966225492019
0.326210360278302   0.451559335003668   82.1015870561781   0.309190799486868
0.376605947117625   0.451434383936798   90.8182123922319   0.300261466893502
0.426816657269301   0.452077420967408   86.1000604866182   0.303225296440184
0.476431321048847   0.451863001827915   99.5463797163491   0.306147728196548
0.527056303215244   0.452586299971664   97.0543035548974   0.305090676668258
0.576760713813843   0.451709650159164   85.3670250915306   0.312393679770379
0.626528052925533   0.451982651463817   85.1150115941397   0.306522604559593
0.677012721311151   0.453116049018734   85.150637689873   0.303592930294105
-0.273625493813794   0.451842291797047   70.8906016474876   0.309233588772639
-0.223140064453706   0.451781051813585   85.9857212071635   0.307018998589256
-0.173788891607628   0.451086214896622   99.2542624660507   0.308992940223476
-0.123806074350096   0.451342697798402   91.6879491924145   0.303207682791814
-0.0738647732748994   0.450750153359991   87.9194468344914   0.298287443851416
-0.0241431128648752   0.450928202879607   77.4059895331008   0.301429133793054
0.0261921920814825   0.451646382169012   82.4527961782134   0.303933607429499
0.0763411679288069   0.4511609300389   90.082320554629   0.303451376285541
0.126054858101919   0.45166781497075   87.7574075925773   0.310157360501398
0.175930691795575   0.451264489355809   83.3175188682822   0.321134104139097
-0.250129784291329   -0.498834194365889   98.9053249973185   0.301309365654277
-0.199470227918217   -0.498451943375269   80.3955716992886   0.306335471049673
-0.149744381211256   -0.498118599292662   84.8064207092054   0.305151971931667
-0.099689134642636   -0.498920023948838   83.3538105542683   0.308957179874892
-0.04959798989913   -0.497788822047574   97.5774178687988   0.310642086819199
0.000325296776679619   -0.497810447952951   94.3742469976875   0.31013054731695
0.0504381457672942   -0.497952408794376   92.8491370557727   0.315393858791018
0.100202791367283   -0.497936808597997   93.6286716688265   0.299727540134674
0.149962621697187   -0.497480141023345   87.7738136558137   0.305688133375811
0.200343702979559   -0.498094843973376   103.745230867243   0.303903295123097
-0.749446691416278   -0.498141671068507   87.6261114351241   0.320887589021949
-0.699360959275536   -0.497746403044021   97.7995543626114   0.309340719269131
-0.64960768371461   -0.499803105791063   82.0376665728503   0.30763899815588
-0.599955809754441   -0.498866164245761   88.8536751767399   0.302526170839982
-0.549722609122107   -0.499313176529083   91.5767433197734   0.30168658173739
-0.4999256969985   -0.49881567106556   86.5965878404732   0.307707565840929
-0.44992972399625   -0.498390710210987   94.9715673373807   0.31662441373715
-0.399947767970664   -0.498331262664592   91.0297356260325   0.309776202486797
-0.349847191849944   -0.498281565116785   91.574677801302   0.315469616988483
-0.29986578544683   -0.498238903990378   80.638756439358   0.305840816500395
-0.224504204318369   -0.449101821882204   95.2243230864366   0.320935961830781
-0.174639690217489   -0.447724449485241   103.205412427791   0.306010788124334
-0.124017474554046   -0.448458735750991   104.497188340898   0.309233644656768
-0.0741944359417826   -0.447573632985632   86.2131833522624   0.317373751795237
-0.0245360258008341   -0.44762805839188   86.2218897322692   0.316767041266798
0.0259340834258056   -0.44784963723431   88.4531308119554   0.306274123378673
0.0756713219890596   -0.447592325992126   78.5574416031454   0.312382480164091
0.125400915174788   -0.448395343995956   82.9227934498671   0.295768128677343
0.175736203475226   -0.447997219116004   102.211150687901   0.300930858473865
0.225552849374178   -0.448728172641522   72.3373281038015   0.30948211515645
-0.723922033409712   -0.447931929772047   92.5151068875903   0.302160382753188
-0.674073002403621   -0.449113856833547   87.4599246628295   0.310153355837493
-0.624654716867812   -0.449625095516648   87.1746331347503   0.301343086260464
-0.574400627543997   -0.44897746971912   82.5705360010024   0.29852973774452
-0.525095678838804   -0.448527455424129   90.9559232965825   0.303754512046556
-0.475026198186145   -0.448544717698392   69.8230515622423   0.299166153747125
-0.424565808094031   -0.448981818582204   77.2920138854988   0.3120395629835
-0.37481664088734   -0.447332142125046   92.5556827568118   0.312861598635343
-0.324805869958802   -0.448660646342469   88.1268244016163   0.306561279010755
-0.274402870406037   -0.448085045437831   103.88305896868   0.303991101823066
-0.199656482326817   -0.398572862236782   81.2018655649153   0.300029576825381
-0.149784983240242   -0.398194744697717   96.1048252544894   0.303448909081849
-0.100163658197233   -0.39835152371141   86.3831001126938   0.305073865091248
-0.0500214451192843   -0.396914569369118   86.88125869366   0.303908253172519
0.000232753139274969   -0.398518167186149   93.2069283312444   0.301101757930169
0.0507182330015161   -0.397248359584592   93.9766599257271   0.294861689069206
0.100717203619045   -0.398055278103838   113.046843963976   0.30367469391495
0.151192264311571   -0.397530998445556   87.909787286002   0.307068770628926
0.200807047023863   -0.399171290797032   95.1542794236686   0.306725099651687
0.25056143766355   -0.397915648977125   105.44242159045   0.303757075060271
-0.6993386257761   -0.398517438249736   101.561243327306   0.316856978017504
-0.64934253079253   -0.398733491912366   96.2473948276088   0.305062485119212
-0.599320376216159   -0.399078275218559   90.2929470670229   0.297751147652592
-0.549350021944174   -0.398382339569007   72.0194479944188   0.300435188137925
-0.499211824265532   -0.398879036856173   87.3613950061342   0.317881736146248
-0.449273766669553   -0.398764011748757   83.4726308459863   0.2992612114288
-0.399335600225132   -0.398111032388061   75.1656834717763   0.297739599441107
-0.349332355633139   -0.398150784687103   84.2325709370674   0.311988442574774
-0.29930502660645   -0.398392679405333   86.5168786465137   0.305753013529946
-0.249510196698301   -0.398591134890782   86.5525290631283   0.300351805945797
-0.17413655946226   -0.348276259493297   97.5520601829107   0.302671933473385
-0.123886511630621   -0.348378154104788   84.3698421800287   0.305028722418366
-0.0740049661602704   -0.348321769321026   68.4200456093854   0.309058605613855
-0.0237591400685874   -0.347511954703631   91.3104429641731   0.302312024595182
0.0262131124971878   -0.34808608078791   73.8777194121524   0.306315633561359
0.0759189298498381   -0.347411022352383   85.2468730165803   0.304744349098796
0.12567153412937   -0.348410531664832   85.7897703132137   0.310883025932874
0.176205144993783   -0.347467910470741   97.8303418735654   0.307355328083873
0.225781586158169   -0.348336978411568   74.9225063543787   0.31165618155477
0.275893940963833   -0.348200862576562   76.7522321882395   0.31024736372092
-0.673761011550801   -0.348114762561132   94.0921227978216   0.310310358669463
-0.624190605121374   -0.348700237041181   84.9612581776747   0.311930051909577
-0.57416325488671   -0.349448376617136   86.312056075412   0.319859604368086
-0.524304105050805   -0.349158792041597   102.997989257828   0.315083171565028
-0.473736645145293   -0.348471186365115   88.3783341055642   0.306312721685482
-0.424464505442893   -0.348612360194808   103.725094213401   0.300108391403585
-0.374193479806421   -0.348090708333613   105.23187622791   0.306337076489483
-0.323502735680772   -0.348219206209928   95.1744772695548   0.304080482400731
-0.273863298425987   -0.348752726657307   98.6350710040212   0.312103479275943
-0.224105382368912   -0.348825496961492   96.9511493651575   0.30493777239286
-0.148575395151596   -0.299251051111135   100.018586414306   0.312466507784093
-0.0977151283925743   -0.299134807140972   97.4773907668524   0.296499442819644
-0.0478010783999569   -0.297628209472879   90.7968918530601   0.306479713890531
0.00178755226892866   -0.298549832846215   103.709090341907   0.309061624252431
0.0511944842569939   -0.296860803901607   87.6034961898158   0.305658228218398
0.101170067823918   -0.2981794446449   87.6625383818652   0.306091735031439
0.151081376379909   -0.297890734749966   91.5724984736463   0.307318535104567
0.201291599281679   -0.298077420422088   93.4398910906999   0.303115184543153
0.250873336889932   -0.298012437640454   81.2682414037055   0.308489746548156
0.300686187607781   -0.297744453411007   95.3998419027505   0.302750591262953
-0.64832516164135   -0.29836392916713   73.9838453660612   0.309780094020648
-0.599748973202028   -0.298784362823711   92.1583370257472   0.310964028678136
-0.549601748440613   -0.298801652800613   90.0400564830707   0.302382995700359
-0.499626775874717   -0.299110848998117   78.9145422930695   0.31475023775588
-0.449503789268688   -0.298021411230127   77.6505823286223   0.30101640841872
-0.399690262264209   -0.298061490173095   76.9400531363647   0.304901297351432
-0.349599481424236   -0.298901827858071   94.1610693615453   0.30665612978304
-0.298387022207079   -0.29802586924974   82.4497830914745   0.304680382717031
-0.248704317642235   -0.298362259844299   85.7257067791222   0.306487870006601
-0.199521314672033   -0.297893495354544   86.4310380363884   0.299101402264931
-0.123673418261952   -0.24894833888266   91.0090004654661   0.310278556946331
-0.0734281559476054   -0.248728190934447   90.177283547214   0.298264418728981
-0.02380580442349   -0.24765677670454   109.929397931829   0.299026953067365
0.0258522400514093   -0.247686599026411   90.9870794877419   0.309080325462179
0.0761766331325102   -0.247176151019171   99.5045636579656   0.307796421280543
0.125707086677572   -0.247883001562069   99.243938693952   0.302882230501123
0.175602837525046   -0.24762808544152   108.241345877112   0.304562157790239
0.226134613864484   -0.248242031515007   72.5995267642059   0.304341885867466
0.276175083912683   -0.247117824298657   84.8734351105724   0.300435579390007
0.326640605056793   -0.248882828726073   91.2425595361244   0.308458482493168
-0.623689928476218   -0.247494126109396   82.3076591706869   0.302805121127877
-0.573909283009671   -0.249352321537744   71.5949563111708   0.30819527606905
-0.524225481405981   -0.248836793982453   93.6158493048223   0.300699403539795
-0.474395633762481   -0.248669473247325   92.720246375478   0.307547761322656
-0.424729434905102   -0.247903491590947   102.530794359745   0.30430767456513
-0.374565884779604   -0.248508735508528   87.7213978640266   0.305988877620535
-0.324609350958279   -0.249445093534855   102.147540505443   0.303646906078207
-0.273693593023867   -0.247677706104651   87.9711578878087   0.310341944835349
-0.223886175756175   -0.248749818508806   93.31375712815   0.304337593130711
-0.173680498872966   -0.248943364249405   99.3992862840304   0.299358186344592
-0.0983680837551119   -0.199344727557869   79.8266480364835   0.310648191996313
-0.0481323302972429   -0.197762668841918   72.4779811826137   0.2925919561064
0.00137408103189711   -0.197163648015382   77.1079434574312   0.30216196856574
0.0511644810826327   -0.19731162594509   84.8976544654844   0.309657394522002
0.101057058586732   -0.197648040496237   86.1443328049358   0.304773245233369
0.150909365456377   -0.197497303249928   85.0566978658068   0.310577635350704
0.200637717223786   -0.199038395494361   86.5751897685185   0.310062126658557
0.250249820534884   -0.197849363893932   104.417460670241   0.306506160109525
0.30066104703144   -0.197798256628506   99.9241696855764   0.314035767139377
0.350764136016307   -0.198347932489839   95.790491718708   0.309826647256926
-0.598696308504061   -0.198230342264575   114.289714042181   0.308931190985868
-0.549569660214743   -0.198062640348875   93.2592076008095   0.308799409835364
-0.499898453822102   -0.198828560470774   91.6208329587743   0.313055390341918
-0.449676590734492   -0.198091759061876   81.3215335844855   0.308515884492451
-0.399760592869855   -0.19916380841284   85.3176868388775   0.307186511142978
-0.34920994037724   -0.198791940466006   104.707575135394   0.306110345405245
-0.299477320475377   -0.198646073281861   89.9266675921843   0.302801943942363
-0.248450005521649   -0.197952527911031   101.267204011814   0.310565950324026
-0.198829834319448   -0.199066238173737   88.5629263255933   0.305811683033503
-0.148549842254622   -0.199070505733561   77.6741111697332   0.305635666250134
-0.0732558727124396   -0.14889060418314   86.5084272771129   0.299157086266703
-0.0232295531217522   -0.147767125205585   87.7402255914796   0.299439619581583
0.0265775752745177   -0.147105631308722   83.8306579813938   0.31032629481996
0.0766119862341995   -0.147665551656252   74.3439398741622   0.305982053905105
0.126132357022239   -0.148053108275091   96.2636133154814   0.307473046641822
0.175942693008225   -0.147614712138896   88.904897997666   0.308311635647679
0.224933974887251   -0.148084016412976   82.7198606787606   0.30469394221458
0.275350911317112   -0.147608125008401   78.0511700910356   0.309201205679693
0.325577090018416   -0.148168361870865   76.204104177084   0.301704940454439
0.375449486631097   -0.148596683533219   84.5413897665283   0.304316992384264
-0.574284263401824   -0.148420212245226   88.2345051010104   0.29808704363376
-0.524143907664616   -0.148290784402336   75.0065517812501   0.310735484425333
-0.474634170289609   -0.148311075047832   78.2110942982708   0.316378921641944
-0.424288772197208   -0.148551176411561   91.3436567614117   0.308134393168173
-0.374514468508605   -0.148766886110244   82.8908498960061   0.30926607128051
-0.325072902435443   -0.14894544095086   85.6393750851695   0.303201516715784
-0.274449527694691   -0.149104224168752   100.884778445839   0.308438065913434
-0.223629709724395   -0.149006838450216   100.659734119698   0.289629469630671
-0.173447803216958   -0.149824795714313   107.80904259707   0.307927759041081
-0.122929265180104   -0.149160411965113   85.3071302960434   0.305359788290598
-0.0487786869952337   -0.0988833067164458   83.9914338287155   0.30665632326302
0.00117515874845538   -0.0971186692041598   86.3243521355689   0.309557073073116
0.0512931393283643   -0.0976439563635373   95.3093878525278   0.29880671926767
0.101681856832698   -0.0973162260177641   80.2303084835637   0.306708610945129
0.151198115738953   -0.0983089625770442   81.9065487098937   0.305375696010114
0.200660698342913   -0.0977847012697701   95.3396463578184   0.301677525744112
0.25054043926715   -0.097619721316685   88.619387311308   0.308848565560492
0.30077516366334   -0.0979808062903739   83.2207141402329   0.315056463533031
0.350852686457975   -0.0982734933528543   91.5693424239534   0.312238392933649
0.401412710473698   -0.0987013787769525   85.31537711098   0.300677222664422
-0.548559383493245   -0.0987665735334812   91.5045350371212   0.311907476143538
-0.498486530095403   -0.0974576510332763   85.2803120184759   0.305143886637298
-0.448433091262837   -0.0985005500351561   91.4717151583379   0.307731442731414
-0.39910217310089   -0.0987336643096594   90.4687667047883   0.301777040996721
-0.349478431290333   -0.0983342854507994   93.108120350266   0.308294637476154
-0.299628435417226   -0.0993239595307477   87.8916360663855   0.308535207715356
-0.249308683157705   -0.0994416439555575   86.5639947809228   0.307683025640662
-0.1989630358304   -0.0996695021033417   94.4194564589903   0.301837271598617
-0.148759726609117   -0.0997991664381861   87.6849297840804   0.313993245513475
-0.0989380378760673   -0.0991244472734028   79.7274115508814   0.303861859424295
-0.0237167967279604   -0.0481020256894197   69.5539290398011   0.306616927422923
0.026795592864464   -0.0472859054494751   86.4294318063189   0.313150981049849
0.076212020729307   -0.0483869738644153   97.9431166790616   0.30450773090099
0.126708027491959   -0.0478805104932707   91.5002436290426   0.304648242948471
0.176740543829617   -0.046805978847342   89.8522608256715   0.31490894330242
0.226494072400118   -0.047828606005463   81.0782825131399   0.309735173087295
0.276057337086072   -0.0478386340710008   104.874153682891   0.303184678542407
0.326118482220387   -0.0480807063168275   109.935373527566   0.310472268322034
0.376407592146922   -0.0487926795366516   90.4065182337817   0.308401916165249
0.426092083905183   -0.0485936035154434   92.9221516387686   0.309696424605984
-0.523878936796458   -0.0481631485164584   85.862498035484   0.318220254542479
-0.473696771351557   -0.0476409097400791   104.406521143285   0.308177604339042
-0.42308665859383   -0.0481891874490697   101.092955422485   0.306073081083915
-0.374022098067024   -0.0479411328835271   97.2038632433261   0.301514301435733
-0.323879397027524   -0.0485848324935998   93.2370342252449   0.311312229512245
-0.273992868775827   -0.0492056610858282   108.380027328772   0.301227631155866
-0.223855531291792   -0.0495475731421472   102.973146167465   0.303084918557486
-0.173676997820649   -0.0494063151179618   85.3080111057368   0.314446396683152
-0.123745073557062   -0.0498661064477329   101.898564636125   0.308518334982941
-0.0739723213971899   -0.0493851465586831   85.8493581283647   0.31101194643816
