0.21486394446136323   42.690988641626438  0.033367495617667314
0.42972788892272645   20.834204267035657  0.014834628451005723
0.64459183338408965   3.2903751673450531  0.0031027888233884575
0.85945577784545291   0.018475254480649981  0.00024683415918439083
1.0743197223068162   0.0071717738412756707  0.00010219213730763855
1.2891836667681793   0.099868981529596937  0.0002550888820378956
1.5040476112295427   0.15743329149087218  0.00057907166027572261
1.7189115556909058   0.031514285344484513  0.00025814464850158219
1.933775500152269   0.030146840052019491  0.00039662688016502018
2.1486394446136323   0.010516743894004762  0.00016883518517225352
2.3635033890749955   0.0119362639659848  0.00026251062524204437
2.5783673335363586   0.14078777232066658  0.0029326263792460787
2.7932312779977218   0.54621087740584651  0.012653294943776988
3.0080952224590853   0.047717922451057251  0.0008212516437218085
3.2229591669204485   0.0091001349869652271  0.00014384465960097431
3.4378231113818116   0.0112244366311421  0.00010543250708660938
3.6526870558431748   0.094537571055362096  0.00037707525348603356
3.8675510003045379   0.053864436369059203  0.00056130539207234386
4.0824149447659011   0.026649928752046267  0.00038934745178142542
4.2972788892272646   0.0088680162412004116  5.5325101119623796e-05
4.5121428336886273   0.005701061783396744  3.4019492224851378e-05
4.7270067781499909   0.016127870472556605  6.7536012931829912e-05
4.9418707226113545   0.05654866336717168  0.00083727063907188873
5.1567346670727172   0.11766361876010571  0.0015806311216869817
5.3715986115340808   0.13017916016479113  0.0014537717939288594
5.5864625559954435   0.019852279413306651  0.00010021372169204117
5.8013265004568071   0.048552460994336941  0.0002387285691963951
6.0161904449181707   0.056660627575059983  0.00046584545437551053
6.2310543893795334   0.13501009820973092  0.0011634465167581771
6.445918333840897   0.039784249289632772  0.00024536033831046101
6.6607822783022597   0.014431504910760733  0.00015193120592619397
6.8756462227636232   0.017244445462864402  9.839709076354001e-05
7.0905101672249868   0.028236227095411918  0.00022240980755495271
7.3053741116863495   0.032535162622460319  0.00029754927624242909
7.5202380561477131   0.021205179403730676  0.00017690323708587567
7.7351020006090758   0.013356357425365323  0.00015053107556994422
7.9499659450704394   0.022265480489999792  0.00015087917761813437
8.1648298895318021   1.7396404866447224  0.01320097374596112
8.3796938339931657   2.4126117429026332  0.021594517594919255
8.5945577784545293   1.4929755585165423  0.01079109806596849
8.8094217229158929   0.059172672831874894  0.00064225088151587249
9.0242856673772547   0.044304875133587464  0.0004040135586719408
9.2391496118386183   0.14768493613754928  0.0024819977381158165
9.4540135562999819   0.96220062716974928  0.0052037516436410837
9.6688775007613454   0.91135530813755682  0.008608124810151466
9.883741445222709   0.10195963923563381  0.001197433393933115
10.098605389684071   0.94770114521409692  0.0096689604895258821
10.313469334145434   1.5203468591446296  0.0029211902658998164
10.528333278606798   0.67706824396970324  0.0037481661270328076
10.743197223068162   0.080870369160081677  0.00068699717117515259
10.958061167529525   0.081501822383351981  0.00068855687616329532
11.172925111990887   0.075202177137874568  0.00065034810180736889
11.387789056452251   0.16621703788076213  0.0013495947456124787
11.602653000913614   0.14209217153100464  0.00079723904225009292
11.817516945374978   0.071199839569429287  0.00060488583079614868
12.032380889836341   0.062781202969824154  0.00036475734708880057
12.247244834297703   0.046456704097412505  0.00036885785314950312
12.462108778759067   0.18770101660471115  0.0016064440177845801
12.67697272322043   0.076987629436965921  0.0011495683828753246
12.891836667681794   0.16552956727841498  0.0018270139696114503
13.106700612143158   0.38214824593241324  0.0013989905213576042
13.321564556604519   0.031702293831358654  0.00017039168870985924
13.536428501065883   0.030892644605472262  0.00011686772068093849
13.751292445527246   0.55480925513436002  0.0023006466766264553
13.96615638998861   0.074963393654556862  0.0007072946531724479
14.181020334449974   0.048409027917098677  0.00028920577934887726
14.395884278911335   0.027232317163785482  9.9013477421057793e-05
14.610748223372699   0.028491451393250814  0.00010132480227093133
14.825612167834063   0.044012481687717563  0.00017955668589879319
15.040476112295426   0.063963869084659591  0.00032897280831294739
15.25534005675679   0.062228658683908897  0.00027675216559071638
15.470204001218152   0.05688803564557787  0.00032054001126590093
15.685067945679515   0.073014040089913183  0.00044703438369087262
15.899931890140879   0.10248276321715888  0.00052408259759953053
16.114795834602241   0.31636786809128502  0.0047263289089047548
16.329659779063604   0.75119192413584254  0.006711826382447477
16.544523723524968   0.49543988124507998  0.0053740729994458935
16.759387667986331   0.22072376138038043  0.0013065303849934217
16.974251612447695   0.17949357282545629  0.001948304971121149
17.189115556909059   0.1469718366742954  0.0024798679662433676
17.403979501370422   0.11681304376086847  0.0011736080824342062
17.618843445831786   0.060611175341919675  0.00030981677140437944
17.833707390293149   0.043460957069864163  0.00017520670818452491
18.048571334754509   0.043539750950865631  0.00017843974739179967
18.263435279215873   0.083581251299389452  0.00039865880817121268
18.478299223677237   0.074707159117798345  0.00046372904638216768
18.6931631681386   0.060251684958180653  0.00027595658977344701
18.908027112599964   0.043677565154799292  0.00020196258092764923
19.122891057061327   0.12534656659569002  0.0013364480624865057
19.337755001522691   0.29199475502966292  0.0039500074720673835
19.552618945984054   0.15296017456274431  0.0015766104173537989
19.767482890445418   0.16003872476044928  0.0009709710301254174
19.982346834906782   0.47917612369824367  0.007037201090591544
20.197210779368142   1.1549346520214614  0.0064647063684678205
20.412074723829505   0.86351917352432926  0.010751156764684245
20.626938668290869   0.29219577506884182  0.0044417628537487252
20.841802612752232   0.38820033712891954  0.0045234724096498348
21.056666557213596   0.36092118936238117  0.0028107728048851208
21.27153050167496   1.1427296960873037  0.0091627992572518965
21.486394446136323   4.2217431954111735  0.057193830755076236
21.701258390597687   5.5693483116302345  0.055787015398805818
21.91612233505905   12.726207750627079  0.11590788080515233
22.130986279520414   1.6792824530564095  0.017749158425924851
22.345850223981774   0.29207970703217921  0.0032286463399396137
22.560714168443138   0.25126487757658096  0.0027502109357552693
22.775578112904501   0.12920227881805851  0.0011827025786633029
22.990442057365865   0.15536027208085031  0.0010117569486548637
23.205306001827228   0.077475694003878773  0.00026674852049781377
23.420169946288592   0.049265446066943921  8.4446899393907166e-05
23.635033890749956   0.056565536912222184  0.00017803631331940793
23.849897835211319   0.088215090666607208  0.00043267890767319329
24.064761779672683   0.11145253988652809  0.0008745734721772846
24.279625724134046   0.10863715295460862  0.00050790755151585061
24.494489668595406   0.11045792133001215  0.00048007539310758965
24.70935361305677   0.20435742663840114  0.0024745030980529648
24.924217557518134   0.30569066225769309  0.0045858093878974332
25.139081501979497   0.30373383273250095  0.0024876713119935932
25.353945446440861   0.2209214161451882  0.0014819976498481591
25.568809390902224   0.24505425656532144  0.0019296265911586745
25.783673335363588   0.34831932808538411  0.004209551488274764
25.998537279824951   0.38912118927440935  0.0027521630517292148
26.213401224286315   0.17570942321578728  0.00085750499060810937
26.428265168747679   0.17881436990661233  0.00037244677868551641
26.643129113209039   0.18989644229607564  0.0012276112913782207
26.857993057670402   0.20372298417534433  0.00060926687403503302
27.072857002131766   0.25932675094117412  0.0011341852229602472
27.287720946593129   0.25884158251566496  0.0021079495676932056
27.502584891054493   1.1200702068782625  0.0056036402196693737
27.717448835515857   0.20597229942556945  0.0012606564521841561
27.93231277997722   0.17151771469925711  0.00055246305737382011
28.147176724438584   0.19152723066911554  0.0009487990552369285
28.362040668899947   0.15631922979123087  0.00051987467356148139
28.576904613361307   0.13727894772518755  0.00059712320153882165
28.791768557822671   0.12307643266025901  0.00070074619892412655
29.006632502284035   0.10664974250385081  0.00034744206217106704
29.221496446745398   0.11391003225221985  0.00040175230524444554
29.436360391206762   0.17284322268062806  0.0011135955752439454
29.651224335668125   0.34125910991787257  0.0028238973437894876
29.866088280129489   2.0954156097078195  0.01842108335975542
30.080952224590852   29.872378426058766  0.37004992277204231
30.295816169052216   56.608362596262771  0.61501238566306291
30.51068011351358   2.5968861112457955  0.048351869456126643
30.72554405797494   0.76440097109028293  0.015471344686652617
30.940408002436303   0.41127321336480458  0.006566575909917619
31.155271946897667   0.25832078787446547  0.0024692680937467412
31.37013589135903   0.24964695241162788  0.0017867020495607382
31.584999835820394   0.20191305376202731  0.0010586059284495303
31.799863780281758   0.2175779285807344  0.0010427036818753291
32.014727724743118   0.19618076097782096  0.00085031507425907554
32.229591669204481   0.18936211932036537  0.0011937137256450645
32.444455613665845   0.19280721825867848  0.0011003162788804546
32.659319558127208   0.21355322876806687  0.0014100675515056524
32.874183502588572   0.27240334151811391  0.00085528314789718628
33.089047447049936   0.2473118510587711  0.0014089121799739343
33.303911391511299   0.21436332614242033  0.0011299088936906882
33.518775335972663   0.18572716704395309  0.00096829975253599414
33.733639280434026   0.17269867332949587  0.000823842496397582
33.94850322489539   0.16600109677317993  0.00062537219754021095
34.163367169356754   0.24600544889787457  0.0018293135209034404
34.378231113818117   0.61127899486466414  0.0071894992020359247
34.593095058279481   0.6208840281639493  0.0051164521146630932
34.807959002740844   0.18554669912559401  0.0013241056684782895
35.022822947202208   0.20916878335236421  0.00089179270882694587
35.237686891663571   0.24379180208111023  0.00097098545123127658
35.452550836124935   0.27442428163625108  0.0011167016999401226
35.667414780586299   0.29301884046098165  0.0017793236404001041
35.882278725047662   0.32420556383439738  0.001516444258634455
36.097142669509019   0.32692896602828321  0.0015016481724136979
36.312006613970382   0.32526512146026718  0.0016121267159111982
36.526870558431746   0.3018214162433736  0.0015152388579689582
36.741734502893109   0.27509043843542526  0.0012367765899522516
36.956598447354473   0.24521770870376819  0.00074915504903019792
37.171462391815837   0.25597609025574677  0.00096675297383383463
37.3863263362772   0.29935722689073742  0.0014035323848603363
37.601190280738564   0.36042190088064523  0.002697542825250851
37.816054225199927   0.44522513678020723  0.0027241730630618291
38.030918169661291   0.55793566106432811  0.0036079240736653809
38.245782114122655   1.01903439457155  0.010515983093775679
38.460646058584018   2.7572963020369077  0.052612395049092999
38.675510003045382   2.1259423304464813  0.048430991025852808
38.890373947506745   1.0326197332607402  0.022958699002121834
39.105237891968109   0.41580148689604081  0.0035928169658807498
39.320101836429473   0.26350558423886711  0.001085679516900355
39.534965780890836   0.24133376359379771  0.00098902629221830538
39.7498297253522   0.25408069124835249  0.0014853164237686299
39.964693669813563   0.28711914468369634  0.0015213430147556435
40.179557614274927   0.30871845836604065  0.0016239630859285566
40.394421558736283   0.32609768180594664  0.0017311410739908883
40.609285503197647   0.37576367663673851  0.0014806655357053484
40.824149447659011   0.45755079716317265  0.0023061652581024684
41.039013392120374   0.50296824744672912  0.0017624597095079594
41.253877336581738   0.54431565184123276  0.0021347823183408552
41.468741281043101   0.60468193234873058  0.0017534450659323744
41.683605225504465   0.67947807641615948  0.0042396460497182206
41.898469169965828   0.71424917846432616  0.0020632389755128693
42.113333114427192   0.69481381233614811  0.0042247816171745241
42.328197058888556   0.68320981931219333  0.0044529511257650143
42.543061003349919   0.65068102133994179  0.0034886802408189131
42.757924947811283   0.64284365300501997  0.0042509858187315433
42.972788892272646   0.8734238485247652  0.0061577042537052844
