0.21486394446136323   21.517148907797512  0.018737639177028337
0.42972788892272645   10.648536274768407  0.013287462239121178
0.64459183338408965   1.7621918265594806  0.0097741071620783132
0.85945577784545291   0.035714837667591927  0.00065014670047922864
1.0743197223068162   0.0086429265412323996  0.00021405275528498494
1.2891836667681793   0.069419221540143088  0.00050639994574224462
1.5040476112295427   0.13304685110301039  0.0013085213479184426
1.7189115556909058   0.056533207878276859  0.00062222243088744522
1.933775500152269   0.033775889517698589  0.00044590830228196641
2.1486394446136323   0.01297944089884315  0.00029219225263312107
2.3635033890749955   0.028404452840955764  7.453109002164437e-05
2.5783673335363586   0.17844463859041743  0.003508313756550534
2.7932312779977218   0.30353436174894547  0.0071622333866700752
3.0080952224590853   0.049920845517788458  0.00088986844909766983
3.2229591669204485   0.015049652728999852  0.00022518710439832041
3.4378231113818116   0.020574451329778235  0.00038588339716055394
3.6526870558431748   0.076497413689686301  0.00066650078627766374
3.8675510003045379   0.056467216279097701  0.00046691126419769852
4.0824149447659011   0.040540673102152623  0.00036238532848316276
4.2972788892272646   0.012541738640837523  0.00018355000334973989
4.5121428336886273   0.010192625136081772  0.0001004443928316493
4.7270067781499909   0.029103429254182014  0.00051363923537931732
4.9418707226113545   0.12763866654027553  0.00085014455488185931
5.1567346670727172   0.17255287063528879  0.0018505562342049343
5.3715986115340808   0.13050995615292256  0.0012623816479094875
5.5864625559954435   0.013441523968956752  0.00021992778343420775
5.8013265004568071   0.037984522933568993  0.0003869907736352657
6.0161904449181707   0.053337618974449837  0.0006028290785201168
6.2310543893795334   0.072025708539373566  0.00038283832087639136
6.445918333840897   0.028283311468133688  0.0001860463996988126
6.6607822783022597   0.014483125929436843  0.00029790992940952664
6.8756462227636232   0.031235298112295038  0.00039339916682726884
7.0905101672249868   0.046204668506076198  0.0002968003935314936
7.3053741116863495   0.095108046889992709  0.00074657312304732235
7.5202380561477131   0.13175387091089619  0.0011734355559501904
7.7351020006090758   0.031410208563584594  0.0003810169223715564
7.9499659450704394   0.083002773663935446  0.0015582757980576966
8.1648298895318021   6.4846452684746099  0.037486614345149318
8.3796938339931657   4.9547671472987824  0.059712107293362342
8.5945577784545293   1.9754666152777399  0.014630066909904772
8.8094217229158929   0.075266701021544094  0.0010438441815715285
9.0242856673772547   0.0562591125927196  0.00090622632781577306
9.2391496118386183   0.16715267335612163  0.0019747509834952849
9.4540135562999819   0.61649014710452117  0.0046726025152375278
9.6688775007613454   0.42529103633817247  0.0049258063768694511
9.883741445222709   0.032933986968120843  0.00058108172947624631
10.098605389684071   0.37675103276895076  0.0055255860799564106
10.313469334145434   0.55607133993600369  0.007509609459368221
10.528333278606798   0.1953975322353602  0.0023139108463342978
10.743197223068162   0.064214068575715569  0.0013615940018766592
10.958061167529525   0.061124534143405856  0.0018881847371018302
11.172925111990887   0.034438294597537342  0.00050568422329714101
11.387789056452251   0.10112509212778549  0.00090680624082077835
11.602653000913614   0.073051607437692946  0.00069860721461845594
11.817516945374978   0.054557100888651597  0.00048647840113392858
12.032380889836341   0.042661111427175125  0.00045598208619570009
12.247244834297703   0.048437912609155085  0.00059731594873713501
12.462108778759067   0.13926194264218401  0.0016733156103088751
12.67697272322043   0.10600641282006947  0.0015979505833714687
12.891836667681794   0.11915015423038048  0.00095902101151389182
13.106700612143158   0.38992062474232339  0.0029704811647968114
13.321564556604519   0.077680353976938586  0.00058913162129338534
13.536428501065883   0.094675511676947809  0.00092588233356762779
13.751292445527246   3.0593739765841684  0.0092541693216000018
13.96615638998861   0.20546224027282229  0.0021054456199650338
14.181020334449974   0.15639581498421426  0.0011753178583168839
14.395884278911335   0.035261428795922751  0.00024848461353446876
14.610748223372699   0.031732180410882983  0.0002351851544507622
14.825612167834063   0.039629937119960071  0.00037528052129186244
15.040476112295426   0.048666789784284694  0.00036122512892331038
15.25534005675679   0.041472617873881291  0.00029542121846521653
15.470204001218152   0.030611764551631849  0.00030984273600557437
15.685067945679515   0.048299494577827067  0.00055244355538001782
15.899931890140879   0.069854921219615687  0.00049403773988707406
16.114795834602241   0.176682300131506  0.0021592344606450877
16.329659779063604   0.62984966724719628  0.0097885679826798281
16.544523723524968   0.46103448940041636  0.0049465071041434022
16.759387667986331   0.16241233201019491  0.0012318664393695001
16.974251612447695   0.16095931741654182  0.0017189415097006528
17.189115556909059   0.46452877545181664  0.0056186380485072438
17.403979501370422   0.20760250221581708  0.0019233354505418721
17.618843445831786   0.0791766621184016  0.0004037011662574072
17.833707390293149   0.070263874530918075  0.00068229532024284255
18.048571334754509   0.074467379602730099  0.00046813880573415957
18.263435279215873   0.078929916826075514  0.00055247798417394222
18.478299223677237   0.067430572743040075  0.00060490702914343446
18.6931631681386   0.05153115826782098  0.00045483588186539014
18.908027112599964   0.043210411615852257  0.00043895415806344249
19.122891057061327   0.085049247010964037  0.00075413951789696402
19.337755001522691   0.46340364975187709  0.0058241532501691066
19.552618945984054   0.13707948349142245  0.0016045123429246153
19.767482890445418   0.062486898031168427  0.00089725731644781364
19.982346834906782   0.22549884311897068  0.0052432005386756103
20.197210779368142   0.48500860092610851  0.0046528894453283645
20.412074723829505   0.34712442895524785  0.0058402466216954114
20.626938668290869   0.11877900547500714  0.0017550213807575843
20.841802612752232   0.16273739457725268  0.0019957582760512356
21.056666557213596   0.19727442847559044  0.0018192309078961705
21.27153050167496   0.62733223978460594  0.0052083671916477088
21.486394446136323   2.1425249687883847  0.031618182724121379
21.701258390597687   2.9274542605364038  0.030417284326899472
21.91612233505905   6.8409624425507128  0.073746779107761706
22.130986279520414   1.0210700103529363  0.011532411940293056
22.345850223981774   0.20320062524015251  0.0027069233431879372
22.560714168443138   0.16131475996230918  0.0012867997179200847
22.775578112904501   0.088129810670316613  0.0009329477705507081
22.990442057365865   0.10434839063340165  0.00094334447092807124
23.205306001827228   0.052770693523671117  0.00031323914514076741
23.420169946288592   0.041521452226923401  0.00024227590673371115
23.635033890749956   0.04520414018187435  0.0003241234041845218
23.849897835211319   0.064459739783619184  0.00043682839222725447
24.064761779672683   0.078234817855656583  0.00060964278259083754
24.279625724134046   0.08153852255470094  0.00040184680376283359
24.494489668595406   0.09606907520891023  0.00047226431580264524
24.70935361305677   0.14786678071204775  0.0015694237773736096
24.924217557518134   0.20629114586829681  0.0029794534058008372
25.139081501979497   0.19057990708618511  0.0018722334620806435
25.353945446440861   0.1605121560955086  0.001347753616029252
25.568809390902224   0.19821379918488509  0.0023625098501575039
25.783673335363588   0.33781170768103783  0.0036327960538512807
25.998537279824951   0.39219997708080984  0.0041115015539848377
26.213401224286315   0.12978981328992425  0.00078805946305196005
26.428265168747679   0.11012677166323485  0.00050105133831408675
26.643129113209039   0.10010638970767606  0.00055195954026418712
26.857993057670402   0.10438874706646413  0.00080087998530322626
27.072857002131766   0.14311125852014108  0.0010583946210236996
27.287720946593129   0.11684772352647307  0.0010892881290740529
27.502584891054493   0.72075441161518166  0.0041229719150225782
27.717448835515857   0.071779720413872208  0.00043651311135732899
27.93231277997722   0.06206646371297653  0.00040991442102043928
28.147176724438584   0.07298456470796605  0.00054512997461751348
28.362040668899947   0.068379682546845554  0.00058166396353045627
28.576904613361307   0.071733512701985895  0.00053511551018391824
28.791768557822671   0.09817553197884652  0.0010956241978603593
29.006632502284035   0.15141429293830866  0.0018717406809661964
29.221496446745398   0.22619234457287069  0.0035746698971579407
29.436360391206762   0.46210250826561293  0.0088466887571291969
29.651224335668125   0.90941455262478356  0.012309671485652641
29.866088280129489   5.8846760011629189  0.06108136656668004
30.080952224590852   64.018792280215916  0.80096656620528102
30.295816169052216   94.255210962703137  0.93421299846645322
30.51068011351358   2.8006986319567614  0.062038114410574096
30.72554405797494   0.70204996667174886  0.015396258541895876
30.940408002436303   0.2856407803029746  0.003606172323313396
31.155271946897667   0.11936673943311013  0.0013799448430785777
31.37013589135903   0.11197321106032889  0.00081613329809890568
31.584999835820394   0.078988232777216633  0.00042550282319289752
31.799863780281758   0.090030330371877997  0.00066003652551193081
32.014727724743118   0.084177052064846515  0.00053707743821448165
32.229591669204481   0.061916843086039437  0.00034651094246246788
32.444455613665845   0.062327258288172587  0.00035604905607147518
32.659319558127208   0.10673480374628721  0.0007821993665941749
32.874183502588572   0.19098839873377689  0.0015270083574587535
33.089047447049936   0.25165410768308433  0.0022569127534133112
33.303911391511299   0.14669332001000615  0.00071508114895351042
33.518775335972663   0.13899284158823434  0.00066659030416774173
33.733639280434026   0.15510483550371274  0.00091771119275733387
33.94850322489539   0.17273874851573714  0.00057986271615305635
34.163367169356754   0.22465246668187079  0.0018162496516019247
34.378231113818117   0.38439844267080516  0.0042651430856276596
34.593095058279481   0.43701864498874853  0.0053905637804255412
34.807959002740844   0.2227253501925607  0.0017732918041390705
35.022822947202208   0.25275063274327966  0.0025516267255786567
35.237686891663571   0.23736948661517248  0.0018090046650581209
35.452550836124935   0.2105295591748406  0.0008533345555554646
35.667414780586299   0.17580118039118932  0.0008240191839034951
35.882278725047662   0.29714968297576768  0.0030186744710545392
36.097142669509019   0.18359276570405011  0.00094054088644610261
36.312006613970382   0.1319988162895682  0.00059989896937010846
36.526870558431746   0.098445640360103033  0.00038142600011139234
36.741734502893109   0.087031297151981982  0.00031961847899822248
36.956598447354473   0.080994860297313495  0.00021058449823168279
37.171462391815837   0.094217723671063049  0.00039923095127550019
37.3863263362772   0.1253218950213749  0.00065538188834588405
37.601190280738564   0.1889813896588127  0.001682761355422722
37.816054225199927   0.27252243749905049  0.0028250890396273711
38.030918169661291   0.37983619339563022  0.0036259353887927092
38.245782114122655   0.92814300507675448  0.012026077502114439
38.460646058584018   4.1098612142941909  0.092293636666915801
38.675510003045382   7.1277103626120928  0.17793025811811755
38.890373947506745   5.1819560349579818  0.14976513672375312
39.105237891968109   1.5326486534138119  0.031860942418133002
39.320101836429473   0.70186860662269637  0.0067693976425224228
39.534965780890836   0.45321104756829224  0.0047597700237392256
39.7498297253522   0.41272666460314454  0.006656173487620856
39.964693669813563   0.40814445697833316  0.0054092075648625162
40.179557614274927   0.27395921675610141  0.0027469715724910178
40.394421558736283   0.15088977463111068  0.0015296318815563521
40.609285503197647   0.15094821218885444  0.0013806670902632167
40.824149447659011   0.17003450339617456  0.0014719588843725541
41.039013392120374   0.11327942380036786  0.00047902271285354366
41.253877336581738   0.093741822623904124  0.00034590449139759632
41.468741281043101   0.12320057916966449  0.00060071769969507774
41.683605225504465   0.17037495255347728  0.0010460864851827938
41.898469169965828   0.21067491994823647  0.0011216974567334718
42.113333114427192   0.21118608737544821  0.00092094702778691866
42.328197058888556   0.21593964184572798  0.0012559956989925881
42.543061003349919   0.23284622873358261  0.00089387604206266895
42.757924947811283   0.29433983348713733  0.0019371983046979172
42.972788892272646   0.49692118851091752  0.0052309743409307888
