-0.00114566   0.00800412     0
0.00182258   -0.00331489     0
0.0492308   0.00783737     1
0.052254   -0.00365614     1
0.101736   0.00751132     2
0.100243   -0.00440297     2
0.151855   0.00832495     3
0.150188   -0.00376053     3
0.200795   0.00897021     4
0.201446   -0.00309988     4
0.251884   0.00861911     5
0.250575   -0.00326654     5
0.301392   0.0079261     6
0.299863   -0.00364822     6
0.350208   0.00699294     7
0.35184   -0.00458042     7
0.401527   0.00754842     8
0.401005   -0.0043204     8
0.451602   0.0075309     9
0.450096   -0.00405531     9
0.499674   0.00713517     10
-0.498926   -0.00484184     10
-0.450927   0.00746854     11
-0.448615   -0.0044909     11
-0.39972   0.00823582     12
-0.39979   -0.00376927     12
-0.348534   0.00772669     13
-0.350095   -0.00420991     13
-0.298754   0.00778669     14
-0.299584   -0.00417272     14
-0.250109   0.00581198     15
-0.249269   -0.00633411     15
-0.199082   0.00616774     16
-0.198916   -0.00570912     16
-0.149849   0.00703742     17
-0.148473   -0.00500176     17
-0.0996114   0.00597251     18
-0.0994994   -0.00578237     18
-0.0495937   0.00709019     19
-0.0486562   -0.00456314     19
0.0265126   0.058322     20
0.0251093   0.0466682     20
0.0770742   0.0569269     21
0.0751773   0.0451217     21
0.127091   0.0582848     22
0.124922   0.0463419     22
0.176373   0.0586279     23
0.175879   0.0464112     23
0.226949   0.0589752     24
0.225919   0.0468433     24
0.276196   0.0583808     25
0.276913   0.0466298     25
0.32712   0.0575555     26
0.325927   0.0457607     26
0.377425   0.0570435     27
0.375784   0.0453852     27
0.426558   0.0582786     28
0.426113   0.0460646     28
0.475233   0.0579498     29
0.476743   0.0462081     29
0.525958   0.0575087     30
-0.475335   0.0457117     30
-0.42399   0.057665     31
-0.425165   0.0459524     31
-0.375109   0.0574661     32
-0.373593   0.0457588     32
-0.324859   0.0584974     33
-0.323815   0.0467043     33
-0.273754   0.0568769     34
-0.274153   0.0450139     34
-0.223938   0.0560421     35
-0.22424   0.0443191     35
-0.174849   0.0565082     36
-0.174354   0.0446834     36
-0.124089   0.0571236     37
-0.124602   0.0453082     37
-0.0724093   0.0564275     38
-0.0763714   0.0449472     38
-0.0217807   0.0576008     39
-0.0257979   0.0465783     39
0.0508749   0.107553     40
0.0511771   0.0957422     40
0.100526   0.107316     41
0.101192   0.0952194     41
0.151054   0.109094     42
0.151853   0.0972457     42
0.200137   0.107819     43
0.202408   0.0962501     43
0.249007   0.1087     44
0.252883   0.0976069     44
0.301039   0.107721     45
0.301653   0.0959881     45
0.350524   0.107372     46
0.352178   0.0955937     46
0.400721   0.107928     47
0.400782   0.0959808     47
0.450952   0.108737     48
0.451168   0.0969412     48
0.502311   0.107731     49
0.500423   0.0962049     49
0.552015   0.107358     50
-0.449631   0.0954233     50
-0.398873   0.106954     51
-0.399521   0.0950919     51
-0.347699   0.107235     52
-0.350818   0.0956998     52
-0.299683   0.107567     53
-0.29808   0.0956085     53
-0.249222   0.107158     54
-0.248235   0.0950914     54
-0.199189   0.106943     55
-0.199633   0.0951341     55
-0.147944   0.106534     56
-0.150997   0.0950243     56
-0.0995576   0.10649     57
-0.098716   0.094727     57
-0.0477929   0.106754     58
-0.0505558   0.0951542     58
0.00108726   0.108254     59
0.000979038   0.0965659     59
0.0763037   0.157722     60
0.0754504   0.145528     60
0.126766   0.157585     61
0.124965   0.145944     61
0.174792   0.15899     62
0.177138   0.147514     62
0.225333   0.158178     63
0.226358   0.146165     63
0.275943   0.158478     64
0.276211   0.146251     64
0.326282   0.157547     65
0.325266   0.145466     65
0.375986   0.157515     66
0.375579   0.14547     66
0.425754   0.15825     67
0.42511   0.145999     67
0.476091   0.158338     68
0.476824   0.146603     68
0.526526   0.157894     69
0.526752   0.146013     69
0.576765   0.157949     70
-0.424308   0.146024     70
-0.372625   0.156633     71
-0.375112   0.145121     71
-0.32275   0.158458     72
-0.32459   0.146238     72
-0.273688   0.1571     73
-0.274359   0.145332     73
-0.222585   0.156948     74
-0.224563   0.145485     74
-0.173192   0.156515     75
-0.174249   0.144971     75
-0.124988   0.156663     76
-0.122201   0.144975     76
-0.0740403   0.156359     77
-0.0730622   0.144301     77
-0.0229398   0.15807     78
-0.02474   0.146433     78
0.0261521   0.158753     79
0.0259699   0.146368     79
0.101679   0.207849     80
0.101089   0.195715     80
0.152763   0.208408     81
0.149491   0.196862     81
0.200693   0.208045     82
0.201704   0.196176     82
0.251496   0.207744     83
0.250705   0.196075     83
0.301466   0.208417     84
0.301795   0.196797     84
0.352992   0.207729     85
0.350739   0.195791     85
0.402463   0.2074     86
0.400254   0.195621     86
0.451967   0.207464     87
0.450803   0.195643     87
0.501973   0.207948     88
0.501401   0.196186     88
0.550965   0.207989     89
0.551016   0.195985     89
0.601006   0.206971     90
-0.397671   0.195211     90
-0.348527   0.207161     91
-0.348643   0.195245     91
-0.298911   0.208217     92
-0.298722   0.196279     92
-0.248774   0.206848     93
-0.248832   0.19504     93
-0.200572   0.206587     94
-0.19754   0.195141     94
-0.146714   0.206976     95
-0.150114   0.195909     95
-0.0984871   0.206242     96
-0.0992648   0.194387     96
-0.0478824   0.206999     97
-0.0504947   0.195412     97
8.38437e-05   0.208609     98
0.000813523   0.196655     98
0.0507545   0.20737     99
0.0516381   0.195448     99
0.125484   0.258034     100
0.127068   0.246468     100
0.174911   0.25829     101
0.177604   0.24691     101
0.225398   0.257755     102
0.226433   0.245749     102
0.27602   0.258278     103
0.276845   0.24599     103
0.326451   0.258111     104
0.326797   0.246282     104
0.375356   0.258124     105
0.37819   0.246716     105
0.426522   0.257701     106
0.426517   0.24546     106
0.476895   0.257785     107
0.47647   0.245818     107
0.525752   0.259007     108
0.527095   0.247052     108
0.575003   0.257148     109
0.577043   0.245181     109
0.625364   0.257362     110
-0.37371   0.245199     110
-0.323616   0.258563     111
-0.324684   0.246777     111
-0.274351   0.25819     112
-0.274272   0.246614     112
-0.223851   0.257766     113
-0.22447   0.245902     113
-0.174348   0.256878     114
-0.173936   0.245066     114
-0.124826   0.257104     115
-0.123192   0.245243     115
-0.0748744   0.255955     116
-0.0741915   0.244051     116
-0.0233194   0.257465     117
-0.0262876   0.245756     117
0.0246638   0.256859     118
0.0257565   0.245109     118
0.0752799   0.256362     119
0.076723   0.24475     119
0.152742   0.308088     120
0.149719   0.296742     120
0.200499   0.307865     121
0.201152   0.295816     121
0.25164   0.307239     122
0.250332   0.295406     122
0.301824   0.307738     123
0.301298   0.296052     123
0.35052   0.308079     124
0.350825   0.296074     124
0.399864   0.307377     125
0.401109   0.295352     125
0.450934   0.307978     126
0.450213   0.296178     126
0.501501   0.308334     127
0.499887   0.296641     127
0.548412   0.30731     128
0.552816   0.296606     128
0.599506   0.307553     129
0.601103   0.295874     129
0.650699   0.307878     130
-0.349195   0.295974     130
-0.297434   0.308636     131
-0.299797   0.297022     131
-0.24888   0.307739     132
-0.24945   0.29567     132
-0.200588   0.307065     133
-0.198277   0.295392     133
-0.150084   0.307641     134
-0.149107   0.295482     134
-0.0999138   0.306539     135
-0.0989947   0.294888     135
-0.0496275   0.306588     136
-0.0493076   0.294848     136
-0.000550994   0.307033     137
0.0016677   0.295308     137
0.0505534   0.306409     138
0.0508485   0.294502     138
0.102385   0.306916     139
0.0988401   0.295473     139
0.175531   0.358568     140
0.175957   0.346509     140
0.225202   0.357194     141
0.226344   0.345146     141
0.277739   0.356376     142
0.274346   0.345103     142
0.326798   0.358411     143
0.325048   0.346442     143
0.376173   0.357849     144
0.375733   0.346047     144
0.427079   0.357581     145
0.42499   0.346035     145
0.47707   0.358232     146
0.475542   0.346296     146
0.524952   0.358271     147
0.526544   0.346744     147
0.578111   0.357251     148
0.573872   0.345785     148
0.625635   0.357272     149
0.626538   0.345538     149
0.675633   0.357962     150
-0.323545   0.346161     150
-0.275039   0.357831     151
-0.272536   0.34655     151
-0.224716   0.357712     152
-0.225402   0.345884     152
-0.173976   0.357059     153
-0.175706   0.345241     153
-0.123785   0.357355     154
-0.124578   0.345259     154
-0.0731513   0.356914     155
-0.0747608   0.345044     155
-0.0222681   0.356429     156
-0.0256115   0.345206     156
0.025715   0.35684     157
0.026003   0.344789     157
0.074673   0.356833     158
0.0766379   0.344886     158
0.124733   0.357416     159
0.12564   0.345638     159
0.201086   0.407567     160
0.200204   0.395608     160
0.251599   0.406478     161
0.250387   0.394767     161
0.302465   0.406919     162
0.299977   0.395442     162
0.351698   0.408221     163
0.35088   0.396176     163
0.401095   0.407639     164
0.401028   0.395543     164
0.451528   0.407723     165
0.451151   0.396372     165
0.500832   0.408943     166
0.500631   0.396937     166
0.550921   0.40732     167
0.551545   0.3957     167
0.600762   0.407837     168
0.601258   0.395925     168
0.651922   0.408056     169
0.650576   0.396496     169
0.699202   0.407898     170
-0.297922   0.396041     170
-0.249043   0.408955     171
-0.249107   0.397023     171
-0.198569   0.407376     172
-0.199397   0.395437     172
-0.148039   0.407274     173
-0.149195   0.395297     173
-0.0987025   0.406383     174
-0.0987681   0.394788     174
-0.049226   0.40645     175
-0.0476667   0.39475     175
0.000911842   0.40749     176
0.00218361   0.395495     176
0.0514126   0.40737     177
0.0505921   0.395206     177
0.101739   0.407099     178
0.0993354   0.395402     178
0.151543   0.407798     179
0.14911   0.396171     179
0.22613   0.457197     180
0.226568   0.44531     180
0.277418   0.45704     181
0.275771   0.445362     181
0.326989   0.457508     182
0.325431   0.445611     182
0.376527   0.457266     183
0.376685   0.445603     183
0.427195   0.457953     184
0.426438   0.446202     184
0.4755   0.457727     185
0.477362   0.445999     185
0.526369   0.458467     186
0.527743   0.446706     186
0.577223   0.457757     187
0.576298   0.445662     187
0.627007   0.457914     188
0.626049   0.446051     188
0.677483   0.458991     189
0.676542   0.447241     189
0.728231   0.457517     190
-0.275482   0.446167     190
-0.222746   0.45773     191
-0.223534   0.445833     191
-0.1747   0.45701     192
-0.172878   0.445163     192
-0.12397   0.457229     193
-0.123642   0.445456     193
-0.0736662   0.45654     194
-0.0740634   0.44496     194
-0.0229379   0.456642     195
-0.0253483   0.445215     195
0.0269242   0.457498     196
0.0254602   0.445794     196
0.0763332   0.457055     197
0.0763492   0.445267     197
0.126277   0.457687     198
0.125832   0.445648     198
0.176616   0.457459     199
0.175245   0.44507     199
-0.250985   -0.493053     200
0.251675   0.495384     200
-0.198533   -0.492586     201
0.300542   0.495682     201
-0.149238   -0.492216     202
0.350698   0.495979     202
-0.0990334   -0.49296     203
0.400604   0.49512     203
-0.0503491   -0.491808     204
0.452102   0.49623     204
-0.000108455   -0.491804     205
0.501708   0.496184     205
0.0501507   -0.491834     206
0.551675   0.495929     206
0.0998549   -0.492127     207
0.6015   0.496253     207
0.15018   -0.491547     208
0.650694   0.496587     208
0.19902   -0.492361     209
0.702617   0.496172     209
0.250797   -0.491915     210
-0.248741   0.495631     210
-0.700131   -0.491794     211
-0.197642   0.496301     211
-0.648826   -0.493886     212
-0.14944   0.494279     212
-0.599845   -0.492992     213
-0.0991177   0.495259     213
-0.549875   -0.493456     214
-0.0486213   0.49483     214
-0.499591   -0.49285     215
0.000688448   0.495218     215
-0.450433   -0.492264     216
0.0515226   0.495483     216
-0.40005   -0.492316     217
0.101103   0.495653     217
-0.350006   -0.492157     218
0.151261   0.495594     218
-0.298954   -0.492378     219
0.200171   0.4959     219
-0.22504   -0.442894     220
-0.223968   -0.455309     220
-0.175922   -0.441938     221
-0.173358   -0.453511     221
-0.125437   -0.442644     222
-0.122598   -0.454274     222
-0.0738101   -0.441423     223
-0.0745788   -0.453724     223
-0.0241533   -0.441489     224
-0.0249188   -0.453767     224
0.0260857   -0.441903     225
0.0257825   -0.453796     225
0.0768077   -0.441646     226
0.0745349   -0.453539     226
0.126069   -0.442695     227
0.124733   -0.454096     227
0.174569   -0.442285     228
0.176903   -0.45371     228
0.227275   -0.443001     229
0.223831   -0.454456     229
0.275835   -0.442069     230
-0.723679   -0.453795     230
-0.673821   -0.443096     231
-0.674325   -0.455132     231
-0.624382   -0.443779     232
-0.624927   -0.455471     232
-0.573693   -0.443228     233
-0.575108   -0.454727     233
-0.525189   -0.442629     234
-0.525003   -0.454426     234
-0.473134   -0.443091     235
-0.476918   -0.453999     235
-0.423307   -0.44307     236
-0.425825   -0.454894     236
-0.375072   -0.441262     237
-0.374561   -0.453403     237
-0.324622   -0.44271     238
-0.32499   -0.454612     238
-0.27574   -0.442353     239
-0.273065   -0.453817     239
-0.198815   -0.392814     240
-0.200498   -0.404332     240
-0.150377   -0.392334     241
-0.149193   -0.404055     241
-0.0998107   -0.392438     242
-0.100517   -0.404265     242
-0.0497182   -0.391021     243
-0.0503246   -0.402809     243
-7.61275e-05   -0.392679     244
0.000541634   -0.404357     244
0.0503433   -0.391535     245
0.0510932   -0.402962     245
0.0985372   -0.392628     246
0.102897   -0.403483     246
0.151398   -0.391571     247
0.150987   -0.403491     247
0.200302   -0.393238     248
0.201312   -0.405105     248
0.249078   -0.392229     249
0.252045   -0.403602     249
0.299497   -0.392488     250
-0.698174   -0.404547     250
-0.649951   -0.392844     251
-0.648734   -0.404623     251
-0.599348   -0.393295     252
-0.599292   -0.404861     252
-0.547649   -0.392832     253
-0.551051   -0.403933     253
-0.498943   -0.392712     254
-0.49948   -0.405047     254
-0.44865   -0.392989     255
-0.449898   -0.404539     255
-0.397938   -0.392521     256
-0.400733   -0.403701     256
-0.348757   -0.392122     257
-0.349907   -0.40418     257
-0.298964   -0.392465     258
-0.299646   -0.40432     258
-0.249179   -0.392768     259
-0.249841   -0.404414     259
-0.174866   -0.342449     260
-0.173407   -0.354104     260
-0.123338   -0.342482     261
-0.124435   -0.354274     261
-0.0719205   -0.34274     262
-0.0760894   -0.353904     262
-0.0238859   -0.341642     263
-0.0236324   -0.353382     263
0.0277729   -0.342371     264
0.0246533   -0.353802     264
0.076382   -0.341512     265
0.0754559   -0.35331     265
0.12609   -0.342389     266
0.125253   -0.354432     266
0.175437   -0.341554     267
0.176973   -0.353382     267
0.227268   -0.342492     268
0.224295   -0.354182     268
0.277198   -0.342335     269
0.27459   -0.354066     269
0.325833   -0.342103     270
-0.673355   -0.354126     270
-0.623688   -0.342665     271
-0.624693   -0.354735     271
-0.573786   -0.343249     272
-0.574541   -0.355648     272
-0.525604   -0.343196     273
-0.523005   -0.355122     273
-0.473578   -0.342524     274
-0.473896   -0.354418     274
-0.42577   -0.34295     275
-0.423159   -0.354275     275
-0.375669   -0.34235     276
-0.372718   -0.353832     276
-0.324006   -0.342337     277
-0.323   -0.354101     277
-0.274723   -0.34276     278
-0.273004   -0.354746     278
-0.224782   -0.342946     279
-0.223429   -0.354705     279
-0.149572   -0.293275     280
-0.147579   -0.305227     280
-0.0984227   -0.293425     281
-0.0970076   -0.304845     281
-0.0478792   -0.291676     282
-0.0477229   -0.30358     282
0.000444426   -0.292718     283
0.00313068   -0.304382     283
0.0514289   -0.290929     284
0.0509601   -0.302792     284
0.101399   -0.292239     285
0.100941   -0.30412     285
0.150927   -0.291924     286
0.151236   -0.303857     286
0.200958   -0.292201     287
0.201625   -0.303954     287
0.251732   -0.29209     288
0.250015   -0.303935     288
0.300164   -0.29189     289
0.301209   -0.303599     289
0.353242   -0.292581     290
-0.649892   -0.304147     290
-0.599964   -0.292749     291
-0.599534   -0.30482     291
-0.549606   -0.292929     292
-0.549598   -0.304675     292
-0.498517   -0.293112     293
-0.500737   -0.30511     293
-0.448323   -0.29231     294
-0.450684   -0.303733     294
-0.398427   -0.292293     295
-0.400954   -0.30383     295
-0.350008   -0.292961     296
-0.349191   -0.304842     296
-0.297653   -0.292159     297
-0.299121   -0.303892     297
-0.248285   -0.292426     298
-0.249123   -0.304298     298
-0.19918   -0.292095     299
-0.199863   -0.303692     299
-0.123774   -0.242923     300
-0.123573   -0.254974     300
-0.0734451   -0.242935     301
-0.0734112   -0.254521     301
-0.0256749   -0.242197     302
-0.0219367   -0.253117     302
0.0257546   -0.241684     303
0.0259499   -0.253689     303
0.0752446   -0.24128     304
0.0771086   -0.253072     304
0.124815   -0.242077     305
0.126599   -0.253689     305
0.173855   -0.24201     306
0.177351   -0.253246     306
0.227804   -0.242601     307
0.224466   -0.253883     307
0.276667   -0.241306     308
0.275683   -0.25293     308
0.326518   -0.242893     309
0.326763   -0.254872     309
0.377053   -0.241666     310
-0.624433   -0.253322     310
-0.572125   -0.243673     311
-0.575694   -0.255032     311
-0.524573   -0.243008     312
-0.523878   -0.254666     312
-0.474663   -0.242703     313
-0.474128   -0.254636     313
-0.42594   -0.242134     314
-0.423519   -0.253673     314
-0.374343   -0.24257     315
-0.374789   -0.254447     315
-0.325781   -0.24368     316
-0.323438   -0.255211     316
-0.273492   -0.241654     317
-0.273895   -0.253702     317
-0.224209   -0.242849     318
-0.223564   -0.254651     318
-0.174577   -0.243207     319
-0.172784   -0.25468     319
-0.0973619   -0.193406     320
-0.0993742   -0.205283     320
-0.046517   -0.192343     321
-0.0497477   -0.203182     321
0.00261033   -0.191443     322
0.000137831   -0.202884     322
0.0516695   -0.191321     323
0.0506595   -0.203302     323
0.101433   -0.191742     324
0.100681   -0.203554     324
0.1514   -0.191488     325
0.150419   -0.203507     325
0.200977   -0.193027     326
0.200298   -0.20505     326
0.24885   -0.192084     327
0.251649   -0.203615     327
0.299669   -0.19179     328
0.301654   -0.203806     328
0.350191   -0.192361     329
0.351337   -0.204335     329
0.398973   -0.192761     330
-0.596366   -0.203699     330
-0.549892   -0.192075     331
-0.549248   -0.204051     331
-0.500061   -0.192751     332
-0.499736   -0.204906     332
-0.448823   -0.192168     333
-0.45053   -0.204015     333
-0.399301   -0.193217     334
-0.40022   -0.20511     334
-0.350635   -0.193041     335
-0.347785   -0.204543     335
-0.29947   -0.192765     336
-0.299484   -0.204527     336
-0.249563   -0.192037     337
-0.247337   -0.203868     337
-0.198689   -0.193128     338
-0.19897   -0.205004     338
-0.147353   -0.193271     339
-0.149746   -0.20487     339
-0.0729218   -0.143091     340
-0.07359   -0.15469     340
-0.023013   -0.141956     341
-0.0234461   -0.153578     341
0.0271891   -0.141113     342
0.025966   -0.153098     342
0.0781262   -0.141943     343
0.0750978   -0.153388     343
0.125517   -0.142117     344
0.126748   -0.153989     344
0.176051   -0.141628     345
0.175835   -0.153602     345
0.225642   -0.142214     346
0.224226   -0.153954     346
0.276525   -0.141733     347
0.274177   -0.153483     347
0.326896   -0.142478     348
0.324258   -0.153859     348
0.37598   -0.142713     349
0.374919   -0.15448     349
0.425884   -0.142633     350
-0.574453   -0.154207     350
-0.52267   -0.142461     351
-0.525618   -0.154121     351
-0.473449   -0.142296     352
-0.475819   -0.154326     352
-0.424421   -0.142568     353
-0.424156   -0.154534     353
-0.373813   -0.142806     354
-0.375216   -0.154727     354
-0.32465   -0.143074     355
-0.325496   -0.154817     355
-0.275518   -0.143221     356
-0.273381   -0.154987     356
-0.224612   -0.143479     357
-0.222647   -0.154535     357
-0.175175   -0.144131     358
-0.171721   -0.155519     358
-0.122471   -0.143249     359
-0.123387   -0.155071     359
-0.0481901   -0.09296     360
-0.0493673   -0.104807     360
0.00153907   -0.0911186     361
0.000811251   -0.103119     361
0.0507861   -0.0918653     362
0.0518002   -0.103423     362
0.102636   -0.0914455     363
0.100727   -0.103187     363
0.151987   -0.0924369     364
0.15041   -0.104181     364
0.200146   -0.0919508     365
0.201176   -0.103619     365
0.250677   -0.0916228     366
0.250404   -0.103617     366
0.301457   -0.0919044     367
0.300093   -0.104057     367
0.350696   -0.0922113     368
0.351009   -0.104336     368
0.401863   -0.092881     369
0.400962   -0.104522     369
0.45129   -0.0927106     370
-0.548409   -0.104823     370
-0.498026   -0.0915511     371
-0.498947   -0.103364     371
-0.448578   -0.0925256     372
-0.448288   -0.104476     372
-0.399147   -0.0928726     373
-0.399057   -0.104595     373
-0.349785   -0.0923552     374
-0.349172   -0.104313     374
-0.29942   -0.0933355     375
-0.299837   -0.105312     375
-0.248971   -0.0934764     376
-0.249647   -0.105407     376
-0.19939   -0.0938245     377
-0.198537   -0.105515     377
-0.148527   -0.0937056     378
-0.148992   -0.105893     378
-0.0979444   -0.0933173     379
-0.0999317   -0.104932     379
-0.0217527   -0.0425219     380
-0.0256809   -0.0536821     380
0.0271532   -0.0412155     381
0.026438   -0.0533563     381
0.0754404   -0.0425294     382
0.0769837   -0.0542446     382
0.126562   -0.0419655     383
0.126854   -0.0537955     383
0.176755   -0.0406897     384
0.176726   -0.0529223     384
0.227375   -0.0418855     385
0.225613   -0.0537717     385
0.27463   -0.0421473     386
0.277484   -0.0535299     386
0.324177   -0.0424119     387
0.32806   -0.0537495     387
0.376367   -0.0428029     388
0.376448   -0.0547825     388
0.425803   -0.0425863     389
0.426382   -0.0546009     389
0.476542   -0.0419986     390
-0.5243   -0.0543277     390
-0.475103   -0.0418435     391
-0.472291   -0.0534383     391
-0.424167   -0.0423555     392
-0.422007   -0.0540228     392
-0.374715   -0.0421312     393
-0.373329   -0.0537511     393
-0.324202   -0.042548     394
-0.323557   -0.0546217     394
-0.275735   -0.0436535     395
-0.272251   -0.0547578     395
-0.225103   -0.0438111     396
-0.222608   -0.055284     396
-0.173205   -0.0433194     397
-0.174149   -0.0554932     397
-0.124912   -0.0440026     398
-0.122579   -0.0557296     398
-0.0735595   -0.0433603     399
-0.0743851   -0.05541     399
