0.23200314144828521   386.05319369928589  0.025587477591685407     
0.46400628289657042   8.1030828401865145  0.0078618253434099969     
0.69600942434485558   36.932627791865003  0.012380336606978397     
0.92801256579314084   8.0799169303801277  0.0046028189544532916     
1.1600157072414261   8.9062956708165196  0.005462802613803615     
1.3920188486897112   7.4079966528044684  0.005461353448006497     
1.6240219901379964   1.8514270977981752  0.0021404658088042962     
1.8560251315862817   5.849579075477703  0.0078396353322900379     
2.088028273034567   0.097958455186905267  0.0001554156613263143     
2.3200314144828522   3.8482225067605021  0.0085418977858330125     
2.5520345559311375   0.1189006670767502  0.00029953989425391015     
2.7840376973794223   2.0890961117663211  0.0083097426465213627     
3.0160408388277076   0.47927848123360384  0.0021673492859770763     
3.2480439802759928   0.92920643868017015  0.0064285992913098439     
3.4800471217242781   0.68211870798994216  0.0054614198366897663     
3.7120502631725634   0.31414498370749586  0.0033534500883475137     
3.9440534046208486   0.69374875965798966  0.0087793646360113611     
4.1760565460691339   0.054169329747613991  0.00081829416750778434     
4.4080596875174187   0.58112330128958604  0.011073041041093824     
4.6400628289657044   0.0073138028711684703  7.7321592736203363e-05     
4.8720659704139893   0.40771895951743471  0.011557495791207835     
5.104069111862275   0.060276321082831119  0.0015918071801240126     
5.3360722533105598   0.25730551492275097  0.010021716095135762     
5.5680753947588446   0.13796966321365571  0.0054418726199946245     
5.8000785362071303   0.1661231250554982  0.0068135148522735399     
6.0320816776554151   0.27847598821654217  0.011120731766461815     
6.2640848191037009   0.087430008370864166  0.0027317985973354034     
6.4960879605519857   0.59150788041758797  0.017013781668447818     
6.7280911020002714   0.010325575793041674  0.00016396696469562385     
6.9600942434485562   1.094310986295718  0.021455444393944601     
7.1920973848968419   0.117071923703025  0.0014120521700542676     
7.4241005263451267   1.6890059247907053  0.023451016747185449     
7.6561036677934116   0.89647411772366637  0.0092564314129768387     
7.8881068092416973   2.3053878460089412  0.021537856746565535     
8.120109950689983   3.9097653247836297  0.0291799102812597     
8.3521130921382678   2.9360992731453883  0.015623679793388412     
8.5841162335865526   18.378540962586228  0.081693819376842286     
8.8161193750348374   2.5711018873328567  0.015247828066423297     
9.048122516483124   202.098344599409  0.70562565646504984     
9.2801256579314089   481.01650872117748  1.5035429822939282     
9.5121287993796937   264.31424772850348  0.83950088419201647     
9.7441319408279785   7.7792758102475463  0.050024387562550001     
9.9761350822762633   28.619778276959564  0.049447822800538801     
10.20813822372455   8.8839800667963267  0.017523065807131111     
10.440141365172835   6.3768228501870165  0.016706296991605022     
10.67214450662112   7.9564619738433886  0.02019814963717042     
10.904147648069404   1.0162523978511077  0.0027968852301947284     
11.136150789517689   6.0043343738644009  0.017146091448193302     
11.368153930965976   0.020821193853270053  7.4613379963695974e-05     
11.600157072414261   3.9560777212678935  0.012187933559787536     
11.832160213862545   0.28974763785378025  0.0012929209129362358     
12.06416335531083   2.312356452991138  0.0057408753761864745     
12.296166496759117   0.7797299040329616  0.0025809295694764602     
12.528169638207402   1.1419153005037855  0.0027657872307555359     
12.760172779655687   1.1686329438849961  0.0032332195103970342     
12.992175921103971   0.40163637505171101  0.00075081967349949932     
13.224179062552256   1.3257136242122078  0.0026213420181987672     
13.456182204000543   0.075183391926208781  0.00029407478502686306     
13.688185345448828   1.2021631950687645  0.0032987648041241419     
13.920188486897112   0.080142781309202157  0.00043397349443831446     
14.152191628345397   0.86611102062326937  0.0032085299488107167     
14.384194769793684   0.21933913710668936  0.00071268332949813316     
14.616197911241969   0.50332112076228276  0.0021352718002393389     
14.848201052690253   0.34273241744016601  0.0016619268822408641     
15.080204194138538   0.23426099285517566  0.0013658414676745204     
15.312207335586823   0.40381535765745017  0.0033532349326113423     
15.54421047703511   0.089056785809411471  0.00036846533968735855     
15.776213618483395   0.39991872808143224  0.0050670812751802525     
16.008216759931681   0.052284905222051138  0.00016113155056838806     
16.240219901379966   0.34865820971046521  0.0070980208794677006     
16.472223042828251   0.080059948406706581  0.0012525359352375953     
16.704226184276536   0.2994442068740905  0.0079991647161450789     
16.93622932572482   0.18560305169313799  0.0050649208654056665     
17.168232467173105   0.33681255465223724  0.0089934399897515641     
17.40023560862139   0.76841768273168614  0.017567823017703937     
17.632238750069675   0.43746675030622367  0.0080117177886400391     
17.86424189151796   5.2989154587403471  0.078012038623809814     
18.096245032966248   1.9958199709183164  0.048806784905359771     
18.328248174414533   25.872709977388326  0.45035089203574633     
18.560251315862818   90.79023472796092  1.0849995389311718     
18.792254457311103   66.423776885723402  0.62248826437136192     
19.024257598759387   3.9121872183457185  0.035793508554058791     
19.256260740207672   7.6016008952918811  0.054436758744271586     
19.488263881655957   3.9361933284227168  0.022283396998492037     
19.720267023104242   1.5437257972895215  0.011817707161769733     
19.952270164552527   3.2392501973215994  0.02326725463232598     
20.184273306000815   0.2442432117787311  0.00074798432015898766     
20.4162764474491   2.4512138397390903  0.015451259166792079     
20.648279588897385   0.079185879788215123  0.00025585808714861886     
20.88028273034567   1.7637795365928891  0.010248686113612457     
21.112285871793954   0.26059972993837755  0.0018896706724861133     
21.344289013242239   1.1528789696136462  0.0055141205986687377     
21.576292154690524   0.58062050325637382  0.0027910365951136975     
21.808295296138809   0.61427036497421644  0.0038686055974210114     
22.040298437587094   0.88614573950763245  0.0057005112795333238     
22.272301579035378   0.24717554228124293  0.0010894787792519653     
22.504304720483667   1.0270691648580685  0.0061375382919304821     
22.736307861931952   0.1285256079830812  0.0005779550269900865     
22.968311003380236   0.97527557721882038  0.0070110517261730927     
23.200314144828521   0.20964030728323776  0.00098012366275991123     
23.432317286276806   0.7844826161115294  0.004870268781644045     
23.664320427725091   0.35252538825172793  0.001707289524897053     
23.896323569173376   0.54299636148587663  0.0044569045143975833     
24.128326710621661   0.50413001360153928  0.0026429638546567287     
24.360329852069945   0.33189951983766706  0.0026656682164950703     
24.592332993518234   0.62204678331236802  0.0052791331241352776     
24.824336134966519   0.18743790440490181  0.0010209984341541979     
25.056339276414803   0.65007533442715802  0.0066276262140111571     
25.288342417863088   0.14659346858397469  0.00051671307954527984     
25.520345559311373   0.57370946060653448  0.0060086094041244447     
25.752348700759658   0.19990785141464936  0.001363002298274245     
25.984351842207943   0.4271127705883745  0.0048422630626474517     
26.216354983656228   0.33251919891328085  0.0023161562441529301     
26.448358125104512   0.3079254794620752  0.0019281261833840495     
26.680361266552801   0.60869454987251951  0.0050394825929581922     
26.912364408001086   0.37822820716013558  0.0049343405062605724     
27.14436754944937   2.1476793925060845  0.035114348553009286     
27.376370690897655   5.3245158896032187  0.098103236203119912     
27.60837383234594   4.1554724557555112  0.060078922182342898     
27.840376973794225   3.4871271752543716  0.085877491922039353     
28.07238011524251   5.0501277095548469  0.093344198462212331     
28.304383256690794   1.2672397823238022  0.013614325468198538     
28.536386398139079   1.0009848277636663  0.0084434995992154919     
28.768389539587368   0.97580882456819411  0.0054590096718689022     
29.000392681035652   0.41554133507782332  0.0036550270902870216     
29.232395822483937   0.87818137746501972  0.0056126933496516393     
29.464398963932222   0.21508505700042733  0.00068864908538460962     
29.696402105380507   0.81330623899849008  0.0034740152646225406     
29.928405246828792   0.17853329681842612  0.0002728047164787473     
30.160408388277077   0.69921504092818211  0.0039329109750265188     
30.392411529725361   0.27044131413254832  0.0011630374440641355     
30.624414671173646   0.52791746028059335  0.0018085550852759606     
30.856417812621935   0.43862092684512644  0.0013617489479191117     
31.088420954070219   0.36031819090697704  0.0019071177690013957     
31.320424095518504   0.58802199707598052  0.0026754734100035042     
31.552427236966789   0.25098252714596295  0.00096011653571158642     
31.784430378415074   0.66967846798594551  0.0027738701777275032     
32.016433519863362   0.2536268455588237  0.00070462708096788839     
32.248436661311644   0.69216390687303383  0.0041150229692082344     
32.480439802759932   0.36979132882335488  0.0012836738607149595     
32.712442944208213   0.65551876488633826  0.0042350770291274676     
32.944446085656502   0.49184283224201437  0.0021624449511463537     
33.176449227104783   0.55389328237916567  0.0027917388116043213     
33.408452368553071   0.602481786263832  0.0024098894135193746     
33.640455510001352   0.42867215386538111  0.0021890554696669771     
33.872458651449641   0.68932413752338809  0.0038143012094557908     
34.104461792897929   0.32339943332392214  0.0011909075731605306     
34.33646493434621   0.71305112024135608  0.0066137939934724814     
34.568468075794499   0.31638436854886148  0.0014605141610519725     
34.80047121724278   0.66891217647552189  0.0051165450105329848     
35.032474358691069   0.40712783831289436  0.0017516071726667052     
35.26447750013935   0.59771512460475046  0.0058397290278913463     
35.496480641587638   0.59126147651015875  0.0062718703280728067     
35.728483783035919   0.549182125800865  0.0039183404835537657     
35.960486924484208   0.88468500434947134  0.012353712745737161     
36.192490065932496   0.58795971883620537  0.0037315476287507223     
36.424493207380777   2.0924836452703762  0.03852572931633867     
36.656496348829066   2.1301893641871099  0.043004089361510645     
36.888499490277347   3.5549033315072978  0.052434195298310817     
37.120502631725635   5.4665166679311743  0.1049563037596813     
37.352505773173917   3.2903146442704688  0.05871758678056812     
37.584508914622205   0.94180422255692585  0.0084788227290866572     
37.816512056070486   0.91602355496458338  0.0099277640838549101     
38.048515197518775   0.67753508715988952  0.0037132871298176667     
38.280518338967063   0.48491659514270569  0.0023325846893851342     
38.512521480415344   0.63090198685233569  0.0056533305143812853     
38.744524621863633   0.34938682037484961  0.0007170823233305501     
38.976527763311914   0.59789672809298928  0.0038419875566891485     
39.208530904760202   0.35175641087246157  0.00097764787752743874     
39.440534046208484   0.53851073223187205  0.0023018223241908767     
39.672537187656772   0.40837613215824352  0.0012364756806936542     
39.904540329105053   0.46839724544396776  0.0021901788880448889     
40.136543470553342   0.48375577032102366  0.0017425985230664062     
40.36854661200163   0.41315733645031573  0.0017134239148958698     
40.600549753449911   0.55690535771531148  0.0026933421775694929     
40.8325528948982   0.36780203810613777  0.0010870942921385715     
41.064556036346481   0.61866737342650321  0.0026369916876792886     
41.296559177794769   0.42139456530899491  0.00094176791940789996     
41.528562319243051   0.673674230938843  0.0033643676708383145     
41.760565460691339   0.56642414115802469  0.0022355998767453606     
41.99256860213962   0.69957057323506491  0.0038201792170433472     
42.224571743587909   0.66935017841331328  0.0031768440174037806     
42.456574885036197   0.66375169056775744  0.0018848393977039656     
42.688578026484478   0.73413310432933009  0.0025480307297257162     
42.920581167932767   0.57771038426663076  0.0022077363045851127     
43.152584309381048   0.7910193586822906  0.0023823626003330279     
43.384587450829336   0.51484162911723161  0.0017220884139193488     
43.616590592277618   0.82201315179184737  0.0049281314693861249     
43.848593733725906   0.54224003226814497  0.0021979956221295549     
44.080596875174187   0.83114381426130755  0.0061784169444686757     
44.312600016622476   0.64326178323457803  0.0025383183892994727     
44.544603158070757   0.82312569911110295  0.0041528255726653688     
44.776606299519045   0.9283656678922402  0.005089157644964128     
45.008609440967334   0.76964934580052055  0.0044519042094875816     
45.240612582415615   1.7120561164108211  0.018297682185407246     
45.472615723863903   0.69218686200701033  0.0030442458986150311     
45.704618865312185   7.0830551268030131  0.12248973457958252     
45.936622006760473   13.179743528822985  0.32455786837490934     
46.168625148208754   7.1870573010952106  0.21332064013550198     
46.400628289657043   3.4429576052729899  0.061992687376239766     
