0.42972788892272645   7.4728331991155923  0.012939561195798388
0.85945577784545291   3.3841805665819125  0.0053705036360675564
1.2891836667681793   0.3200956018910069  0.0029347426166849645
1.7189115556909058   0.029283736403401251  0.00056103200719981813
2.1486394446136323   0.0062286741631440137  0.0002408141950229395
2.5783673335363586   0.095869235862228695  0.0014348953601391413
3.0080952224590853   0.30937454181676837  0.010244803098788059
3.4378231113818116   0.11563357854432627  0.00098054140639510053
3.8675510003045379   0.088058601306184731  0.0011473150895269791
4.2972788892272646   0.50270881254021061  0.0023284671296473779
4.7270067781499909   0.16521728552505388  0.00090186537398279011
5.1567346670727172   0.25476428078373478  0.0018938769405779163
5.5864625559954435   1.2561433280730613  0.005393886470650098
6.0161904449181707   0.49191607439570644  0.0045048514085551736
6.445918333840897   0.028918909516677008  0.00042092299109413613
6.8756462227636232   0.024976268934666217  0.00068722280469411168
7.3053741116863495   0.076966382726852287  0.0012705997343106963
7.7351020006090758   0.14177087148692701  0.0017891677944379578
8.1648298895318021   0.47806278731234638  0.0061258679432801303
8.5945577784545293   10.654621570769717  0.1010827851233518
9.0242856673772547   11.511273364600063  0.11982268790376469
9.4540135562999819   0.55385423544189304  0.0032740855570459005
9.883741445222709   0.25727485980536745  0.0033573417223019744
10.313469334145434   0.15983024006670589  0.0012938738421141728
10.743197223068162   0.121549084691718  0.0015025158386178817
11.172925111990887   0.053702403691933954  0.00021909481797803495
11.602653000913614   0.18681095872793056  0.002401408632536352
12.032380889836341   0.19426289208588202  0.0021303644684834559
12.462108778759067   0.24069678102486018  0.0024662354184460937
12.891836667681794   0.14929159419796732  0.00094092622554013061
13.321564556604519   0.17498156010980552  0.0010842736172129768
13.751292445527246   0.28093470786467072  0.0010772388213192727
14.181020334449974   0.50633234995816586  0.0057058229742906732
14.610748223372699   0.43323579032674955  0.0088488401056752104
15.040476112295426   0.13465333098760631  0.00098697354900150119
15.470204001218152   0.04718555455651707  0.00026295496614930097
15.899931890140879   0.082906135692156804  0.00055328022396260125
16.329659779063604   0.28145204568210174  0.0030781050005100153
16.759387667986331   0.71039016370761786  0.0065780582165062034
17.189115556909059   1.6144932124462952  0.022300447957766499
17.618843445831786   5.3550014197530393  0.04602986690771006
18.048571334754509   1.4709803561376337  0.015607694847156788
18.478299223677237   0.8455884551686833  0.0063951262187709872
18.908027112599964   0.39783299849205783  0.0016993311736869814
19.337755001522691   0.18032041344550925  0.0007807008072822768
19.767482890445418   0.10488754759855218  0.00053572105262826848
20.197210779368142   0.15399600682201641  0.0007480842213537407
20.626938668290869   0.28953067556586826  0.0015246931453594811
21.056666557213596   0.39794113269175361  0.0018996142820675504
21.486394446136323   0.55321045034480059  0.0024873806339690147
21.91612233505905   1.3143800555391976  0.0072811376736667795
22.345850223981774   1.1360575715058011  0.0098376876938244609
22.775578112904501   0.9923107203158345  0.00449296730528123
23.205306001827228   0.83303381009298656  0.0047569205262542973
23.635033890749956   0.37966709656810404  0.0032326864101027121
24.064761779672683   0.17700951085477333  0.00086146434955061895
24.494489668595406   0.16385073587186898  0.00055645392242253537
24.924217557518134   0.26179989065927262  0.00097489640060245001
25.353945446440861   0.77725690401797076  0.0070519077633846358
25.783673335363588   1.679738541543577  0.0093428533253621492
26.213401224286315   2.6215694032959783  0.016825349910231512
26.643129113209039   2.9316316143520602  0.027841277162510363
27.072857002131766   1.2065283307784745  0.007690904333753446
27.502584891054493   0.75834496888345259  0.0033728103366359916
27.93231277997722   0.52517284661080824  0.0032926229450229858
28.362040668899947   0.39231041399015353  0.0022673733498800601
28.791768557822671   0.2903958282529821  0.0019000554482193543
29.221496446745398   0.3120002175495084  0.0017084671876352818
29.651224335668125   0.63079362263734119  0.0038591192363808641
30.080952224590852   0.89785419128974079  0.0046200116639866492
30.51068011351358   1.2390895795887983  0.011504500511857362
30.940408002436303   1.9041917684215265  0.018854986321234223
31.37013589135903   1.4041907681741115  0.0068380709461092905
31.799863780281758   1.2966972152321459  0.009898074402279186
32.229591669204481   0.88943913610007324  0.0042430775828705534
32.659319558127208   0.46909095469325168  0.0010187865679106496
33.089047447049936   0.27353821748226777  0.00043979413087824949
33.518775335972663   0.33011032510966687  0.00066917455252352609
33.94850322489539   0.61382111386849749  0.0030783051402462762
34.378231113818117   1.0353887862389482  0.0062998281162664897
34.807959002740844   1.3723974807981532  0.006676168713646724
35.237686891663571   2.0275621379508348  0.012568494043258595
35.667414780586299   1.4164475092182969  0.012693740820397893
36.097142669509019   1.0674815335184062  0.005871931679106749
36.526870558431746   0.88332734552691697  0.0031085696456198072
36.956598447354473   0.62519699059011801  0.0020605470705797986
37.3863263362772   0.42498526696452973  0.0014045481108803185
37.816054225199927   0.43754380093092263  0.0017294104916721821
38.245782114122655   0.65015563301936028  0.0023788666513126972
38.675510003045382   0.93457681098996437  0.0032740698193338234
39.105237891968109   1.2535210948065816  0.0059383473480077959
39.534965780890836   1.9404563676564192  0.017367064343037541
39.964693669813563   1.8114873540252223  0.0098182057918970939
40.394421558736283   1.4877599779667571  0.0060900428649850002
40.824149447659011   1.386711326606661  0.0070904288796679676
41.253877336581738   0.84147434960216856  0.0023901708690859981
41.683605225504465   0.54027326464725933  0.00097261961412824019
42.113333114427192   0.47768269975437663  0.00098137630266662684
42.543061003349919   0.59955123542147578  0.00082475785194870851
42.972788892272646   0.85280832643454744  0.0024264076175813045
