0.46400628289657042   96.147965903920414  0.0049133421883866635     
0.92801256579314084   1.8413161269973186  0.0018363184317891313     
1.3920188486897112   9.9590353722612054  0.0047070707799594046     
1.8560251315862817   2.2146095985265783  0.0029795301438154941     
2.3200314144828522   2.4520712038621973  0.0041262634744767817     
2.7840376973794223   2.1781268531181728  0.003305488005561357     
3.2480439802759928   0.46614599075343106  0.0011739805433532722     
3.7120502631725634   1.7464638156712125  0.0085561492418954898     
4.1760565460691339   0.23549396695338895  0.00375060804350907     
4.6400628289657044   1.3191085162574113  0.016269319578754516     
5.104069111862275   0.11416427513193258  0.0011190618830002574     
5.5680753947588446   0.77722307972851781  0.0048836279957861485     
6.0320816776554151   0.24366207291609726  0.0016893240887872969     
6.4960879605519857   0.47750549716323487  0.0049805530499013104     
6.9600942434485562   0.42287760528900379  0.0068593754798420918     
7.4241005263451267   0.23357292999838359  0.0016565310910327587     
7.8881068092416973   0.78380724537950228  0.01756012108293152     
8.3521130921382678   0.66998383520123183  0.011482389746774438     
8.8161193750348374   1.0627491769806591  0.019198170493279109     
9.2801256579314089   0.96335787551586415  0.0084539541834153888     
9.7441319408279785   0.88648782431842446  0.014026463707759349     
10.20813822372455   0.39540793161920633  0.003800149471864393     
10.67214450662112   0.51652003404603882  0.0034134372684259285     
11.136150789517689   0.38185465894120759  0.0025214441815583935     
11.600157072414261   0.38983244569830943  0.0013305383523529617     
12.06416335531083   0.35256057113048525  0.0017505177393187528     
12.528169638207402   0.20831356085067989  0.00089858699579226233     
12.992175921103971   0.3938675022184069  0.0034211811359821591     
13.456182204000543   0.17132237806980572  0.00063903226160230673     
13.920188486897112   0.63706512248270926  0.0051851867687413599     
14.384194769793684   0.8902726301083605  0.0042530434467989362     
14.848201052690253   0.89552312091381355  0.0055962978609875361     
15.312207335586823   0.71121215725962734  0.0031299767482965211     
15.776213618483395   0.8145494565303885  0.0029490077506687369     
16.240219901379966   1.1776923373235624  0.0066124164240244116     
16.704226184276536   1.2010868003038839  0.0086195616744465801     
17.168232467173105   1.8049186192356443  0.019692500711650689     
17.632238750069675   2.2391380210835279  0.020732115184104049     
18.096245032966248   1.5159774185546495  0.012069204011977631     
18.560251315862818   0.94580778021326154  0.0068787482437908887     
19.024257598759387   1.0862685365551249  0.0075188159019358928     
19.488263881655957   0.92236293796910522  0.0035414495891945307     
19.952270164552527   1.0882448406637501  0.0043531933024065344     
20.4162764474491   1.7172443047559934  0.0072283714378070669     
20.88028273034567   1.7192426650858992  0.0057765997818022058     
21.344289013242239   0.99998391469625911  0.0037197539530145429     
21.808295296138809   0.79837259723887123  0.0022145631491280134     
22.272301579035378   0.71760746701354825  0.0030148145315353768     
22.736307861931952   0.41880019223849635  0.00084175023818569941     
23.200314144828521   0.74459195366623052  0.0022721902736680834     
23.664320427725091   0.8009293019086238  0.0024854281871350236     
24.128326710621661   1.0317765559344946  0.0033346847378021704     
24.592332993518234   1.624967278299576  0.0043329233800780423     
25.056339276414803   1.6262727156288978  0.0069842804663528061     
25.520345559311373   1.6174936824169447  0.0053228593132898719     
25.984351842207943   1.6394314564310421  0.0078650540433402149     
26.448358125104512   1.2490320036263834  0.0079824298653042532     
26.912364408001086   1.1340833411655424  0.009476727450503239     
27.376370690897655   0.91686065962906927  0.0041431007877039954     
27.840376973794225   0.52770100525975742  0.0012661909121386506     
28.304383256690794   0.74517075509934859  0.0026422213370253131     
28.768389539587368   0.88913997652006058  0.0011174262551877267     
29.232395822483937   0.90436924330438411  0.0017586627448494029     
29.696402105380507   0.92616777132554087  0.0024245661891837248     
30.160408388277077   0.92286950102468226  0.0012868344973899486     
30.624414671173646   1.0323983488440877  0.0043960264299211823     
31.088420954070219   1.0900563149410304  0.0048328269888509506     
31.552427236966789   0.8340042152960248  0.0016693828263487338     
32.016433519863362   0.61713976180101847  0.00054462926526586034     
32.480439802759932   0.71851922496812416  0.00097906956012776681     
32.944446085656502   0.67996795082292711  0.00083577064102845363     
33.408452368553071   0.7211115650386147  0.0008977339455435762     
33.872458651449641   0.69330874846781287  0.0010540290884549761     
34.33646493434621   0.71406633608539156  0.00064399029867770567     
34.80047121724278   0.88398675847081447  0.0013932953576768352     
35.26447750013935   0.90696936851396085  0.0017996948585124605     
35.728483783035919   0.89445755270971008  0.0011725486351837941     
36.192490065932496   0.84949847159480582  0.00090437670674986946     
36.656496348829066   0.99069552297394009  0.0020556789439572989     
37.120502631725635   1.1451068008919945  0.0025034982869249244     
37.584508914622205   1.051322729215053  0.0022396304915163132     
38.048515197518775   0.87840987556790363  0.0015586434448379825     
38.512521480415344   0.90526966972714755  0.00099918166911591427     
38.976527763311914   0.94503524875768888  0.0017173208925161937     
39.440534046208484   0.9431664615543112  0.0010890190757368097     
39.904540329105053   0.93787236273879456  0.0015202637725734761     
40.36854661200163   0.8772645110473195  0.001619679901657158     
40.8325528948982   1.1734274658635582  0.0017892846771480508     
41.296559177794769   1.4144467126865869  0.0027529692975557579     
41.760565460691339   1.3114182939114056  0.0019797236979131306     
42.224571743587909   1.2809070505230537  0.0020861568885093283     
42.688578026484478   1.2783125162311504  0.0028774312071675576     
43.152584309381048   1.3388038081444964  0.0038322165217263196     
43.616590592277618   1.3163040570382404  0.002328727755813882     
44.080596875174187   1.0025348654109523  0.0015961024380369544     
44.544603158070757   0.90893898822204872  0.0018606881895822008     
45.008609440967334   1.0629128101499204  0.0022661007034900463     
45.472615723863903   1.0878910544581755  0.0017425137607739507     
45.936622006760473   1.1804120145295895  0.0013410576704133176     
46.400628289657043   1.3331140808970976  0.0012953493773504157     
