0.42972788892272645   14.815943323132092  0.018605562967221705
0.85945577784545291   6.6004280447724179  0.010311552415302892
1.2891836667681793   0.60113541307860843  0.0031692015087001644
1.7189115556909058   0.044709487032431873  0.00037956607637611625
2.1486394446136323   0.0095877397586083362  0.00014267750137361367
2.5783673335363586   0.14365775823210113  0.0017905945991482066
3.0080952224590853   0.41809384143076273  0.014074371748388883
3.4378231113818116   0.15450632445979144  0.0016286712385881033
3.8675510003045379   0.11732123399175256  0.00090159987306859194
4.2972788892272646   0.66600203404449607  0.0054861222006105719
4.7270067781499909   0.22607247933008948  0.0016874519351205284
5.1567346670727172   0.37089996300582967  0.0016309270077648772
5.5864625559954435   1.8744988651209237  0.010603905608320016
6.0161904449181707   0.74583942902669832  0.0063506775467928119
6.445918333840897   0.090270964630818888  0.00060392856203661644
6.8756462227636232   0.080280320328159259  0.00041712456114630274
7.3053741116863495   0.12892157066140022  0.00068336639922529995
7.7351020006090758   0.14462311564278429  0.0010729492293548925
8.1648298895318021   0.24254593625307112  0.004012106307234714
8.5945577784545293   7.4496069527187021  0.059285794780829655
9.0242856673772547   8.3018687312236635  0.10193982925951415
9.4540135562999819   0.87927107483857032  0.0064139304146997022
9.883741445222709   0.71626997340572669  0.0049294354745045579
10.313469334145434   0.37188010185629354  0.0031495851929582807
10.743197223068162   0.27996540645646181  0.0017529029552911734
11.172925111990887   0.23221094815226462  0.00074455535674134791
11.602653000913614   0.34190373443197916  0.0011810749869408035
12.032380889836341   0.3642102584779017  0.00168682962537784
12.462108778759067   0.26605165960055751  0.00088148520355828107
12.891836667681794   0.18077899124522848  0.00050338926110492299
13.321564556604519   0.10699135470771358  0.0002313511650496877
13.751292445527246   0.2252611337210814  0.0006612593015923788
14.181020334449974   0.68595845046696126  0.0030078160490210136
14.610748223372699   0.77940660598086271  0.0022691347414490375
15.040476112295426   0.75741160212977899  0.0034339950020067745
15.470204001218152   0.66828616529457265  0.0017718903320913858
15.899931890140879   1.0081657719531482  0.003570803182958173
16.329659779063604   1.2568354190126273  0.0058385257509228718
16.759387667986331   1.0697300538408937  0.0043792522538174305
17.189115556909059   0.89648670895098782  0.0059499584966988377
17.618843445831786   0.51781338561301797  0.0025544391160689643
18.048571334754509   0.4440038203999685  0.0023987058452079524
18.478299223677237   0.75412022071216892  0.0030288855113844763
18.908027112599964   0.96068362373403062  0.0045601709444783534
19.337755001522691   0.88792159690362965  0.0029178304405168136
19.767482890445418   0.91075545757078965  0.0042659793422518767
20.197210779368142   1.2824262134708455  0.0034421526529693421
20.626938668290869   1.5587257676484291  0.0052303436108630635
21.056666557213596   1.5849184196115201  0.0047561218822042189
21.486394446136323   1.1482483745101683  0.004149010592112969
21.91612233505905   1.0300776345727661  0.0063511482096843626
22.345850223981774   0.68217313803296942  0.0031480691409646974
22.775578112904501   0.55604637792252986  0.0022007924495633601
23.205306001827228   0.68977935970673411  0.0024085076906666673
23.635033890749956   0.85719922923014089  0.0028390848953364466
24.064761779672683   1.005613808757327  0.0017692156496377056
24.494489668595406   1.3087720411482041  0.0028277559317584585
24.924217557518134   1.71393591088367  0.0068916392851579433
25.353945446440861   1.9880137620735129  0.0075798630992299012
25.783673335363588   1.6183539498024079  0.0076103788955733333
26.213401224286315   1.6051488664108784  0.0083886290270726843
26.643129113209039   1.4441824548091202  0.009731525354653883
27.072857002131766   0.66052133971615341  0.0020743160603144916
27.502584891054493   0.56011830965932823  0.0010022386470241409
27.93231277997722   0.64057181382242426  0.0018391151339005752
28.362040668899947   0.71300400278177194  0.0013220775613389425
28.791768557822671   0.81795179327632118  0.0023015731915368567
29.221496446745398   1.0411398918505007  0.0022951733232415913
29.651224335668125   1.1263581852432091  0.0020172957083928816
30.080952224590852   1.0074721278271302  0.0023287366010398211
30.51068011351358   1.0277073435526525  0.0046566506567363304
30.940408002436303   1.2015214767916522  0.005814904926206236
31.37013589135903   0.90630782147249553  0.0024449605333206802
31.799863780281758   0.72846115588190152  0.0014203626395412487
32.229591669204481   0.67654750820428312  0.0013147464025594069
32.659319558127208   0.67665696128197649  0.00096990450163591915
33.089047447049936   0.66657252378592314  0.0013054269378723377
33.518775335972663   0.65534072900006779  0.001112036053350483
33.94850322489539   0.67430713697474285  0.00098980477799277309
34.378231113818117   0.72691302269541814  0.0007899259865907288
34.807959002740844   0.82020380675685358  0.0012890764822413106
35.237686891663571   0.93544082969850318  0.0013641269536570074
35.667414780586299   0.91163019231191035  0.0021703896009265333
36.097142669509019   0.86526637999462744  0.0011241542579285161
36.526870558431746   0.91027702486276685  0.0012077306034736334
36.956598447354473   1.0483827208046363  0.001070326608787169
37.3863263362772   1.0535293804712817  0.002389310310426291
37.816054225199927   0.92684484841770257  0.0025022922601837258
38.245782114122655   0.90250604400277542  0.0015644387987484897
38.675510003045382   0.96834192768766972  0.0021367633886180512
39.105237891968109   1.0557232965707648  0.0018158648012639746
39.534965780890836   1.0158787617161667  0.0013219999028905761
39.964693669813563   0.91847129440883829  0.0010550254732890921
40.394421558736283   0.89658499003268978  0.0011950796967183105
40.824149447659011   1.0116618075184482  0.00077780723645456621
41.253877336581738   1.2899585507128866  0.0020229674079874497
41.683605225504465   1.4644525461667176  0.0018157464418673232
42.113333114427192   1.3647763238125253  0.002136958586326232
42.543061003349919   1.2631223400509265  0.0022200258365055884
42.972788892272646   1.2491686315813902  0.0026994457499504431
