1.0430079999999999   0   0   
1.043024   0   0   
1.04304   0   0   
1.043056   0   0   
1.043072   0   0   
1.043088   0   0   
1.043104   0   0   
1.0431199999999998   0   0   
1.0431359999999998   0   0   
1.0431519999999999   0   0   
1.0431679999999999   0   0   
1.0431839999999999   0   0   
1.0431999999999999   0   0   
1.0432159999999999   0   0   
1.0432319999999999   0   0   
1.043248   0   0   
1.043264   0   0   
1.04328   0   0   
1.043296   0   0   
1.043312   0   0   
1.043328   0   0   
1.0433439999999998   0   0   
1.0433599999999998   0   0   
1.0433759999999999   0   0   
1.0433919999999999   0   0   
1.0434079999999999   0   0   
1.0434239999999999   0   0   
1.0434399999999999   0   0   
1.0434559999999999   0   0   
1.043472   0   0   
1.043488   0   0   
1.043504   0   0   
1.04352   0   0   
1.043536   0   0   
1.043552   0   0   
1.0435679999999998   0   0   
1.0435839999999998   0   0   
1.0435999999999999   0   0   
1.0436159999999999   0   0   
1.0436319999999999   0   0   
1.0436479999999999   0   0   
1.0436639999999999   0   0   
1.0436799999999999   0   0   
1.043696   0   0   
1.043712   0   0   
1.043728   0   0   
1.043744   0   0   
1.04376   0   0   
1.043776   0   0   
1.0437919999999998   0   0   
1.0438079999999998   0   0   
1.0438239999999999   0   0   
1.0438399999999999   0   0   
1.0438559999999999   0   0   
1.0438719999999999   0   0   
1.0438879999999999   0   0   
1.0439039999999999   0   0   
1.04392   0   0   
1.043936   0   0   
1.043952   0   0   
1.043968   0   0   
1.043984   0   0   
1.0439999999999998   0   0   
1.0440159999999998   0   0   
1.0440319999999998   0   0   
1.0440479999999999   0   0   
1.0440639999999999   0   0   
1.0440799999999999   0   0   
1.0440959999999999   0   0   
1.0441119999999999   0   0   
1.0441279999999999   0   0   
1.044144   0   0   
1.04416   0   0   
1.044176   0   0   
1.044192   0   0   
1.044208   0   0   
1.0442239999999998   0   0   
1.0442399999999998   0   0   
1.0442559999999999   0   0   
1.0442719999999999   0   0   
1.0442879999999999   0   0   
1.0443039999999999   0   0   
1.0443199999999999   0   0   
1.0443359999999999   0   0   
1.0443519999999999   0   0   
1.044368   0   0   
1.044384   2e-07   2e-07   
1.0444   0   0   
1.044416   0   0   
1.044432   6e-07   4.2687494916218991e-07   
1.0444479999999998   0   0   
1.0444639999999998   8e-07   8e-07   
1.0444799999999999   0   0   
1.0444959999999999   0   0   
1.0445119999999999   1.8e-06   1.2092238098144703e-06   
1.0445279999999999   3.2e-06   9.977753031397177e-07   
1.0445439999999999   1.2e-06   5.3333333333333333e-07   
1.0445599999999999   4.2e-06   1.2806248474865697e-06   
1.0445759999999999   4.2e-06   1.3482498944104456e-06   
1.044592   9.2e-06   2.4979991993593593e-06   
1.044608   9.8e-06   1.8e-06   
1.044624   1.74e-05   2.6170381901854029e-06   
1.04464   2.38e-05   3.9378505134992957e-06   
1.044656   2.44e-05   5.968807809493171e-06   
1.0446719999999998   2.8e-05   3.8873012632302003e-06   
1.0446879999999998   4.68e-05   7.043988768998555e-06   
1.0447039999999999   7.24e-05   1.0802468853615517e-05   
1.0447199999999999   7.48e-05   7.1380047009728924e-06   
1.0447359999999999   9.58e-05   1.0722561882933264e-05   
1.0447519999999999   0.0001076   1.0953639679221798e-05   
1.0447679999999999   0.0001266   1.0720903776164479e-05   
1.0447839999999999   0.0001778   1.977079776955003e-05   
1.0448   0.00023   2.1197484127446194e-05   
1.044816   0.0002742   2.0841091888648999e-05   
1.044832   0.0002862   2.0913472531679987e-05   
1.044848   0.0004082   3.2895051975098693e-05   
1.044864   0.0004316   2.7367133572955718e-05   
1.04488   0.0005148   3.4856148827876999e-05   
1.0448959999999998   0.0005676   3.2486304806795124e-05   
1.0449119999999998   0.0006818   5.189857630245961e-05   
1.0449279999999999   0.0007378   4.8792030314614109e-05   
1.0449439999999999   0.0008694   6.185793760257809e-05   
1.0449599999999999   0.0009652   6.4525068341261325e-05   
1.0449759999999999   0.0010496   7.8669378484332207e-05   
1.0449919999999999   0.0012164   8.9138493991715561e-05   
1.0450079999999999   0.001294   7.171052921294055e-05   
1.045024   0.0014788   9.6908754334511321e-05   
1.04504   0.0015588   0.00011989854970858581   
1.045056   0.001753   0.00011521004971596686   
1.045072   0.001855   0.00012198114608413876   
1.045088   0.0019408   0.00013201084130563755   
1.045104   0.0020794   0.00012600883566903817   
1.0451199999999998   0.0022268   0.0001664828853399385   
1.0451359999999998   0.0023094   0.00015345330089494835   
1.0451519999999999   0.002476   0.00016680154542316314   
1.0451679999999999   0.0026766   0.00018479226775550492   
1.0451839999999999   0.0026506   0.00016791374770002207   
1.0451999999999999   0.0028644   0.00016941121568538489   
1.0452159999999999   0.0028838   0.00017658877528188352   
1.0452319999999999   0.0031214   0.00015753519536210877   
1.045248   0.003106   0.00018153714036894305   
1.045264   0.0031842   0.00018764326674718588   
1.04528   0.0032104   0.00016185090532819257   
1.045296   0.0032466   0.00017136654671590174   
1.045312   0.003423   0.0001842305922237431   
1.045328   0.00342   0.00019106275874114709   
1.0453439999999998   0.0035642   0.00021598548305126641   
1.0453599999999998   0.0035074   0.00019807653963949278   
1.0453759999999999   0.0036066   0.00020142802409021662   
1.0453919999999999   0.0034812   0.00015329541560152555   
1.0454079999999999   0.003554   0.0001660115123183396   
1.0454239999999999   0.0034956   0.00015338399163175044   
1.0454399999999999   0.0034518   0.00013635165321085525   
1.0454559999999999   0.0035068   0.00018198100022926691   
1.045472   0.003584   0.00015957499107873319   
1.045488   0.0036042   0.00016490736793727562   
1.045504   0.0035532   0.00014967704492599317   
1.04552   0.003585   0.00019426791351693213   
1.045536   0.0036826   0.00018185172225989197   
1.045552   0.003562   0.00015527266340215846   
1.0455679999999998   0.003555   0.00018549687029405345   
1.0455839999999998   0.0036722   0.00017041451424883582   
1.0455999999999999   0.003565   0.00017192950751850467   
1.0456159999999999   0.0035538   0.00015253631990083178   
1.0456319999999999   0.0034698   0.00018127608164834592   
1.0456479999999999   0.0034374   0.00014581450926129097   
1.0456639999999999   0.0035194   0.00015977207376621096   
1.0456799999999999   0.0034766   0.00013437858625705379   
1.045696   0.0033834   0.00015325129689500184   
1.045712   0.0035998   0.00019011585941209639   
1.045728   0.0035052   0.0001159908808676115   
1.045744   0.0034834   0.0001613063476053493   
1.04576   0.00345   0.00012713527353876963   
1.0457759999999998   0.0033586   0.00014186693295714356   
1.0457919999999998   0.003515   0.00015317796476284991   
1.0458079999999998   0.0034628   0.00016972086887985618   
1.0458239999999999   0.0034452   0.00013989780396973912   
1.0458399999999999   0.003379   0.00013771088878113048   
1.0458559999999999   0.0033694   0.00015584324032679619   
1.0458719999999999   0.0033938   0.00014886696521838998   
1.0458879999999999   0.0033716   0.00017696020896109824   
1.0459039999999999   0.0033818   0.00018492195350711848   
1.04592   0.003397   0.00015389267544479027   
1.045936   0.0033376   0.00015350998519821294   
1.045952   0.0033562   0.00016562218047914557   
1.045968   0.0034778   0.00016347733787898554   
1.045984   0.0034494   0.00017087618649510853   
1.0459999999999998   0.0034526   0.00017513932231861074   
1.0460159999999998   0.003472   0.00018593308234714744   
1.0460319999999999   0.0033974   0.00015805120126788731   
1.0460479999999999   0.0033872   0.00015841077404436017   
1.0460639999999999   0.0034974   0.0001651036172966675   
1.0460799999999999   0.0034486   0.00019883126291182459   
1.0460959999999999   0.0034682   0.00019343295134662726   
1.0461119999999999   0.0034858   0.00018216560231467045   
1.0461279999999999   0.0034652   0.00015247038328074662   
1.046144   0.0033916   0.00014932791656842557   
1.04616   0.0034564   0.00017679462033042119   
1.046176   0.0034124   0.00014465093616473187   
1.046192   0.0034842   0.00017117514097814814   
1.046208   0.0034314   0.00015761670808219117   
1.0462239999999998   0.0035354   0.0001734881488107409   
1.0462399999999998   0.0034784   0.00013405232809118485   
1.0462559999999999   0.003543   0.00015788131970284233   
1.0462719999999999   0.003439   0.000156318265087609   
1.0462879999999999   0.0035034   0.00016555604623342647   
1.0463039999999999   0.0034744   0.00015565768710717616   
1.0463199999999999   0.0035308   0.00017669287855862594   
1.0463359999999999   0.003547   0.00015804253998352609   
1.0463519999999999   0.003431   0.00020991601495201202   
1.046368   0.0034696   0.0001888206203428711   
1.046384   0.0034498   0.00016898427277248153   
1.0464   0.003393   0.00016582969845262606   
1.046416   0.0034978   0.00018890525550009337   
1.046432   0.0034988   0.00018440612185547902   
1.0464479999999998   0.0034566   0.00017578220109619239   
1.0464639999999998   0.003487   0.00017362392308281329   
1.0464799999999999   0.0034086   0.00017159099950495979   
1.0464959999999999   0.003415   0.00016047408928962125   
1.0465119999999999   0.0033752   0.00015445537291471029   
1.0465279999999999   0.0034276   0.00018904456852522605   
1.0465439999999999   0.0033932   0.00013583755003679947   
1.0465599999999999   0.0033436   0.0001485601412073762   
1.046576   0.0033548   0.00015489270838587306   
1.046592   0.0033178   0.00017315540868120625   
1.046608   0.0032844   0.0001858043893752543   
1.046624   0.003343   0.0001782989374929394   
1.04664   0.0032206   0.00016390784673780027   
1.046656   0.0033032   0.00016720797429149923   
1.0466719999999998   0.0031504   0.00013931253433278077   
1.0466879999999998   0.0032744   0.0001575097316217495   
1.0467039999999999   0.0032404   0.00015123397619435771   
1.0467199999999999   0.0031884   0.000171834494014832   
1.0467359999999999   0.0031568   0.00013471457893553236   
1.0467519999999999   0.0032706   0.00017552487636293102   
1.0467679999999999   0.003178   0.00017191082959875836   
1.0467839999999999   0.0031834   0.00015179812617786529   
1.0468   0.003165   0.00015338933759844225   
1.046816   0.003135   0.00016324984260669629   
1.046832   0.0030898   0.00016944129104533851   
1.046848   0.00318   0.00015683310308165882   
1.046864   0.0030992   0.00014449735099455784   
1.04688   0.0031794   0.00015145547200415045   
1.0468959999999998   0.0031272   0.0001336264112283862   
1.0469119999999998   0.0030352   0.00014504748647713043   
1.0469279999999999   0.0031332   0.00014776864800536457   
1.0469439999999999   0.0031264   0.00012967713753780965   
1.0469599999999999   0.0030812   0.00014586666666666667   
1.0469759999999999   0.0030492   0.00010620449875384543   
1.0469919999999999   0.0030744   0.0001234496028525181   
1.0470079999999999   0.003076   0.00011229405841608698   
1.047024   0.0031476   0.00012116904628566562   
1.04704   0.0030298   0.00012727309220726901   
1.047056   0.0031184   0.0001362992785503039   
1.047072   0.0031614   0.00013383374429160648   
1.047088   0.003085   9.8862530819314958e-05   
1.047104   0.0031556   9.9072050100475417e-05   
1.0471199999999998   0.0030884   0.00012025557968112933   
1.0471359999999998   0.0031584   0.00015534758160689567   
1.0471519999999999   0.0031798   0.00010549837281525562   
1.0471679999999999   0.0031704   0.00012764004944460897   
1.0471839999999999   0.003133   0.000114768268940311   
1.0471999999999999   0.0032046   9.2985088410275045e-05   
1.0472159999999999   0.0030988   0.00011036795025932322   
1.0472319999999999   0.0031752   7.7174664812287256e-05   
1.047248   0.003203   9.9069560298700114e-05   
1.047264   0.0031966   0.00010637754566741151   
1.04728   0.0033404   9.1355131218777195e-05   
1.047296   0.0031972   8.0605596717735564e-05   
1.047312   0.0032988   0.00012343534519919505   
1.047328   0.003286   0.00010235493800170724   
1.0473439999999998   0.0033362   9.5147814828647886e-05   
1.0473599999999998   0.0033672   0.00011483058051852835   
1.0473759999999999   0.0034138   9.9454266429907929e-05   
1.0473919999999999   0.0033526   0.00011493923032049008   
1.0474079999999999   0.0034192   0.0001074889968529079   
1.0474239999999999   0.0033496   0.00010224232652543336   
1.0474399999999999   0.0034954   0.00010196995200112193   
1.0474559999999999   0.0035608   8.8794994853939325e-05   
1.047472   0.0034946   6.3943760011782574e-05   
1.047488   0.003494   0.00010049610274367194   
1.047504   0.0035012   9.6113913896191141e-05   
1.04752   0.0036082   0.00011320284645027458   
1.047536   0.0037518   0.00011315336691607742   
1.0475519999999998   0.0037448   0.00013960331100817217   
1.0475679999999998   0.0036514   0.00012667264898153824   
1.0475839999999998   0.0037914   0.00012369785770174033   
1.0475999999999999   0.0037784   0.00011316528717863187   
1.0476159999999999   0.003783   0.00010907703699679415   
1.0476319999999999   0.0038146   0.00011626637996906548   
1.0476479999999999   0.003855   0.00011008935764489984   
1.0476639999999999   0.003978   0.00013934704876673922   
1.0476799999999999   0.0039934   0.00012331064656206923   
1.047696   0.0039902   0.00011263173028355139   
1.047712   0.00405   0.0001838825712241375   
1.047728   0.0040264   0.00011352446628125782   
1.047744   0.0040162   0.00015394008935657765   
1.04776   0.0042334   0.00015796822465293456   
1.0477759999999998   0.0040628   0.00016671497966422947   
1.0477919999999998   0.0042428   0.00014361497910114468   
1.0478079999999999   0.0042282   0.00015909171359103947   
1.0478239999999999   0.0042552   0.00016872705111444868   
1.0478399999999999   0.0043112   0.00017455217621737697   
1.0478559999999999   0.0042168   0.00015502808347737086   
1.0478719999999999   0.0043816   0.00016453511614377171   
1.0478879999999999   0.0043634   0.00016415793208574073   
1.0479039999999999   0.00434   0.00018865370980243729   
1.04792   0.0044612   0.00015345421322191045   
1.047936   0.0043776   0.0001794465070400895   
1.047952   0.0043732   0.00015422010245100994   
1.047968   0.004415   0.0001560943446907813   
1.047984   0.0045094   0.00014405278353591243   
1.0479999999999998   0.0045498   0.00018095731847900242   
1.0480159999999998   0.0046268   0.00017112391871259714   
1.0480319999999999   0.0046348   0.00016774827702377287   
1.0480479999999999   0.004659   0.00017939881084704361   
1.0480639999999999   0.0046368   0.00018267766390253869   
1.0480799999999999   0.0046688   0.00017951222799575521   
1.0480959999999999   0.0047376   0.00014873325862839899   
1.0481119999999999   0.0046418   0.00014861268078091078   
1.0481279999999999   0.0047452   0.00019478790745035712   
1.048144   0.0047792   0.00014959477115045016   
1.04816   0.0046438   0.00016963475796873444   
1.048176   0.0047014   0.00018002914578848985   
1.048192   0.004818   0.00017978209032047658   
1.048208   0.0048132   0.00018152715132086072   
1.0482239999999998   0.004756   0.00021567506423630279   
1.0482399999999998   0.0047568   0.00014951185757509521   
1.0482559999999999   0.004863   0.00018418619805934308   
1.0482719999999999   0.0047978   0.0001399102728338575   
1.0482879999999999   0.0047126   0.00017514363629128331   
1.0483039999999999   0.0048176   0.00017951757574120702   
1.0483199999999999   0.0047362   0.00016510022545243372   
1.0483359999999999   0.004779   0.000180738054776642   
1.048352   0.0048058   0.00015707675406204021   
1.048368   0.00488   0.00018999766080431388   
1.048384   0.0047502   0.00017563104003057723   
1.0484   0.0048094   0.00018632851514343036   
1.048416   0.0048024   0.00016932068194208684   
1.048432   0.0047566   0.00018840784366781431   
1.0484479999999998   0.0047646   0.00018739525666948516   
1.0484639999999998   0.004792   0.00021338332747533122   
1.0484799999999999   0.0047312   0.00016753008353393992   
1.0484959999999999   0.004691   0.00018416447962502312   
1.0485119999999999   0.0047138   0.00019278691749067299   
1.0485279999999999   0.0048048   0.00018878987731808551   
1.0485439999999999   0.00459   0.00019075079728972738   
1.0485599999999999   0.0047608   0.00019469456421105684   
1.048576   0.0046848   0.00019018031210172916   
1.048592   0.0046314   0.0001749443213012516   
1.048608   0.004614   0.00017206329584713231   
1.048624   0.0046324   0.00019627436579101884   
1.04864   0.0046338   0.00019962931203163082   
1.048656   0.0045434   0.00020357844242999361   
1.0486719999999998   0.004528   0.00020044661245440005   
1.0486879999999998   0.0045736   0.00021740914833046419   
1.0487039999999999   0.004401   0.00018879224324932185   
1.0487199999999999   0.0045766   0.0002472569603559108   
1.0487359999999999   0.004499   0.00019724372965670896   
1.0487519999999999   0.0044204   0.00021411498468502074   
1.0487679999999999   0.0043894   0.00019324941857034856   
1.0487839999999999   0.0044728   0.00020698216777726959   
1.0488   0.0044314   0.00020228342053223794   
1.048816   0.0043964   0.00022139372670024375   
1.048832   0.0043598   0.00019066886945114501   
1.048848   0.0043302   0.00022065628374364406   
1.048864   0.004287   0.00020337797324194181   
1.04888   0.0043022   0.00022750969698503451   
1.0488959999999998   0.0041798   0.00023383554524969514   
1.0489119999999998   0.0042266   0.00022168246560239165   
1.0489279999999999   0.004088   0.00021078456616491952   
1.0489439999999999   0.004162   0.00023073679088230959   
1.0489599999999999   0.0040904   0.00022360298149473171   
1.0489759999999999   0.003937   0.00020608331648470075   
1.0489919999999999   0.0038576   0.00020363819768293854   
1.0490079999999999   0.0038526   0.00022647698926528202   
1.049024   0.0038022   0.00021362759913248829   
1.04904   0.0037622   0.00021434975572129253   
1.049056   0.0035198   0.00022608345558419105   
1.049072   0.00359   0.00019136445739884812   
1.049088   0.0033854   0.00018354316476876314   
1.049104   0.00336   0.00016889891783088619   
1.0491199999999998   0.0032026   0.00018410239904285151   
1.0491359999999998   0.0030518   0.00019164908904905688   
1.0491519999999999   0.0029662   0.00019223976926975565   
1.0491679999999999   0.0028386   0.00016517305403054633   
1.0491839999999999   0.0027086   0.0001571185115340222   
1.0491999999999999   0.0026072   0.00018399714973637801   
1.0492159999999999   0.0023942   0.00014758724726600044   
1.0492319999999999   0.002309   0.0001295785476072332   
1.049248   0.0021846   0.00013933781491995153   
1.049264   0.0020166   0.00012442152368282409   
1.04928   0.001891   0.00011597059014154312   
1.049296   0.0017482   0.00011286036603795959   
1.049312   0.0016452   9.1124920362714782e-05   
1.0493279999999998   0.0014924   9.6546960364143809e-05   
1.0493439999999998   0.0013722   9.1179164286584685e-05   
1.0493599999999998   0.0012634   8.3731342863815207e-05   
1.0493759999999999   0.0010812   6.7558172463934122e-05   
1.0493919999999999   0.0009934   5.7397677072624928e-05   
1.0494079999999999   0.000878   6.6936122119857261e-05   
1.0494239999999999   0.0007662   5.8076156897646043e-05   
1.0494399999999999   0.0006746   6.7331386110457845e-05   
1.0494559999999999   0.0006318   5.6656822674374845e-05   
1.049472   0.0005194   4.6535100252987052e-05   
1.049488   0.0004456   3.2449345139771311e-05   
1.049504   0.0003748   3.4454736813519399e-05   
1.04952   0.0003424   3.1314604331596535e-05   
1.049536   0.0002726   2.1262486527528556e-05   
1.0495519999999998   0.0002138   1.6120242622932889e-05   
1.0495679999999998   0.000196   1.9548230951503856e-05   
1.0495839999999999   0.0001794   2.3015067528324424e-05   
1.0495999999999999   0.0001256   1.7217045817057776e-05   
1.0496159999999999   8.68e-05   9.4619706662454248e-06   
1.0496319999999999   8.5e-05   1.3516245369513269e-05   
1.0496479999999999   5.56e-05   7.4523672599904641e-06   
1.0496639999999999   5.64e-05   1.0100825048809957e-05   
1.0496799999999999   4.28e-05   3.7022515671772855e-06   
1.049696   3.14e-05   4.3210081128263473e-06   
1.049712   3e-05   3.7947331922020552e-06   
1.049728   2.06e-05   3.9333333333333333e-06   
1.049744   1.38e-05   3.2034703404623902e-06   
1.04976   1.08e-05   2.8e-06   
1.0497759999999998   4.6e-06   1.4e-06   
1.0497919999999998   4.6e-06   1.4922019523732928e-06   
1.0498079999999999   3.2e-06   2.7680719322702259e-06   
1.0498239999999999   3.8e-06   1.7499206331208916e-06   
1.0498399999999999   1.4e-06   6e-07   
1.0498559999999999   6e-07   6e-07   
1.0498719999999999   8e-07   5.3333333333333333e-07   
1.0498879999999999   8e-07   8e-07   
1.0499039999999999   4e-07   2.6666666666666667e-07   
1.04992   2e-07   2e-07   
1.049936   0   0   
1.049952   0   0   
1.049968   0   0   
1.049984   0   0   
1.0499999999999998   0   0   
1.0500159999999998   0   0   
1.0500319999999999   0   0   
1.0500479999999999   0   0   
1.0500639999999999   0   0   
1.0500799999999999   0   0   
1.0500959999999999   0   0   
1.0501119999999999   0   0   
1.050128   0   0   
1.050144   0   0   
1.05016   0   0   
1.050176   0   0   
1.050192   0   0   
1.050208   0   0   
1.0502239999999998   0   0   
1.0502399999999998   0   0   
1.0502559999999999   0   0   
1.0502719999999999   0   0   
1.0502879999999999   0   0   
1.0503039999999999   0   0   
1.0503199999999999   0   0   
1.0503359999999999   0   0   
1.050352   0   0   
1.050368   0   0   
1.050384   0   0   
1.0504   0   0   
1.050416   0   0   
1.050432   0   0   
1.0504479999999998   0   0   
1.0504639999999998   0   0   
1.0504799999999999   0   0   
1.0504959999999999   0   0   
1.0505119999999999   0   0   
1.0505279999999999   0   0   
1.0505439999999999   0   0   
1.0505599999999999   0   0   
1.050576   0   0   
1.050592   0   0   
1.050608   0   0   
1.050624   0   0   
1.05064   0   0   
1.050656   0   0   
1.0506719999999998   0   0   
1.0506879999999998   0   0   
1.0507039999999999   0   0   
1.0507199999999999   0   0   
1.0507359999999999   0   0   
1.0507519999999999   0   0   
1.0507679999999999   0   0   
1.0507839999999999   0   0   
1.0508   0   0   
1.050816   0   0   
1.050832   0   0   
1.050848   0   0   
1.050864   0   0   
1.05088   0   0   
1.0508959999999998   0   0   
1.0509119999999998   0   0   
1.0509279999999999   0   0   
1.0509439999999999   0   0   
1.0509599999999999   0   0   
1.0509759999999999   0   0   
1.0509919999999999   0   0   
