0.44102683529415743   7.6774839986650803  0.011037078940360757
0.88205367058831485   2.2658991162798675  0.0050296895938723631
1.3230805058824724   0.15613489944778198  0.00088049243616033154
1.7641073411766297   2.7038053483374053e-06  1.1943180171604055e-07
2.205134176470787   0.068747539918105506  0.00053203402355550201
2.6461610117649448   0.80888249170859847  0.0064495910600580951
3.0871878470591021   0.41326337174559909  0.0014921029437382087
3.5282146823532594   2.666186487087406e-05  1.3866054708666698e-06
3.9692415176474167   0.0058012224514963084  0.00038589785494027102
4.410268352941574   0.010776149521380787  0.0011752391130321594
4.8512951882357314   0.0068740037710983933  0.00045753083644828623
5.2923220235298896   5.7432019435885302e-05  2.9509710768887518e-06
5.7333488588240469   0.36002368355663005  0.001427237054486381
6.1743756941182042   0.79970309278769034  0.0058745603161257161
6.6154025294123615   0.080432531467421547  0.00072188097073846414
7.0564293647065188   4.5818760054571196e-05  1.9830953268475521e-06
7.4974562000006761   0.125707678032429  0.00058137061886286821
7.9384830352948335   2.1146957180278174  0.0051805153602644875
8.3795098705889917   8.0109957449970021  0.023620775431102692
8.8205367058831481   99.568458002708519  0.0028212344568718452
9.2615635411773063   7.3468875447323337  0.021388884019568692
9.7025903764714627   2.3983507039148975  0.0049981545500537604
10.143617211765621   0.19054755904324545  0.0013297412075286875
10.584644047059779   0.00010140472386788912  3.9424035047612622e-06
11.025670882353936   0.057542580891817289  0.00038936413101345168
11.466697717648094   0.8073907977056036  0.0070017124193632439
11.90772455294225   0.46162460462048727  0.0016092597892116414
12.348751388236408   0.00034740552967820698  1.7881874964989447e-05
12.789778223530565   0.0047840964352114068  0.00031423562413613389
13.230805058824723   0.017117957070744982  0.001240689192299613
13.671831894118879   0.0079560590130419706  0.00052635893949865901
14.112858729413038   0.00040043788295268541  1.9758772383909223e-05
14.553885564707196   0.30387418412338934  0.0013735095640241469
14.994912400001352   0.78029882300550633  0.0053273952096996343
15.43593923529551   0.092250052699229779  0.00094659634984251988
15.876966070589667   0.00026494113531825222  9.9853339688211345e-06
16.317992905883823   0.099395125979276516  0.00045403123333522628
16.759019741177983   1.9489117479222562  0.0053308196183816224
17.20004657647214   8.3342038504666185  0.040724518063006517
17.641073411766296   98.284256734624505  0.011163700227092803
18.082100247060456   7.0306717495179404  0.040234786561330323
18.523127082354613   2.5084625531159736  0.0052401631673459567
18.964153917648769   0.2286199835563538  0.0019069751772510577
19.405180752942925   0.00038932306903535252  1.1459287817019658e-05
19.846207588237085   0.047110911479432489  0.00030274593532566531
20.287234423531242   0.79510592199644716  0.0074830443476509577
20.728261258825398   0.50341302690147811  0.0018091394021388045
21.169288094119558   0.0010986761523335318  5.5097649714436266e-05
21.610314929413715   0.0039203057320408976  0.00024592263038774998
22.051341764707871   0.029511433292251845  0.0014020182073412987
22.492368600002028   0.0090690386153854093  0.00059035631399172774
22.933395435296188   0.0010654949592309047  4.8892049914129117e-05
23.374422270590344   0.24697840589306208  0.0012965298642914269
23.8154491058845   0.75141005388414902  0.0048551947609978658
24.256475941178657   0.10381614021567866  0.0011936870733861244
24.697502776472817   0.00076259782307323519  2.3168671322088837e-05
25.138529611766973   0.077149419558639419  0.00045383547978438527
25.57955644706113   1.7730915369019646  0.0054106542487422572
26.02058328235529   8.6327721758808947  0.057227588398625535
26.461610117649446   96.178280989702048  0.024669751319555155
26.902636952943602   6.7380450939366225  0.059980500112783156
27.343663788237759   2.5934129263207276  0.0058807208520633912
27.784690623531919   0.26982286147352637  0.0025975018193883185
28.225717458826075   0.0010007762961349915  1.9706224512946477e-05
28.666744294120232   0.037679146182636876  0.00026643510070930151
29.107771129414392   0.77224770590084972  0.0078523794493939734
29.548797964708548   0.53727100731993852  0.0020968216014429706
29.989824800002705   0.0023858302601676973  0.0001154616407492056
30.430851635296861   0.003338443223758847  0.00018453706282745841
30.871878470591021   0.04739549701505088  0.0016874858475877771
31.312905305885177   0.010313425049675168  0.0006480856076118697
31.753932141179334   0.0021158525622755912  8.7408797935075804e-05
32.194958976473494   0.19160230284794958  0.0011765529151662558
32.635985811767647   0.71403150684397976  0.0044913779905170454
33.077012647061807   0.11473201427414373  0.0014506321471455306
33.518039482355967   0.001690080372137692  3.9722143802544661e-05
33.95906631765012   0.05877498789385087  0.00048384192775607976
34.400093152944279   1.5919286555655676  0.0053892127837725827
34.841119988238439   8.8919796640448018  0.072336908057946833
35.282146823532592   93.300726614665415  0.042763169071455748
35.723173658826752   6.4756163071893812  0.079498338756205785
36.164200494120912   2.6512897124918072  0.0069507204358527436
36.605227329415065   0.31342962259007246  0.0033875941833423429
37.046254164709225   0.0021534471422974322  2.7293504085356968e-05
37.487281000003378   0.029401296387481323  0.00025582363656825749
37.928307835297538   0.73938166195528677  0.0080773612616983131
38.369334670591698   0.56222039992616921  0.0024540554704235841
38.810361505885851   0.0043245122932759039  0.00020102527813482787
39.251388341180011   0.0031764718597539507  0.00013370707979346687
39.692415176474171   0.069974947165995206  0.0020961685841380698
40.133442011768324   0.011871606521998368  0.00069849059171013628
40.574468847062484   0.003667008406121601  0.0001324809186915685
41.015495682356644   0.14001357028164568  0.0010085284149220232
41.456522517650797   0.66936529982863886  0.0042448955626798147
41.897549352944957   0.12460772304010181  0.0017049855216271094
42.338576188239117   0.0032236923004383767  5.7950561182022256e-05
42.779603023533269   0.043964797111505757  0.00049273685642989638
43.220629858827429   1.4100427133406482  0.0052612683994436851
43.661656694121582   9.0975042910377887  0.085707062017031281
44.102683529415742   89.719248055034613  0.064677697202245011
