0.4848420195558783   0.0001509478042448779  7.0800676079929144e-07     
0.9696840391117566   0.00015559104342492018  5.3512164466651631e-07     
1.454526058667635   0.00018333221738349313  3.7020985309087243e-07     
1.9393680782235132   0.00023727566743867747  1.8621918967901202e-07     
2.4242100977793917   0.00032698292439891076  2.9793655507000688e-07     
2.9090521173352699   0.00048223518084196017  3.9255759772012533e-07     
3.3938941368911482   0.00080571013451693999  1.7399682576427364e-06     
3.8787361564470264   0.0018212873170243573  6.6547428655313019e-06     
4.3635781760029051   0.0075130783460358022  2.6851064529978022e-05     
4.8484201955587833   104.69725522439165  0.11108002934537971     
5.3332622151146616   0.010583122465415892  5.3789217483456207e-05     
5.8181042346705398   0.0041341517464527556  7.1210659495312842e-06     
6.3029462542264181   0.0031799034829898641  1.2351868245197561e-05     
6.7877882737822963   0.0030547145502070934  1.7395780856398419e-05     
7.2726302933381746   0.0031510656070692337  1.7053973440862453e-05     
7.7574723128940528   0.0031146342064499799  1.4100029444556391e-05     
8.2423143324499311   0.0033614542867651498  1.2191993140778401e-05     
8.7271563520058102   0.0039315773216485176  2.0238871289259008e-05     
9.2119983715616875   0.0048622732197097183  1.8556299235651142e-05     
9.6968403911175667   2.2157654405524509  0.0043767654859898715     
10.181682410673444   0.005573013944392805  2.1794035680888443e-05     
10.666524430229323   0.0058132513806905383  3.8705626588143286e-05     
11.151366449785201   0.0061783678977631975  2.6720433887201166e-05     
11.63620846934108   0.0069791050805541328  3.4913548062869498e-05     
12.121050488896957   0.0079633268482118769  4.3293699797377863e-05     
12.605892508452836   0.0087868299170486866  3.5518242665486612e-05     
13.090734528008714   0.01149522588007752  3.9824868803753804e-05     
13.575576547564593   0.021645124755710547  9.5627479420987599e-05     
14.06041856712047   0.066441165894669993  0.00040028734609093982     
14.545260586676349   35.754836255277871  0.58313064323885799     
15.030102606232226   0.067494152441100004  0.00049479938961708974     
15.514944625788106   0.026479699603758353  8.0146411281910838e-05     
15.999786645343985   0.017586400280064614  2.7985267356536507e-05     
16.484628664899862   0.015399587322527786  2.6330659911812187e-05     
16.969470684455739   0.016945514250675091  3.4627574651915018e-05     
17.45431270401162   0.022591171270249562  7.0978566239352879e-05     
17.939154723567498   0.039378534976411834  0.00013553397791261908     
18.423996743123375   0.092694744324979131  0.00049857669497269278     
18.908838762679252   0.29180668252208817  0.0011209645362359639     
19.393680782235133   67.801536507849874  1.9253901611909777     
19.878522801791011   0.28751009201474621  0.0022007551590277     
20.363364821346888   0.10532950322207277  0.00041149629116363349     
20.848206840902765   0.066080913401323321  0.00042971838056171624     
21.333048860458646   0.052475896154112454  0.00037380725788827218     
21.817890880014524   0.050254699704972957  0.0002784583740299758     
22.302732899570401   0.052351611071106439  0.00020570014987491069     
22.787574919126278   0.071068189097322376  0.00030412625142209704     
23.272416938682159   0.13096779592854592  0.00071377842222315284     
23.757258958238037   0.33658045647287493  0.00094720348912545581     
24.242100977793914   35.190004219097298  1.5228149719777205     
24.726942997349795   0.33330167919215645  0.002976869779296712     
25.211785016905672   0.13692342294502621  0.00062690420701965978     
25.69662703646155   0.098347490026995812  0.00076785616864045391     
26.181469056017427   0.087721362264549368  0.00083666769517539756     
26.666311075573308   0.083159706536177699  0.00076474039962964269     
27.151153095129185   0.081045633490851375  0.00084503937141795149     
27.635995114685063   0.066109035980963823  0.00055765622678673334     
28.12083713424094   0.063856646032624917  0.00036157707969052836     
28.605679153796821   0.085181686142687711  0.00043977552200520648     
29.090521173352698   3.3657072465350411  0.16692122052778533     
29.575363192908576   0.086096157606313133  0.00064540880797312734     
30.060205212464453   0.057474086608594881  0.00029626245461871718     
30.545047232020334   0.054598055783037414  0.00027078699071022632     
31.029889251576211   0.058676063349709135  0.00035813758387922224     
31.514731271132089   0.064526446990603481  0.00046088024301611461     
31.99957329068797   0.067605250801317915  0.0005223420998588932     
32.484415310243847   0.068181863145463345  0.00035716972055650549     
32.969257329799724   0.092546732960590077  0.00034016363174450051     
33.454099349355602   0.18065069638796613  0.00069635765226150797     
33.938941368911479   4.8808801757720687  0.25381830668538212     
34.423783388467356   0.20240462820240108  0.0012939781818865942     
34.908625408023241   0.11839737998519691  0.00038130942361600515     
35.393467427579118   0.094779806816189875  0.00040729135389112099     
35.878309447134995   0.09335139436374085  0.00038609700806008501     
36.363151466690873   0.11198872613667348  0.00047849690212346687     
36.84799348624675   0.14299951605531555  0.00060589703597550226     
37.332835505802628   0.19061147124145045  0.00077419609130860766     
37.817677525358505   0.29647196605308109  0.0014693475769760966     
38.302519544914382   0.67201607608864218  0.0085528054067874974     
38.787361564470267   21.961863316196061  0.99668793927219001     
39.272203584026144   0.77904152725602412  0.0098707349405175146     
39.757045603582021   0.36639603779266606  0.00089596951644713279     
40.241887623137899   0.28550254243158796  0.0016852585411202457     
40.726729642693776   0.31111350158063398  0.002686239867137789     
41.211571662249654   0.5475469138891368  0.0058050467657859972     
41.696413681805531   0.46629781144388016  0.0056301229565156007     
42.181255701361415   0.35680393222763523  0.002181132203755333     
42.666097720917293   0.38464805794675802  0.002466315817157633     
43.15093974047317   0.75712563466079948  0.012865312201095903     
43.635781760029047   20.495197053631423  0.87232638587053575     
44.120623779584925   0.86723162347111761  0.013079663640242841     
44.605465799140802   0.3949228903705055  0.0022103172614176364     
45.090307818696679   0.32174458752413873  0.0013563130568726357     
45.575149838252557   0.39625708709468648  0.0037055247116468617     
46.059991857808441   1.0185566385851299  0.015097036408461625     
46.544833877364319   0.6121637550359543  0.010023051551717999     
47.029675896920196   0.32276445717511563  0.0031961495952201271     
47.514517916476073   0.23413557245930005  0.00084414719829961076     
47.999359936031951   0.30437830355181515  0.0038354110793354797     
48.484201955587828   4.4713495694451264  0.18921778370950439     
