0.0064796213473364795   0   0   
0.019438864042009438   0   0   
0.032398106736682399   0   0   
0.045357349431355359   0   0   
0.058316592126028313   0   0   
0.071275834820701281   0   0   
0.084235077515374235   0   0   
0.097194320210047189   0   0   
0.11015356290472016   0   0   
0.12311280559939311   0   0   
0.13607204829406608   0   0   
0.14903129098873902   0   0   
0.16199053368341199   0   0   
0.17494977637808495   0   0   
0.18790901907275789   0   0   
0.20086826176743086   0   0   
0.21382750446210383   0   0   
0.2267867471567768   0   0   
0.23974598985144974   0   0   
0.2527052325461227   0   0   
0.26566447524079567   0   0   
0.27862371793546864   0.00019793761889708723   5.748497068518078e-06   
0.29158296063014155   1.2548213641359226   0.0037612171859114783   
0.30454220332481452   23.221722804872551   0.0091296481061618276   
0.31750144601948749   10.352404037129044   0.011884026818630596   
0.33046068871416046   0.15385790200187777   0.00030470875192030574   
0.34341993140883342   0.00010072231021981225   1.5492364375944926e-06   
0.35637917410350639   6.0473321344095713e-08   6.0473321344095713e-08   
0.36933841679817936   0   0   
0.38229765949285227   0   0   
0.39525690218752524   0   0   
0.40821614488219821   0   0   
0.42117538757687117   0   0   
0.43413463027154414   0   0   
0.44709387296621711   0   0   
0.46005311566089002   0   0   
0.47301235835556299   0   0   
0.48597160105023596   0   0   
0.49893084374490893   0   0   
0.51189008643958189   0   0   
0.52484932913425486   0   0   
0.53780857182892783   0   0   
0.5507678145236008   0   0   
0.56372705721827376   0   0   
0.57668629991294673   0   0   
0.58964554260761959   0   0   
0.60260478530229256   0   0   
0.61556402799696552   0   0   
0.62852327069163849   0   0   
0.64148251338631146   0   0   
0.65444175608098443   0   0   
0.66740099877565739   0   0   
0.68036024147033036   0   0   
0.69331948416500333   0   0   
0.7062787268596763   0   0   
0.71923796955434927   0   0   
0.73219721224902223   0   0   
0.7451564549436952   0   0   
0.75811569763836806   0   0   
0.77107494033304103   0   0   
0.78403418302771399   0   0   
0.79699342572238696   0   0   
0.80995266841705993   0   0   
0.8229119111117329   0   0   
0.83587115380640586   0   0   
0.84883039650107883   0   0   
0.8617896391957518   0   0   
0.87474888189042477   0   0   
0.88770812458509774   0   0   
0.9006673672797707   0   0   
0.91362660997444356   0   0   
0.92658585266911653   0   0   
0.9395450953637895   0   0   
0.95250433805846246   0   0   
0.96546358075313543   0   0   
0.9784228234478084   0   0   
0.99138206614248137   0   0   
1.0043413088371542   0   0   
1.0173005515318272   0   0   
1.0302597942265002   0   0   
1.0432190369211731   0   0   
1.0561782796158461   0   0   
1.0691375223105191   0   0   
1.082096765005192   0   0   
1.095056007699865   0   0   
1.108015250394538   1.7505435125922443e-07   5.3855950054722828e-08   
1.1209744930892109   1.5957266585884215e-05   6.7518166903952867e-07   
1.1339337357838839   0.00070203997091115087   1.0802524926907427e-05   
1.1468929784785569   0.014983720822598163   0.00026093297048399707   
1.1598522211732298   0.15447790342065697   0.0024778822150750527   
1.1728114638679028   0.8367032845110184   0.011013121250766394   
1.1857707065625758   2.6207395574512129   0.019548521100418803   
1.1987299492572487   4.8527261861591266   0.005657343296825052   
1.2116891919519217   4.9838226040907333   0.014015112905271047   
1.2246484346465947   2.9238857765108772   0.01387987747833456   
1.2376076773412676   1.2126643036067273   0.0093459864133239242   
1.2505669200359406   0.61550306077243007   0.0090790314904347923   
1.2635261627306136   0.68044297106825982   0.012249706228689407   
1.2764854054252865   1.0058112406695828   0.015209806702724127   
1.2894446481199595   1.3760021804587299   0.01410968468097162   
1.3024038908146325   1.7128926790220773   0.0084610629560571202   
1.3153631335093054   2.0336579818354725   0.0045524165237943433   
1.3283223762039782   2.3634910838508123   0.010032834262644328   
1.3412816188986512   2.6677025429817496   0.014373721494061741   
1.3542408615933241   2.8770338905247115   0.015679575108945423   
1.3672001042879971   2.9749112703698001   0.013892480916639151   
1.3801593469826701   3.0467521437486314   0.007979922434355598   
1.393118589677343   3.2222817875176673   0.0038479198602044079   
1.406077832372016   3.5423565821955235   0.012051649616337076   
1.419037075066689   3.8942099813788171   0.01435165057437196   
1.4319963177613619   4.0996475113363538   0.0022206202171545131   
1.4449555604560349   4.1030415896324952   0.021976310636838511   
1.4579148031507079   3.968257889864442   0.044502133364275274   
1.4708740458453808   3.7627937754046656   0.047111549986311476   
1.4838332885400538   3.737778975938803   0.019630426625802453   
1.4967925312347268   4.061019734169515   0.028051719717924541   
1.5097517739293997   3.3997381432470005   0.046500870691516446   
1.5227110166240727   1.5594620929796156   0.023746897545231056   
1.5356702593187457   0.4038996266384217   0.006024793997652872   
1.5486295020134186   0.086881915769085925   0.0013978918101815718   
1.5615887447080916   0.027208106553806629   0.00047718722490630714   
1.5745479874027646   0.018459358153889887   0.00033235542754813178   
1.5875072300974375   0.031713721545877396   0.00060106911235995291   
1.6004664727921105   0.070814251948998269   0.0014570078341034219   
1.6134257154867835   0.1468562842132803   0.0030820121491194755   
1.6263849581814565   0.26725658418778105   0.0056886035199582658   
1.6393442008761294   0.42174128485945285   0.0086880217835537616   
1.6523034435708024   0.57517003466270729   0.010629336462274157   
1.6652626862654751   0.68428115098535497   0.01000718369618282   
1.6782219289601481   0.73402690228381504   0.0063621264651356459   
1.6911811716548211   0.75745262373330692   0.002292759941956002   
1.704140414349494   0.80757718634125483   0.007148688497528487   
1.717099657044167   0.9011918162773908   0.013632277708883186   
1.73005889973884   0.99275191550168721   0.018874937066472247   
1.7430181424335129   1.0046360576678471   0.021016101350114934   
1.7559773851281859   0.9009047601826364   0.018165809430416195   
1.7689366278228589   0.74220520239782173   0.010789248449348986   
1.7818958705175318   0.70155303281645152   0.0022164801536857321   
1.7948551132122048   0.93391122715792985   0.011507040800044533   
1.8078143559068778   1.0451011229250583   0.018924549393865688   
1.8207735986015507   0.56560182246259773   0.010972463726366693   
1.8337328412962237   0.1317495017225424   0.0025099522981633697   
1.8466920839908967   0.014341794538515321   0.00025634583341277324   
1.8596513266855697   0.00080007889805732547   1.3578749574532607e-05   
1.8726105693802426   2.34318426439856e-05   1.0167449661589934e-06   
1.8855698120749156   4.3432729075312731e-07   7.1884832738636241e-08   
1.8985290547695886   0   0   
1.9114882974642615   0   0   
1.9244475401589345   0   0   
1.9374067828536075   0   0   
1.9503660255482804   0   0   
1.9633252682429534   0   0   
1.9762845109376264   0   0   
1.9892437536322993   0   0   
2.0022029963269721   0   0   
2.0151622390216453   0   0   
2.028121481716318   0   0   
2.0410807244109912   0   0   
2.0540399671056639   0   0   
2.0669992098003371   1.0426434714499262e-08   1.0426434714499262e-08   
2.0799584524950099   1.0361472504440075e-07   3.0891942489230667e-08   
2.0929176951896831   1.3798401805138869e-06   1.4497735070332767e-07   
2.1058769378843558   1.1932781839374948e-05   6.1445359845167699e-07   
2.118836180579029   9.0809846216528323e-05   2.0117578963072507e-06   
2.1317954232737018   0.00053879707413228231   5.4521729896392504e-06   
2.1447546659683749   0.0026225114485490423   1.876294352352198e-05   
2.1577139086630477   0.010494272323745113   4.5596393938223907e-05   
2.1706731513577204   0.034643797476313666   0.00011357225210529038   
2.1836323940523936   0.094790766601957496   0.00025179786699436726   
2.1965916367470664   0.21690423819306599   0.00066485905634544866   
2.2095508794417396   0.42139847873344727   0.001443982808545392   
2.2225101221364123   0.70984162175625859   0.0023632104902570395   
2.2354693648310855   1.0594278642133698   0.0026317882735459557   
2.2484286075257582   1.4436986817846402   0.0018729212249715079   
2.2613878502204314   1.8645090641304513   0.00064825260167330056   
2.2743470929151042   2.3109394793512504   0.0029969197000163216   
2.2873063356097774   2.5941081661822234   0.0088081679753025011   
2.3002655783044501   2.444362536116028   0.014348499463619321   
2.3132248209991233   1.9282963894407149   0.015566403712718369   
2.326184063693796   1.4304734272677584   0.012854092752084171   
2.3391433063884692   1.1684528298520059   0.0082749737437174072   
2.352102549083142   1.0869072172669603   0.0028070553459086567   
2.3650617917778152   1.0864651028644562   0.0053214755037258434   
2.3780210344724879   1.127717678221935   0.012009057604424732   
2.3909802771671611   1.1915955615496837   0.017217810376429862   
2.4039395198618339   1.2507239803569574   0.019415337474030775   
2.416898762556507   1.2781137738622023   0.018336015167061676   
2.4298580052511798   1.2688290911746496   0.014076083082537449   
2.442817247945853   1.2434845148148792   0.0078212244403861255   
2.4557764906405257   1.2292514786392556   0.0021036371495328719   
2.4687357333351989   1.2287657223458146   0.0070023566197762506   
2.4816949760298717   1.2106366495969072   0.012073062573996583   
2.4946542187245444   1.1380672437068005   0.014077423036765005   
2.5076134614192176   1.0040245243092075   0.012720824310431606   
2.5205727041138903   0.84670293072172418   0.0088032844270057808   
2.5335319468085635   0.73427418922824872   0.004004941716455451   
2.5464911895032363   0.77697915765999361   0.00098161912020936014   
2.5594504321979095   1.1374260357854129   0.0043671077485942711   
2.5724096748925822   1.884687006280021   0.0057107851486931542   
2.5853689175872554   2.6942700228706414   0.0053670918599513379   
2.5983281602819281   2.9945706587515311   0.0045949788173858993   
2.6112874029766013   2.6986518047378787   0.0041699294667930304   
2.6242466456712741   2.2869311533796392   0.0028567134504922751   
2.6372058883659473   2.0927676333660876   0.0028513426488969558   
2.65016513106062   2.0613461654997369   0.010206125478262694   
2.6631243737552932   2.0597949678015531   0.015405569326483496   
2.676083616449966   2.0379369999326855   0.01521225783942554   
2.6890428591446391   2.0794634221508782   0.0099086616045984395   
2.7020021018393119   2.4026749486432613   0.0017641539996533603   
2.7149613445339851   2.3584921028598947   0.0060907086352987179   
2.7279205872286578   1.9174696237881037   0.0029917906944839483   
2.740879829923331   1.5332166223370285   0.001742132670294812   
2.7538390726180038   1.2715916260886319   0.0014901933337986009   
2.7667983153126769   1.0694348486759549   0.0031558564831127064   
2.7797575580073497   0.90688169754314149   0.0054699195166777353   
2.7927168007020229   0.79284992993969087   0.0078788889167508535   
2.8056760433966956   0.74145039542570606   0.010294102258519825   
2.8186352860913688   0.75703459622290144   0.01268797881721247   
2.8315945287860416   0.82628992004721857   0.01432305620044314   
2.8445537714807143   0.93561900682424999   0.013892479128175094   
2.8575130141753875   1.1096141114566814   0.010861763222317219   
2.8704722568700602   1.3838550868570379   0.00530033314144038   
2.8834314995647334   1.6857261068744266   0.0038872142809539053   
2.8963907422594062   1.8189346100653403   0.013150922054377391   
2.9093499849540794   1.6932640336791141   0.021143909792461371   
2.9223092276487521   1.4360712011462566   0.024577064239332774   
2.9352684703434253   1.1888892779592632   0.022633400597686319   
2.9482277130380981   0.97834124638379668   0.016798830630489423   
2.9611869557327712   0.79962349467837554   0.0091160527697500933   
2.974146198427444   0.66101312496282944   0.002727487541840167   
2.9871054411221172   0.55452381510752362   0.004254288161160868   
3.0000646838167899   1.118593155796128   0.017252860969215531   
3.0130239265114631   1.1899804596806207   0.022223451376951613   
3.0259831692061359   0.53225122749514646   0.010932275538138064   
3.038942411900809   0.21854165030621285   0.004900719694281455   
3.0519016545954818   0.16454905457288149   0.0040041251820685804   
3.064860897290155   0.19846871529411944   0.004675632075919338   
3.0778201399848277   0.23736672614215417   0.00494227829119273   
3.0907793826795009   0.25890502843087561   0.0044508154272974916   
3.1037386253741737   0.2673448328982246   0.0035332013771484088   
3.1166978680688469   0.27597211223381981   0.0027127785756625228   
3.1296571107635196   0.29392904089321302   0.0018772618970118754   
3.1426163534581928   0.31880134961702701   0.0012629561152031302   
3.1555755961528655   0.34286825792874488   0.002989468879279311   
3.1685348388475383   0.36216198503210984   0.0062868139805575938   
3.1814940815422115   0.37905041274225193   0.0095118818294291484   
3.1944533242368842   0.39335689730072458   0.011192260175303246   
3.2074125669315574   0.39903263975209175   0.010367880252217079   
3.2203718096262302   0.38742035472775996   0.0074387230814448577   
3.2333310523209033   0.35538179878908972   0.0038596531205688105   
3.2462902950155761   0.30775877922010724   0.0013659942883215219   
3.2592495377102493   0.2570336097271318   0.0013849150346321756   
3.272208780404922   0.21773969717040469   0.0019176777148364126   
3.2851680230995952   0.21068721171868403   0.0025625312812239615   
3.298127265794268   0.3041139025512103   0.0052717009319927459   
3.3110865084889411   0.41439886586674284   0.0089855621221563541   
3.3240457511836139   0.20272367542505913   0.0048028008581274012   
3.3370049938782871   0.051328253304868463   0.0012547971773396169   
3.3499642365729598   0.0085360923743296569   0.00020950477052316781   
3.362923479267633   0.0015728289423187975   3.456713290057256e-05   
3.3758827219623058   0.0026901156552783479   4.9673700839535711e-05   
3.388841964656979   0.0086723599173583263   0.0001544867685870691   
3.4018012073516517   0.02478624168672486   0.0004439618304663478   
3.4147604500463249   0.061440242704832303   0.0010971599497581262   
3.4277196927409976   0.13147230605780447   0.0022338256467819143   
3.4406789354356708   0.24485126955849276   0.0037188743865781792   
3.4536381781303436   0.40387403218757702   0.0051558929820878475   
3.4665974208250168   0.60357381892414817   0.0059759118314456258   
3.4795566635196895   0.83509807260776875   0.005850411838957532   
3.4925159062143623   1.0814438687414681   0.0044839074386077111   
3.5054751489090354   1.314986296791166   0.0021648125683448852   
3.5184343916037082   1.4993471325593281   0.00080660826120142359   
3.5313936342983814   1.608980212598038   0.0034427861328745469   
3.5443528769930541   1.644041053015955   0.0049565123263099846   
3.5573121196877273   1.6309640265022186   0.0050192408929687982   
3.5702713623824001   1.6137253536796036   0.003929788430157311   
3.5832306050770732   1.6443472975203127   0.0022855709471960109   
3.596189847771746   1.7646117668860688   0.00072620368851741574   
3.6091490904664192   1.9759871620629801   0.0006427735390748483   
3.6221083331610919   2.213432243868659   0.0022948591561949132   
3.6350675758557651   2.3732304553821488   0.0055073578520898571   
3.6480268185504379   2.3907849851131286   0.0069910619934365463   
3.6609860612451111   2.2974706444366129   0.0045114993070358726   
3.6739453039397838   2.1751780827693724   0.0039915568896256076   
3.686904546634457   2.0372729904169576   0.0068622558635892974   
3.6998637893291297   1.8461229983032524   0.0050176948621503679   
3.7128230320238029   1.6470406996738293   0.0013337692417351471   
3.7257822747184757   1.5097807305134495   0.0064526311807289369   
3.7387415174131489   1.4213863578773169   0.010344741320111099   
3.7517007601078216   1.3380550920661351   0.01191422453598766   
3.7646600028024948   1.2418524748895072   0.01075988039443028   
3.7776192454971675   1.1355222111009657   0.007467307100000596   
3.7905784881918407   1.0282958992773258   0.0031682613245278956   
3.8035377308865135   0.92994861021146587   0.0011819870299156581   
3.8164969735811862   0.84881202005139171   0.004564660859401948   
3.8294562162758594   0.79057565234575423   0.0070514051123288899   
3.8424154589705322   0.76323669813384544   0.0089789878260281384   
3.8553747016652054   0.782415652305606   0.010760521857084007   
3.8683339443598781   0.86506387700673096   0.012899563786726984   
3.8812931870545513   1.0080096949391335   0.014660623801485416   
3.894252429749224   1.1777170678342282   0.013853338433909491   
3.9072116724438972   1.3372670410971088   0.0078220513319452309   
3.92017091513857   1.4732769536591191   0.0033952678616644474   
3.9331301578332432   1.5790339626308724   0.01563437651731635   
3.9460894005279159   1.6354403365997629   0.022057338596059703   
3.9590486432225891   1.6493179924630352   0.018547612183848797   
3.9720078859172618   1.6718592486385581   0.0071680700299717057   
3.984967128611935   1.6973993484543727   0.0050807593500132738   
3.9979263713066078   1.6135900952490711   0.0099854476955270696   
4.010885614001281   1.4139539940502121   0.0069746441155274914   
4.0238448566959537   1.2715416217503497   0.0029823038291370282   
4.0368040993906265   1.2817341949721127   0.001137382254477632   
4.0497633420853001   1.3725436859763645   0.00043309468996859669   
4.0627225847799728   1.4447281176601894   0.0010659905134538896   
4.0756818274746456   1.4559227315274163   0.0024200432742155435   
4.0886410701693183   1.4087714581217753   0.0042644551888722885   
4.101600312863992   1.320902628556351   0.0057073182501556585   
4.1145595555586647   1.2045781283290572   0.0056568777114002385   
4.1275187982533375   1.0650924252010945   0.0038935347639522824   
4.1404780409480102   0.91414556872398495   0.00082753165827908236   
4.1534372836426829   0.77521115829478233   0.0027685009103051573   
4.1663965263373566   0.67730902108518802   0.0055792495450955347   
4.1793557690320293   0.6420553259717297   0.0071235740536289545   
4.1923150117267021   0.68010366034777594   0.0075794965483600883   
4.2052742544213748   0.79055342645340805   0.0074163280667746834   
4.2182334971160484   0.84514640452368177   0.0047561375374709977   
4.2311927398107212   0.7979786470210074   0.00097207902847047192   
4.2441519825053939   0.77305325087324155   0.0032271709655811676   
4.2571112252000667   0.78044092598742048   0.0017486783269107977   
4.2700704678947403   0.7880883714742024   0.0028890129157317452   
4.2830297105894131   0.79326731663336867   0.0073021829681121507   
4.2959889532840858   0.76616421820642446   0.0092664499464442354   
4.3089481959787586   0.67451268918029654   0.0075293065428980463   
4.3219074386734322   0.5641244026067662   0.0038130959593379489   
4.3348666813681049   0.50871577275029618   0.001694403311452367   
4.3478259240627777   0.51305344258046868   0.0050878183194701249   
4.3607851667574504   0.53769897522999903   0.00972489672263682   
4.3737444094521241   0.55588995193245815   0.013873096145959672   
4.3867036521467968   0.56064139801233919   0.015628929502967523   
4.3996628948414696   0.55097954640082605   0.013998666689828607   
4.4126221375361423   0.52675232699110259   0.0098001970266823437   
4.4255813802308159   0.48894097888123609   0.0048727803221894591   
4.4385406229254887   0.44281152027527109   0.00148799056080765   
4.4514998656201614   0.39969413939844793   0.0021485474638341759   
4.4644591083148342   0.37730134741874033   0.0035748845135782152   
4.4774183510095078   0.39145129777539293   0.0052842375333164067   
4.4903775937041805   0.45859270355608284   0.0079855915990148585   
4.5033368363988533   0.57567673662140486   0.012007739670276847   
4.516296079093526   0.59339768977591353   0.013373985358683696   
4.5292553217881988   0.44104654045992773   0.0095780289495171915   
4.5422145644828724   0.31688363037704698   0.0058409066334157616   
4.5551738071775452   0.29584624418046684   0.0044623558837130046   
4.5681330498722179   0.32018866408491508   0.0038000741243781225   
4.5810922925668907   0.3508148440400462   0.0028301719360984102   
4.5940515352615643   0.38365018012549847   0.0018264062063498108   
4.607010777956237   0.4270766713268223   0.0027285731062735436   
4.6199700206509098   0.48675451188417397   0.00497573114845044   
4.6329292633455825   0.55690936187466103   0.0073589330186267456   
4.6458885060402562   0.62343995138391898   0.0091832953644463319   
4.6588477487349289   0.6719749372618555   0.009651763145719023   
4.6718069914296017   0.70000335945334161   0.0082402223117371103   
4.6847662341242744   0.71731352895034576   0.0051098382731676078   
4.697725476818948   0.73847880062243144   0.0010706249261962803   
4.7106847195136208   0.77125495463824103   0.0034156855144100937   
4.7236439622082935   0.81113659703762806   0.0065463851596304321   
4.7366032049029663   0.84940805733664814   0.0078286219140637202   
4.7495624475976399   0.88401988996656215   0.007284729459759182   
4.7625216902923126   0.92826508811543952   0.0053258364363351036   
4.7754809329869854   1.0005737172778735   0.002791921691769505   
4.7884401756816581   1.1143849790353747   0.00065946649461321676   
4.8013994183763318   1.270351396490012   0.001666925496373775   
4.8143586610710045   1.4258128366055037   0.00271417775229166   
4.8273179037656773   1.5362324805507229   0.0037430393791002884   
4.84027714646035   1.655742125403945   0.0046576341154227697   
4.8532363891550228   1.8225190580820808   0.0052162524494245496   
4.8661956318496964   2.0009510974385009   0.005695748827909379   
4.8791548745443691   2.1211461843981625   0.0062415120010453938   
4.8921141172390419   2.1266086874775791   0.0069491795417704735   
4.9050733599337146   2.028602407279595   0.0075287694897601205   
4.9180326026283883   1.8999391710655028   0.0071065294734993515   
4.930991845323061   1.8012473956196494   0.0053127873694974831   
4.9439510880177338   1.7454076980591464   0.0028567295165602553   
4.9569103307124065   1.719367465108773   0.0036813735065637903   
4.9698695734070801   1.7126351504782629   0.007269495502253577   
4.9828288161017529   1.7158669572250445   0.010652238948976057   
4.9957880587964256   1.7128926083896782   0.012975801434801696   
5.0087473014910984   1.6812104026166417   0.013399743566487024   
5.021706544185772   1.6059647826321054   0.011337990822737533   
5.0346657868804447   1.4899055224703026   0.0070952467725432042   
5.0476250295751175   1.3475539091785385   0.0020294098900033292   
5.0605842722697902   1.1952754251179098   0.0029047415283931503   
5.0735435149644639   1.0466647534648556   0.0050369695547176634   
5.0865027576591366   0.9182202723195348   0.0053961768137789991   
5.0994620003538094   0.83022449314407252   0.0048034111926267283   
5.1124212430484821   0.79933950552580278   0.0040593412199529355   
5.1253804857431557   0.83045273127358078   0.0036947547556296069   
5.1383397284378285   0.91726300467598306   0.0044988017450595892   
5.1512989711325012   1.0422696632797623   0.0061559476925625825   
5.164258213827174   1.1879468752178608   0.0073381042765297664   
5.1772174565218467   1.294267823679278   0.0066178941285729074   
5.1901766992165204   1.2568206228601722   0.0043571934729648781   
5.2031359419111931   1.0581526792539292   0.0017087872624778796   
5.2160951846058659   0.81597390188986601   0.0014659254242968879   
5.2290544273005386   0.66032454116289506   0.0043268719972323924   
5.2420136699952122   0.62749084543961225   0.0078053684378312355   
5.254972912689885   0.6748725680987839   0.010856359299737535   
5.2679321553845577   0.74169723916815109   0.012544675226340842   
5.2808913980792305   0.7925118474130456   0.0122750359233719   
5.2938506407739041   0.82610038132015326   0.010143400684348667   
5.3068098834685768   0.86500929754950697   0.0064758123185054517   
5.3197691261632496   0.93055718249019205   0.002287866335183872   
5.3327283688579223   1.025388889264034   0.0056524877168580477   
5.345687611552596   1.1313133107611775   0.011650565998724785   
5.3586468542472687   1.2228643391217392   0.015592733841592194   
5.3716060969419415   1.2853052058170201   0.016020352427009084   
5.3845653396366142   1.3201916108206852   0.013675237858930716   
5.3975245823312878   1.3412209069338628   0.010181193886114197   
5.4104838250259606   1.3661264190969226   0.0061915218159526921   
5.4234430677206333   1.4095170702764596   0.0012285235240903412   
5.4364023104153061   1.4660350329895403   0.0048704482575695548   
5.4493615531099797   1.4811760520676994   0.0095068178194141971   
5.4623207958046525   1.4013643773355662   0.010205048902745047   
5.4752800384993252   1.2558693246503579   0.0083334599024204443   
5.488239281193998   1.0880155898404359   0.0066078130313227573   
5.5011985238886707   0.90457808586668663   0.0056693885442319932   
5.5141577665833443   0.72877532840287721   0.0052687871974903458   
5.5271170092780171   0.59699908364100552   0.0047219395512886891   
5.5400762519726898   0.51584214480139487   0.0032993292257698509   
5.5530354946673626   0.46722606989733299   0.00086523645816242935   
5.5659947373620362   0.43539717244698383   0.0020368622830190226   
5.578953980056709   0.41634925480287835   0.0040723278918501092   
5.5919132227513817   0.40893016359389323   0.0048177190077072232   
5.6048724654460544   0.40830836981994175   0.0048187950408156317   
5.6178317081407281   0.40988800606508491   0.0049513257360292238   
5.6307909508354008   0.41383240284020956   0.0054693673861048556   
5.6437501935300736   0.42265148936719321   0.0057671621223316903   
5.6567094362247463   0.43904395940438523   0.0046499831355247095   
5.6696686789194199   0.46187607289693411   0.0017719502555720009   
5.6826279216140927   0.48239821431186307   0.0021115495411591354   
5.6955871643087654   0.49619510015909359   0.0051342384564246256   
5.7085464070034382   0.52062220311849103   0.0073373429185793807   
5.7215056496981118   0.52577383228668514   0.0082399813847826516   
5.7344648923927846   0.5183876617492538   0.0085279888503898909   
5.7474241350874573   0.53677429541727044   0.009224060940363798   
5.7603833777821301   0.5521648119491186   0.0091419208133438788   
5.7733426204768037   0.5365632695762659   0.0070393484866360604   
5.7863018631714764   0.52006196998197953   0.003746309230124519   
5.7992611058661492   0.53447449788790507   0.001013693534505124   
5.8122203485608219   0.58168804486236036   0.0038610571791485824   
5.8251795912554947   0.64975058303950928   0.0073581763324526725   
5.8381388339501683   0.72046696186408233   0.010066226018052803   
5.8510980766448411   0.77369649030240758   0.011642075633728895   
5.8640573193395138   0.79993838513397375   0.011855582032471722   
5.8770165620341865   0.81011298475363033   0.010796892430319043   
5.8899758047288602   0.82764407226859427   0.0088496850407921604   
5.9029350474235329   0.87099723802563522   0.006354522970880228   
5.9158942901182057   0.94138616422859884   0.0036400729324724263   
5.9288535328128784   1.027827559670476   0.0016121066165328442   
5.941812775507552   1.1103394910240552   0.0025077140725561774   
5.9547720182022248   1.1743800496396539   0.0036443765320085542   
5.9677312608968975   1.216089103574462   0.0042675197590241306   
5.9806905035915703   1.2375152004607119   0.0045297425945927678   
5.9936497462862439   1.2415303406058593   0.004672950182756033   
6.0066089889809167   1.0976793330818448   0.0074282417150299563   
6.0195682316755894   0.976156133673864   0.0083057738439440453   
6.0325274743702622   0.93211971729011893   0.0074581450720785682   
6.0454867170649358   0.91652641899287142   0.0066521856318736389   
6.0584459597596085   0.93264830438255357   0.0055825079211999361   
6.0714052024542813   0.96106654773325149   0.0035579835911660469   
6.084364445148954   0.98710986651304106   0.00099488949800251521   
6.0973236878436277   1.0018088280493934   0.0045788624092374944   
6.1102829305383004   1.0094387798677801   0.0090428327394111549   
6.1232421732329732   1.0263552189101127   0.010620908039943789   
6.1362014159276459   1.0495235377011581   0.008007449250820246   
6.1491606586223186   1.1214314691721698   0.0060503803487592311   
6.1621199013169923   1.2409454171930809   0.0048873784161449164   
6.175079144011665   1.4176139716258093   0.0041953658093060544   
6.1880383867063378   1.6089748675250195   0.0040359182055509424   
6.2009976294010105   1.7741634690783159   0.0036153238156118555   
6.2139568720956841   1.8447013226457138   0.0021433360232503901   
6.2269161147903569   1.7430204119491251   0.002111861727871625   
6.2398753574850296   1.5475578962337894   0.0068575496113775088   
6.2528346001797024   1.3428676212275748   0.0086726445248574857   
6.265793842874376   1.1431620286896284   0.0081003486816873584   
6.2787530855690488   0.93600180061907666   0.0055916325967667516   
6.2917123282637215   0.75702255049379564   0.0025392358810730326   
6.3046715709583943   0.63231653597566902   0.0012319687523749704   
6.3176308136530679   0.55774839230407838   0.0028169989033674834   
6.3305900563477406   0.50504130881621836   0.0040494104160853213   
6.3435492990424134   0.46865249357154913   0.0044112992797085465   
6.3565085417370861   0.44710385779735855   0.0036145694951160129   
6.3694677844317598   0.43663592228282448   0.001939618703605229   
6.3824270271264325   0.43604357577160029   0.00087224124593833344   
6.3953862698211053   0.44773287407842835   0.0027528311421400128   
6.408345512515778   0.47706994050389691   0.0047378520045055475   
6.4213047552104516   0.53009651605459253   0.0064885201666100786   
6.4342639979051244   0.61215584470888111   0.0078080424022637283   
6.4472232405997971   0.72629338015786516   0.0082366188553653852   
6.4601824832944699   0.86697356147423882   0.0070556406940265456   
6.4731417259891426   1.0162207747130005   0.0036179417908685228   
