-0.0134629638056508   0.00199851625734603   82.7332530933479   0.303575080415377
0.0859002262037206   0.000919065405470859   88.3411615305001   0.310733851755274
0.184971614718472   -0.00066451228960507   88.6414847149826   0.300067669754402
0.284355398538717   -0.0044809372412447   78.1256400445856   0.304506785392041
0.385345258339441   -0.00427188216276381   71.3294079992166   0.306466922319301
0.484979579675903   0.00183672627406012   75.8079513074856   0.309879749845338
-0.414112891635076   0.00571154604264273   85.1142600434207   0.30214961665757
-0.313433895570829   0.000533270273301809   106.221153481617   0.312851094952531
-0.21326988279332   -0.00526206018605063   81.6152695279646   0.306570218629865
-0.11326800840686   -0.00340774630974784   81.8934540778711   0.308881721048853
0.039055428607227   0.102141046001336   84.433427065471   0.306011839321278
0.136837784115143   0.101150892521746   89.1477824873051   0.314317156567913
0.236779545651296   0.0970902694174206   95.3254957224286   0.304190285499657
0.336494443129425   0.0945978237863602   79.459029923144   0.298072304906561
0.437071028620336   0.100583727240888   74.6354462221012   0.315545121678016
0.538557278656091   0.103853031719162   71.0989250458251   0.314076197310076
-0.361630130641738   0.104841819084026   81.1417292114656   0.312541690761466
-0.261163975042031   0.0964458192492046   85.7426463987203   0.311193633006013
-0.162073723582361   0.0951489113003028   79.3378859382691   0.31139409935955
-0.0609633688534405   0.0999399710835269   71.8036370671014   0.303021425170193
0.090805874585193   0.204067989744281   81.5383882498461   0.306590447123142
0.18966149978857   0.199576005707655   84.0350387057602   0.317507263275097
0.288857400027487   0.194717057970036   74.5931024286221   0.290747119587795
0.389708038955316   0.197274813961749   67.4581304588013   0.310524011959923
0.491299458661808   0.20195161003126   71.9500532610081   0.308465561155366
0.592197774253628   0.204626211360965   67.3595092839183   0.302479245518012
-0.307274577051818   0.200558226082993   105.17913519367   0.303655898854498
-0.207853249707735   0.195843678686493   81.2136825906038   0.310269714081374
-0.108859622266968   0.195296885377897   63.3739209970356   0.318060466865161
-0.00888801023263408   0.202037222050134   84.1646246068082   0.316660724614563
0.142155933177642   0.302087582361647   99.253754686199   0.305643818782027
0.24082381264474   0.29612563516414   104.346316609145   0.305117503827299
0.340880094310202   0.294227787661555   88.7392404826847   0.30561285398258
0.441066830889091   0.299847191867132   78.0626041895545   0.304648083773979
0.542065708767503   0.303386412728047   89.381986834024   0.309734161713358
0.641725455106406   0.304852624131278   113.077352643209   0.300793809709092
-0.257653666281927   0.296813428452094   104.668091859508   0.306869604071567
-0.157545764364952   0.294472051831293   98.4351203838139   0.30672312484806
-0.0574997219649652   0.299601569546226   78.3595612406536   0.305734614121613
0.0421840539848513   0.303057783939372   92.8289842809573   0.29724759115844
0.190331992712335   0.399555727904522   100.517142101037   0.301236768561772
0.289233321301355   0.394204239200895   100.725256550091   0.310422532115224
0.388010326666075   0.396282431589127   75.683573659585   0.310398577479637
0.488382427720516   0.400947340105954   91.544547463856   0.302505658989885
0.588751329000716   0.405567045930208   97.207714195725   0.308555394611542
0.691077042235577   0.399322725602815   121.179624362173   0.313790432655206
-0.209381344647672   0.395372188050567   90.2070050674419   0.299803077215696
-0.109791939169979   0.396134548608533   87.330699291454   0.309188595861454
-0.00881528893149811   0.402931957993858   68.0227109730756   0.30458301648541
0.0897354463014302   0.40245134189167   98.9106668224713   0.301081386707243
0.236860457453001   0.497200156794307   117.205045860584   0.307894469810429
0.337113668149919   0.494377966904882   89.0812944191569   0.299783036524393
0.437791764460444   0.497588252254058   80.4283191292729   0.307884829937411
0.0363464149339823   -0.496662917170772   95.0383663372957   0.294980100609202
0.137228103411613   -0.498615276141435   120.919322763493   0.313324446562071
0.738530533146389   0.496992920225368   85.7540214780835   0.305737344912758
-0.162258236060597   0.494233018578089   93.3081306046036   0.306011606952621
-0.0624062577835681   0.499023475532218   87.7777312396237   0.307499832648757
-0.4626759198795   -0.49449010926252   88.4234946667113   0.308553441752325
-0.362740780335898   -0.498545361013885   103.70513959387   0.312265468014393
-0.213902332639468   -0.40639637379154   99.6722659353319   0.314067865691016
-0.113336517415348   -0.403989501177168   92.3317855905051   0.30199953401979
-0.0151931517426731   -0.397132793472683   84.9609218046391   0.318093581062405
0.0859499798765658   -0.397603902020322   108.690626651368   0.299726478305895
0.186066903565707   -0.40269456660216   82.6631407865324   0.313059482430583
0.286264058857424   -0.405339104517844   102.506265615136   0.308935005752101
-0.614726659897457   -0.402467795334066   98.7576027258477   0.31734619489762
-0.514674111169741   -0.39776068226985   86.3904771408995   0.300710267061618
-0.414710476427741   -0.395862430996101   95.8340782937139   0.310135137308745
-0.314783342220979   -0.400026482204287   103.612402652579   0.314524920485897
-0.16721907320257   -0.306234350983419   91.0730475886695   0.306000350839697
-0.066670499988174   -0.29976950448555   74.2075060104481   0.307053812376842
0.0320278374179646   -0.297425309128145   92.4527359814299   0.308762863081631
0.132720689200748   -0.300064231882681   111.645991714943   0.319301089751083
0.232546847661245   -0.304155254107294   102.788272632078   0.304750885451642
0.333178316136283   -0.302456614530495   90.9405767295161   0.315360748456784
-0.565973052928517   -0.301880994421614   82.7946031351111   0.303386102336495
-0.467134487004418   -0.295475268520506   99.0603996928046   0.302610246446765
-0.367052303846444   -0.295976542909757   93.5757534611655   0.317145756168897
-0.267374703079765   -0.303980674892534   99.5103936929637   0.297843658952373
-0.118062861232595   -0.204143262968454   86.5169991736062   0.309456552881327
-0.0183544541301969   -0.198542982521995   95.0708641851076   0.314369672775082
0.0812983969777863   -0.196112462521039   105.669110009494   0.299294269213951
0.181856825156517   -0.201962626033268   87.7574083450737   0.308633027770782
0.282324297981866   -0.20463861010829   86.3340330411137   0.308648223869489
0.383227994855475   -0.202806907507207   87.626311382872   0.308993619203131
-0.517047122946222   -0.196940080144049   63.4251771825914   0.309857176116581
-0.416405608661489   -0.196018408940379   87.9859597745265   0.303220017207115
-0.317241757422394   -0.200276402309663   110.189380952659   0.32160722188519
-0.216838266570291   -0.205476632084663   94.0111481899598   0.310229114307603
-0.0663581739395269   -0.101152499552237   64.9338304010098   0.320888520344835
0.0332048798043972   -0.0983102366897668   80.2657877217019   0.31293464196358
0.134827863740228   -0.100685802720546   101.350421348527   0.309899559507881
0.233468132590389   -0.102404086840639   89.4928656158003   0.304352753602728
0.332445617583733   -0.103890799177171   83.9010094126827   0.308898313983598
0.434480529223788   -0.101874824995108   56.8698916883568   0.300353613387245
-0.464288435460712   -0.0956117510152389   88.3313459446199   0.301384706383236
-0.365446219528637   -0.0962780600929786   94.9941752548159   0.306852377496346
-0.267166390792683   -0.103455051009635   97.7559306596434   0.318301941003601
-0.166878873439632   -0.104936493544809   79.9447525517745   0.319520672095698
