0.46400628289657042   48.796117541005858  0.01900445007952436     
0.92801256579314084   1.108702241744122  0.0062270503619512791     
1.3920188486897112   4.9613876906246495  0.011142251081287559     
1.8560251315862817   1.2210599290171816  0.0038708845601510234     
2.3200314144828522   1.3384477485117893  0.0051327834305446856     
2.7840376973794223   1.2934941026575578  0.0061516908736378779     
3.2480439802759928   0.34230373886887143  0.0027874745782304794     
3.7120502631725634   1.2764265504986854  0.0092733564095283599     
4.1760565460691339   0.04232626313865481  0.00048139228011799367     
4.6400628289657044   1.2340337694959213  0.0087287908947810508     
5.104069111862275   0.065525702778604762  0.00047809422265783962     
5.5680753947588446   1.2069420710277302  0.010124549440322113     
6.0320816776554151   0.38436977483867362  0.0036194430269852004     
6.4960879605519857   1.1500945086358054  0.0071317341835142403     
6.9600942434485562   1.3535137687210118  0.0085213895435156238     
7.4241005263451267   1.0045140231963109  0.0044340915559834035     
7.8881068092416973   4.7128255556732026  0.020013866039222475     
8.3521130921382678   0.79816053156087646  0.0074344942008096768     
8.8161193750348374   43.471340528204072  0.10524880516441153     
9.2801256579314089   92.858100596671957  0.265847375371164     
9.7441319408279785   47.246690682345445  0.15677904369706865     
10.20813822372455   1.3658283429758816  0.0078361013225127623     
10.67214450662112   4.5580717961739389  0.02106809432161468     
11.136150789517689   1.2975511150970745  0.0060647985312494235     
11.600157072414261   1.1653828744990373  0.0044947250303765137     
12.06416335531083   1.2853326403846969  0.0071151395326409196     
12.528169638207402   0.27724481038703344  0.0017673029819753031     
12.992175921103971   1.2122336580557001  0.007236115730474925     
13.456182204000543   0.052485329074578767  0.00045335282829452303     
13.920188486897112   1.1206570174101262  0.0081774916720404448     
14.384194769793684   0.11457726466021986  0.00070281592782642326     
14.848201052690253   1.0393390528794388  0.0091344289698484638     
15.312207335586823   0.39418249188657849  0.0039755793080844169     
15.776213618483395   0.9223267875884861  0.0084946508238503718     
16.240219901379966   1.2290459196802554  0.013199780623291841     
16.704226184276536   0.74546976879171587  0.004818321962486657     
17.168232467173105   3.9962256199616425  0.038203215211341269     
17.632238750069675   0.52550430121210132  0.0051814722854032986     
18.096245032966248   34.266284580697991  0.30068062031599639     
18.560251315862818   76.402186844201979  0.74318173072975106     
19.024257598759387   40.617694900007896  0.42509577421480347     
19.488263881655957   1.5246762050293384  0.01641163572936347     
19.952270164552527   3.7671661631324974  0.03955871687127807     
20.4162764474491   1.2424477265815592  0.013587607185747298     
20.88028273034567   0.92610403162610567  0.0086454429164684107     
21.344289013242239   1.1649855854745175  0.01327252889857742     
21.808295296138809   0.21990788375003408  0.0016426625529524598     
22.272301579035378   1.0755342440093345  0.010558448771562192     
22.736307861931952   0.10358641932584921  0.00069205260436518407     
23.200314144828521   0.97399138017260103  0.010669493145600188     
23.664320427725091   0.18746047126735586  0.00090879040275758679     
24.128326710621661   0.86681070403305113  0.0094301852182404075     
24.592332993518234   0.39017725053152216  0.004371033422447748     
25.056339276414803   0.71080682516245393  0.0097577713713545128     
25.520345559311373   1.0607339227857382  0.016812654654878148     
25.984351842207943   0.54027363317669337  0.0045042784455523774     
26.448358125104512   3.2080838299077862  0.047111301433478867     
26.912364408001086   0.35234567242549421  0.0026616873942144685     
27.376370690897655   25.408519171846869  0.38568465757930419     
27.840376973794225   59.242428463127683  0.96624515099490223     
28.304383256690794   32.974168537675201  0.56153935951553589     
28.768389539587368   1.6017603507190041  0.022579707258332422     
29.232395822483937   2.9790803422288508  0.0476029752828327     
29.696402105380507   1.1398477786526308  0.018721912156176795     
30.160408388277077   0.71827344714998496  0.0096566018120937365     
30.624414671173646   1.0216371648365242  0.016587838948795898     
31.088420954070219   0.19150266717129574  0.0014448405365260882     
31.552427236966789   0.94981738507330669  0.012233394307276228     
32.016433519863362   0.19862976225482765  0.0019475248029774073     
32.480439802759932   0.8685061485751197  0.01063454222859961     
32.944446085656502   0.28717297176230529  0.00078232814763246581     
33.408452368553071   0.75134858773118784  0.0079933565127138821     
33.872458651449641   0.39214638306591931  0.004194775411994134     
34.33646493434621   0.56296738687451746  0.0085040394049832725     
34.80047121724278   0.91178634096430813  0.016653267531075624     
35.26447750013935   0.40943506166830108  0.0029483339722443756     
35.728483783035919   2.5541905177994482  0.04204049721418834     
36.192490065932496   0.28130757130695407  0.0012186056326592136     
36.656496348829066   18.543736562512205  0.34247454427761445     
37.120502631725635   45.225599725105692  0.88880846450460945     
37.584508914622205   26.367082657010885  0.53537080411687644     
38.048515197518775   1.623065662476581  0.025244894414036591     
38.512521480415344   2.357048961466796  0.044250671626276194     
38.976527763311914   1.0411683358231451  0.019608774508464042     
39.440534046208484   0.57001003818579312  0.0080964093048515342     
39.904540329105053   0.9019969488710969  0.016107814519753341     
40.36854661200163   0.1929939893718092  0.0011881651139416575     
40.8325528948982   0.86788416406815178  0.010712787712068637     
41.296559177794769   0.33332825285874395  0.0041410548877884142     
41.760565460691339   0.82584149402999281  0.0080219843781781689     
42.224571743587909   0.41502429270222453  0.0018253032765188051     
42.688578026484478   0.70419279665852121  0.0049179708126970905     
43.152584309381048   0.40484703927489256  0.0035671813626378486     
43.616590592277618   0.47474491559427617  0.0059734746593667171     
44.080596875174187   0.7906267528391791  0.014102014416232489     
44.544603158070757   0.33277586197533237  0.0016753049954570272     
45.008609440967334   2.0331406307903363  0.031903430859698637     
45.472615723863903   0.28768140330278298  0.00088600039349031635     
45.936622006760473   13.329219432858434  0.25874662105526023     
46.400628289657043   33.938046232047832  0.70304519375528396     
