-0.0148808   -0.00962009     0
-0.0120451   0.0136171     0
0.0855681   -0.0110648     1
0.0862324   0.0129029     1
0.184709   -0.0122386     2
0.185234   0.0109096     2
0.282042   -0.0159782     3
0.286669   0.00701629     3
0.381723   -0.0154739     4
0.388968   0.00693012     4
0.482174   -0.00975431     5
0.487785   0.0134278     5
-0.415063   -0.00590378     6
-0.413163   0.0173269     6
-0.316661   0.0121233     7
-0.310207   -0.0110568     7
-0.214921   -0.0169639     8
-0.211619   0.00643976     8
-0.114876   -0.0152061     9
-0.11166   0.0083906     9
0.0401515   0.113892     10
0.0379594   0.09039     10
0.13701   0.113277     11
0.136665   0.0890251     11
0.235737   0.108776     12
0.237822   0.0854045     12
0.334481   0.0832915     13
0.338508   0.105904     13
0.440158   0.112323     14
0.433984   0.0888443     14
0.534801   0.0923886     15
0.542314   0.115317     15
-0.363407   0.092927     16
-0.359853   0.116757     16
-0.260311   0.108419     17
-0.262017   0.0844723     17
-0.164201   0.083342     18
-0.159946   0.106956     18
-0.0644574   0.0888333     19
-0.0574694   0.111047     19
0.0891401   0.192368     20
0.0924717   0.215768     20
0.188443   0.187392     21
0.19088   0.21176     21
0.29171   0.205532     22
0.286005   0.183902     22
0.385312   0.186209     23
0.394104   0.20834     23
0.494829   0.213267     24
0.48777   0.190636     24
0.587898   0.193855     25
0.596497   0.215397     25
-0.304339   0.189251     26
-0.31021   0.211865     26
-0.206103   0.207674     27
-0.209603   0.184013     27
-0.114123   0.184327     28
-0.103596   0.206267     28
-0.00769923   0.214191     29
-0.0100768   0.189883     29
0.143971   0.290449     30
0.140341   0.313727     30
0.243615   0.284721     31
0.238032   0.307531     31
0.341128   0.306016     32
0.340632   0.282439     32
0.43874   0.288347     33
0.443394   0.311347     33
0.542189   0.315336     34
0.541942   0.291437     34
0.637372   0.315529     35
0.646079   0.294176     35
-0.254784   0.28536     36
-0.260523   0.308267     36
-0.155884   0.282766     37
-0.159207   0.306178     37
-0.0552219   0.311155     38
-0.0597775   0.288048     38
0.0427258   0.291603     39
0.0416423   0.314512     39
0.188302   0.410983     40
0.192362   0.388129     40
0.291366   0.382437     41
0.2871   0.405972     41
0.385176   0.384678     42
0.390844   0.407886     42
0.488081   0.412615     43
0.488684   0.38928     43
0.590181   0.393756     44
0.587322   0.417378     44
0.685078   0.409681     45
-0.302924   0.388965     45
-0.209341   0.383805     46
-0.209421   0.406939     46
-0.10926   0.408051     47
-0.110324   0.384218     47
-0.00460639   0.41383     48
-0.0130242   0.392034     48
0.0914574   0.390975     49
0.0880134   0.413928     49
-0.268337   -0.492235     50
0.242058   0.486635     50
-0.162709   -0.494057     51
0.336936   0.482813     51
0.435901   0.485875     52
-0.0603179   -0.490698     52
0.0353899   -0.485326     53
0.537303   0.492     53
0.643173   0.491014     54
0.131283   -0.488244     54
0.737695   0.485229     55
0.239366   -0.491243     55
-0.66291   -0.49398     56
-0.161606   0.482446     56
-0.561966   -0.489121     57
-0.0628465   0.487168     57
0.0370106   0.49361     58
-0.462362   -0.48259     58
0.139991   0.48975     59
-0.365473   -0.48684     59
-0.215851   -0.394451     60
-0.211954   -0.418342     60
-0.112883   -0.415632     61
-0.11379   -0.392347     61
-0.0162248   -0.409358     62
-0.0141615   -0.384907     62
0.0824034   -0.38665     63
0.0894966   -0.408558     63
0.187543   -0.390715     64
0.184591   -0.414674     64
0.283794   -0.393702     65
0.288734   -0.416976     65
-0.616511   -0.390367     66
-0.612943   -0.414569     66
-0.515373   -0.40934     67
-0.513975   -0.386182     67
-0.413546   -0.407766     68
-0.415875   -0.383959     68
-0.31205   -0.411821     69
-0.317517   -0.388232     69
-0.167431   -0.29443     70
-0.167007   -0.318039     70
-0.0635849   -0.28837     71
-0.0697561   -0.311169     71
0.0325157   -0.309327     72
0.0315399   -0.285523     72
0.13707   -0.311515     73
0.128372   -0.288614     73
0.230056   -0.292689     74
0.235038   -0.315622     74
0.332987   -0.290291     75
0.333369   -0.314622     75
-0.567378   -0.313494     76
-0.564568   -0.290268     76
-0.465375   -0.307005     77
-0.468894   -0.283945     77
-0.366322   -0.308189     78
-0.367783   -0.283764     78
-0.269192   -0.292647     79
-0.265558   -0.315314     79
-0.118757   -0.216061     80
-0.117369   -0.192226     80
-0.0173285   -0.210625     81
-0.0193805   -0.186461     81
0.0783137   -0.184994     82
0.0842831   -0.207231     82
0.182303   -0.190064     83
0.181411   -0.213861     83
0.283053   -0.192755     84
0.281596   -0.216523     84
0.383701   -0.190895     85
0.382755   -0.214718     85
-0.511929   -0.186248     86
-0.522166   -0.207632     86
-0.416799   -0.20771     87
-0.416012   -0.184327     87
-0.32134   -0.18863     88
-0.313143   -0.211922     88
-0.21764   -0.193537     89
-0.216037   -0.217417     89
-0.0613383   -0.0899378     90
-0.071378   -0.112367     90
0.0351586   -0.0864103     91
0.0312512   -0.11021     91
0.13708   -0.112409     92
0.132576   -0.088963     92
0.233568   -0.0906619     93
0.233369   -0.114146     93
0.331234   -0.115741     94
0.333657   -0.0920402     94
0.440542   -0.0921703     95
0.428419   -0.111579     95
-0.463964   -0.0839885     96
-0.464612   -0.107235     96
-0.366433   -0.0844839     97
-0.36446   -0.108072     97
-0.268753   -0.0912865     98
-0.26558   -0.115624     98
-0.164819   -0.0927979     99
-0.168939   -0.117075     99
