-0.00499903248335442   -0.0525132430209436   83.3757439617864   0.30557341343282
0.0956716877523375   -0.0535722061814485   85.7722185984921   0.304623616949174
0.195548457928829   -0.0535884012469938   86.4025603787006   0.306891556190146
0.295350738054042   -0.0521884810557834   93.4344548555735   0.307865534774935
0.395632982842796   -0.0519225707319915   80.7468997486106   0.303404516092037
-0.504730317581217   -0.0521923176133379   82.5450347459444   0.307311288423751
-0.405353732352688   -0.0542192435436852   81.8608090433104   0.302334878589613
-0.305831503888245   -0.0536432431507206   84.1361645798725   0.308483539000408
-0.205109570950824   -0.0531030744344033   80.5891957276021   0.302636756556688
-0.104914503065462   -0.0530323110077419   88.5489074296615   0.305276585095527
0.047658005522616   0.046761800044534   79.4532209873803   0.305162787133084
0.147003013019643   0.0466134151872905   85.8460510500611   0.300875366106639
0.247304015923731   0.0476204039805067   73.4136248606049   0.30986989286197
0.347021903559473   0.047070034986202   76.7227836420966   0.306167188789551
0.447085241606167   0.0479276590940276   91.64396285027   0.302994472716312
-0.452103611568288   0.0469498125031963   86.5904080249046   0.305779893231462
-0.353050823336246   0.0471358799707112   80.2868487530159   0.304107041372334
-0.253884597777602   0.0461480721743932   83.4289632207683   0.304714649330577
-0.154215795760967   0.0467325266034807   81.3184487498889   0.307409454956273
-0.0531760281457286   0.0473831753085353   83.7304821703087   0.302492353514386
0.0973011925281214   0.147772232222006   89.1963992046901   0.309018606571562
0.197837575278624   0.146341126782912   88.0419011113675   0.309962192837141
0.298116870095902   0.14762597061236   95.8179754709033   0.309020840632624
0.397964739926904   0.14766389920954   83.3842529589246   0.307045595521988
0.498161569619346   0.146892038368328   93.2724033585573   0.308440259676831
-0.401806878223394   0.147422386193402   92.9298956436073   0.311747091607082
-0.301685903791218   0.147203277496662   98.2837155879187   0.310086025662506
-0.202459418338282   0.145989162987357   92.0936970775667   0.307839012230849
-0.102289560906461   0.146662534764353   81.5514207361185   0.307899811381285
-0.00252312526741907   0.1466005124607   92.8429074092628   0.305037296282511
0.148206669228671   0.2466579025933   90.6961197031491   0.307965996981544
0.247662184790338   0.247344850309341   80.3022830878084   0.302229279100011
0.34807068871676   0.246819042675533   92.5561076257316   0.311140086352292
0.447617391572552   0.247721819331981   94.1351327795497   0.30725785905198
0.547648417528243   0.246975025862163   93.9104354066623   0.307961557361781
-0.351889116689066   0.24740276362596   88.0991716722756   0.304416443785403
-0.251803484199045   0.246474526533197   88.9315622846759   0.306289136957451
-0.151298698876957   0.245544227356713   94.2312538116864   0.305866931176581
-0.0512925056302042   0.247237628644285   86.7338121600422   0.305316758778415
0.0478602973192099   0.2468684968525   81.4557063982934   0.302215155912247
0.198075702605319   0.346991883561265   94.0761933172572   0.30582410288083
0.297492524115397   0.347155185516528   87.5384947652511   0.31136198415571
0.397561907815268   0.34737220624918   86.6018216877342   0.307379799396035
0.49743529393281   0.347587479726893   89.336810043221   0.307979526100367
0.59808269503815   0.345888736819247   88.8062714513118   0.30737484562426
-0.301716659695911   0.347227553833889   91.194480492064   0.307622006344722
-0.201536447733821   0.346147622507407   92.4892516652406   0.30513524356407
-0.101886008445815   0.346132078102735   92.030228455511   0.303282029475835
-0.00174937197292557   0.34755414350811   94.9239953752464   0.307282965715061
0.0983530910563291   0.347793949374936   93.9211697559765   0.308886783437934
0.24820515757594   0.447737209640784   79.4263944948305   0.309714382044372
0.348741956463883   0.447084474303058   86.4528511819708   0.311262984556224
0.448510663006486   0.447618289646643   92.1357457949885   0.310358809113251
0.548984080439151   0.446417665283298   97.3659181289537   0.305153148975636
0.649354407456362   0.447445929420484   85.8376323792696   0.308645634454903
-0.250912125344312   0.446588595779351   84.3703793776201   0.310193142831552
-0.151423103315599   0.445858714791966   88.9503291151448   0.311321382083852
-0.0521292517118063   0.44749788205581   85.4811722104412   0.303313226960326
0.0475147738094808   0.447821657025407   91.6798376887226   0.307985615530166
0.147784404176999   0.446982628613039   92.3352795394826   0.305909597636415
-0.201531995512779   -0.452215576628384   90.0276473400235   0.307236219343878
-0.101612298812063   -0.452144364114431   92.4885730401383   0.309784813595801
-0.00321618436751986   -0.45239534212448   99.7346618398722   0.3035311903414
0.0971239061943199   -0.453999170740444   95.0406183265318   0.309244859382708
0.198333175440357   -0.453352602954744   100.31818726423   0.306401282928418
-0.701362305669217   -0.453014446211237   90.6238029463777   0.304095045878722
-0.601930323660055   -0.452336111028261   89.3182994164531   0.310839241511681
-0.502252758758786   -0.452205615502822   88.0218409104155   0.305443367020851
-0.402363442342135   -0.453079250890009   89.8659887957687   0.309530565845408
-0.302058663700448   -0.453938494722508   98.5419913606926   0.308833231278229
-0.153340269475622   -0.351780376766979   86.8447836250615   0.303407088429863
-0.0529066627158788   -0.351030423539766   96.3036233803623   0.306358208929587
0.0468362845173372   -0.353911463074504   90.24338036902   0.309536851147796
0.147055890731686   -0.353814075461551   90.2257989341668   0.305065744387155
0.247093336865015   -0.35358612246892   91.5203901770795   0.303216406065855
-0.653120752088681   -0.35219721960789   85.5574937574194   0.308104733663577
-0.553406347885577   -0.352544767202578   92.0309526647995   0.302992273128396
-0.453265824866374   -0.352479826159601   94.8896697203642   0.308194771531327
-0.353326591607825   -0.352522629633387   85.8750545294029   0.30945075702606
-0.2538943558936   -0.353376129773649   88.2232262286945   0.304366233787494
-0.103880208625153   -0.251560567212515   86.4734641674172   0.306460935156042
-0.00398013778662233   -0.252812125002835   91.8306356662121   0.309933755093689
0.0955483470498124   -0.253748471789029   93.4335323079597   0.314916136548821
0.19547859001292   -0.253361304259725   88.3527532487956   0.299679476120582
0.295613613799826   -0.253740117495157   91.639212413661   0.310636245277379
-0.604329014499055   -0.251481886334417   92.1275439291477   0.306862834579833
-0.504541964440087   -0.252401864264121   95.8065839073122   0.306584906336589
-0.403813071526198   -0.253496177928807   89.8411711508655   0.306846438764436
-0.303950499626027   -0.253092694057293   96.6936879554981   0.305625091690204
-0.203732466170254   -0.25257835382653   84.4526713717776   0.303059592578115
-0.0546156501214895   -0.152840646090386   91.7780915969249   0.308065679763427
0.0458213985648726   -0.152511655554437   95.4637522332389   0.306266491494594
0.145192759020878   -0.153722391906189   90.2544333998947   0.302835042618119
0.244951165267881   -0.152749738462278   82.7434778270951   0.301244522305286
0.343976688116298   -0.152556079545969   86.16032406367   0.305195289280318
-0.555966583327353   -0.152105747296661   93.2643125698718   0.305444578265011
-0.455814250848079   -0.153557226591739   97.2648354188024   0.306012568332615
-0.355350984063188   -0.153458864407256   102.641787161445   0.304970450913283
-0.255598775861883   -0.152959586487568   89.293718122889   0.308623034985376
-0.155169121451253   -0.152211557091869   92.5597169234027   0.306800472970643
