0.42972788892272645   5.2187777494351925  0.0082252622404998419
0.85945577784545291   2.6791684404946725  0.0067452827861952868
1.2891836667681793   0.57424219785199344  0.0015494995664805011
1.7189115556909058   0.022839937493046563  0.00016572328842337929
2.1486394446136323   0.0011478442390328807  0.00010378621792083635
2.5783673335363586   0.039696827859939399  0.00064686603275604058
3.0080952224590853   0.091625735421141016  0.00097421115021029033
3.4378231113818116   0.038782225020165979  0.0026259507627411261
3.8675510003045379   0.018463126087769217  0.0015979339610018493
4.2972788892272646   0.95119404389918255  0.0027575719426818845
4.7270067781499909   0.025267443983985757  0.0013976650322272074
5.1567346670727172   0.20907920768456587  0.0033645081796123824
5.5864625559954435   2.0574791591562824  0.0062457174695957172
6.0161904449181707   0.019919921761354234  0.0002636067570357198
6.445918333840897   0.0084277202205434635  0.00017057146407266195
6.8756462227636232   0.010212057855782215  5.6887144484860005e-05
7.3053741116863495   0.055079604307427814  0.0005091181811305611
7.7351020006090758   0.058481040874545959  0.0017001262536979098
8.1648298895318021   0.04076894173029116  0.0015747658192048927
8.5945577784545293   0.37058371368496583  0.0015048354256962184
9.0242856673772547   0.014314899052282955  4.2460622746287219e-05
9.4540135562999819   0.020688809803591581  0.0006588113985351711
9.883741445222709   0.031507372753479092  0.00082009965419467315
10.313469334145434   0.11823796277703986  0.0013799918799780896
10.743197223068162   0.20597370805506087  0.0014103350439068998
11.172925111990887   0.0046725204078829951  6.7262789719650557e-05
11.602653000913614   0.041427917827520142  0.00026936691769052648
12.032380889836341   0.027828957102404875  0.0015266100360621118
12.462108778759067   0.043569980463160338  0.0024496324720327212
12.891836667681794   1.1128904476391882  0.0070875494816333925
13.321564556604519   0.040993982447348927  0.00059229964703692407
13.751292445527246   0.071844286481055032  0.00036639022206848796
14.181020334449974   0.048984837829185065  0.0017519300167496554
14.610748223372699   0.084711041818394484  0.00069795069382244969
15.040476112295426   0.066242481442781118  0.0004186030870365573
15.470204001218152   0.0074765852956552276  0.00022018122704512195
15.899931890140879   0.02313939695146725  0.00035835539652460069
16.329659779063604   2.1504277161226724  0.0042196143743201179
16.759387667986331   1.3816067382647617  0.0085339191296242036
17.189115556909059   0.89648812353557393  0.005272709401959737
17.618843445831786   0.03172295772069392  0.00023191092451114818
18.048571334754509   0.017641687021042218  0.00018879089427122282
18.478299223677237   0.06431391894657421  0.0015205238074102494
18.908027112599964   0.37101999534656457  0.0019797323769807252
19.337755001522691   0.40797420800861488  0.0036749889083018603
19.767482890445418   0.062618362601054346  0.00023906072572845651
20.197210779368142   0.39374049283816647  0.00085171711589767631
20.626938668290869   1.1504073577850248  0.0052789978599629277
21.056666557213596   1.0278528887972034  0.0025188142982154034
21.486394446136323   3.4145141824919249  0.015428106838621107
21.91612233505905   3.6017884842068511  0.0067742521565961202
22.345850223981774   0.07441838293458299  0.00037614326987790638
22.775578112904501   0.25779389017347275  0.0011081717710478839
23.205306001827228   0.18419596970538601  0.00087349101277196238
23.635033890749956   0.050594767034794204  0.00033222040110682842
24.064761779672683   0.028310923153616488  0.00026731560680758107
24.494489668595406   0.030806910166605072  0.0002222571874581084
24.924217557518134   0.085004057751708759  0.00021950761999385141
25.353945446440861   0.076957669462233083  0.0015731297897070638
25.783673335363588   0.32177419328911727  0.0025265151321160575
26.213401224286315   0.13717359059405745  0.00071681782398304701
26.643129113209039   0.036678511294055965  5.3586914172220984e-05
27.072857002131766   0.05764610902464101  0.00070221497098760901
27.502584891054493   1.0527871221804709  0.007043927866048577
27.93231277997722   0.047052115016088241  0.0006390403445248748
28.362040668899947   0.034294491099398872  0.0007222312549741868
28.791768557822671   0.020324700105269329  4.2766118200775263e-05
29.221496446745398   0.062894330850112957  0.00039480949673014344
29.651224335668125   0.48147289365823824  0.0030544075091245121
30.080952224590852   0.99998633015459732  0.0048435903237409241
30.51068011351358   0.53961901843203699  0.0017704808097164471
30.940408002436303   0.070826731274337618  0.00029944963843388615
31.37013589135903   0.063800299542580795  0.00012771921091431995
31.799863780281758   0.071044966440577004  0.00011008288882318414
32.229591669204481   0.15007296527978549  0.0013770865124264767
32.659319558127208   0.46318529671605208  0.002022848783565939
33.089047447049936   0.26315452250037553  0.0014337770721933505
33.518775335972663   0.065048563665786459  0.00027805782405180153
33.94850322489539   0.093298435880922087  0.00056506190795675145
34.378231113818117   0.55862752118655851  0.0062089217419794524
34.807959002740844   0.22940906630604044  0.0024511785490255312
35.237686891663571   0.10305804606484222  0.00046505798016680402
35.667414780586299   0.058915390015002682  0.00013314094364410259
36.097142669509019   0.056157077107859176  0.00086899192654073355
36.526870558431746   0.086852410605256762  0.00024579918191900302
36.956598447354473   0.13980740444845151  0.00041837968328487119
37.3863263362772   0.074003290250599894  0.00047227351817458981
37.816054225199927   0.10761330177121445  0.00027508301115863753
38.245782114122655   2.0542784380896896  0.010029969845761746
38.675510003045382   6.0964585967819019  0.036876785830172216
39.105237891968109   1.83574889464872  0.01137083993929881
39.534965780890836   0.38076363935719391  0.0017734552868009513
39.964693669813563   0.38765620722792131  0.001967317864078057
40.394421558736283   0.69571375019199381  0.0015729532415438436
40.824149447659011   0.53970671815280773  0.0023891619218030729
41.253877336581738   0.16705788023703204  0.0017044962493720025
41.683605225504465   0.091589081658455125  0.00055462067504283968
42.113333114427192   0.088094165013033757  0.00026004566246830003
42.543061003349919   0.21744643082451432  0.00074155200354079274
42.972788892272646   1.2871688821011557  0.0043944670065903399
