0.46400628289657042   97.449746975036835  0.0078137686000530092     
0.92801256579314084   2.1248564766217893  0.0014750955841570332     
1.3920188486897112   10.001430267189766  0.011108287371392853     
1.8560251315862817   2.3667786679183906  0.0032929267441274623     
2.3200314144828522   2.7832674715819935  0.013342174475324516     
2.7840376973794223   2.6004101511056038  0.0089039959644676154     
3.2480439802759928   0.74151933843388962  0.0078082465761227547     
3.7120502631725634   2.7131175809139009  0.021745769455785926     
4.1760565460691339   0.063096104490980551  0.00070898736622017291     
4.6400628289657044   2.679099660885413  0.027129173891116652     
5.104069111862275   0.14379993570692331  0.001910708746770755     
5.5680753947588446   2.5119815257888832  0.020320767573152976     
6.0320816776554151   0.8230730645165295  0.0092179469861929155     
6.4960879605519857   2.2442775059455618  0.010229008525614681     
6.9600942434485562   2.7008062420180845  0.015473428228359041     
7.4241005263451267   1.9378515609226365  0.0048680500527471496     
7.8881068092416973   9.165254445398579  0.02355337568367252     
8.3521130921382678   1.6273114125703015  0.0020518359014313835     
8.8161193750348374   86.404636390067395  0.065567964379555671     
9.2801256579314089   181.73711166780689  0.030479345543701653     
9.7441319408279785   90.721074358125257  0.049212613644567592     
10.20813822372455   2.2732200397068248  0.0055676038961746197     
10.67214450662112   9.1196004118758598  0.0041046236486194983     
11.136150789517689   2.430122117066541  0.0059830392383641984     
11.600157072414261   2.3524466329266276  0.0082482848251472383     
12.06416335531083   2.5066138253564362  0.0049427350215214823     
12.528169638207402   0.5331461762227221  0.0043466595906650568     
12.992175921103971   2.4338949055156754  0.016698012658254559     
13.456182204000543   0.040106495291884163  0.0001622131564651767     
13.920188486897112   2.2353710331258356  0.017453880293211656     
14.384194769793684   0.21202534316432414  0.0024396863471109139     
14.848201052690253   1.9345627594223123  0.013514243418923315     
15.312207335586823   0.74497637387100631  0.0076190081837732403     
15.776213618483395   1.6259715435984255  0.0084925006596058652     
16.240219901379966   2.1861183502344984  0.013519463463981151     
16.704226184276536   1.342704007489477  0.005667682594397297     
17.168232467173105   7.1503888673468555  0.027492730075869625     
17.632238750069675   0.92930585948347387  0.0026888663673980944     
18.096245032966248   62.780865959512658  0.10310074687148086     
18.560251315862818   136.54395280426889  0.088719624307036191     
19.024257598759387   70.317722311041305  0.080467599557096105     
19.488263881655957   2.1068492902803487  0.0086931514766174906     
19.952270164552527   6.8947547062558307  0.013447875606463873     
20.4162764474491   2.1034869389709078  0.008549983741786937     
20.88028273034567   1.6249627506168541  0.0034182034098792346     
21.344289013242239   2.0201396056738257  0.0013575968004240065     
21.808295296138809   0.31094453995137821  0.0011134272196018802     
22.272301579035378   1.8378876541963357  0.0084534374600742629     
22.736307861931952   0.10374999082478088  0.00017557642711818254     
23.200314144828521   1.5984508795706952  0.0051060470050278563     
23.664320427725091   0.23800999327144747  0.0018639354407368617     
24.128326710621661   1.2695616297869352  0.005870087664866908     
24.592332993518234   0.57579436557611263  0.0042700333228203239     
25.056339276414803   1.0211066352573885  0.0051993108770563366     
25.520345559311373   1.5249116627217461  0.0089598859519900402     
25.984351842207943   0.80631452484126102  0.0042814441493386765     
26.448358125104512   4.9048272188168055  0.022642931787065652     
26.912364408001086   0.40757928735194958  0.0022835664793016503     
27.376370690897655   37.189744992484985  0.10247608957156784     
27.840376973794225   85.105364221477184  0.11719493236609135     
28.304383256690794   45.785349056738468  0.085289186957174034     
28.768389539587368   1.7283845559005241  0.0091275261906757692     
29.232395822483937   4.3363475580254589  0.016160560825249998     
29.696402105380507   1.5561251047571768  0.0089841170637284558     
30.160408388277077   0.93597602141861428  0.0028187946978064728     
30.624414671173646   1.3902636347352447  0.0041766079161179403     
31.088420954070219   0.1723279279017912  0.00069424704569989571     
31.552427236966789   1.211890553850997  0.0026349057380449196     
32.016433519863362   0.22145965560589364  0.00077628010402850929     
32.480439802759932   1.0493960361184704  0.0042432522132342952     
32.944446085656502   0.24758222201470808  0.00083695066700438724     
33.408452368553071   0.76368125698615082  0.0027188828986792385     
33.872458651449641   0.41737624434880805  0.0012020116985855244     
34.33646493434621   0.60317449337571302  0.0024004336197315389     
34.80047121724278   0.97856129874257658  0.0043350950873469623     
35.26447750013935   0.45705450231329124  0.0022018955076435199     
35.728483783035919   3.12474601162212  0.013914877637532827     
36.192490065932496   0.4049647929156806  0.0011667168728410561     
36.656496348829066   17.988506385614834  0.072599135959358329     
37.120502631725635   44.151904957388166  0.097631343062167489     
37.584508914622205   25.22638796668315  0.069183016822684675     
38.048515197518775   1.2705861087824456  0.0075514790446902207     
38.512521480415344   2.3163213638830018  0.013910742147299488     
38.976527763311914   1.021667422304717  0.008011613652329496     
39.440534046208484   0.49378213467565504  0.0032972477280577943     
39.904540329105053   0.86654612796912709  0.0059194923871607281     
40.36854661200163   0.1425747645653811  0.00096958536158831847     
40.8325528948982   0.76779042662484669  0.0043351174484438566     
41.296559177794769   0.35908102668211475  0.0013366880007722035     
41.760565460691339   0.72430820695086314  0.0073033410020122186     
42.224571743587909   0.27588994845223953  0.0006211727709361252     
42.688578026484478   0.49677071036508601  0.0037522067529005079     
43.152584309381048   0.33616683984703646  0.0011290712688597525     
43.616590592277618   0.39906670860993027  0.0013652632116809668     
44.080596875174187   0.65690576428183692  0.0019301258036874974     
44.544603158070757   0.31306009895335272  0.00076280394040866372     
45.008609440967334   2.012905322598728  0.0068006199584038779     
45.472615723863903   0.85601910098569642  0.0035636153642747191     
45.936622006760473   7.3345566468381498  0.035954424942891637     
46.400628289657043   19.125790234162744  0.055655306692679199     
