1.086001   0.0006926   2.4276280147044311e-05   
1.0860030000000001   0.0003498   1.3092661218322949e-05   
1.0860050000000001   0.00033   1.1230909728661046e-05   
1.0860070000000002   0.0003102   1.4281145301099317e-05   
1.086009   0.0003426   1.0285048479332619e-05   
1.0860110000000001   0.0003308   1.319663256710253e-05   
1.0860130000000001   0.0003444   1.1842672371086219e-05   
1.0860150000000002   0.0003476   1.4163489839882134e-05   
1.086017   0.0003582   1.102099007449976e-05   
1.0860190000000001   0.0003586   1.788618337028768e-05   
1.0860210000000001   0.0003576   1.6397289748952755e-05   
1.0860230000000002   0.0003568   9.1661211958918466e-06   
1.086025   0.0003666   1.811825353369113e-05   
1.0860270000000001   0.000344   1.6894443531002204e-05   
1.0860290000000001   0.0003428   1.1486030162283612e-05   
1.086031   0.0003448   1.3433622825664796e-05   
1.086033   0.000358   1.3094528119281988e-05   
1.0860350000000001   0.00035   1.6669333120034127e-05   
1.0860370000000001   0.0003542   1.469527512879943e-05   
1.086039   0.0003362   7.29961947257831e-06   
1.086041   0.0003428   1.4829999625383977e-05   
1.0860430000000001   0.0003134   1.2834155817799453e-05   
1.0860450000000001   0.0003404   1.8019248966961229e-05   
1.086047   0.0003192   8.4390626125048851e-06   
1.086049   0.0003594   1.06167582413633e-05   
1.0860510000000001   0.0003276   1.4792791037078387e-05   
1.0860530000000002   0.000344   1.2055427546683416e-05   
1.086055   0.0003384   6.9716887799473985e-06   
1.0860570000000001   0.0003514   1.6516792801401985e-05   
1.0860590000000001   0.0003594   1.9937792143453486e-05   
1.0860610000000002   0.0003396   1.3986660311406246e-05   
1.086063   0.0003472   1.8528536549513744e-05   
1.0860650000000001   0.0003714   1.2989055221822546e-05   
1.0860670000000001   0.000348   1.5651765963551135e-05   
1.0860690000000002   0.0003204   1.2658945014845783e-05   
1.086071   0.0003584   1.5425231854911542e-05   
1.0860730000000001   0.0003406   1.769130357611395e-05   
1.0860750000000001   0.0003482   2.0096323599659273e-05   
1.0860770000000002   0.0003194   1.760315628264179e-05   
1.086079   0.0003338   9.658387258980893e-06   
1.0860810000000001   0.0003286   1.0799382698407658e-05   
1.0860830000000001   0.0003282   1.5527609818213061e-05   
1.086085   0.0003518   1.1629273408085305e-05   
1.086087   0.0003338   1.255193654824271e-05   
1.0860890000000001   0.0003478   1.697959559785411e-05   
1.0860910000000001   0.0003402   1.8795862428855039e-05   
1.086093   0.00034   1.2011105971835677e-05   
1.086095   0.0003316   7.4999259255601244e-06   
1.0860970000000001   0.0003396   1.2514169746509132e-05   
1.0860990000000001   0.0003422   9.7363009174714581e-06   
1.086101   0.0003456   1.5968858583018526e-05   
1.086103   0.0003374   1.1673521795547011e-05   
1.0861050000000001   0.0003604   1.6740635856767475e-05   
1.0861070000000002   0.0003366   1.6818111929966719e-05   
1.086109   0.0003696   1.3726859315468585e-05   
1.086111   0.0003422   1.2001666550941998e-05   
1.0861130000000001   0.0003552   1.6319586051395081e-05   
1.0861150000000002   0.0003272   1.8511738017929177e-05   
1.086117   0.0003488   1.4111303585738948e-05   
1.0861190000000001   0.0003524   1.5679569155078493e-05   
1.0861210000000001   0.0003394   1.4363688786504515e-05   
1.0861230000000002   0.0003442   1.4181208223091101e-05   
1.086125   0.0003392   1.3044198369816028e-05   
1.0861270000000001   0.0003522   1.7737468189619898e-05   
1.0861290000000001   0.0003454   1.3443048596042326e-05   
1.0861310000000002   0.000333   1.8759886282526697e-05   
1.086133   0.000319   1.8605256127115143e-05   
1.0861350000000001   0.0003448   1.4573034458661426e-05   
1.0861370000000001   0.0003444   1.7152388884480332e-05   
1.086139   0.0003262   1.6542067585401772e-05   
1.086141   0.0003236   1.6764512784118985e-05   
1.0861430000000001   0.0003566   1.8590439597934322e-05   
1.0861450000000001   0.0003406   1.4117129075464789e-05   
1.086147   0.0003544   1.2774279714419214e-05   
1.086149   0.0003278   1.5644523358386829e-05   
1.0861510000000001   0.0003508   1.3436930866500397e-05   
1.0861530000000001   0.0003398   1.8880795651784499e-05   
1.086155   0.0003514   2.3789913829183997e-05   
1.086157   0.0003526   1.4220642273352729e-05   
1.0861590000000001   0.000331   8.6165215977472281e-06   
1.0861610000000002   0.000337   1.6947631758514882e-05   
1.086163   0.000343   1.04232645771104e-05   
1.086165   0.0003548   2.3481813293601403e-05   
1.0861670000000001   0.000326   1.8879736344675061e-05   
1.0861690000000002   0.0003244   1.593542524621724e-05   
1.086171   0.0003466   1.4966778024827002e-05   
1.0861730000000001   0.0003416   1.3309311694365632e-05   
1.0861750000000001   0.0003408   1.3135871159200333e-05   
1.0861770000000002   0.000321   1.3953096032382522e-05   
1.086179   0.0003454   1.4627371602581238e-05   
1.0861810000000001   0.000331   1.1930353445448854e-05   
1.0861830000000001   0.000329   1.2572456667917638e-05   
1.0861850000000002   0.0003484   1.6925457486021201e-05   
1.086187   0.00034   1.8049315160907845e-05   
1.0861890000000001   0.0003252   1.7436105579451444e-05   
1.0861910000000001   0.0003242   1.8826576959181932e-05   
1.0861930000000002   0.0003306   8.8996878846645204e-06   
1.086195   0.0003282   1.0260820846523169e-05   
1.0861970000000001   0.0003472   1.2235467570414572e-05   
1.0861990000000001   0.00034   1.3080944580232389e-05   
1.086201   0.0003632   2.0217044514193683e-05   
1.086203   0.0003294   1.3623672208492263e-05   
1.0862050000000001   0.0003374   1.4575626535037487e-05   
1.0862070000000001   0.0003232   1.2085620473199637e-05   
1.086209   0.000326   1.0092901796146967e-05   
1.086211   0.000348   1.4578523016181486e-05   
1.0862130000000001   0.0003488   1.2158947322856531e-05   
1.0862150000000002   0.0003412   1.1176165114504468e-05   
1.086217   0.0003348   1.3400497503202384e-05   
1.086219   0.0003354   6.660330322138685e-06   
1.0862210000000001   0.000338   1.7514438488160434e-05   
1.0862230000000002   0.000333   1.1582553930612866e-05   
1.086225   0.0003444   1.3053054133888445e-05   
1.0862270000000001   0.000323   1.154411827151241e-05   
1.0862290000000001   0.0003328   1.5863865298918238e-05   
1.0862310000000002   0.0003116   1.3445527963684514e-05   
1.086233   0.0003318   1.5296913268877338e-05   
1.0862350000000001   0.0003246   1.2529254655494166e-05   
1.0862370000000001   0.0003438   1.8715293805394085e-05   
1.0862390000000002   0.0003398   1.102905254316979e-05   
1.086241   0.0003232   1.5258367467647965e-05   
1.0862430000000001   0.0003456   1.6980511705416235e-05   
1.0862450000000001   0.0003226   1.3824454982224636e-05   
1.0862470000000002   0.0003316   1.2704504887812214e-05   
1.086249   0.0003646   1.3346826505869393e-05   
1.0862510000000001   0.0003504   1.1046568094510922e-05   
1.0862530000000001   0.0003296   1.1094743500114518e-05   
1.086255   0.0003338   1.8143747009798047e-05   
1.086257   0.000348   1.3662601021279465e-05   
1.0862590000000001   0.0003316   1.6198216637093795e-05   
1.0862610000000001   0.0003266   1.4434680460612905e-05   
1.086263   0.0003476   1.1018368501935504e-05   
1.086265   0.0003396   1.2371292935214528e-05   
1.0862670000000001   0.0003572   7.9732887401205616e-06   
1.0862690000000002   0.0003266   1.4609129565674564e-05   
1.086271   0.00035   9.0872315794073267e-06   
1.086273   0.0003334   1.6543679558469855e-05   
1.0862750000000001   0.0003186   1.1677328461596e-05   
1.0862770000000002   0.000347   1.1028246561544687e-05   
1.086279   0.000357   1.6765705737871248e-05   
1.0862810000000001   0.000331   1.0995958853647603e-05   
1.0862830000000001   0.000342   1.4217360280070747e-05   
1.0862850000000002   0.0003404   2.0528137870845579e-05   
1.086287   0.0003458   1.8192672517619101e-05   
1.0862890000000001   0.0003738   1.7326793638113711e-05   
1.0862910000000001   0.0003626   7.9501222911628499e-06   
1.0862930000000002   0.0003298   2.233373133973711e-05   
1.086295   0.0003408   1.1832910790578022e-05   
1.0862970000000001   0.0003512   9.5507998501579847e-06   
1.0862990000000001   0.0003404   1.9309870820673843e-05   
1.0863010000000002   0.0003358   1.2904607273717743e-05   
1.086303   0.000331   1.5737428845483835e-05   
1.0863050000000001   0.0003488   1.23547561691844e-05   
1.0863070000000001   0.0003222   1.5464511344077805e-05   
1.086309   0.000325   2.2195595158599475e-05   
1.086311   0.0003434   1.641422147610622e-05   
1.0863130000000001   0.0003206   1.0481942144045211e-05   
1.0863150000000001   0.0003696   1.4213608502652191e-05   
1.086317   0.0003326   1.6936613855457911e-05   
1.086319   0.000363   1.4407559744029444e-05   
1.0863210000000001   0.0003478   2.1398753857798979e-05   
1.0863230000000001   0.000367   1.9646317155583582e-05   
1.086325   0.0003418   1.0825689611085086e-05   
1.086327   0.0003562   1.4749613930917348e-05   
1.0863290000000001   0.0003284   1.6176251454249563e-05   
1.0863310000000002   0.000339   1.2311692725932441e-05   
1.086333   0.0003328   1.4453603933506227e-05   
1.0863350000000001   0.0003386   1.1011307319700458e-05   
1.0863370000000001   0.0003462   1.4503486170955972e-05   
1.0863390000000002   0.0003384   9.6231203070752704e-06   
1.086341   0.0003378   1.7971458853786282e-05   
1.0863430000000001   0.0003536   1.4623573054793719e-05   
1.0863450000000001   0.0003238   1.3838593377459527e-05   
1.0863470000000002   0.0003494   8.8496076498088634e-06   
1.086349   0.0003188   1.5173661390712526e-05   
1.0863510000000001   0.000339   1.0277267254587779e-05   
1.0863530000000001   0.0003468   1.7990614837248399e-05   
1.0863550000000002   0.0003254   1.9365605249169639e-05   
1.086357   0.000323   1.5889199686159988e-05   
1.0863590000000001   0.0003322   1.5036104696511143e-05   
1.0863610000000001   0.0003592   1.3643720574356216e-05   
1.086363   0.000338   1.3243027515556168e-05   
1.086365   0.000349   1.2358532814753268e-05   
1.0863670000000001   0.0003488   1.7328717334079994e-05   
1.0863690000000001   0.000327   1.4579285152419358e-05   
1.086371   0.0003252   1.2096647836855006e-05   
1.086373   0.0003484   1.2535460812342631e-05   
1.0863750000000001   0.0003004   1.7853228777388637e-05   
1.0863770000000001   0.0003428   1.5759864635628484e-05   
1.086379   0.0003546   1.643857252521236e-05   
1.086381   0.0003332   1.1543925771687127e-05   
1.0863830000000001   0.0003286   1.8164801127455263e-05   
1.0863850000000002   0.0003344   1.0908915823510806e-05   
1.086387   0.0003266   1.4261213911242697e-05   
1.086389   0.0003242   1.2218201358810733e-05   
1.0863910000000001   0.0003496   9.0175138234191555e-06   
1.0863930000000002   0.0003518   1.4090027994609836e-05   
1.086395   0.0003056   1.1977015024157267e-05   
1.0863970000000001   0.0003278   1.6816526263041234e-05   
1.0863990000000001   0.0003656   1.427912228861891e-05   
1.0864010000000002   0.0003472   1.5802109563810354e-05   
1.086403   0.0003346   1.540288573251418e-05   
1.0864050000000001   0.0003454   1.3946086667353438e-05   
1.0864070000000001   0.0003474   1.4700113378247575e-05   
1.0864090000000002   0.0003266   1.183610296226479e-05   
1.086411   0.0003444   1.3958032335063086e-05   
1.0864130000000001   0.0003268   1.2067219140206984e-05   
1.0864150000000001   0.0003262   1.5788744232662851e-05   
1.086417   0.0003156   1.3272528018429647e-05   
1.086419   0.000334   2.0264912204760885e-05   
1.0864210000000001   0.0003192   1.4258564677647841e-05   
1.0864230000000001   0.0003268   1.7646403473670083e-05   
1.086425   0.0003356   8.4369557437633998e-06   
1.086427   0.0003068   1.0040805633900986e-05   
1.0864290000000001   0.0003222   1.0903414348012481e-05   
1.0864310000000001   0.0003376   1.5297930143214364e-05   
1.086433   0.0003298   1.7247093152824978e-05   
1.086435   0.0003618   1.954698044313864e-05   
1.0864370000000001   0.0003148   1.1742420723362132e-05   
1.0864390000000002   0.0003536   1.3817219530555182e-05   
1.086441   0.0003352   1.400063490623828e-05   
1.086443   0.0003332   1.1666476188921257e-05   
1.0864450000000001   0.0003234   1.4110831143329423e-05   
1.0864470000000002   0.0002996   7.7103105572271788e-06   
1.086449   0.0003414   1.3209592474158063e-05   
1.0864510000000001   0.0003338   1.7709884245810304e-05   
1.0864530000000001   0.0003326   1.4267445461609447e-05   
1.0864550000000002   0.0003336   2.04e-05   
1.086457   0.0003624   1.5651198037211081e-05   
1.0864590000000001   0.0003194   1.0490418909123167e-05   
1.0864610000000001   0.0003236   1.3215479139588125e-05   
1.0864630000000002   0.0003252   1.5406203656680354e-05   
1.086465   0.0003314   1.6770476704282705e-05   
1.0864670000000001   0.0003306   1.6602677160292219e-05   
1.0864690000000001   0.0003222   1.3944174410842687e-05   
1.0864710000000002   0.0003392   1.5466666666666667e-05   
1.086473   0.0003168   1.0696624597403509e-05   
1.0864750000000001   0.0003044   1.4335038658243421e-05   
1.0864770000000001   0.000336   1.089750226224136e-05   
1.086479   0.000355   1.1787941107570718e-05   
1.086481   0.0003462   1.2548395205054e-05   
1.0864830000000001   0.000342   1.8983033360228695e-05   
1.0864850000000001   0.000347   1.6311550100056912e-05   
1.086487   0.0003266   1.1211303819508832e-05   
1.086489   0.0003164   8.2666666666666666e-06   
1.0864910000000001   0.0003342   1.4503486170955972e-05   
1.0864930000000002   0.0003446   1.4047696529245561e-05   
1.086495   0.000337   1.1231899018222856e-05   
1.086497   0.000366   1.3202693327920296e-05   
1.0864990000000001   0.0003538   2.2596853271590223e-05   
1.0865010000000002   0.000339   1.9167681132573131e-05   
1.086503   0.0003114   9.8929829228150956e-06   
1.0865050000000001   0.0003424   1.6933333333333333e-05   
1.0865070000000001   0.0003216   1.2507064670284018e-05   
1.0865090000000002   0.0003112   1.3972035563144612e-05   
1.086511   0.0003396   9.6461851987658254e-06   
1.0865130000000001   0.0003284   9.9857676497881501e-06   
1.0865150000000001   0.0003302   1.923295782417948e-05   
1.0865170000000002   0.000353   1.0959521481849064e-05   
1.086519   0.0003382   1.4221892357285729e-05   
1.0865210000000001   0.000332   1.2062798643395782e-05   
1.0865230000000001   0.0003128   9.5554521958234224e-06   
1.0865250000000002   0.0003302   1.4134119474991477e-05   
1.086527   0.0003396   1.8706623901115289e-05   
1.0865290000000001   0.0003384   1.1569308055752033e-05   
1.0865310000000001   0.0003328   1.8566876120901138e-05   
1.086533   0.0003534   1.428301244291429e-05   
1.086535   0.00031   1.7356394914971382e-05   
1.0865370000000001   0.0003394   1.2234922694211571e-05   
1.0865390000000001   0.0003238   9.9261719151387303e-06   
1.086541   0.0003276   1.749361788386458e-05   
1.086543   0.000335   2.0087032854279123e-05   
1.0865450000000001   0.0003514   1.3189389675038038e-05   
1.0865470000000002   0.0003088   2.1617277040984294e-05   
1.086549   0.0003528   1.5626757678915852e-05   
1.086551   0.0003234   1.5841015680119055e-05   
1.0865530000000001   0.000323   8.3386649610913937e-06   
1.0865550000000002   0.0003576   1.5066666666666667e-05   
1.086557   0.0003226   1.7238329385413193e-05   
1.0865590000000001   0.0003186   9.4236110087611555e-06   
1.0865610000000001   0.0003386   1.148157945000019e-05   
1.0865630000000002   0.0003058   1.0504813711394939e-05   
1.086565   0.0003048   1.0583845131981938e-05   
1.0865670000000001   0.000311   1.4218141775758025e-05   
1.0865690000000001   0.0003188   1.362089897506361e-05   
1.0865710000000002   0.0003492   8.0509488743736151e-06   
1.086573   0.000335   1.1424145968566364e-05   
1.0865750000000001   0.0003458   6.5214177054447976e-06   
1.0865770000000001   0.0003316   2.1222210587547712e-05   
1.0865790000000002   0.0003268   9.0882097002410522e-06   
1.086581   0.0003448   1.2199089219190824e-05   
1.0865830000000001   0.0003466   1.5860643114325472e-05   
1.0865850000000001   0.0003374   1.5064454114828648e-05   
1.086587   0.0003152   1.1345875413069231e-05   
1.086589   0.0003388   1.723355899271986e-05   
1.0865910000000001   0.0003238   1.3621714690563413e-05   
1.0865930000000001   0.0003282   1.9947598017472346e-05   
1.086595   0.0003052   1.2522690516729134e-05   
1.086597   0.0003298   1.1291884991739274e-05   
1.0865990000000001   0.0003154   1.3019813960097723e-05   
1.0866010000000002   0.000323   1.0474307190029855e-05   
1.086603   0.0003158   1.5346226463423074e-05   
1.086605   0.000313   6.5946105941813495e-06   
1.0866070000000001   0.000325   1.6379526516016539e-05   
1.0866090000000002   0.0003552   1.8425103648133012e-05   
1.086611   0.0003064   1.088852607105296e-05   
1.0866130000000001   0.000347   1.4579285152419358e-05   
1.0866150000000001   0.0003286   8.9046804172487477e-06   
1.0866170000000002   0.0003334   1.5677443102184177e-05   
1.086619   0.0003126   1.2617624358192173e-05   
1.0866210000000001   0.000323   1.31224997618594e-05   
1.0866230000000001   0.000346   1.0848450990297596e-05   
1.0866250000000002   0.0003288   2.0912941235300001e-05   
1.086627   0.0003472   1.6286872696199913e-05   
1.0866290000000001   0.0003162   1.8173118120515869e-05   
1.0866310000000001   0.0003282   1.4944192480321206e-05   
1.0866330000000002   0.0003346   1.3376762604523479e-05   
1.086635   0.000327   7.9847076061403497e-06   
1.0866370000000001   0.0003238   1.7459667808981934e-05   
1.0866390000000001   0.0003474   2.2082773577811481e-05   
1.086641   0.0003434   5.6885850613311567e-06   
1.086643   0.0003138   1.7659621236658e-05   
1.0866450000000001   0.0003252   1.4766930020224997e-05   
1.0866470000000001   0.000323   1.9285573191723738e-05   
1.086649   0.0003366   1.1139718727747722e-05   
1.086651   0.000326   1.4154700828896228e-05   
1.0866530000000001   0.0003232   1.465211399233723e-05   
1.0866550000000001   0.0003292   1.087382177525455e-05   
1.086657   0.0003184   1.5090247034278649e-05   
1.086659   0.000334   1.0994948334980428e-05   
1.0866610000000001   0.0003378   9.2349577391802094e-06   
1.0866630000000002   0.0003386   9.7754795278799495e-06   
1.086665   0.00029   9.5638207148956252e-06   
1.086667   0.0003226   1.3679018808217041e-05   
1.0866690000000001   0.0003088   1.3499629624548964e-05   
1.0866710000000002   0.0003318   1.9626399454702728e-05   
1.086673   0.0002922   8.2862670861022952e-06   
1.0866750000000001   0.0003334   1.3084511624223674e-05   
1.0866770000000001   0.000335   2.019515893585501e-05   
1.0866790000000002   0.0003156   1.7848249213858484e-05   
1.086681   0.0003164   1.2073110618229256e-05   
1.0866830000000001   0.0003298   1.4797747576348683e-05   
1.0866850000000001   0.0003116   1.6872857888731634e-05   
1.0866870000000002   0.0003346   1.3118434865994241e-05   
1.086689   0.0003236   1.5169560163549751e-05   
1.0866910000000001   0.000338   2.1071307505705478e-05   
1.0866930000000001   0.000317   7.5321532999092187e-06   
1.086695   0.0003062   1.4377296917942074e-05   
1.086697   0.0003568   1.5050138426827398e-05   
1.0866990000000001   0.0003084   1.1465116174243019e-05   
1.0867010000000001   0.0003298   1.1510188723233188e-05   
1.086703   0.000337   7.187952884282608e-06   
1.086705   0.000318   7.0490346068726951e-06   
1.0867070000000001   0.0003292   1.3307307933780012e-05   
1.0867090000000001   0.000316   1.4805404418657398e-05   
1.086711   0.000337   1.3203534880225573e-05   
1.086713   0.0003368   1.550684436699557e-05   
1.0867150000000001   0.0003188   9.8936567781808787e-06   
1.0867170000000002   0.0003214   6.2542430041976747e-06   
1.086719   0.000332   1.3419720149425207e-05   
1.086721   0.0003254   1.4226891594598043e-05   
1.0867230000000001   0.0003174   1.2989055221822546e-05   
1.0867250000000002   0.0003042   6.0549337091517545e-06   
1.086727   0.0003144   9.8738712435059296e-06   
1.0867290000000001   0.0003126   1.1376584138776747e-05   
1.0867310000000001   0.0003006   1.3380084703269508e-05   
1.0867330000000002   0.0003336   1.0258005004223125e-05   
1.086735   0.0003332   1.1551623262554921e-05   
1.0867370000000001   0.0002942   1.2484479253145572e-05   
1.0867390000000001   0.0003048   1.1814115850681901e-05   
1.0867410000000002   0.00034   1.6130027209455593e-05   
1.086743   0.0003084   1.2539005808542664e-05   
1.0867450000000001   0.0003142   1.2395160345876934e-05   
1.0867470000000001   0.0003218   1.0402777406912914e-05   
1.0867490000000002   0.0003196   1.0636624360095536e-05   
1.086751   0.0003092   1.5466666666666667e-05   
1.0867530000000001   0.0003486   1.0202614044122875e-05   
1.0867550000000001   0.0003128   9.8666666666666666e-06   
1.086757   0.0003282   1.1393760475706771e-05   
1.086759   0.0003222   1.2438113468957689e-05   
1.0867610000000001   0.0003114   1.3946086667353438e-05   
1.0867630000000001   0.0003118   1.2636631055959672e-05   
1.086765   0.0003298   1.5570484899321537e-05   
1.086767   0.000321   1.6401219466856725e-05   
1.0867690000000001   0.000288   1.4388266824820223e-05   
1.0867710000000002   0.0003262   1.6566230711903055e-05   
1.086773   0.0003254   1.9799102112076811e-05   
1.086775   0.0003222   1.2448828592816809e-05   
1.0867770000000001   0.000286   8.733078876700168e-06   
1.0867790000000002   0.0003328   1.5103200543814105e-05   
1.086781   0.0002906   1.0987063099643851e-05   
1.0867830000000001   0.0003386   1.6368126207833185e-05   
1.0867850000000001   0.0003042   9.3354759445413981e-06   
1.0867870000000002   0.0003068   1.3489749194604521e-05   
1.086789   0.0003364   1.6277591959500644e-05   
1.0867910000000001   0.0003602   1.3314820481119693e-05   
1.0867930000000001   0.0003294   1.6735989165069788e-05   
1.0867950000000002   0.0003114   1.114370774124224e-05   
1.086797   0.0003408   8.9651175861409276e-06   
1.0867990000000001   0.0003356   9.8513394464351338e-06   
1.0868010000000001   0.0002986   1.3479366948537803e-05   
1.0868030000000002   0.0003116   1.4501494175888681e-05   
1.086805   0.0003046   1.4838538412600556e-05   
1.0868070000000001   0.0003118   1.6619800774310677e-05   
1.0868090000000001   0.000304   1.0215456698334909e-05   
1.086811   0.0003054   1.2447400442573452e-05   
1.086813   0.0003314   1.7228013363253595e-05   
1.0868150000000001   0.0003058   1.6848211246960973e-05   
1.0868170000000001   0.0003074   1.4038201847498529e-05   
1.086819   0.0003292   9.4760516859900862e-06   
1.086821   0.0003212   1.3850631754544628e-05   
1.0868230000000001   0.0002916   8.3522452071284401e-06   
1.0868250000000002   0.0003374   1.5640545600031562e-05   
1.086827   0.0003314   1.0524257693538295e-05   
1.086829   0.0003196   9.0470375752999329e-06   
1.0868310000000001   0.0003098   1.4740571374422514e-05   
1.0868330000000002   0.0003078   1.4472809755614914e-05   
1.086835   0.000335   1.536012152729702e-05   
1.0868370000000001   0.0002996   7.4164981254258026e-06   
1.0868390000000001   0.0003364   1.0262336749276724e-05   
1.0868410000000002   0.000314   9.4280904158206336e-06   
1.086843   0.0003296   1.0244998779892558e-05   
1.0868450000000001   0.0003004   6.5577774012575667e-06   
1.0868470000000001   0.0003172   1.7194831264720867e-05   
1.0868490000000002   0.0003094   1.0119508112771314e-05   
1.086851   0.0003308   1.5023537089070159e-05   
1.0868530000000001   0.0003122   1.3592318091889665e-05   
1.0868550000000001   0.0003102   1.7654587065248636e-05   
1.0868570000000002   0.0003154   9.0727920485127155e-06   
1.086859   0.0003066   1.1411689912833536e-05   
1.0868610000000001   0.0003394   1.2743800235582966e-05   
1.0868630000000001   0.000336   1.3531855420122959e-05   
1.086865   0.0003102   1.5145076207577608e-05   
1.086867   0.000317   1.6664666546652265e-05   
1.0868690000000001   0.0003118   1.4776708399068823e-05   
1.0868710000000001   0.0003326   1.3293440320532362e-05   
1.086873   0.0002892   1.3818506109963953e-05   
1.086875   0.0003334   1.1551046128670193e-05   
1.0868770000000001   0.0003274   1.2059297934235917e-05   
1.0868790000000002   0.000314   1.0066445913694333e-05   
1.086881   0.0003142   8.419290020212182e-06   
1.086883   0.0002974   1.4835542906592038e-05   
1.0868850000000001   0.0003174   1.0167704865023484e-05   
1.0868870000000002   0.0002904   1.1887621947031944e-05   
1.086889   0.0002936   1.0352884729495554e-05   
1.0868910000000001   0.0003224   9.9724063740347491e-06   
1.0868930000000001   0.0003222   1.1784924456458957e-05   
1.0868950000000002   0.0003282   1.213791122429592e-05   
1.086897   0.000314   1.39204086785474e-05   
1.0868990000000001   0.0003248   1.3824937211028804e-05   
1.0869010000000001   0.00031   1.4123266855323051e-05   
1.0869030000000002   0.0003084   9.056857438795571e-06   
1.086905   0.0003166   7.7977204646258283e-06   
1.0869070000000001   0.0003086   1.183610296226479e-05   
1.0869090000000001   0.0002906   1.3202861642672605e-05   
1.0869110000000002   0.0003328   1.508258745853789e-05   
1.086913   0.000296   1.1596934460834419e-05   
1.0869150000000001   0.0003248   1.4958312441953842e-05   
1.0869170000000001   0.0002992   1.6754966096321678e-05   
1.086919   0.0003152   1.2775671323957022e-05   
1.086921   0.0003224   1.8021715296336867e-05   
1.0869230000000001   0.0003122   1.7365227067651926e-05   
1.0869250000000001   0.0003028   2.044656993782141e-05   
1.086927   0.0003104   1.2349718845202734e-05   
1.086929   0.00029   1.0930080817023572e-05   
1.0869310000000001   0.0003092   1.3663251605838357e-05   
1.0869330000000001   0.0002774   1.0987063099643851e-05   
1.086935   0.0003166   9.2426547412887098e-06   
1.086937   0.000299   1.1447464542178956e-05   
1.0869390000000001   0.0002804   1.1289326325733033e-05   
1.0869410000000002   0.0003394   1.9591494753251133e-05   
1.086943   0.0003128   1.3962489431011617e-05   
1.0869450000000001   0.0003116   1.1430174490745489e-05   
1.0869470000000001   0.0003218   1.5047923444781343e-05   
1.0869490000000002   0.00032   1.2712198865656563e-05   
1.086951   0.0003204   1.6551065759575055e-05   
1.0869530000000001   0.0003086   1.117159095404251e-05   
1.0869550000000001   0.0003034   1.2684373588527473e-05   
1.0869570000000002   0.0003238   1.1212889408573015e-05   
1.086959   0.0003084   1.1615315559878498e-05   
1.0869610000000001   0.0003022   1.2928693325742981e-05   
1.0869630000000001   0.000304   1.1063453348751465e-05   
1.0869650000000002   0.0003054   1.6406096427852666e-05   
1.086967   0.0003004   1.430089352297805e-05   
1.0869690000000001   0.0003168   1.6078142512948026e-05   
1.0869710000000001   0.0002834   7.3275734955941133e-06   
1.086973   0.0003084   1.2313678031630788e-05   
1.086975   0.0003038   8.9066766467009954e-06   
1.0869770000000001   0.000316   1.6124515496597099e-05   
1.0869790000000001   0.0002954   1.296508130839654e-05   
1.086981   0.0002952   1.6395663383278451e-05   
1.086983   0.0002884   8.5831877010299099e-06   
1.0869850000000001   0.0003216   1.1553931509807964e-05   
1.0869870000000001   0.0002886   1.7753997984804562e-05   
1.086989   0.0003204   1.5577191302956027e-05   
1.086991   0.0003186   1.8695335128195899e-05   
1.0869930000000001   0.0002914   8.6515252348293413e-06   
1.0869950000000002   0.0003246   1.7002091374625391e-05   
1.086997   0.0003006   1.512334472117711e-05   
1.086999   0.000316   1.1858424103658218e-05   
