0.01  0.95545322759960525   0.00072307884683897218
0.001   0.98833129531517025   0.0012280870788792097
0.0001  1.002706051789204   0.00088272784787104013
0.00003   1.0371698759096641   0.012821054854161161
0.00002   1.0602203814880083   0.0013371572857982459
0.000015  1.1126628389016939   0.00092154242546019489
0.000013  1.1541343975193353   0.0016775518639527168
0.000012  1.1861344869264673   0.0019103591758342164
0.000011  1.2287755276095742   0.0014231826915065259
0.00001   1.2981890629149004   0.0020158352878466818
0.000009   1.4435087035156745   0.004569185510793986
0.000008   1.7594664891706912   0.005766012706782431
0.0000076  1.810843795627303   0.007710692053779405
0.0000073 1.7863720885960985   0.0069996891534051051
0.000007  1.7351701844066907   0.010445231721114586
0.000006  1.4956232548731424   0.0035275942977139803
0.000005  1.3885347804887258   0.0022484912031836147
0.000004  1.3340184512600217   0.0013752745686933878
0.000003    1.2962791827596396   0.0010324387065816459
0.000002   1.2746015354281325   0.0010872957098005013
0.000001   1.2585110731322402   0.00092005101910290195
0.0000001  1.2501111257279265   0.0010191500667423889
