0.44213184308663317   81.494390499742975  0.031967792898349232     
0.88426368617326634   2.5183190305199932e-06  5.629346910704985e-09     
1.3263955292598995   9.4708618857288071  0.032176553615566022     
1.7685273723465327   3.2185159285484513e-06  2.8223141814330148e-09     
2.2106592154331657   3.7659367205991061  0.032606894276477126     
2.6527910585197989   6.7813228894756206e-06  7.7215137316781464e-09     
3.0949229016064321   2.2858563859162869  0.033349842882963231     
3.5370547446930654   2.2989331256976654e-05  2.1329245835359895e-08     
3.9791865877796986   1.8466721718115856  0.034929437808248385     
4.4213184308663314   0.0017499896331876261  1.1177274436910335e-05     
4.8634502739529646   1.7090801670249744  0.034493360848780019     
5.3055821170395978   0.00013974611152299309  1.8804382392867327e-07     
5.747713960126231   2.1841779003730168  0.037344216536320608     
6.1898458032128643   0.00012802538706607957  1.7550372941171925e-07     
6.6319776462994975   3.6044102945825663  0.04139760009186     
7.0741094893861307   0.00010082025189858811  1.0064006085485401e-07     
7.5162413324727639   9.0982065404528385  0.050290912945289561     
7.9583731755593972   0.00020104116163655563  4.2837376037878623e-07     
8.4005050186460295   78.734891284465159  0.093058703988923815     
8.8426368617326627   194.1663328334295  0.019253043320528879     
9.2847687048192959   79.442781497435514  0.033554932652342247     
9.7269005479059292   0.00060723314640419305  1.139900260756246e-06     
10.169032390992562   9.3317232945869248  0.010818120698171726     
10.611164234079196   0.00030561838866375148  2.3686098945130538e-07     
11.053296077165829   3.7323903771018309  0.020513080151757269     
11.495427920252462   0.00027208890861031324  2.2941593825791284e-07     
11.937559763339095   2.2748456540141012  0.025977860008984009     
12.379691606425729   0.00030953624447303087  2.2807355563814879e-07     
12.821823449512362   1.9045570014399299  0.031860177026850487     
13.263955292598995   0.015086457484319082  9.1139428793440198e-05     
13.706087135685628   1.513509265485994  0.030746011648342747     
14.148218978772261   0.0022149948751239976  3.0821375057706178e-06     
14.590350821858895   1.9865792552181835  0.037511416921072148     
15.032482664945528   0.0020205234427036092  2.4342155466770001e-06     
15.474614508032161   3.2726021406588821  0.045801247332452351     
15.916746351118794   0.001408600131764057  1.4399883717219205e-06     
16.358878194205428   8.2691245891041676  0.062821920664407318     
16.801010037292059   0.0017729911981034478  4.7565511779152685e-06     
17.243141880378694   71.565078251812088  0.14469371471279886     
17.685273723465325   177.51671517789923  0.071610913305986388     
18.12740556655196   72.896340523351691  0.097036404659756393     
18.569537409638592   0.0042720069230725238  7.349625442633443e-06     
19.011669252725227   8.6961324691339051  0.01138478170302477     
19.453801095811858   0.0026255464010473752  2.5900613772145356e-06     
19.895932938898493   3.5068994783257263  0.0068395834434292484     
20.338064781985125   0.0026983492585529112  3.2332901855999277e-06     
20.78019662507176   2.1512700157332649  0.016241979336357048     
21.222328468158391   0.0024787148822462432  2.3835110925434474e-06     
21.664460311245026   1.8708447193978973  0.02564593231942784     
22.106592154331658   0.038569582807042965  0.0002062251425273694     
22.548723997418293   1.2870333365720967  0.024368444217688939     
22.990855840504924   0.01031750461416282  1.4096996144712663e-05     
23.432987683591559   1.7230005195536674  0.034014010065634299     
23.875119526678191   0.0097972550992521248  1.052705188869563e-05     
24.317251369764826   2.817994030007438  0.045457934757316006     
24.759383212851457   0.0069445367839114328  6.8433253179536639e-06     
25.201515055938092   7.0980519386168513  0.06842372284866505     
25.643646899024723   0.0079997423851289667  2.1850303071012244e-05     
26.085778742111358   61.022922259913958  0.18244849702188901     
26.52791058519799   152.43043030778621  0.14247643078016788     
26.970042428284625   62.817258475121387  0.15169315682404289     
27.412174271371256   0.015377325370977859  2.5933678020875964e-05     
27.854306114457891   7.6487546713220814  0.030850072934436841     
28.296437957544523   0.010675535429308108  1.1644361698458236e-05     
28.738569800631154   3.1206561207828758  0.0073116796434933883     
29.180701643717789   0.011846921989766435  1.6192343033601844e-05     
29.622833486804421   1.9328157869956299  0.0057098828734749072     
30.064965329891056   0.010781048362541541  1.2074214017123574e-05     
30.507097172977687   1.7469126371202006  0.017175740674038339     
30.949229016064322   0.067325328701155969  0.00029087148464609548     
31.391360859150954   1.0575372729966812  0.016387493340786619     
31.833492702237589   0.029900975706111822  4.0237992990386431e-05     
32.27562454532422   1.4307481587700698  0.027569807620243543     
32.717756388410855   0.029171910263487703  2.8485523499814691e-05     
33.15988823149749   2.3017815546699571  0.040759981927066582     
33.602020074584118   0.021226569214279535  2.0291039574967463e-05     
34.044151917670753   5.7369235161498092  0.066888178696974428     
34.486283760757388   0.023980886223848302  6.2383501197782139e-05     
34.928415603844023   48.571333017563372  0.20277899393863243     
35.370547446930651   122.33403858274725  0.21235230981170006     
35.812679290017286   50.611824886609851  0.19075029534523405     
36.254811133103921   0.039184980094577337  6.4582985456841654e-05     
36.696942976190556   6.3289379863209819  0.045564768262448388     
37.139074819277184   0.029431701480167019  3.3447971920226157e-05     
37.581206662363819   2.6277040316862144  0.018929603759375409     
38.023338505450454   0.033976742548786898  5.0305951953209177e-05     
38.465470348537089   1.6519790317710438  0.0055482375752289605     
38.907602191623717   0.031203415661910239  3.6577084056986306e-05     
39.349734034710352   1.5487048180193016  0.0078162461404779955     
39.791865877796987   0.097117773492937633  0.00029656573261119059     
40.233997720883622   0.84988585382818124  0.0080338303991831686     
40.67612956397025   0.066365593906794619  8.9578293235949229e-05     
41.118261407056885   1.1478988570188744  0.019304594769993671     
41.56039325014352   0.065905429484435478  5.9898040103351488e-05     
42.002525093230155   1.7881533698259953  0.032744392990473849     
42.444656936316782   0.04923921140821033  4.7067155551920502e-05     
42.886788779403417   4.3486713290361837  0.059116208093961846     
43.328920622490052   0.055376115139853501  0.00013705816183392988     
43.77105246557668   35.80661290274306  0.20363668273433235     
44.213184308663315   91.034168297928969  0.26244049382639791     
