0.50882954214656695   0.00058528438954021839  4.1200979068798605e-06     
1.0176590842931339   0.00064643864160421631  4.4268587889735442e-06     
1.5264886264397008   0.00076692056153212368  5.2904073215007168e-06     
2.0353181685862678   0.00098492852167931566  6.7243983017830653e-06     
2.544147710732835   0.0013888535898813805  9.4911876717967241e-06     
3.0529772528794017   0.0022037089767266213  1.506650519867044e-05     
3.5618067950259684   0.0041258306233059127  2.847609759599975e-05     
4.0706363371725356   0.010128511371157543  6.9334925381364276e-05     
4.5794658793191028   0.045502024343992708  0.000316033114040042     
5.0882954214656699   198.16728665253634  0.0040787621602274218     
5.5971249636122362   0.072549972956226771  0.00051990690005356092     
6.1059545057588034   0.023372038733713824  0.00016073234896595314     
6.6147840479053706   0.014341081571526128  9.9238145866062581e-05     
7.1236135900519368   0.011943352979698056  8.1706040847283303e-05     
7.632443132198504   0.012305756107069726  8.4384403971982925e-05     
8.1412726743450712   0.015339601656656329  0.00010538146561847789     
8.6501022164916375   0.023660153397170658  0.00016398479103621806     
9.1589317586382055   0.049381603801880809  0.00033924685104219013     
9.6677613007847718   0.19136126804446904  0.0013173947506266306     
10.17659084293134   192.74979529641978  0.016036504397714445     
10.685420385077906   0.26632649855114051  0.0019512630124042735     
11.194249927224472   0.077584565620770149  0.00053788818878882116     
11.70307946937104   0.043984970122371926  0.00030644891599268088     
12.211909011517607   0.034198945133793428  0.00023524151270359448     
12.720738553664173   0.033129407786305601  0.0002287408214030749     
13.229568095810741   0.039029013449571399  0.00027033538555679041     
13.738397637957307   0.057098699997702208  0.00039886001935258174     
14.247227180103874   0.11316051154049214  0.00078333725832278277     
14.756056722250442   0.41348398171539152  0.0028354163411092163     
15.264886264397008   183.98474698118339  0.03505394755571188     
15.773715806543576   0.57460483739959688  0.004322655328295717     
16.282545348690142   0.15939416034025046  0.0011183836775894489     
16.79137489083671   0.087285313523200019  0.00061456721591048052     
17.300204432983275   0.0658221303182248  0.000456816570613348     
17.809033975129843   0.061952427035394945  0.00043215433759349205     
18.317863517276411   0.07096379522747811  0.00049724752046207105     
18.826693059422976   0.10092838180509961  0.00071320090837743399     
19.335522601569544   0.19405108732275317  0.0013592650063019577     
19.844352143716112   0.68146906779106469  0.0046797630220041434     
20.35318168586268   172.2520850757082  0.059819246859227702     
20.862011228009244   0.97783289922781967  0.0075864565526343487     
21.370840770155812   0.26207763808128361  0.0018684647712021676     
21.87967031230238   0.14052314912860159  0.0010036642229833202     
22.388499854448945   0.10404224492023915  0.00073102415442494965     
22.897329396595513   0.096183359819387862  0.00068010221898681459     
23.406158938742081   0.10815395917045112  0.00076915586353498384     
23.914988480888645   0.1507977177070092  0.0010818976555747574     
24.423818023035214   0.28332416231229609  0.0020170635086121043     
24.932647565181782   0.96261481916689164  0.0066590270293618443     
25.441477107328346   158.05245017009524  0.088605347385192664     
25.950306649474914   1.4455202971525899  0.011619748473732524     
26.459136191621482   0.37673406855712736  0.0027404551282132647     
26.967965733768047   0.19906643011724509  0.0014477741339475294     
27.476795275914615   0.14555117700250406  0.0010388009915484581     
27.985624818061183   0.13283611417349127  0.00095511938414806021     
28.494454360207747   0.14726416059150065  0.0010661993769769221     
29.003283902354315   0.20200586569501259  0.0014767155928228898     
29.512113444500883   0.37190630908161043  0.0027034014452162401     
30.020942986647452   1.2253761373035726  0.0085952023372246895     
30.529772528794016   141.97848207347419  0.11937228306832166     
31.038602070940584   1.9387895790143414  0.016227306647310981     
31.547431613087152   0.49319649309675835  0.0036762796895176952     
32.05626115523372   0.25786930918854465  0.0019168972081674506     
32.565090697380285   0.1868687220184137  0.0013589199364564879     
33.073920239526849   0.16886317289349882  0.0012381658992632635     
33.582749781673421   0.18498591239070864  0.0013671745157339377     
34.091579323819985   0.25002209454176529  0.0018685135789218822     
34.60040886596655   0.45136004691013545  0.0033657780700699132     
35.109238408113121   1.44250661579266  0.010335010461369956     
35.618067950259686   124.68138862195356  0.14988877456027719     
36.12689749240625   2.4139828008392317  0.021150883898740656     
36.635727034552822   0.60110635222484298  0.0046118485342196771     
37.144556576699387   0.31202398816387661  0.0023792645478184866     
37.653386118845951   0.22472908191766311  0.0016695855113572331     
38.162215660992523   0.20149520564153703  0.0015100503161468029     
38.671045203139087   0.21840379432683793  0.001651111903731014     
39.179874745285652   0.29097810302608045  0.0022293797423399212     
39.688704287432223   0.51476803195071317  0.003956254136834827     
40.197533829578788   1.593585810167187  0.011757362871906587     
40.706363371725359   106.83501171277586  0.17786637048501921     
41.215192913871924   2.8270100759369492  0.026084311424035158     
41.724022456018488   0.69103705994884556  0.0054818719171470069     
42.23285199816506   0.35730450989096602  0.0028036379203704181     
42.741681540311625   0.25644537413778307  0.0019499762242271655     
43.250511082458189   0.22854903528454965  0.001752772648285448     
43.759340624604761   0.24531490935538909  0.0018987260428919286     
44.268170166751325   0.32207948597530007  0.002534490775519624     
44.77699970889789   0.55742904061229668  0.0044344029860532496     
45.285829251044461   1.6667106903182887  0.012776736239105602     
45.794658793191026   89.099744684912764  0.20109863981066652     
46.30348833533759   3.1380317545585736  0.030693374838967887     
46.812317877484162   0.75554510369546933  0.006224643190892154     
47.321147419630726   0.39064205981646289  0.0031614245585455456     
47.829976961777291   0.28021128903941958  0.002181593091535777     
48.338806503923863   0.24866951958549304  0.0019506683855200085     
48.847636046070427   0.26446636942716292  0.0020936153756167865     
49.356465588216992   0.34189239593591768  0.0027635463893783032     
49.865295130363563   0.57729637524476825  0.0047692849037848554     
50.374124672510128   1.659226949688535  0.013342729689080447     
50.882954214656692   72.088605385677428  0.21759765069172405     
