0.0034744   -0.0242755     0
0.00210978   -0.0280171     0
0.101508   -0.0244122     1
0.103959   -0.0273178     1
0.201131   -0.0251671     2
0.204309   -0.0269202     2
0.301396   -0.0249823     3
0.304284   -0.027292     3
0.402688   -0.0240145     4
0.402873   -0.0280648     4
-0.496656   -0.0240024     5
-0.498221   -0.0276367     5
-0.395688   -0.0255497     6
-0.399184   -0.0260723     6
-0.298937   -0.0255015     7
-0.295506   -0.0264141     7
-0.198739   -0.0258933     8
-0.195231   -0.0261449     8
-0.0987484   -0.0253702     9
-0.09545   -0.0267677     9
0.0536707   0.0758833     10
0.0515996   0.0726068     10
0.150998   0.074773     11
0.154237   0.0731977     11
0.251628   0.0755009     12
0.253501   0.072066     12
0.351271   0.0750408     13
0.354134   0.0726912     13
0.452874   0.0761522     14
0.452511   0.0721171     14
-0.445814   0.0753861     15
-0.44867   0.0730243     15
-0.345995   0.0756127     16
-0.348401   0.0726549     16
-0.24888   0.0743381     17
-0.245451   0.073446     17
-0.145516   0.0745476     18
-0.1489   0.0734236     18
-0.0472913   0.0760349     19
-0.0471704   0.0719811     19
0.102471   0.176357     20
0.102923   0.172333     20
0.202179   0.175922     21
0.203076   0.171996     21
0.303199   0.17562     22
0.302023   0.171798     22
0.403754   0.175401     23
0.40143   0.172358     23
0.504341   0.17481     24
0.501165   0.173077     24
-0.39528   0.174379     25
-0.398783   0.174057     25
-0.297827   0.175786     26
-0.296096   0.172251     26
-0.197608   0.17581     27
-0.196555   0.17194     27
-0.0977474   0.17603     28
-0.0967455   0.172142     28
0.00421877   0.175086     29
0.00114131   0.173125     29
0.151344   0.275598     30
0.153957   0.27288     30
0.251624   0.275546     31
0.253573   0.272172     31
0.352437   0.275806     32
0.352754   0.271761     32
0.450868   0.274292     33
0.454287   0.273339     33
0.554437   0.274471     34
0.551109   0.273169     34
-0.348812   0.274889     35
-0.345604   0.273212     35
-0.247786   0.275876     36
-0.246534   0.272086     36
-0.146921   0.27612     37
-0.147469   0.272114     37
-0.0462503   0.275669     38
-0.0482093   0.272302     38
0.053894   0.275605     39
0.0514099   0.272734     39
0.201791   0.375909     40
0.203425   0.372316     40
0.302888   0.375828     41
0.301957   0.371914     41
0.401098   0.375264     42
0.403796   0.372656     42
0.50082   0.373841     43
0.50433   0.373397     43
0.601558   0.375514     44
0.603785   0.372369     44
-0.298401   0.375728     45
-0.296284   0.372483     45
-0.198819   0.374722     46
-0.195532   0.373285     46
-0.0984148   0.375427     47
-0.0958206   0.372689     47
0.00234658   0.37618     48
0.00293278   0.372176     48
0.101098   0.375496     49
0.104048   0.373278     49
0.253471   0.475942     50
0.251779   0.472374     50
0.353899   0.475311     51
0.351201   0.472708     51
0.451828   0.475641     52
0.453231   0.471918     52
0.553715   0.475296     53
0.551234   0.472425     53
0.654396   0.474083     54
0.650885   0.47394     54
-0.246824   0.475976     55
-0.247639   0.472028     55
-0.14789   0.475874     56
-0.146934   0.471964     56
-0.0491101   0.474909     57
-0.0457375   0.473773     57
0.0533976   0.476332     58
0.0518956   0.472663     58
0.151466   0.47564     59
0.153901   0.472715     59
-0.197654   -0.424326     60
-0.195498   -0.427529     60
-0.0975091   -0.424351     61
-0.0958231   -0.427913     61
0.00182476   -0.424894     62
0.00456436   -0.427434     62
0.102559   -0.424226     63
0.103731   -0.428057     63
0.201424   -0.425192     64
0.204709   -0.426654     64
-0.697216   -0.423909     65
-0.696296   -0.427824     65
-0.598296   -0.425122     66
-0.595049   -0.426676     66
-0.494826   -0.425354     67
-0.49831   -0.425871     67
-0.397565   -0.424085     68
-0.395278   -0.427164     68
-0.297192   -0.424083     69
-0.295851   -0.427839     69
-0.146921   -0.323833     70
-0.146787   -0.327886     70
-0.0483092   -0.324987     71
-0.0454596   -0.327364     71
0.0526692   -0.324241     72
0.0532938   -0.328236     72
0.151244   -0.325962     73
0.154757   -0.326065     73
0.253905   -0.324044     74
0.252238   -0.327614     74
-0.648587   -0.324994     75
-0.645389   -0.326696     75
-0.548489   -0.32524     76
-0.545176   -0.326594     76
-0.446675   -0.323582     77
-0.446799   -0.327637     77
-0.347524   -0.323761     78
-0.346027   -0.327436     78
-0.248385   -0.324751     79
-0.245484   -0.327041     79
-0.098344   -0.22455     80
-0.0958646   -0.227439     80
0.00329612   -0.224298     81
0.00240448   -0.228232     81
0.101054   -0.225468     82
0.104424   -0.226643     82
0.204329   -0.224957     83
0.201284   -0.22698     83
0.301362   -0.225094     84
0.304574   -0.226768     84
-0.598665   -0.225985     85
-0.595164   -0.226345     85
-0.496483   -0.223846     86
-0.497551   -0.227713     86
-0.398165   -0.22415     87
-0.395641   -0.226977     87
-0.298172   -0.224242     88
-0.295736   -0.227177     88
-0.196751   -0.223882     89
-0.197346   -0.22788     89
-0.0482181   -0.124669     90
-0.0459819   -0.127808     90
0.0537056   -0.124167     91
0.0523473   -0.127908     91
0.153117   -0.124149     92
0.152416   -0.128125     92
0.251691   -0.124508     93
0.254031   -0.127534     93
0.35194   -0.124414     94
0.353762   -0.127884     94
-0.545564   -0.125247     95
-0.548814   -0.126796     95
-0.448237   -0.124142     96
-0.446239   -0.127483     96
-0.348555   -0.124336     97
-0.345831   -0.126909     97
-0.247298   -0.123789     98
-0.246975   -0.127828     98
-0.145391   -0.125662     99
-0.148877   -0.126226     99
