1.0430079999999999   0   0   
1.043024   0   0   
1.04304   0   0   
1.043056   0   0   
1.043072   0   0   
1.043088   0   0   
1.043104   0   0   
1.0431199999999998   0   0   
1.0431359999999998   0   0   
1.0431519999999999   0   0   
1.0431679999999999   0   0   
1.0431839999999999   0   0   
1.0431999999999999   0   0   
1.0432159999999999   0   0   
1.0432319999999999   0   0   
1.043248   0   0   
1.043264   0   0   
1.04328   0   0   
1.043296   0   0   
1.043312   0   0   
1.043328   0   0   
1.0433439999999998   0   0   
1.0433599999999998   0   0   
1.0433759999999999   0   0   
1.0433919999999999   0   0   
1.0434079999999999   0   0   
1.0434239999999999   0   0   
1.0434399999999999   0   0   
1.0434559999999999   0   0   
1.043472   0   0   
1.043488   0   0   
1.043504   0   0   
1.04352   0   0   
1.043536   0   0   
1.043552   0   0   
1.0435679999999998   0   0   
1.0435839999999998   0   0   
1.0435999999999999   0   0   
1.0436159999999999   0   0   
1.0436319999999999   0   0   
1.0436479999999999   0   0   
1.0436639999999999   0   0   
1.0436799999999999   0   0   
1.043696   0   0   
1.043712   0   0   
1.043728   0   0   
1.043744   0   0   
1.04376   0   0   
1.043776   0   0   
1.0437919999999998   0   0   
1.0438079999999998   0   0   
1.0438239999999999   0   0   
1.0438399999999999   0   0   
1.0438559999999999   0   0   
1.0438719999999999   0   0   
1.0438879999999999   0   0   
1.0439039999999999   0   0   
1.04392   0   0   
1.043936   0   0   
1.043952   0   0   
1.043968   0   0   
1.043984   0   0   
1.0439999999999998   0   0   
1.0440159999999998   0   0   
1.0440319999999998   0   0   
1.0440479999999999   0   0   
1.0440639999999999   0   0   
1.0440799999999999   0   0   
1.0440959999999999   0   0   
1.0441119999999999   0   0   
1.0441279999999999   0   0   
1.044144   0   0   
1.04416   0   0   
1.044176   0   0   
1.044192   0   0   
1.044208   0   0   
1.0442239999999998   0   0   
1.0442399999999998   0   0   
1.0442559999999999   0   0   
1.0442719999999999   0   0   
1.0442879999999999   0   0   
1.0443039999999999   0   0   
1.0443199999999999   0   0   
1.0443359999999999   0   0   
1.0443519999999999   0   0   
1.044368   0   0   
1.044384   0   0   
1.0444   0   0   
1.044416   0   0   
1.044432   0   0   
1.0444479999999998   0   0   
1.0444639999999998   0   0   
1.0444799999999999   0   0   
1.0444959999999999   0   0   
1.0445119999999999   0   0   
1.0445279999999999   0   0   
1.0445439999999999   0   0   
1.0445599999999999   0   0   
1.0445759999999999   0   0   
1.044592   0   0   
1.044608   0   0   
1.044624   0   0   
1.04464   0   0   
1.044656   0   0   
1.0446719999999998   0   0   
1.0446879999999998   0   0   
1.0447039999999999   0   0   
1.0447199999999999   0   0   
1.0447359999999999   0   0   
1.0447519999999999   0   0   
1.0447679999999999   0   0   
1.0447839999999999   0   0   
1.0448   0   0   
1.044816   0   0   
1.044832   0   0   
1.044848   0   0   
1.044864   0   0   
1.04488   0   0   
1.0448959999999998   0   0   
1.0449119999999998   0   0   
1.0449279999999999   0   0   
1.0449439999999999   0   0   
1.0449599999999999   0   0   
1.0449759999999999   0   0   
1.0449919999999999   0   0   
1.0450079999999999   0   0   
1.045024   0   0   
1.04504   0   0   
1.045056   0   0   
1.045072   0   0   
1.045088   2e-07   2e-07   
1.045104   2e-07   2e-07   
1.0451199999999998   0   0   
1.0451359999999998   0   0   
1.0451519999999999   0   0   
1.0451679999999999   0   0   
1.0451839999999999   2e-07   2e-07   
1.0451999999999999   0   0   
1.0452159999999999   4e-07   2.6666666666666667e-07   
1.0452319999999999   2e-07   2e-07   
1.045248   1.8e-06   1.0519822558706333e-06   
1.045264   1.4e-06   7.3333333333333333e-07   
1.04528   3e-06   9.0676470058236289e-07   
1.045296   1.2e-06   5.3333333333333333e-07   
1.045312   3.4e-06   2.2120880030716078e-06   
1.045328   5.2e-06   1.9821424996424674e-06   
1.0453439999999998   4e-07   4e-07   
1.0453599999999998   2.4e-06   7.1802197428460054e-07   
1.0453759999999999   3.4e-06   1.0349449797506682e-06   
1.0453919999999999   3.6e-06   1.833030277982336e-06   
1.0454079999999999   4.6e-06   1.8867962264113208e-06   
1.0454239999999999   4.4e-06   1.0666666666666667e-06   
1.0454399999999999   1.08e-05   2.8627880738111851e-06   
1.0454559999999999   1.14e-05   2.6170381901854029e-06   
1.045472   1.02e-05   2.0537229067665817e-06   
1.045488   1.24e-05   3.1664912232101113e-06   
1.045504   1.46e-05   3.7835902996433897e-06   
1.04552   2.02e-05   3.457037909990446e-06   
1.045536   2.48e-05   3.5049171808253108e-06   
1.045552   2.46e-05   1.8867962264113208e-06   
1.0455679999999998   3.52e-05   6.2196820211683205e-06   
1.0455839999999998   3.1e-05   3.8557316642456677e-06   
1.0455999999999999   3.26e-05   4.3517557120980237e-06   
1.0456159999999999   5.06e-05   7.8940202403816749e-06   
1.0456319999999999   4.38e-05   4.0491425704160573e-06   
1.0456479999999999   5.02e-05   5.9138256089720242e-06   
1.0456639999999999   6.52e-05   5.3682192371193054e-06   
1.0456799999999999   7.58e-05   6.7227639818422568e-06   
1.045696   7.02e-05   3.9265478193672591e-06   
1.045712   9.4e-05   1.120714058089752e-05   
1.045728   9.08e-05   1.16702851531381e-05   
1.045744   9.68e-05   6.6813172353960263e-06   
1.04576   0.000118   9.4516312525052168e-06   
1.0457759999999998   0.0001244   1.3508186818041536e-05   
1.0457919999999998   0.0001622   1.4884593078452333e-05   
1.0458079999999998   0.0001768   1.7359467477751474e-05   
1.0458239999999999   0.0001834   2.1731799536879386e-05   
1.0458399999999999   0.0001984   1.4464669601019813e-05   
1.0458559999999999   0.0002228   1.6720446565009361e-05   
1.0458719999999999   0.0002574   1.6690782552721194e-05   
1.0458879999999999   0.0002746   2.4840916068275564e-05   
1.0459039999999999   0.0003118   2.123403975800282e-05   
1.04592   0.0003348   1.718707524727682e-05   
1.045936   0.0003638   1.9723533602723873e-05   
1.045952   0.00041   1.7524585904126554e-05   
1.045968   0.0004482   2.794828557651912e-05   
1.045984   0.0004548   2.2400793636734292e-05   
1.0459999999999998   0.0005236   2.9095704150269332e-05   
1.0460159999999998   0.0005754   2.8408214774368816e-05   
1.0460319999999999   0.0006354   3.4400322995899649e-05   
1.0460479999999999   0.0006946   3.6391757308489515e-05   
1.0460639999999999   0.0007808   4.1505233940365213e-05   
1.0460799999999999   0.000834   3.3837520266381486e-05   
1.0460959999999999   0.0009354   5.2380700432294505e-05   
1.0461119999999999   0.0009568   4.2559448617982196e-05   
1.0461279999999999   0.0010436   4.6985387799470876e-05   
1.046144   0.0011132   2.9914247813077671e-05   
1.04616   0.0012168   4.331199474613111e-05   
1.046176   0.0013192   4.4583205607293675e-05   
1.046192   0.0014672   4.1473097036244807e-05   
1.046208   0.0014902   5.7651404531411413e-05   
1.0462239999999998   0.0015872   4.7036817730605694e-05   
1.0462399999999998   0.0017714   5.1133854843059809e-05   
1.0462559999999999   0.001881   5.1263372239185878e-05   
1.0462719999999999   0.0020458   7.2714021267489318e-05   
1.0462879999999999   0.0021688   5.973065470184561e-05   
1.0463039999999999   0.002304   5.7896459304520513e-05   
1.0463199999999999   0.0024514   7.8998199698192842e-05   
1.0463359999999999   0.0026392   7.5423073392695953e-05   
1.0463519999999999   0.0027606   6.8175622883517211e-05   
1.046368   0.0029132   8.3965707285772326e-05   
1.046384   0.0031356   7.324831435299761e-05   
1.0464   0.0033024   7.0749511187946261e-05   
1.046416   0.003517   6.5023927219994266e-05   
1.046432   0.003589   7.3149010777848378e-05   
1.0464479999999998   0.0038276   5.0414988952801636e-05   
1.0464639999999998   0.0040794   0.00010333980624887757   
1.0464799999999999   0.004242   0.0001041733597849704   
1.0464959999999999   0.0044902   8.5659506834391189e-05   
1.0465119999999999   0.0046314   8.5698722925788754e-05   
1.0465279999999999   0.004943   9.1274068363120285e-05   
1.0465439999999999   0.0052684   7.2718513613949939e-05   
1.0465599999999999   0.005396   0.00012133113551122995   
1.046576   0.0056488   0.0001232057718705671   
1.046592   0.0058676   8.9782849141692979e-05   
1.046608   0.0062074   7.6234171398978873e-05   
1.046624   0.0064554   0.00010308488411660234   
1.04664   0.0066384   8.896231411858244e-05   
1.046656   0.0069946   0.00013688601908968725   
1.0466719999999998   0.0070078   0.0001289532042598744   
1.0466879999999998   0.0074872   0.00012674776351303228   
1.0467039999999999   0.007802   0.0001047638614535884   
1.0467199999999999   0.0079712   8.7525082119355933e-05   
1.0467359999999999   0.008238   0.00010626005834743363   
1.0467519999999999   0.008543   0.00011231157059220963   
1.0467679999999999   0.0086618   0.00012862881999510582   
1.0467839999999999   0.0090304   0.00011525191731352866   
1.0468   0.0094276   0.00013076418130019822   
1.046816   0.0096398   0.00012940391544823261   
1.046832   0.0097646   0.00012035246385328203   
1.046848   0.0102276   8.3821927653541559e-05   
1.046864   0.010335   9.7082896994727589e-05   
1.04688   0.0104598   0.00011043608508494355   
1.0468959999999998   0.010725   0.00013072218208433061   
1.0469119999999998   0.011006   7.7090999618776644e-05   
1.0469279999999999   0.0110986   0.00011812311844474439   
1.0469439999999999   0.0115164   0.00011359921752469171   
1.0469599999999999   0.0115744   7.5398084266850635e-05   
1.0469759999999999   0.0117722   0.00014191310330229865   
1.0469919999999999   0.0119772   0.00012570731438102115   
1.0470079999999999   0.0121454   9.6657953630314349e-05   
1.047024   0.0122424   0.00010979326026673951   
1.04704   0.0124272   9.4799062348855648e-05   
1.047056   0.012641   0.00010754151653095552   
1.047072   0.0127124   0.0001117961637187172   
1.047088   0.0127902   0.00010149918445211491   
1.047104   0.0129118   7.0263282650961384e-05   
1.0471199999999998   0.0127836   8.3855855158983638e-05   
1.0471359999999998   0.0130108   0.00013332906659839781   
1.0471519999999999   0.0130164   0.00010146780551266277   
1.0471679999999999   0.0129574   0.0001260511536374552   
1.0471839999999999   0.013181   6.4085533122191918e-05   
1.0471999999999999   0.0131574   9.9676833372208973e-05   
1.0472159999999999   0.0130852   0.00014396888552739444   
1.0472319999999999   0.0132096   0.00010625411887441248   
1.047248   0.0132992   0.00011700871762394457   
1.047264   0.0130508   0.00010457116662296971   
1.04728   0.0129416   8.3362021728522568e-05   
1.047296   0.012822   6.985445185844957e-05   
1.047312   0.0129332   0.00011454419816530794   
1.047328   0.0128516   8.4487895253961934e-05   
1.0473439999999998   0.012696   6.0498668488561685e-05   
1.0473599999999998   0.0125428   9.6240070194857575e-05   
1.0473759999999999   0.0123856   8.2470627767978365e-05   
1.0473919999999999   0.012266   9.9077074374784924e-05   
1.0474079999999999   0.012189   9.449714869302201e-05   
1.0474239999999999   0.0118476   4.9740482059943425e-05   
1.0474399999999999   0.0118344   0.00010730384688144017   
1.0474559999999999   0.0116764   0.00010111810476423652   
1.047472   0.0114366   6.7895377031298836e-05   
1.047488   0.0112164   0.00011503189895754037   
1.047504   0.0111092   0.00011202428308183901   
1.04752   0.0107908   0.00010103121629806634   
1.047536   0.0106416   6.2357250313549485e-05   
1.0475519999999998   0.0103948   0.00010028147053834688   
1.0475679999999998   0.0101212   7.866112974864608e-05   
1.0475839999999998   0.0096704   8.2540118191768473e-05   
1.0475999999999999   0.0096774   0.00012693552168981961   
1.0476159999999999   0.0092776   0.00010243601797111101   
1.0476319999999999   0.0090992   8.8426340972460106e-05   
1.0476479999999999   0.0088278   0.00011630246008671623   
1.0476639999999999   0.0084764   0.00010223754474534076   
1.0476799999999999   0.0082098   9.4217927050948107e-05   
1.047696   0.008078   0.0001245043506602614   
1.047712   0.0079086   0.00012954348905118913   
1.047728   0.0075432   0.00016703750743138167   
1.047744   0.007171   0.00014112287789960445   
1.04776   0.006868   9.5807677725279981e-05   
1.0477759999999998   0.006741   0.0001004962133062181   
1.0477919999999998   0.0064568   0.00012852226785010189   
1.0478079999999999   0.006233   0.0001308866345778327   
1.0478239999999999   0.0059452   0.00010741619989554648   
1.0478399999999999   0.0057226   9.523540424769678e-05   
1.0478559999999999   0.005351   9.7245279805471506e-05   
1.0478719999999999   0.0051868   0.0001247889596256193   
1.0478879999999999   0.0050118   0.00010500728017089524   
1.0479039999999999   0.0047434   0.00011735266886138077   
1.04792   0.004571   9.744936006859038e-05   
1.047936   0.0043382   9.7211544810503059e-05   
1.047952   0.0041226   9.5487544272073054e-05   
1.047968   0.003957   9.0482288015083064e-05   
1.047984   0.0036326   9.4417065312485867e-05   
1.0479999999999998   0.0035474   9.0724025973767771e-05   
1.0480159999999998   0.0033254   0.00010531014512698511   
1.0480319999999999   0.0031362   0.00010757796139441283   
1.0480479999999999   0.002914   9.1337712790379077e-05   
1.0480639999999999   0.0029044   9.8762476005144113e-05   
1.0480799999999999   0.0025692   8.5540477747867023e-05   
1.0480959999999999   0.0024238   6.6265090524515412e-05   
1.0481119999999999   0.002226   6.0356717383679286e-05   
1.0481279999999999   0.00216   5.869090408421242e-05   
1.048144   0.0020452   6.6866500498298017e-05   
1.04816   0.001882   6.8018298191654934e-05   
1.048176   0.0017696   6.6084659507500091e-05   
1.048192   0.001619   5.123995836584309e-05   
1.048208   0.0015136   5.9133596391748593e-05   
1.0482239999999998   0.0014174   4.5353965892986936e-05   
1.0482399999999998   0.001332   5.6887413175304234e-05   
1.0482559999999999   0.0012614   5.0728076819230766e-05   
1.0482719999999999   0.0011024   3.7954124355009898e-05   
1.0482879999999999   0.0010234   4.3175147172109713e-05   
1.0483039999999999   0.0009854   2.6173863129295819e-05   
1.0483199999999999   0.000842   4.2822631607337933e-05   
1.0483359999999999   0.00086   3.5534021256630478e-05   
1.048352   0.0007316   3.0291619669839746e-05   
1.048368   0.000664   2.8019041144669221e-05   
1.048384   0.0006314   2.7388643226304179e-05   
1.0484   0.0005646   2.6640070069977919e-05   
1.048416   0.0005282   2.949719384016799e-05   
1.048432   0.0004684   2.433799042192633e-05   
1.0484479999999998   0.0004192   2.3788325801628925e-05   
1.0484639999999998   0.0003822   1.700052286777609e-05   
1.0484799999999999   0.0003308   2.4500702937761693e-05   
1.0484959999999999   0.0002942   1.4899515279214809e-05   
1.0485119999999999   0.000271   2.0383544561456648e-05   
1.0485279999999999   0.000247   1.3847583022157894e-05   
1.0485439999999999   0.0002158   1.967389697599899e-05   
1.0485599999999999   0.00019   1.2861657055847128e-05   
1.048576   0.0001654   1.0193897956893406e-05   
1.048592   0.0001642   1.5914912643318041e-05   
1.048608   0.0001556   8.1638770745822042e-06   
1.048624   0.0001118   9.6445724517874704e-06   
1.04864   0.000132   1.072069649478677e-05   
1.048656   0.000101   1.0194769900950847e-05   
1.0486719999999998   9.52e-05   7.3768406365989619e-06   
1.0486879999999998   8.56e-05   9.5582425162788164e-06   
1.0487039999999999   7.14e-05   7.8771117098140032e-06   
1.0487199999999999   6.24e-05   6.5915771169644135e-06   
1.0487359999999999   4.72e-05   4.9549077802832124e-06   
1.0487519999999999   5.22e-05   9.8e-06   
1.0487679999999999   3.88e-05   4.1117717186958065e-06   
1.0487839999999999   3.7e-05   3.7741812945915097e-06   
1.0488   2.94e-05   3.2393414968683579e-06   
1.048816   2.56e-05   5.331666406168588e-06   
1.048832   1.64e-05   2.5785439474418288e-06   
1.048848   1.74e-05   3.4775470281986602e-06   
1.048864   1.62e-05   2.9431653406192154e-06   
1.04888   1.36e-05   3.022875746334569e-06   
1.0488959999999998   8.4e-06   2.124983660067897e-06   
1.0489119999999998   1.26e-05   3.688420318299481e-06   
1.0489279999999999   1.12e-05   3.3092463055975618e-06   
1.0489439999999999   9.2e-06   3.2957885584822067e-06   
1.0489599999999999   1.02e-05   2.8511206373790796e-06   
1.0489759999999999   4.8e-06   1.6384274303259343e-06   
1.0489919999999999   2.8e-06   1.2364824660660938e-06   
1.0490079999999999   2.6e-06   1.4e-06   
1.049024   2.4e-06   1.4544949486180953e-06   
1.04904   2.6e-06   1.1175369742826807e-06   
1.049056   4e-07   2.6666666666666667e-07   
1.049072   1.2e-06   6.7986926847903798e-07   
1.049088   8e-07   8e-07   
1.049104   2e-07   2e-07   
1.0491199999999998   8e-07   4.4221663871405331e-07   
1.0491359999999998   1.4e-06   1.4e-06   
1.0491519999999999   8e-07   6.1101009266077867e-07   
1.0491679999999999   0   0   
1.0491839999999999   0   0   
1.0491999999999999   2e-07   2e-07   
1.0492159999999999   0   0   
1.0492319999999999   0   0   
1.049248   4e-07   4e-07   
1.049264   0   0   
1.04928   0   0   
1.049296   2e-07   2e-07   
1.049312   0   0   
1.0493279999999998   0   0   
1.0493439999999998   0   0   
1.0493599999999998   0   0   
1.0493759999999999   0   0   
1.0493919999999999   0   0   
1.0494079999999999   0   0   
1.0494239999999999   0   0   
1.0494399999999999   0   0   
1.0494559999999999   0   0   
1.049472   0   0   
1.049488   0   0   
1.049504   0   0   
1.04952   0   0   
1.049536   0   0   
1.0495519999999998   0   0   
1.0495679999999998   0   0   
1.0495839999999999   0   0   
1.0495999999999999   0   0   
1.0496159999999999   0   0   
1.0496319999999999   0   0   
1.0496479999999999   0   0   
1.0496639999999999   0   0   
1.0496799999999999   0   0   
1.049696   0   0   
1.049712   0   0   
1.049728   0   0   
1.049744   0   0   
1.04976   0   0   
1.0497759999999998   0   0   
1.0497919999999998   0   0   
1.0498079999999999   0   0   
1.0498239999999999   0   0   
1.0498399999999999   0   0   
1.0498559999999999   0   0   
1.0498719999999999   0   0   
1.0498879999999999   0   0   
1.0499039999999999   0   0   
1.04992   0   0   
1.049936   0   0   
1.049952   0   0   
1.049968   0   0   
1.049984   0   0   
1.0499999999999998   0   0   
1.0500159999999998   0   0   
1.0500319999999999   0   0   
1.0500479999999999   0   0   
1.0500639999999999   0   0   
1.0500799999999999   0   0   
1.0500959999999999   0   0   
1.0501119999999999   0   0   
1.050128   0   0   
1.050144   0   0   
1.05016   0   0   
1.050176   0   0   
1.050192   0   0   
1.050208   0   0   
1.0502239999999998   0   0   
1.0502399999999998   0   0   
1.0502559999999999   0   0   
1.0502719999999999   0   0   
1.0502879999999999   0   0   
1.0503039999999999   0   0   
1.0503199999999999   0   0   
1.0503359999999999   0   0   
1.050352   0   0   
1.050368   0   0   
1.050384   0   0   
1.0504   0   0   
1.050416   0   0   
1.050432   0   0   
1.0504479999999998   0   0   
1.0504639999999998   0   0   
1.0504799999999999   0   0   
1.0504959999999999   0   0   
1.0505119999999999   0   0   
1.0505279999999999   0   0   
1.0505439999999999   0   0   
1.0505599999999999   0   0   
1.050576   0   0   
1.050592   0   0   
1.050608   0   0   
1.050624   0   0   
1.05064   0   0   
1.050656   0   0   
1.0506719999999998   0   0   
1.0506879999999998   0   0   
1.0507039999999999   0   0   
1.0507199999999999   0   0   
1.0507359999999999   0   0   
1.0507519999999999   0   0   
1.0507679999999999   0   0   
1.0507839999999999   0   0   
1.0508   0   0   
1.050816   0   0   
1.050832   0   0   
1.050848   0   0   
1.050864   0   0   
1.05088   0   0   
1.0508959999999998   0   0   
1.0509119999999998   0   0   
1.0509279999999999   0   0   
1.0509439999999999   0   0   
1.0509599999999999   0   0   
1.0509759999999999   0   0   
1.0509919999999999   0   0   
