0.44102683529415743   15.109693605666463  0.0097644917167537779
0.88205367058831485   4.2709862056229272  0.0091314029808013006
1.3230805058824724   0.27620786295289672  0.0012892836263754107
1.7641073411766297   8.1168880038140018e-06  3.314436763254865e-08
2.205134176470787   0.10171870994550903  0.0010059349739109158
2.6461610117649448   0.97336567701256178  0.0051641067466631019
3.0871878470591021   0.57287769168367444  0.010706715890307357
3.5282146823532594   4.319319012538638e-05  1.1987728700430418e-07
3.9692415176474167   0.022132878689846194  0.00075294068670696269
4.410268352941574   0.064169228884449041  0.0028266989916910199
4.8512951882357314   0.026628481448298516  0.00086485896159169926
5.2923220235298896   0.00017676316542785261  3.372424838176321e-07
5.7333488588240469   0.52585984575109157  0.0085358076595459923
6.1743756941182042   0.99414418627844825  0.0054359077392723448
6.6154025294123615   0.11631405861390294  0.0011166312322085719
7.0564293647065188   0.00017591356358526436  6.010041877761068e-07
7.4974562000006761   0.21895345697335342  0.0010430332029705568
7.9384830352948335   3.8686024247172559  0.0081458371202335421
8.3795098705889917   15.013907253295873  0.013510224225036768
8.8205367058831481   194.31581219284211  0.0087208103249082008
9.2615635411773063   14.349873016967568  0.018583283545507754
9.7025903764714627   4.4504603802127042  0.0094237677503694693
10.143617211765621   0.32768588694608896  0.0015351075038809589
10.584644047059779   0.00046345083817928271  1.3892197945098491e-06
11.025670882353936   0.084184672039237624  0.0008426259277256879
11.466697717648094   0.90074143078908917  0.0046446266421741695
11.90772455294225   0.58082533212572115  0.012274104832341526
12.348751388236408   0.00058074092577869634  1.7678172531458117e-06
12.789778223530565   0.018270346150222051  0.00059696092792123859
13.230805058824723   0.078009132176735291  0.0025425623789520478
13.671831894118879   0.032181998229272233  0.00090338063441090376
14.112858729413038   0.0023974216779874493  4.8624129759103391e-06
14.553885564707196   0.44849205695342158  0.0061822232755382701
14.994912400001352   0.96094022048384355  0.0054604055685807431
15.43593923529551   0.12703243813377291  0.001162186726208956
15.876966070589667   0.0017174180749208116  4.3259374171974383e-06
16.317992905883823   0.16371419371824492  0.00080578437258410122
16.759019741177983   3.3034510445858005  0.0067177389727482672
17.20004657647214   14.048402621445734  0.018020063940299393
17.641073411766296   178.05121268397301  0.032713012043175679
18.082100247060456   12.87537895792556  0.032635013490857401
18.523127082354613   4.3795529140491085  0.0090276973663409582
18.964153917648769   0.36756828644483099  0.001769730576854863
19.405180752942925   0.0030068109791273597  7.2285743307210745e-06
19.846207588237085   0.067312006961944694  0.00065169571704335038
20.287234423531242   0.78849077016593628  0.0039331080997885894
20.728261258825398   0.55154890728214226  0.01288264821619191
21.169288094119558   0.0032682320314090158  8.2367878875037569e-06
21.610314929413715   0.016266032569421423  0.00042963077382486053
22.051341764707871   0.10291893744436038  0.0020523292719149306
22.492368600002028   0.040768561570883716  0.00085243769242314941
22.933395435296188   0.01054890460306451  2.3357668706864833e-05
23.374422270590344   0.35796151410526884  0.0040282913848831018
23.8154491058845   0.88211453708832052  0.005272615620045502
24.256475941178657   0.13579774006758695  0.0011474555486056392
24.697502776472817   0.0074010836638554624  1.7164068971060347e-05
25.138529611766973   0.11882795355845165  0.00059086774117497939
25.57955644706113   2.6558184040953456  0.005248455498125713
26.02058328235529   12.333516177022942  0.018120481659495464
26.461610117649446   153.42166492495376  0.066013897153836507
26.902636952943602   10.92143493495234  0.045560636749303441
27.343663788237759   4.0701578552754045  0.0082787228962688559
27.784690623531919   0.39333516310006944  0.0019741639018903744
28.225717458826075   0.01099474699541539  2.3449566370953876e-05
28.666744294120232   0.056609009700159048  0.00046357496766981135
29.107771129414392   0.65638887640299723  0.003141965331381696
29.548797964708548   0.49685707391540117  0.012341315667611301
29.989824800002705   0.012203377552617542  2.8736866670776816e-05
30.430851635296861   0.018746977984717363  0.00027814993979993557
30.871878470591021   0.13433559131820557  0.0015019166027048996
31.312905305885177   0.055465574802773753  0.00071868471949505308
31.753932141179334   0.029803158257891289  6.8805149686685869e-05
32.194958976473494   0.27566645369390184  0.0023382246769709648
32.635985811767647   0.77470702497132449  0.0049157638869609923
33.077012647061807   0.14697815352210598  0.0010939851031580531
33.518039482355967   0.02134455406701362  4.9524014570014569e-05
33.95906631765012   0.091903629695241784  0.00041582810146868852
34.400093152944279   2.0108499258027188  0.0041388878443394454
34.841119988238439   10.104144939618003  0.014240479805777453
35.282146823532592   123.65810284631297  0.10036221491065367
35.723173658826752   8.7684443895863765  0.054367178913045984
36.164200494120912   3.572483945395415  0.007785230842390148
36.605227329415065   0.40665674816552312  0.002118840266751237
37.046254164709225   0.028888293470730487  5.5588554833809138e-05
37.487281000003378   0.058341591061367395  0.0003085803960528638
37.928307835297538   0.52772950804840068  0.0024115138179570686
38.369334670591698   0.43542016548178838  0.01068709510563954
38.810361505885851   0.033145604994127553  7.5041050861938381e-05
39.251388341180011   0.029206252192114287  0.00015908497691895775
39.692415176474171   0.16751424022824407  0.0010868790034876057
40.133442011768324   0.079724012617512512  0.00054362126787785249
40.574468847062484   0.065188080032471554  0.00015207569221313517
41.015495682356644   0.22195659409390184  0.0012238624051155051
41.456522517650797   0.6607843540000452  0.0044276049469545613
41.897549352944957   0.16639857526536582  0.0010312688593874792
42.338576188239117   0.04801835414915586  0.00011206700581435031
42.779603023533269   0.088824443587579004  0.00029877716215690473
43.220629858827429   1.4438890747230757  0.0035312740234072515
43.661656694121582   7.6663054093819704  0.0090593052054236765
44.102683529415742   92.422678198050276  0.12723251094426681
