0.25441477107328347   0.0017185825876459591  4.6928602115889547e-05     
0.50882954214656695   0.0016433782802396025  4.4919049317255474e-05     
0.76324431321985042   0.0015180326386461607  4.1627206397290924e-05     
1.0176590842931339   0.0013474112863642678  3.6916246057768661e-05     
1.2720738553664175   0.0011382071821836925  3.1480480638131425e-05     
1.5264886264397008   0.00089823527164148907  2.5238345586124118e-05     
1.7809033975129842   0.00064268266512172803  1.8619196501523053e-05     
2.0353181685862678   0.00039256634484779738  1.2261688262638473e-05     
2.2897329396595514   0.00018148383670015953  7.2885475265756745e-06     
2.544147710732835   6.3235246643470938e-05  5.0294497464310475e-06     
2.7985624818061181   0.00012748448197103358  7.9797742892229564e-06     
3.0529772528794017   0.00052984443745371901  2.0445714513841551e-05     
3.3073920239526853   0.0015564551938254584  5.0636428687661833e-05     
3.5618067950259684   0.0037715286642771755  0.00011393101475912234     
3.816221566099252   0.0084044990101934353  0.0002443706117135024     
4.0706363371725356   0.018493331426280551  0.00052301838354696899     
4.3250511082458187   0.043199610470053521  0.0012037755503348339     
4.5794658793191028   0.12054642461446278  0.0033006513705582724     
4.8338806503923859   0.56106781176013206  0.014982147674460584     
5.0882954214656699   789.61388867562395  0.0074655438390118835     
5.3427101925389531   0.81785970780636692  0.02288821404219111     
5.5971249636122362   0.21372005471574373  0.0058399712056216563     
5.8515397346855202   0.097757822732396196  0.0026447361619508813     
6.1059545057588034   0.054703499405124287  0.0014577092729659278     
6.3603692768320865   0.033341913673878516  0.00088361629376376518     
6.6147840479053706   0.020799093175848666  0.00055073385360078318     
6.8691988189786537   0.012688234923178575  0.00033604543502342146     
7.1236135900519368   0.0071649582346450092  0.00019287891640034906     
7.3780283611252209   0.0034315766338048547  0.00010217635431846561     
7.632443132198504   0.0012054274109804787  5.2762992729851428e-05     
7.886857903271788   0.00056480639537234998  4.8833695663524655e-05     
8.1412726743450712   0.0019630803359133691  0.00010285944228141585     
8.3956874454183552   0.0064376006314368932  0.00024508728613786719     
8.6501022164916375   0.0161523566834678  0.00053524324888577794     
8.9045169875649215   0.035889280451110037  0.0011093641834286821     
9.1589317586382055   0.077436699424155807  0.0022748662231422702     
9.4133465297114878   0.17572628752820614  0.0049957893921655014     
9.6677613007847718   0.47295216886631623  0.013002424451692076     
9.9221760718580558   2.0846821620682142  0.054585192820413538     
10.17659084293134   759.12270988764205  0.030986373120577912     
10.431005614004622   3.2845893346939103  0.094392851187630784     
10.685420385077906   0.81552097177445276  0.022297005210507482     
10.93983515615119   0.3640240769530607  0.0097309739316344383     
11.194249927224472   0.20108067696066786  0.0052233736019831257     
11.448664698297756   0.12218141957648733  0.0031165639613376984     
11.70307946937104   0.07689245952853288  0.0019344091978371943     
11.957494240444323   0.048181262852189464  0.0011854867653653487     
12.211909011517607   0.028807048427974079  0.00069352648025065334     
12.466323782590891   0.015481145473691485  0.00037882677595174331     
12.720738553664173   0.0067313070274113389  0.00018581804149410856     
12.975153324737457   0.0022071219904661681  0.00011603009367485093     
13.229568095810741   0.0025029763772923246  0.00018614609752812244     
13.483982866884023   0.0095142619427816277  0.0004499178748139639     
13.738397637957307   0.027468278387234248  0.0010288424687954793     
13.992812409030591   0.06593945866890992  0.0022029582306082218     
14.247227180103874   0.14876461310912777  0.0045825249040355073     
14.501641951177158   0.34603574723575852  0.010097130849526609     
14.756056722250442   0.94120506832270183  0.026074930031869188     
15.010471493323726   4.0979798380200093  0.10559854174981069     
15.264886264397008   710.46816297222354  0.073560190959816687     
15.519301035470292   7.4801409801401524  0.22118731824339971     
15.773715806543576   1.8133091010658768  0.049631597496391595     
16.02813057761686   0.81030431866367695  0.021420440872095758     
16.282545348690142   0.45198036678326948  0.011456839974359139     
16.536960119763425   0.27912826364651737  0.0068692923695952129     
16.79137489083671   0.17996522842559842  0.0043215824776567515     
17.045789661909993   0.11694726974673843  0.0026982203254607182     
17.300204432983275   0.073986308847435565  0.0016266308159408548     
17.554619204056561   0.043667696022933247  0.00092952712578470139     
17.809033975129843   0.022423426424090578  0.00046653764400163588     
18.063448746203125   0.0089720736931798384  0.0002332669131261332     
18.317863517276411   0.0037160030729993689  0.00024602515064293979     
18.572278288349693   0.0092259846488440738  0.00057140934958638542     
18.826693059422976   0.031702798531291545  0.0013995277039426639     
19.081107830496261   0.085621057260048017  0.0031659319746653084     
19.335522601569544   0.20752493288009446  0.0067955572683435618     
19.589937372642826   0.50433079431177818  0.01523779556089922     
19.844352143716112   1.4075797269792984  0.039510443460585751     
20.098766914789394   6.1363541332830874  0.15640055177939127     
20.35318168586268   646.69369483660412  0.13895402188562268     
20.607596456935962   13.24792622780653  0.40398173230643289     
20.862011228009244   3.1545665715552516  0.086472359653781326     
21.11642599908253   1.4204950829214674  0.037148857279790191     
21.370840770155812   0.80458142388002581  0.019902652325311808     
21.625255541229095   0.5070779111485044  0.012049766405492029     
21.87967031230238   0.33564796214644584  0.0077097880182983099     
22.134085083375663   0.22594169983729949  0.0049110259368141497     
22.388499854448945   0.1501723315913996  0.003048173363250836     
22.642914625522231   0.095465068221164992  0.0018208122179609971     
22.897329396595513   0.055335567874523923  0.00095695299629159138     
23.151744167668795   0.027080172348421619  0.00044623762811705249     
23.406158938742081   0.010463841247051894  0.00029757436896521639     
23.660573709815363   0.0083255553767688156  0.00057744777593756125     
23.914988480888645   0.028272813485449133  0.0015379739135131339     
24.169403251961931   0.088761858722004972  0.0037520542570671227     
24.423818023035214   0.23723152716237539  0.0084202221881832469     
24.678232794108496   0.6120635362404241  0.019391720174124946     
24.932647565181782   1.7726588762424367  0.050822531324643726     
25.187062336255064   7.8086123377100683  0.19825842103426674     
25.441477107328346   571.67736954745837  0.2300158581775363     
25.695891878401632   20.189605765377715  0.6366074955190133     
25.950306649474914   4.7306879403946816  0.12993415118214478     
26.204721420548196   2.1524503491057185  0.055699310181939461     
26.459136191621482   1.2406133819558541  0.029929582012203227     
26.713550962694764   0.79874047303204375  0.018320645961140699     
26.967965733768047   0.54261695145368248  0.011924287021826547     
27.222380504841333   0.37739970502584951  0.0077377599107418845     
27.476795275914615   0.26181469863030954  0.0049276440842382001     
27.731210046987897   0.17674694577840272  0.0030630445671300516     
27.985624818061183   0.11219118657854667  0.0016892564298131433     
28.240039589134465   0.063642097667362238  0.0007968850548829777     
28.494454360207747   0.029752559954857225  0.00037497707918305682     
28.748869131281033   0.013100468002956029  0.00048216860783204002     
29.003283902354315   0.021804711424633531  0.001416165142684812     
29.257698673427601   0.07661213646454921  0.0038432327520500434     
29.512113444500883   0.23209143241401824  0.0091693777883485869     
29.766528215574166   0.64741778437117983  0.021894851458460636     
30.020942986647452   1.9692026421945993  0.058341193080173222     
30.275357757720734   8.8425321305764635  0.22592086158383611     
30.529772528794016   489.79897768104012  0.34675822469040301     
30.784187299867302   27.693420239765582  0.90596341948321146     
31.038602070940584   6.3887781995787281  0.17596006474599619     
31.293016842013866   2.9422461225572218  0.075353965730438855     
31.547431613087152   1.7277037672247075  0.040603686699601463     
31.801846384160434   1.136643244749322  0.025131528731815365     
32.05626115523372   0.79187551851376525  0.016626164240837249     
32.310675926306999   0.56769426928300158  0.010964176521318921     
32.565090697380285   0.40894524928255848  0.0071341833540495498     
32.819505468453571   0.29023546121986537  0.0045899523357963265     
33.073920239526849   0.19775019050073547  0.0026410504183454652     
33.328335010600135   0.1250032432678339  0.0012947392569570411     
33.582749781673421   0.069118794167917633  0.00050918984594101502     
33.8371645527467   0.031883340110819398  0.00032169599678686067     
34.091579323819985   0.020893853362127136  0.0010618743889198929     
34.345994094893271   0.057076072331858745  0.0034320183513574925     
34.60040886596655   0.19717712885080118  0.0089605919124870173     
34.854823637039836   0.60754731466606723  0.02247340558024693     
35.109238408113121   1.9696615134719308  0.061313574321993723     
35.3636531791864   9.1079605071086224  0.23754898014423818     
35.618067950259686   405.57632946282928  0.48469928771783464     
35.872482721332972   34.997001597152143  1.1929444262996761     
36.12689749240625   7.9511440093828478  0.21988296139171278     
36.381312263479536   3.7121433522366534  0.094142700574296952     
36.635727034552822   2.2230779139752379  0.05082171024141935     
36.890141805626101   1.4948123708091654  0.0317947493550743     
37.144556576699387   1.0672848742497766  0.021354225925132022     
37.398971347772672   0.78713469280599512  0.014269677231065022     
37.653386118845951   0.58647497188499234  0.0094442175894188747     
37.907800889919237   0.43442842678809142  0.0062546701285851703     
38.162215660992523   0.31345099943568873  0.0037228541424556192     
38.416630432065801   0.21515763981199264  0.001896782399875301     
38.671045203139087   0.1348618087778892  0.0007013926047569368     
38.925459974212373   0.073145849851794434  0.00018090403725956938     
39.179874745285652   0.036111913672079416  0.00052498688928424337     
39.434289516358938   0.042720831063218286  0.0025802218545082909     
39.688704287432223   0.14663645525177292  0.0078699497953559218     
39.943119058505502   0.50741860539841796  0.02118821836906657     
40.197533829578788   1.7866546068564753  0.059816605049423353     
40.451948600652074   8.616644409283884  0.23409842929277691     
40.706363371725359   323.30782791382009  0.63391515403637713     
40.960778142798638   41.278600545135687  1.4742656975989856     
41.215192913871924   9.2397135035337321  0.25711119984651573     
41.46960768494521   4.381087311526761  0.11014467415421841     
41.724022456018488   2.6790836595277055  0.059481636139786424     
41.978437227091774   1.8419118094693669  0.037592280690694562     
42.23285199816506   1.3472996306107813  0.02559454848744983     
42.487266769238339   1.0207750923617793  0.017273778152503074     
42.741681540311625   0.78433517761011664  0.011571201205156569     
42.99609631138491   0.60321476075854419  0.0078452493407163475     
43.250511082458189   0.45658536169031354  0.0047827796639350365     
43.504925853531475   0.3345288742898241  0.0025025736957870253     
43.759340624604761   0.23045382485847352  0.00090501050985229793     
44.013755395678039   0.14353902955495176  0.00037568828368168335     
44.268170166751325   0.077652397326500468  0.000255365126886085     
44.522584937824611   0.047976958714046057  0.0013703181433082402     
44.77699970889789   0.10036700553596643  0.0060591195902531833     
45.031414479971176   0.37568809050459436  0.018318844773134265     
45.285829251044461   1.466929580175525  0.054525047211177484     
45.54024402211774   7.5014915890542797  0.218347675356094     
45.794658793191026   246.7562066387129  0.77910824408126995     
46.049073564264312   45.765916703307629  1.7249423679099129     
46.30348833533759   10.101681861448438  0.28381450065776565     
46.557903106410876   4.8761221092584761  0.12178630360269674     
46.812317877484162   3.0496917868858926  0.065658572933657857     
47.066732648557441   2.1453635584549094  0.041894105061164305     
47.321147419630726   1.6076535345641105  0.028865193338854348     
47.575562190704012   1.2501265896041094  0.019599423451161982     
47.829976961777291   0.98846463753027645  0.013213048499384631     
48.084391732850577   0.78626580247394865  0.0091182202545810986     
48.338806503923863   0.62016735247569903  0.0056297881278754253     
48.593221274997141   0.47934695084161945  0.0029685817201125949     
48.847636046070427   0.35542335631056203  0.0010407594780953959     
49.102050817143713   0.24624322090705337  0.00086802261347585452     
49.356465588216992   0.15305566665610701  0.0011275225945682654     
49.610880359290277   0.086067704616787186  0.00030723757959374866     
49.865295130363563   0.079823719741469983  0.0037036292138711117     
50.119709901436842   0.24851543679348307  0.014222855202105093     
50.374124672510128   1.0803380400344963  0.046403423033272873     
50.628539443583414   5.9807040057488404  0.19380445715131263     
50.882954214656692   178.90216788601194  0.90079396180156884     
