0.22051341764707871   29.331556610153764  0.026424225483639856
0.44102683529415743   7.4240735506339448  0.02413663818701804
0.6615402529412362   0.40688097065076254  0.0035541110222710994
0.88205367058831485   7.8227880204552493e-06  1.7009621895588624e-07
1.1025670882353935   0.073623152119263151  0.0016655485853451128
1.3230805058824724   0.13283160508060149  0.0028505946265114852
1.543593923529551   0.028513756987429749  0.00061225386994238873
1.7641073411766297   1.7641894566814267e-05  3.3507395474227855e-07
1.9846207588237084   0.020379277191591922  0.00019368050160213685
2.205134176470787   0.044513835261162802  0.00028249487867905575
2.4256475941178657   0.020355048915474406  0.00032329362146225831
2.6461610117649448   6.144664949358169e-05  1.2682007389510432e-06
2.8666744294120234   0.1447086236923611  0.0010449936783948951
3.0871878470591021   0.15746686659255145  0.0028839936717770487
3.3077012647061808   0.02108795704869945  0.00017103720941087711
3.5282146823532594   0.00010055142284673878  1.9552954266448375e-06
3.7487281000003381   0.01113953640454137  0.00014205001296359147
3.9692415176474167   0.021455989656171246  0.00022783995447785324
4.1897549352944958   0.011278784556563921  0.00020190863036373372
4.410268352941574   0.0010870433534548755  6.8938651398824982e-05
4.6307817705886531   0.0084594506053863492  0.00010736894783631999
4.8512951882357314   0.021842687124899124  0.00021554688297956064
5.0718086058828105   0.013759618503559963  0.0001779482622620767
5.2923220235298896   0.00022512346151663777  4.4677155667647562e-06
5.5128354411769678   0.016917041800077358  0.00016430723954612831
5.7333488588240469   0.18316056607700037  0.0027935485149991872
5.9538622764711251   0.22482508160973225  0.0013918663629352407
6.1743756941182042   0.0003154521958644039  6.2542356293786996e-06
6.3948891117652824   0.015651953036215166  0.00020454990163836845
6.6154025294123615   0.043706831096921431  0.00025244017564335636
6.8359159470594397   0.025196919845163666  0.00026903301153239049
7.0564293647065188   0.00028816418882674956  5.4683314132605573e-06
7.2769427823535979   0.021110364915534545  0.00041579763677477536
7.4974562000006761   0.1235032912352067  0.0027460781473804382
7.7179696176477552   0.091850740450152112  0.0022948408764666272
7.9384830352948335   0.00069395762708784354  1.5988151739039835e-05
8.1589964529419117   0.25685986261612031  0.0031685913832151421
8.3795098705889917   6.2509417862702841  0.026198432436733016
8.6000232882360699   31.670582402432762  0.17879282240547902
8.8205367058831481   394.20233010098071  0.014494840345061816
9.0410501235302281   26.102042504010933  0.15986617817950183
9.2615635411773063   8.514382378609484  0.0258606405797943
9.4820769588243845   0.60944884106019473  0.00504744419457573
9.7025903764714627   0.00092171865468925073  2.3540570719185026e-05
9.9231037941185427   0.055756426744922368  0.0011235034385077835
10.143617211765621   0.13766617683976701  0.0028254926426307512
10.364130629412699   0.037485683761623297  0.00084405958201881656
10.584644047059779   0.00061898973763717107  1.1818620950427135e-05
10.805157464706857   0.015896438530974191  0.00012961867062009321
11.025670882353936   0.044118155581506928  0.00029311294801503974
11.246184300001014   0.025316557475680009  0.00044719180739803856
11.466697717648094   0.0012153807638450726  2.6294779631189877e-05
11.687211135295172   0.083016633959579972  0.00076695422660868078
11.90772455294225   0.12949416929601044  0.0027253726610407702
12.128237970589328   0.025171248277806625  0.00019835835595412441
12.348751388236408   0.001222574687880475  2.2835488412049155e-05
12.569264805883487   0.0091057241930725959  0.00010199099646047083
12.789778223530565   0.021713176804318306  0.0002510370681487851
13.010291641177645   0.016119102147523458  0.00035809456060528273
13.230805058824723   0.0096352086770318261  0.00060409976510733925
13.451318476471801   0.0079709556294638613  0.00010831642740512181
13.671831894118879   0.022884884833085281  0.00023944632118824896
13.892345311765959   0.016750491336125774  0.00020005274881887014
14.112858729413038   0.001573928095624948  3.1262092896868647e-05
14.333372147060116   0.012962352612463599  0.00015494163248852917
14.553885564707196   0.20257031946702671  0.0024905329259342222
14.774398982354274   0.31803893335917159  0.0021011715013280042
14.994912400001352   0.0017523408158683745  3.3838723098180323e-05
15.21542581764843   0.011570253125484505  0.00011109713052118238
15.43593923529551   0.041728368608314041  0.00021118684815969311
15.656452652942589   0.029924353286568233  0.00034104364283850461
15.876966070589667   0.0014770814812223803  2.8053758834544812e-05
16.097479488236747   0.015476915897985507  0.00026306228877711017
16.317992905883823   0.11085105418934649  0.0025249591977316716
16.538506323530903   0.10861034617232553  0.0029360217511604349
16.759019741177983   0.0034846775945991899  9.3829883083145806e-05
16.97953315882506   0.15407670136561644  0.0027709983520063495
17.20004657647214   5.0739109239114916  0.030130249891948337
17.42055999411922   32.912883561474315  0.3365994937650831
17.641073411766296   377.24608974631841  0.055596206182955747
17.861586829413376   22.264390551866111  0.29770655413057382
18.082100247060456   9.4432285556764976  0.03082794388320568
18.302613664707533   0.8655108780618597  0.0087051939849844915
18.523127082354613   0.0035756247621740017  0.00011497912693208523
18.743640500001689   0.03990537366914766  0.00072513240268428735
18.964153917648769   0.13732899530882621  0.002676356914901855
19.184667335295849   0.047609812944632682  0.0010988377373078533
19.405180752942925   0.0020240770124143512  3.9152257072255745e-05
19.625694170590005   0.01211801496367302  9.5698464467772263e-05
19.846207588237085   0.042619669863023345  0.00028507095296953968
20.066721005884162   0.03017777899335482  0.00056062346054952927
20.287234423531242   0.0039603883480196213  8.9671988076684235e-05
20.507747841178322   0.041222522854633614  0.00045370265546011803
20.728261258825398   0.1026170444674546  0.002358461787136509
20.948774676472478   0.028999074423252644  0.00025972570483757829
21.169288094119558   0.0035224837489980275  6.1940013487552294e-05
21.389801511766635   0.0079186702485037142  8.0920194080437291e-05
21.610314929413715   0.022593382868785376  0.00026597066799908368
21.830828347060791   0.022672331177574423  0.00054568238626477886
22.051341764707871   0.02596568689347711  0.0015902816679813385
22.271855182354951   0.010120750413357889  0.00019216492809114762
22.492368600002028   0.024583985484699414  0.00030211447687842526
22.712882017649108   0.019976797899741558  0.00020515950978456224
22.933395435296188   0.0040413092613538198  7.8843145726247276e-05
23.153908852943264   0.0096661431611473499  0.0001345730510958402
23.374422270590344   0.21176943870753664  0.002111555180205812
23.594935688237424   0.41547419080005759  0.0033455332927448007
23.8154491058845   0.0041813527092058434  7.9917114787242133e-05
24.03596252353158   0.0084323647776662238  7.4960077210442181e-05
24.256475941178657   0.038748097949664681  0.00017844401232121142
24.476989358825737   0.034140502735543125  0.00039776620840690446
24.697502776472817   0.0035791722796806594  6.8038196085084086e-05
24.918016194119893   0.011624566985395026  0.00016584012765468564
25.138529611766973   0.096337521263624906  0.0022150997099408334
25.359043029414053   0.12220132273760593  0.003509147129162835
25.57955644706113   0.0091379241337587831  0.00028128976813059765
25.80006986470821   0.090410316534621016  0.0021640192737657532
26.02058328235529   3.9637614003667818  0.033710792112883389
26.241096700002366   32.952246011353531  0.46627364032263409
26.461610117649446   350.39361773899355  0.11662914154018953
26.682123535296526   18.144903194671186  0.39590270156889645
26.902636952943602   10.141164419945297  0.037086936319081964
27.123150370590682   1.1705275750457757  0.014532022306518046
27.343663788237759   0.0090197206890931634  0.00034346473058791726
27.564177205884839   0.027296789904074862  0.00048803390404941079
27.784690623531919   0.13175874214800029  0.0024278860208587826
28.005204041178995   0.058264721928204616  0.0013578636028661123
28.225717458826075   0.0041707179792370539  8.2589995496345777e-05
28.446230876473155   0.0093115160636555469  9.9911467999009839e-05
28.666744294120232   0.040225393145479819  0.00026639135954493427
28.887257711767312   0.034623578994514091  0.00065187933516500599
29.107771129414392   0.0083548353464505346  0.00019632811215030978
29.328284547061468   0.01745570785959629  0.00016656664297439085
29.548797964708548   0.079151714981091337  0.0018683818698833044
29.769311382355625   0.032500283962179993  0.00034278068428973512
29.989824800002705   0.0068500478135777155  0.00011118878020764069
30.210338217649785   0.0078284006158156139  0.00010993324206039594
30.430851635296861   0.024074121742030745  0.00026902109988095618
30.651365052943941   0.030626454523202189  0.00073833587101117969
30.871878470591021   0.04865892509425946  0.0028732520765465053
31.092391888238097   0.015196736802993702  0.00034136146113078288
31.312905305885177   0.026938957430536628  0.00038234102853288612
31.533418723532257   0.02339023200181951  0.00019988253478404759
31.753932141179334   0.0074625621925873885  0.00014054582649808058
31.974445558826414   0.0075653484067502433  0.00010860901399458927
32.194958976473494   0.20779239843133338  0.0018612399398828817
32.41547239412057   0.50584121167768267  0.0050292922613578246
32.635985811767647   0.0074913831211835196  0.00014398200051175179
32.85649922941473   0.0064790518485641771  9.1993247848700678e-05
33.077012647061807   0.035061133073207299  0.00017913304964166014
33.297526064708883   0.037489184772184309  0.00043000758347369548
33.518039482355967   0.0065144468885504046  0.00012381793881574144
33.738552900003043   0.009421778768834406  0.00014220928509668033
33.95906631765012   0.081486107080528156  0.0018536618838098401
34.179579735297203   0.13133608802639958  0.0039435764677180331
34.400093152944279   0.01825692842608663  0.00061699781651651091
34.620606570591356   0.056590893700039957  0.0015716695334317404
34.841119988238439   2.976388670569325  0.035647114294546335
35.061633405885516   31.794590891432054  0.55518820788545703
35.282146823532592   315.59551551462808  0.18795147185420015
35.502660241179676   14.07797346174789  0.44423831598503981
35.723173658826752   10.556000695629094  0.043357741083334468
35.943687076473829   1.514030048621109  0.022177775689420734
36.164200494120912   0.019267419417353947  0.00081132471607174885
36.384713911767989   0.018578416172859053  0.00036761818218723696
36.605227329415065   0.12153429733687312  0.002120162593739505
36.825740747062142   0.068673607694560025  0.0015968551731570874
37.046254164709225   0.0070187124487214791  0.00014380575837145384
37.266767582356302   0.0076164546697235617  0.00012002139444352755
37.487281000003378   0.037214988771521942  0.00024986270010706721
37.707794417650462   0.038408881983716607  0.00071430855675913939
37.928307835297538   0.014269534548094798  0.00034381061092368487
38.148821252944614   0.0076291468605538966  8.4358828256938135e-05
38.369334670591698   0.060240351176531753  0.0013524696201867309
38.589848088238774   0.035643743789346522  0.00042623890976240732
38.810361505885851   0.010996049233987238  0.00016186194116319449
39.030874923532934   0.0090131555713392176  0.00017525520411537761
39.251388341180011   0.026140464581195231  0.0002726358933693778
39.471901758827087   0.039655675242412426  0.0009144157637146134
39.692415176474171   0.075843481714367222  0.0042542210364769669
39.912928594121247   0.023437842354869138  0.00053785331346599442
40.133442011768324   0.029960887133483318  0.00045799776313088576
40.353955429415407   0.027009359055728291  0.00020825330796476047
40.574468847062484   0.011648226905452463  0.00020875257388098553
40.79498226470956   0.0072068113711724372  9.5421801118428264e-05
41.015495682356644   0.18952287055118658  0.0018256930345759198
41.23600910000372   0.57722545684341087  0.0069120318377131846
41.456522517650797   0.01165133013992362  0.00022931719365100843
41.67703593529788   0.0058408415247375087  0.00011026984323134537
41.897549352944957   0.031054881552518808  0.00021343211287465238
42.118062770592033   0.039730235222205922  0.00043257517479817694
42.338576188239117   0.010119907615768623  0.00019196411962939293
42.559089605886193   0.008650496105948354  0.00017196782029050083
42.779603023533269   0.067661110584333144  0.0014814776821535769
43.000116441180346   0.13534705367420248  0.0041897868135696956
43.220629858827429   0.030967775350541448  0.0011129261743273251
43.441143276474506   0.043684018236160501  0.0012671183914878763
43.661656694121582   2.1486213287486011  0.035464265396692382
43.882170111768666   29.556392236584175  0.5970117795036811
44.102683529415742   275.2827442791009  0.25885189996015065
