0.00031597117221271   0.000390117388843504   29.1113548357148   0.0500182247556203
0.0502976015080636   0.000319391062573814   118.74348103819   0.0500147747204049
0.100246687866843   0.000174294642229606   126.929860631257   0.0500308137335475
0.150255801437508   7.27218364587184e-05   135.56528987745   0.0500978643188903
0.200287264383464   0.000245289173232211   55.3590275986511   0.0500090240382605
0.250199197851823   0.000326302844568694   86.4990250697461   0.0500096664197105
0.300159728822704   0.00030751023871152   114.852021197313   0.0500061846735713
0.350176741545362   0.000194198434274372   138.998195699338   0.0500384599912124
0.400161604086935   0.000231516529439814   118.434059146119   0.0500828755326151
0.450088994684742   0.000293608467034878   106.181318172007   0.0500090118405278
0.500063866453506   0.000274806194692348   4.26129672559272   0.0500153001763392
-0.449876270832126   0.00015366112812295   26.6864865203651   0.0501453948801115
-0.399834618034531   0.000126642572579021   48.8533111499722   0.0500140622659872
-0.349752527418816   0.000124773976120082   14.0147402553959   0.0500629156413921
-0.29967338334045   -6.05907937723832e-05   166.888435699882   0.0500073346373569
-0.249723664815291   -0.000160828928166013   101.759629437861   0.0501024354303629
-0.199752685123075   -0.000160043830165224   2.66584991801229   0.050015719583887
-0.149696634791506   -2.36875183501947e-05   39.9448507670787   0.0500287233166223
-0.0996820660807042   0.000113905162222909   123.682369447531   0.0501051705665932
-0.0497108822398139   0.000165072301776453   69.7172297114414   0.0500927212933571
0.0253692162605572   0.0504431784152861   22.313387337656   0.0500148533515065
0.0753245637379994   0.0503442784709162   71.2723804840397   0.0500962628808541
0.125268448382194   0.050175256133955   103.079662273829   0.050023293637567
0.175201228389905   0.0501292860230793   64.9497707728063   0.0500212696462859
0.225181858254921   0.0503058435351413   71.331395264653   0.050008304061314
0.275107668921422   0.0503767859818615   126.271005648549   0.0500262332647911
0.32513474881546   0.0502354575666066   62.8714802996923   0.0500554741516364
0.375046947311327   0.050246252949349   95.0227857062743   0.0500459165211649
0.425012325339858   0.0502660783595836   85.2858074058783   0.0500481196642306
0.475018521154194   0.0502203890223604   168.317608302414   0.0500816895995835
-0.474861190978955   0.0501157654980634   168.161043115793   0.0500253952946803
-0.424801319062591   0.0501437886954346   177.103658503281   0.0500086336333058
-0.374706934768758   0.0501055176577644   14.0619028001059   0.0500853535764437
-0.324611352955191   0.05000740101719   91.045000549022   0.0500271805701184
-0.274665993452871   0.0498655900481421   49.481249204459   0.0500137575368806
-0.224680034559542   0.0498536875158943   71.6507482014928   0.0500119398816894
-0.174743497101535   0.0499355612709875   71.4375389695155   0.0500182643020955
-0.124748383837786   0.0500633923754471   34.4344107462473   0.0500745297263243
-0.0747529507153671   0.0501105824043482   36.1997780631038   0.0500311426003367
-0.0246585559192276   0.0502487260266615   41.5155742029059   0.0500163223144937
0.0503705396197378   0.100414604279777   100.519736629059   0.0500777335352878
0.100337761002796   0.100310861956815   118.962494912663   0.0500007168892529
0.150275226401525   0.100193590540957   113.945541504644   0.0500002496992394
0.200245109181602   0.100216214144058   71.5749116520234   0.0500550673752474
0.250194184778732   0.100351272142788   60.3023813617379   0.0500183220553046
0.300198534795273   0.100281941859668   90.7424379129339   0.050023709110556
0.350227952030745   0.100254375865665   61.565045828016   0.0500420077679202
0.400152161525701   0.100285590067916   68.1973218162271   0.0500523113482561
0.450113735300557   0.100309476612212   87.1171903450283   0.0500114124117155
0.500090538863287   0.100115685059264   137.466035690255   0.0500073136514164
-0.44986373236001   0.100067515024966   4.39198562160833   0.0500517545801655
-0.399775814851018   0.0999690036883168   176.845207173412   0.0500067267800115
-0.349656340721996   0.0999891544936457   156.257374110334   0.0500147832644114
-0.299634194784913   0.0999198415162706   151.455699235327   0.0500555899414349
-0.249596616260399   0.0998001405535353   51.9520880413604   0.0500740024802354
-0.199639446073688   0.0999374232131154   70.7638241837365   0.0500649410974494
-0.149664549299538   0.100020658464376   46.6648332572064   0.0500004483577646
-0.0996595904801195   0.100128564775947   47.1925584762782   0.0500059046824166
-0.0496756434575511   0.10016082842543   32.2883415207025   0.0500265798801982
0.000379307546134548   0.100301919327421   39.0593315042176   0.0500856665769434
0.0753136058891727   0.150406779236957   115.064227566532   0.0500558724483764
0.125289632207968   0.150257659463453   140.555921621705   0.0500897283976939
0.17531066654412   0.150239806987751   84.1755037338355   0.050049279145352
0.225244620797207   0.150306422730514   99.4251971671384   0.0500482089235184
0.27522899219099   0.150326865128981   114.692580384805   0.0500039033047504
0.325200939352506   0.15017769665274   128.604922970003   0.0500019209565968
0.375278105698966   0.150267127454531   14.4157371226144   0.0500254839059122
0.425242252784754   0.150364200766917   75.5877891079502   0.0500039089215799
0.475177931678037   0.150265255258777   92.5588713669601   0.0500246025934917
0.525146121191104   0.150005931095759   112.590383236492   0.0500213519609564
-0.424908562756038   0.149974093026527   134.745473895824   0.0500117901622358
-0.374773057005096   0.149860489475675   11.9295234866249   0.0500114012683405
-0.324700855170497   0.149940501426683   157.078429668754   0.0500503259740996
-0.274685914243828   0.149811514834658   142.56925090202   0.0500609278649453
-0.224641502727532   0.149891362258966   57.5258176446353   0.0500326510281458
-0.174672063673375   0.150002228515828   39.4392561456423   0.050037417660356
-0.124613140283106   0.150062298128984   162.433018840031   0.0500473687157317
-0.0745492360726103   0.150143419671469   77.5199101695927   0.0500402222263833
-0.0245986725199565   0.150256020608503   82.4256939590087   0.0500050144669831
0.0253318010608165   0.150450069563612   83.7368409201622   0.0500287454002277
0.100200201095731   0.200359689506887   136.823272918492   0.0500251531018255
0.15028802306852   0.20014665595199   163.750646947102   0.0501028600238377
0.200278484105166   0.200400587724665   98.4606683211357   0.0500063607894123
0.250182832941293   0.200296049699799   98.0681669804125   0.0500315649996849
0.300186778799245   0.200283888536961   167.401710474828   0.0500037765566322
0.350203133792294   0.200157883343018   106.781230386694   0.0500857135075003
0.400187078362207   0.200304112074221   32.4058734983704   0.0500291157954911
0.450254659088146   0.200332847498725   154.432134768238   0.0501511557224524
0.500244616250005   0.200211363639365   82.0259197196361   0.0500183973138599
0.550172729133569   0.20002346845038   131.977095294669   0.0500076037092294
-0.39986070653345   0.199890041611539   86.1796796466837   0.0500739169915039
-0.349894532271326   0.199901887669559   3.59786368829241   0.0501510686919674
-0.299745712168301   0.199862451168454   173.10925006594   0.0500179880068005
-0.249716875460596   0.199756441668286   147.461422866902   0.0500152514280003
-0.199692644110897   0.199948438673242   9.42592591678773   0.0500063116919824
-0.149632814613309   0.19999208196525   45.5209017034305   0.0500067129668922
-0.0995893302602243   0.200059039854166   85.8895201974352   0.0500004417406666
-0.0496462050944793   0.200250074660251   68.1722282980873   0.0500999324646864
0.000225431609081735   0.20048831301313   92.2535888843842   0.0500319247868665
0.0502196418645545   0.200499201627744   121.989062699585   0.0500385576699376
0.125233964579468   0.250156969428099   94.9641349950617   0.0500362708404059
0.175124414091067   0.250288418650756   78.4585933770425   0.0500426123108014
0.225156885092573   0.250381352907501   165.436191892744   0.0500018773344023
0.275183107294872   0.250269391509014   171.279285684333   0.050030202669163
0.325241385332772   0.250210658844354   176.592470647351   0.0500209179795275
0.375295767607154   0.250197122467837   26.688919691261   0.0500184735916689
0.425258661098086   0.250326751466067   64.4426017704665   0.0500189550948808
0.475211063840624   0.250300355865169   106.737488684939   0.0500249063315575
0.525228949769952   0.250148781191757   137.501446840221   0.0500545096633459
0.575191328026877   0.249958112377027   100.752371044502   0.0500111184433265
-0.374788512470282   0.249887074952178   4.47095963542584   0.050002680783626
-0.324734184669975   0.249795089121077   36.3317293537885   0.0500511558145348
-0.274719594494754   0.249882793042935   90.4022566152025   0.0500695064924243
-0.224724472770291   0.249785802362361   48.7398563190418   0.0500645617754372
-0.174672392637977   0.249940737517395   52.8091231070834   0.0500192542093439
-0.124691600473129   0.250044983098731   88.0276520869104   0.0500263945695667
-0.0747113223114459   0.250230105075994   71.9356682637303   0.050029214509819
-0.0248216378213347   0.250539527551386   98.3571283192622   0.0500115196949844
0.0251814800750702   0.250527269266367   14.7643021591743   0.0500289931632369
0.0752258547725835   0.250422797713623   137.350648870281   0.0500134758452777
0.150183595080091   0.300305311614148   42.2236689524349   0.0500007853809216
0.200162906507257   0.300297161996179   127.331446224186   0.0500217474521163
0.250184180132704   0.300207650737747   173.917121001804   0.0500104787878856
0.300220599419412   0.300155917447331   132.056405430165   0.0500505067903962
0.350257464990768   0.30016902717266   99.463315301655   0.0500112458308196
0.40024158758906   0.300276246518696   61.7168798675487   0.0500877509145604
0.450193045678733   0.300407044436367   122.530593581773   0.0500107772393545
0.500221360518925   0.300160895921191   143.044903863768   0.050010818141608
0.550238273519092   0.300067473023254   111.52248766529   0.0500658871297486
0.600188750817923   0.299900710102925   119.333117559747   0.0500475822238064
-0.349750784129832   0.29976125098503   173.965152775694   0.0500400225761351
-0.299684411433724   0.299831711933156   53.0292382874691   0.050074851474946
-0.249681842027786   0.299775713758057   142.641846138725   0.0501617230234303
-0.199658928920346   0.299885903616387   57.000275494701   0.0500815097284207
-0.149750282062891   0.300057388625847   72.1626632276696   0.0500269099400957
-0.09983975338679   0.300204798348838   60.2071990867026   0.0500627691334333
-0.0498170254296216   0.300412949876382   35.6762480578987   0.0500084439955514
0.000248906239115163   0.300431806965072   10.0031528421596   0.0500649187001631
0.0502300949020845   0.300504585556087   117.677585647726   0.0500321117342081
0.100207592418541   0.300320236107992   159.593626336858   0.0500037013258092
0.175247236522781   0.35037240013728   60.226867166881   0.0500185999265289
0.225193924375101   0.35024962748777   81.8017228529314   0.0500025757167688
0.275188976722759   0.350149360419192   24.7164632922181   0.0500156029728019
0.325134845867975   0.350117405296163   73.1144765646078   0.0500703449766053
0.375124265995015   0.35024885180506   81.2652006520503   0.0501265089370233
0.425144541679076   0.350363177489477   175.750133153027   0.0500128086425362
0.475248511415617   0.350261455207718   157.71721664795   0.0500028639203535
0.525205772316449   0.350090538497089   127.828215606902   0.0500395745586726
0.575206446970749   0.349987089062289   146.642182038894   0.0500575620825171
0.625204614942922   0.349839037269955   110.597351779915   0.0500644960238692
-0.324809968805922   0.349714669296362   109.529721646187   0.0500303727354111
-0.274789898750626   0.349851996013241   120.03326706247   0.050004870626738
-0.224790478652748   0.349802501674046   126.973407838981   0.0500259550627161
-0.174759348755863   0.350035034342882   77.4034248370518   0.0500085195181878
-0.124847533919865   0.350192460799388   74.4522106124322   0.0500002051853982
-0.0748505768313815   0.350353912754705   51.5490606556337   0.0500287427528855
-0.02474327022029   0.350418744003583   161.242051175242   0.0500175694862494
0.0252606962107049   0.350440321030259   41.1370151813576   0.0500426751633951
0.0753069821437378   0.350362783969238   136.45457093572   0.0500290967697575
0.125313533627972   0.350297837123385   56.2529375199198   0.0500391044009341
0.200341965376003   0.400364522613815   112.96204374568   0.050035414411079
0.250332816248232   0.400158351906854   129.083174624632   0.0500067266661443
0.300251374358637   0.400155964273019   57.4490595132717   0.0500090181959559
0.350235198751881   0.400191348943564   44.5082652361484   0.0500021260487329
0.400169618499682   0.400354313105656   67.5933834018685   0.0500183067745831
0.450129142708003   0.400220632889227   128.808026762861   0.0500325719266202
0.500155830123738   0.400214437275242   118.649447884386   0.0500005228151769
0.55019533823839   0.400062879971374   127.400887357402   0.0500179026948216
0.600193358335472   0.399928207710827   114.515352437331   0.0500283358476547
0.650207185885759   0.399818848951775   103.4148922295   0.0500851551562187
-0.299872551949715   0.399788102708957   85.7390972213613   0.0500241129345303
-0.249878702915806   0.399782459667624   159.86788008448   0.0500970812674366
-0.199895314252554   0.399899372690083   54.8509835158898   0.0500256970232508
-0.149845294853835   0.400123950524334   9.05690393386982   0.0500108115947121
-0.0998687934833667   0.40027840710912   79.6295019951628   0.0500477207155008
-0.0498719849406194   0.400312655615863   143.023685631186   0.0500336904025145
0.000184532166006332   0.400385481890982   142.705117077425   0.0500074528082712
0.0502839463892675   0.400358793951115   156.795272662992   0.0500406035175433
0.100395784553082   0.40034839654067   51.3528516578815   0.0500406412842833
0.15036546838388   0.400358683273916   90.2222266312175   0.0500352525632645
0.225285754366195   0.450257189842202   120.510255961438   0.0500145488603376
0.275220996731321   0.450129400054286   121.525987636821   0.0500108050926729
0.325179253769387   0.450240862677108   100.802310070296   0.0500224522633045
0.375234019439679   0.450321757891582   38.7677606334783   0.0500030975478226
0.42522926818004   0.450360947491289   118.778715977769   0.0500057567019015
0.475143734885796   0.450229416594113   62.4439755322518   0.0500487928273017
0.525129927856548   0.450146965083692   163.753219782117   0.0501316533971223
0.575156352452619   0.450017739156039   150.881478624911   0.0500716478900082
0.625174227137294   0.449840015164401   124.023861099222   0.0500240502243475
0.675154397601091   0.449861293807265   95.8728265873144   0.0500454497967856
-0.274930069332315   0.449850504063202   112.903206982076   0.0500579803635958
-0.224971106583941   0.449874233637829   80.3157440885709   0.0500502230270898
-0.17502060983136   0.449975588981648   104.886727301899   0.050037068289422
-0.125037202242006   0.45017123748859   165.603430411309   0.0500266956320127
-0.0749548855102038   0.450351036087195   143.931199261383   0.0500083628650284
-0.0249462080581015   0.450338786891938   179.879816659032   0.0500078882782172
0.025133879530175   0.450239915517669   1.22744351590167   0.0500357078803238
0.0752612655645619   0.450318733241883   4.31606156865295   0.0500109956841415
0.125291403704672   0.450397431119406   100.568084057855   0.0500063966485308
0.175242592073214   0.450352695940202   143.607768990522   0.050019753240996
-0.249476878384663   -0.499821583237373   141.474729705195   0.0500413125678909
-0.199508462928099   -0.49980740953323   66.7395619400186   0.0500417354815469
-0.149511915366745   -0.499712603964916   125.139171237667   0.0501119995713283
-0.0995360948608289   -0.499634707579977   150.517908886079   0.0500104144321573
-0.0494847731640662   -0.499695167508268   132.466797376528   0.0500074014292901
0.00049662785404583   -0.499820162807612   142.798859980053   0.0500036282258136
0.0504636649823577   -0.499883040716925   116.422251279145   0.0500022587481931
0.600155382618231   0.499933473716673   124.348008448396   0.0500201983899845
0.650118160756103   0.499897861306759   83.6828961020173   0.0501142399275254
0.700019571593814   0.499913727227896   119.188411975104   0.0500180840405397
-0.250053419999353   0.499877905100423   117.267228662191   0.0500038537558118
-0.699763545126819   -0.499998316892335   86.7486514808942   0.0500778789471986
-0.649753240892349   -0.499899414355691   47.0299286328997   0.050008497088427
-0.59976340669389   -0.499753586825324   55.3750749839112   0.0500453911855893
-0.549699909168808   -0.499755760232326   156.958445523488   0.050129631834273
-0.499562557373793   -0.49976779712785   167.700060706144   0.0500068134857408
-0.449589295117577   -0.499747174509154   127.771239143089   0.0500022131443155
-0.399540462116538   -0.499677063728433   136.66660423551   0.0500164689587646
-0.349453889107137   -0.499658260599726   163.397606234175   0.0500126677254509
-0.299419138005459   -0.499699963880849   110.856723274587   0.0500395900264858
-0.224624046777276   -0.449759917146678   114.354969516056   0.0500138677176081
-0.174663481681971   -0.44964654600626   120.093338943154   0.050031857477852
-0.124652551723927   -0.44964303627176   157.931267928476   0.0500209241830971
-0.0745968100511359   -0.449694772515104   138.586689355874   0.0500008613356965
-0.0245760657873717   -0.449737854139949   154.546848891448   0.0500685376853759
0.0254456140208588   -0.449863509181849   121.571419559265   0.0500380497320465
0.0754543443977015   -0.449949142514125   123.091525906161   0.0500191492133292
0.125365090847964   -0.450104242268869   121.796655447847   0.0501131362485279
0.175303340234856   -0.450074549010547   133.12759303648   0.050004793680685
0.225256451492903   -0.450007196773656   112.098246466122   0.0500846866023658
-0.724810260620954   -0.450020010662138   91.496596881093   0.0500294405512647
-0.674813490418585   -0.449948537657785   132.681385177961   0.0500106744010106
-0.624753193692913   -0.449812076713837   16.580660350923   0.0500028345910763
-0.574680183711841   -0.449762897453049   139.852341940989   0.0500145338827
-0.524668021682957   -0.449830562260133   133.100416327805   0.0500355571440083
-0.474703625961641   -0.449748328291   125.490109069915   0.0500441802043426
-0.424637854382452   -0.449741715920328   170.809788726422   0.0500777734766788
-0.374577403227337   -0.44972828853283   152.498258841353   0.050017836994675
-0.324594698922609   -0.449756221955891   160.345550628027   0.0500194400888588
-0.274527727286539   -0.449707001715474   112.778232207595   0.0500313684200859
-0.199639176275523   -0.399689757164097   178.860074770469   0.0500013008987008
-0.149628951459918   -0.39961318696511   65.4859474729001   0.0502144016091393
-0.0996600783094758   -0.399656233787294   136.121441709479   0.0500019019922447
-0.0496578304155784   -0.399731068364739   115.146572899952   0.0500581561573943
0.000386905109014916   -0.399750044269684   160.334966047174   0.0500093597770478
0.0504147990942897   -0.399910211614066   89.9454998872904   0.0500021101722259
0.1003138313779   -0.399955740006112   124.943509340498   0.0500020936808573
0.150232216391009   -0.400028461438116   95.4496596912891   0.0500016244816179
0.200183742151383   -0.400021520797367   78.1162057514283   0.0500287011289306
0.250107122609314   -0.400030698816859   153.477877876271   0.0500152061540591
0.300129212422991   -0.399930729338166   132.160299302937   0.0500990340826225
-0.649911393741919   -0.39988695375484   98.0555078212024   0.0500502017658666
-0.599855920323432   -0.399850303657393   136.507338437613   0.0500505188792584
-0.549802673749187   -0.399810221768146   148.273270423247   0.0500074847803246
-0.499851285750313   -0.399774426202422   138.142935834219   0.0500036188930402
-0.449810415127476   -0.399814737540411   142.356894208433   0.0500454049911184
-0.39974242241604   -0.399815729854149   14.1995580719849   0.0500197926008766
-0.34969230031227   -0.39980408132726   163.812944808205   0.0500386549501502
-0.299727875732753   -0.39979297593267   49.0524845334524   0.0500008210682628
-0.249706030788534   -0.399688079630515   142.001162451165   0.050021867673558
-0.174723592583753   -0.349750456970417   170.012864458049   0.0500172342509332
-0.124717439765016   -0.349537930329085   128.170045075252   0.0500647908393338
-0.0747052527779278   -0.349635848115906   140.020163961104   0.0500188666783424
-0.0247355654586864   -0.349739771118296   136.353533852073   0.0500019651503773
0.0253211594624953   -0.349761933499656   130.570730599562   0.0501200023834873
0.0753281223902124   -0.349851729993909   119.538207624589   0.0501079101299633
0.125231409599781   -0.349902996395831   102.044569611793   0.0500644807380799
0.175191470715301   -0.34993439999906   79.2029781152968   0.050008751308602
0.225118299777959   -0.350004938672433   96.3134384776162   0.0500098480812949
0.275076811739719   -0.349982309637779   66.5900930514733   0.0500171774645572
0.324985672300298   -0.349934383464059   75.6498885674174   0.0500596139526243
-0.624979770019145   -0.349891272787762   119.502846939126   0.05001051473942
-0.57501067078814   -0.349853080789743   125.415276524856   0.0500160917366513
-0.524980691897156   -0.349764553622801   162.03177557109   0.0500137613361207
-0.474871888931599   -0.349844214785296   158.483076345467   0.0500364840057319
-0.424857085190387   -0.349877677475682   148.408564963868   0.0500113367104657
-0.374739322243899   -0.349871348449793   154.72405835213   0.050016867032341
-0.32472844276095   -0.349837798874013   129.491778203095   0.0500438527968874
-0.274795397797046   -0.349686003912591   92.4031284749152   0.0500217538173639
-0.22479402351334   -0.349758427583374   136.894133451734   0.0500345276821474
-0.149792832729746   -0.299714700103213   31.0520443134906   0.0500090697054893
-0.0997099856082782   -0.299668767425161   173.55234651729   0.0500018364506609
-0.0496761255370912   -0.299651769359191   107.729746188263   0.050089932578363
0.000324680988148145   -0.299765379606407   68.1316076058355   0.0500211956327126
0.050265979654043   -0.299757059016797   122.599714305684   0.0500486226612924
0.100268821005608   -0.299843930568969   87.0336916662604   0.0500579538258526
0.150190156408248   -0.299886388043629   84.5690774549627   0.0500271949889254
0.200145475548955   -0.299921334334012   112.350466044861   0.0500122372325526
0.250115061413473   -0.299962998832493   81.129254181035   0.0500470393078086
0.300080108182185   -0.299866460052805   63.3516941627392   0.050001902146284
0.350007371736041   -0.299778850675792   63.0632404061101   0.0500524401624428
-0.59998878310694   -0.299800924216111   61.7858183481477   0.0500720421605643
-0.550015602465469   -0.299847565089476   56.0407940264633   0.0500138430866484
-0.499975747716186   -0.299903327545644   164.586855867891   0.0500291006230683
-0.449938546556022   -0.299899497040602   120.042813420506   0.0500259896368797
-0.399934656884762   -0.299930946059827   137.97337262084   0.0500027248687809
-0.349931574448766   -0.299875250786891   132.167817914646   0.0500997637380799
-0.299895591731626   -0.299762411984874   20.4773180570166   0.0500093969842499
-0.249809892430343   -0.299714147068825   160.857951751199   0.0500438783897163
-0.19976910527037   -0.299830718639946   39.358037168211   0.0500132184497537
-0.124726296092436   -0.249799029438339   154.686836773164   0.0501188109694646
-0.0746685530592956   -0.249695176216113   23.2593061361728   0.050026201219337
-0.0246498490360953   -0.24969621233763   131.985369599747   0.0500007739112137
0.0253222708166841   -0.249635077095959   125.0769125972   0.0500084095064565
0.0752974128208666   -0.249790081203629   122.546146816459   0.0500051883132612
0.125284251542317   -0.249800984113114   100.129553949371   0.0500682750298273
0.175209035416293   -0.249793055094388   65.8978227284105   0.0500119500023471
0.225141225534818   -0.249893263294011   111.954269485451   0.0500525119583427
0.275113398953805   -0.249848937066256   105.8289956445   0.0500241419477541
0.325117177146025   -0.249800091759485   19.7987404915512   0.0500384635009737
0.375089204362053   -0.2497051223515   38.529527258732   0.0500165918013568
-0.574860470907438   -0.249734800857689   47.9813875784524   0.0500695255530009
-0.524916840641027   -0.249805477289436   120.810289253273   0.0500027714171412
-0.474934826189086   -0.249908340419227   104.484322971524   0.0500666291762284
-0.424958533553465   -0.249905521307074   136.800632562421   0.0500145216234368
-0.374966969834372   -0.249897799803097   96.0712980016371   0.0500852910926423
-0.324974289584963   -0.249883029149449   9.01974078932929   0.0500065036607992
-0.274853765583207   -0.249768936156107   14.7912342828656   0.0500357970658057
-0.224803835764649   -0.249867152082275   111.443700274745   0.0500022623477869
-0.174779229919024   -0.249827899879011   0.35874433735039   0.0500192560805037
-0.0997800698253605   -0.199872459698529   38.9827105505832   0.05001299041462
-0.0497066944231788   -0.199755403433421   23.9416482969675   0.0500343018737064
0.000321041096981315   -0.199649407804997   48.2608758243543   0.0500391989021708
0.0503077817029775   -0.199685073597424   123.054738489552   0.0500227810675775
0.100290146315711   -0.199842922533582   69.8168182553636   0.0500011791304521
0.150303358278685   -0.199851067567663   53.9969150834627   0.0500549294893148
0.200310679445445   -0.199722381081285   55.8616636895576   0.0500150151046101
0.25020461563857   -0.199767813617508   77.8550707626901   0.050249480033198
0.300099221987414   -0.199827118595859   77.6434423137844   0.0500014353297777
0.350166583118087   -0.199792826216456   17.89492689857   0.050011629888606
0.400164015618016   -0.199758446567793   179.007483707708   0.0500164076419953
-0.549815606374685   -0.199643471025634   80.3116038503119   0.0500084079020592
-0.499909553511067   -0.199825100325914   115.555245813951   0.0500089625461464
-0.449865097290944   -0.199914361834764   130.713711300787   0.0500092116113448
-0.399943522794175   -0.199916056969047   81.6422771615029   0.0500616720776407
-0.349966824518087   -0.19990501792668   159.653786257978   0.0501329006485472
-0.299888394264646   -0.199908618810809   47.7188206920149   0.0500069664934369
-0.249844801888235   -0.199833484975588   175.09929365912   0.0500133438261286
-0.199820322113462   -0.199958300007128   160.073811942285   0.0500162133941177
-0.149745860796873   -0.199822966501874   39.4860936050663   0.050005636754433
-0.0746332631887728   -0.149831804363634   18.9789494596636   0.0500203712139198
-0.0246618118499578   -0.149716267544449   62.624989656314   0.050058842563172
0.0253100611590457   -0.149644372647809   123.602448080908   0.0500297151285587
0.0753128339639224   -0.149793718644302   169.355505000899   0.0501169634502926
0.125319954673386   -0.149873169067014   113.699991721229   0.0500070182759044
0.175317592047278   -0.149801571619065   35.0337898285484   0.050002194628716
0.225320360021166   -0.149714839899934   80.2634806819715   0.0500153510492676
0.275250757788554   -0.149716673722612   98.5717704713879   0.0500059261182398
0.325154590104083   -0.149767592793976   83.1079160771942   0.0500233217899553
0.375178644314589   -0.149828323322987   178.55130804123   0.0501402657704948
-0.574759705705708   -0.149794889299372   25.6222642496402   0.050007421040874
-0.524749765802492   -0.149675235112024   131.636587802701   0.0500061282072534
-0.474755254831105   -0.149798576440173   55.4053902295348   0.0501178990041882
-0.424833942277342   -0.149879542924781   83.9589551314049   0.0500054852383079
-0.374883343484934   -0.149870370883262   57.8735554990981   0.0500108133080195
-0.324935193204875   -0.150007943496402   101.809445810486   0.0500566497921497
-0.274908051570228   -0.149932396346507   6.645832446104   0.0500183016020539
-0.224816779788386   -0.149961336398592   132.734749011959   0.0500050747070164
-0.174762211144987   -0.150005309390614   20.0116218922077   0.0500044481282002
-0.124708743524529   -0.1498139769353   22.626372835887   0.0500006726262357
-0.0496497569315327   -0.0997813638654075   44.5689593773469   0.0500018570352639
0.000330789712322335   -0.0997065528156567   56.561164597342   0.0500599048542471
0.0503069042778291   -0.0997560864223466   127.022022488615   0.0500494540570516
0.100240462026377   -0.099809649047691   115.519087883661   0.0500219567150017
0.150270315042163   -0.0999129528500282   14.7773353159336   0.0500617657866049
0.200327471480101   -0.0997692760783405   36.8526759519387   0.0500039144659946
0.250279766124314   -0.0996485153338003   71.7376245635061   0.0500313768199138
0.300238174722326   -0.0996854654072074   61.6569864841653   0.0500651392769214
0.350284117617437   -0.0997515569124078   120.748335410603   0.0500927284927566
0.400225781160525   -0.0999112676652779   67.5835143690086   0.0500506302658731
0.450139247132638   -0.0996621588628032   74.4125041916593   0.0500513977239222
-0.499842059469532   -0.0997692085659495   146.309060242783   0.050031021944088
-0.449823338586528   -0.099759401998151   138.129781491345   0.050117950372661
-0.399857220072448   -0.0998487063813715   96.6086692475152   0.0500009583901168
-0.349949545203463   -0.0997881003379864   95.3101854587972   0.050000883316743
-0.299992617996024   -0.1000219504294   6.06539137659708   0.0500236403435814
-0.24985317185874   -0.10002462601566   17.7658232419589   0.0500020989914853
-0.199739480688949   -0.100001239936834   143.709798086524   0.0500765089215013
-0.149725013634604   -0.0999635765711751   28.4793699141006   0.0500404754996621
-0.0996982080617297   -0.0998392075754796   19.2068772624242   0.0500060794369316
-0.0246050258575693   -0.0497135806099546   72.0720535954132   0.0500413409894775
0.0253284727026633   -0.049639884285999   117.003766449518   0.0500165662825906
0.0752956413977632   -0.049793210184617   122.002776796519   0.0500131581283355
0.125298332027444   -0.049880113189923   97.2496440342635   0.0500043852901015
0.175291365751365   -0.0499246410613335   46.7392460676497   0.0500027014614971
0.225245997397066   -0.049728325915668   30.0617027119119   0.0500304784875338
0.275263436170999   -0.049677972245303   128.831930591954   0.0500259722395717
0.325235169365334   -0.0496640711818299   117.560685952268   0.0501453927282774
0.375215666570613   -0.0498469260776666   108.132723550081   0.0500564390426746
0.425090344308092   -0.0497771279587629   53.580573085558   0.0500239067678055
0.475123425921996   -0.0496964820872751   141.296542112969   0.0500347669255422
-0.474906395382511   -0.0497659364473388   111.637128312132   0.0500260388180273
-0.424921542717392   -0.0497868947064718   133.420547222916   0.0500887041135092
-0.374896783188325   -0.0497865995657863   23.9687873354481   0.0500079858815832
-0.324825662132607   -0.0498714862036544   0.426897348338826   0.0500079990610387
-0.274788876718674   -0.0501308138537336   42.4374855788656   0.0500067058132926
-0.224789682640977   -0.0500906231728822   46.2174490716406   0.0501170372990842
-0.174732540096559   -0.0500643448654081   167.991936394801   0.0500441846316688
-0.124659768140057   -0.0499077285393605   40.6682274319402   0.0500363058212054
-0.0746492744410749   -0.0499045513256815   10.0937454440935   0.0500097260785969
