0.44102683529415743   14.028423041883457  0.011310488670724384
0.88205367058831485   3.2450803297565466  0.0020399141412155589
1.3230805058824724   0.15825921252063119  0.00028465795354305477
1.7641073411766297   6.92591722590557e-06  1.1071548780463584e-07
2.205134176470787   0.046558991259348951  0.00024287718817522011
2.6461610117649448   0.70217186913978663  0.0085032887644364906
3.0871878470591021   0.76699654369602099  0.0077733701295251109
3.5282146823532594   5.005289062513815e-05  9.5367893117879406e-07
3.9692415176474167   0.035190263929537749  0.00027835150927495031
4.410268352941574   0.11238896052252666  0.00089078251708229266
4.8512951882357314   0.04514810082737291  0.00035250668944701296
5.2923220235298896   0.00010450614945912048  1.9731910188418363e-06
5.7333488588240469   0.67552902617322103  0.0065308636266469413
6.1743756941182042   0.66797763775210736  0.0079731215030982059
6.6154025294123615   0.054814673729514407  0.0002586295158211575
7.0564293647065188   0.00012257543815012171  1.9944424768716872e-06
7.4974562000006761   0.084617476464778486  0.00019227965975513762
7.9384830352948335   2.4290884610894119  0.002263429876193938
8.3795098705889917   14.653352664409638  0.014251322719305835
8.8205367058831481   192.59736802739525  0.0037614504495207059
9.2615635411773063   12.18275305868782  0.0075580137502979294
9.7025903764714627   3.9329902221642191  0.0017866954182528752
10.143617211765621   0.26646316431468254  0.0004153487277869868
10.584644047059779   0.0002864844862509212  3.9589088744705328e-06
11.025670882353936   0.038233685083970675  0.00024142876025849973
11.466697717648094   0.68793649574785409  0.0081515852609984882
11.90772455294225   0.79713755672102331  0.008332348843603467
12.348751388236408   0.00073792135267738676  1.2956418316440621e-05
12.789778223530565   0.026677486878559235  0.00023517471283264836
13.230805058824723   0.10644322054458319  0.0008273233629701853
13.671831894118879   0.055582099670186454  0.00045627815519022232
14.112858729413038   0.00080973895139415999  1.3365561288369249e-05
14.553885564707196   0.54031323380942877  0.0049153448995695815
14.994912400001352   0.59382804955688744  0.0067250976997593675
15.43593923529551   0.063123074070354325  0.00031724346157191834
15.876966070589667   0.00078510948175619172  1.228420992919245e-05
16.317992905883823   0.041266449517220077  0.00013827738920618343
16.759019741177983   1.6219456500237968  0.0023773012249100885
17.20004657647214   13.801068444069872  0.014881619939559125
17.641073411766296   171.59977962876125  0.013809825076541863
18.082100247060456   9.5923497695355287  0.0059446059086298222
18.523127082354613   4.3650528780792926  0.0016214974852939412
18.964153917648769   0.40560263417171111  0.00059709268134756076
19.405180752942925   0.0013424619515606417  1.5258908628737465e-05
19.846207588237085   0.030152178705333242  0.00022969873704478456
20.287234423531242   0.62615747255204206  0.0069402591352838068
20.728261258825398   0.76207654503831039  0.0080232964631856686
21.169288094119558   0.0026819662089206097  4.2124756992600071e-05
21.610314929413715   0.019997963017749774  0.00021236970578819721
22.051341764707871   0.096133672326713691  0.00072047766309144306
22.492368600002028   0.065165533195245665  0.00057276654197980223
22.933395435296188   0.0026149696150351886  3.5371530059662663e-05
23.374422270590344   0.38764637358408807  0.0032693995587843066
23.8154491058845   0.49465210759383557  0.0050490380935960037
24.256475941178657   0.072005464780115692  0.0004135325296703807
24.697502776472817   0.0024644758199190908  3.7004044672409569e-05
25.138529611766973   0.019803552107398344  0.00012153014787540321
25.57955644706113   0.93846978028127006  0.0022745921363655924
26.02058328235529   11.541530647913054  0.012870532465422803
26.461610117649446   140.39688074232344  0.026813600272533457
26.902636952943602   6.8049394980634037  0.0074541768984884214
27.343663788237759   4.4545351842351532  0.0017949637186562737
27.784690623531919   0.56182265807625904  0.0008467287197599601
28.225717458826075   0.0041893108546579429  4.1546897212382997e-05
28.666744294120232   0.022943740333428583  0.00020231294282229907
29.107771129414392   0.52766565850319372  0.005101810549191039
29.548797964708548   0.67253561750875841  0.0068520346502808998
29.989824800002705   0.006493191207104432  9.1672218185597966e-05
30.430851635296861   0.015064233410311016  0.0001935362505424665
30.871878470591021   0.084054763977968706  0.00060300350262202989
31.312905305885177   0.072746120368739485  0.00067169059567374514
31.753932141179334   0.0063106245380979271  7.3609432392027929e-05
32.194958976473494   0.24501129992533222  0.0018744829573270406
32.635985811767647   0.38764775073127126  0.0032819925786132688
33.077012647061807   0.08218095635787713  0.00051704495794755011
33.518039482355967   0.0057653592804271236  8.2371506174262898e-05
33.95906631765012   0.011368940661521969  0.00011999924677773196
34.400093152944279   0.44905305597324925  0.0018767621631701993
34.841119988238439   8.2999882545804967  0.0090314883758344837
35.282146823532592   103.88829671114192  0.038359740488760747
35.723173658826752   4.2961514833958726  0.0088455606462170829
36.164200494120912   4.1789392480155457  0.0023801533024993775
36.605227329415065   0.71156329084566378  0.0011655507334284833
37.046254164709225   0.01029688965023956  9.4090796230729711e-05
37.487281000003378   0.017332376477239379  0.00016395021083749153
37.928307835297538   0.41110122375747559  0.0030799597272725502
38.369334670591698   0.55050565035126348  0.0050290958623775096
38.810361505885851   0.01255951157995677  0.0001619915014322928
39.251388341180011   0.011604166447780021  0.00016526241920548839
39.692415176474171   0.072902213630111998  0.00050622364994162494
40.133442011768324   0.07798535917055438  0.00072002562986358466
40.574468847062484   0.012599310745547129  0.00014166838552166736
41.015495682356644   0.13346065948350481  0.00088717279411776986
41.456522517650797   0.28811549168272064  0.0017455972461659621
41.897549352944957   0.094250326612408344  0.00060110356922187239
42.338576188239117   0.011331870968360949  0.00015002124239647881
42.779603023533269   0.0091193359755140336  0.00011121161896832863
43.220629858827429   0.1713445280427779  0.0012174533234497792
43.661656694121582   4.7907645443047212  0.0053528153017116808
44.102683529415742   67.536071064583572  0.044296255480642513
