1.0481009999999999   0.0008702   2.9154683252533469e-05   
1.048103   0.0004146   1.8983150423467649e-05   
1.0481050000000001   0.0004484   2.3524549824480052e-05   
1.0481070000000001   0.0004334   1.687615016656478e-05   
1.048109   0.0004794   1.1992775603114846e-05   
1.048111   0.0004554   1.7165987041563066e-05   
1.0481130000000001   0.0004566   1.9250512258696448e-05   
1.0481150000000001   0.000474   1.8685704577445175e-05   
1.048117   0.000475   2.0733762053445315e-05   
1.048119   0.0004476   1.8329817844763821e-05   
1.0481210000000001   0.0004846   1.405718479797589e-05   
1.0481230000000001   0.0004782   1.7785012416826328e-05   
1.048125   0.0005386   2.2914430193899894e-05   
1.048127   0.0005002   1.594560197114622e-05   
1.0481290000000001   0.0005246   8.9246226188499917e-06   
1.0481309999999999   0.0005232   2.124188734029483e-05   
1.048133   0.0005322   2.1402907382980576e-05   
1.048135   0.0005222   1.903085214417193e-05   
1.0481370000000001   0.0005782   2.1708063018150652e-05   
1.0481389999999999   0.0005426   1.8568910696226757e-05   
1.048141   0.0005594   2.257048219836401e-05   
1.048143   0.00059   1.4916061440235787e-05   
1.0481450000000001   0.0005578   2.1706015551250098e-05   
1.0481469999999999   0.0005744   2.12703236145261e-05   
1.048149   0.0005778   3.4076319571743008e-05   
1.0481510000000001   0.0006386   2.9207381106684507e-05   
1.0481530000000001   0.0005858   1.7707374483844608e-05   
1.0481549999999999   0.0006244   2.487979992774147e-05   
1.048157   0.0006126   2.3617413537943189e-05   
1.0481590000000001   0.000676   2.5118386360061694e-05   
1.0481610000000001   0.0006672   2.530559885348168e-05   
1.048163   0.0006244   3.0660579105931954e-05   
1.048165   0.0007008   3.0807214162342632e-05   
1.0481670000000001   0.0006946   1.8827993343246469e-05   
1.0481690000000001   0.000673   2.5382846351205156e-05   
1.048171   0.0006846   2.0699006954172678e-05   
1.048173   0.0007182   3.2230351464970958e-05   
1.0481750000000001   0.0007364   1.8649515930566253e-05   
1.0481770000000001   0.0006946   2.0645257728269383e-05   
1.048179   0.000743   2.0320214347075946e-05   
1.048181   0.000717   1.6295193565384037e-05   
1.0481830000000001   0.0007216   2.2628988291815238e-05   
1.0481849999999999   0.0007078   2.9470060136423957e-05   
1.048187   0.0007572   2.5363490821782925e-05   
1.048189   0.0007752   3.304569227263635e-05   
1.0481910000000001   0.0008134   3.2791665607793291e-05   
1.0481929999999999   0.0007916   2.3374820260746867e-05   
1.048195   0.000804   2.3774870019506825e-05   
1.048197   0.0007932   2.7758001849316652e-05   
1.0481990000000001   0.0008564   3.8780063606617942e-05   
1.0482009999999999   0.0007874   2.7823331536280442e-05   
1.048203   0.0008414   2.616197410152546e-05   
1.0482050000000001   0.0008718   3.244749605131342e-05   
1.0482070000000001   0.0009028   1.840579618851989e-05   
1.0482089999999999   0.0008946   3.3178373143426494e-05   
1.048211   0.0008854   1.2603526843264503e-05   
1.0482130000000001   0.0008954   1.1103753119253567e-05   
1.0482150000000001   0.0009516   3.9033660687497229e-05   
1.048217   0.0009408   2.5565949577079623e-05   
1.048219   0.000909   1.6333333333333333e-05   
1.0482210000000001   0.0008834   2.109881513260875e-05   
1.0482230000000001   0.0009478   1.4052125185260137e-05   
1.048225   0.0009814   3.6471053971304116e-05   
1.048227   0.0009618   2.5508952676789117e-05   
1.0482290000000001   0.001008   2.7401540913686669e-05   
1.0482310000000001   0.0009676   3.0427765098490045e-05   
1.048233   0.0010328   2.5180592173779834e-05   
1.048235   0.0010162   2.9303697150132211e-05   
1.0482370000000001   0.0009918   4.1311230649519239e-05   
1.0482389999999999   0.001041   1.8364821443909186e-05   
1.048241   0.0010402   1.935734141525294e-05   
1.048243   0.0010796   4.0014219694725746e-05   
1.0482450000000001   0.0011116   3.364230141420834e-05   
1.0482469999999999   0.0010706   3.6646115452770403e-05   
1.048249   0.001091   3.1150173889295278e-05   
1.048251   0.0011062   2.7755199713046763e-05   
1.0482530000000001   0.0011468   3.744886884510369e-05   
1.0482549999999999   0.0011842   2.5519404381764085e-05   
1.048257   0.0010958   3.2585545534450974e-05   
1.0482590000000001   0.0011664   3.3137826657093183e-05   
1.0482610000000001   0.0011958   3.4772211127086334e-05   
1.0482629999999999   0.0011788   2.4124123472850435e-05   
1.048265   0.0011808   2.6568485926835281e-05   
1.0482670000000001   0.0012582   3.5309992290505468e-05   
1.0482690000000001   0.0012328   2.6666999997916693e-05   
1.048271   0.0012356   2.6405050022044394e-05   
1.048273   0.0012614   3.0190579840591189e-05   
1.0482750000000001   0.0012406   2.2320991614770762e-05   
1.0482770000000001   0.0013008   2.7185290140073915e-05   
1.048279   0.001342   4.5992269881893075e-05   
1.048281   0.001329   3.0549413524103318e-05   
1.0482830000000001   0.0013804   4.0472542132496035e-05   
1.0482850000000001   0.0013616   3.3832003257927906e-05   
1.048287   0.0013372   3.5365017240833412e-05   
1.048289   0.0013406   5.989846965212606e-05   
1.0482910000000001   0.0014094   2.884602803391367e-05   
1.0482930000000001   0.001445   3.8639358172723315e-05   
1.048295   0.00137   1.9236539305302409e-05   
1.048297   0.0014076   2.8280814069691213e-05   
1.0482990000000001   0.0014602   2.7156255673826284e-05   
1.0483009999999999   0.0014726   3.9251949703875292e-05   
1.048303   0.0014664   1.9798540911446537e-05   
1.048305   0.0015064   4.0025325316187833e-05   
1.0483070000000001   0.001531   4.1029257853390426e-05   
1.0483089999999999   0.0015308   3.6494383129462539e-05   
1.048311   0.0015258   4.0173457240654141e-05   
1.0483130000000001   0.001563   2.4048561980570342e-05   
1.0483150000000001   0.0015768   4.6798100626224375e-05   
1.0483169999999999   0.0015346   4.4105983469114231e-05   
1.048319   0.0015462   3.4823299990411912e-05   
1.0483210000000001   0.0015824   3.6680966908375429e-05   
1.0483230000000001   0.0016068   3.1624463104797e-05   
1.048325   0.0015938   2.4324564630110946e-05   
1.048327   0.0016548   4.9246951400286924e-05   
1.0483290000000001   0.0016742   3.2660475603803854e-05   
1.0483310000000001   0.0016868   4.485750277886137e-05   
1.048333   0.0016642   2.9957673845314195e-05   
1.048335   0.001713   4.1932485418030414e-05   
1.0483370000000001   0.0017008   4.8536080508330204e-05   
1.0483390000000001   0.0017236   5.8094023406505041e-05   
1.048341   0.001748   2.1849993643528189e-05   
1.048343   0.0017444   5.2150039948850151e-05   
1.0483450000000001   0.0018052   5.4397875775519847e-05   
1.0483470000000001   0.0017314   2.8759616749107689e-05   
1.048349   0.0018922   4.367602953057381e-05   
1.048351   0.0018234   2.7113014505133057e-05   
1.0483530000000001   0.001855   4.290480418580444e-05   
1.0483549999999999   0.0018622   5.5439616801625812e-05   
1.048357   0.001827   3.1148747076639286e-05   
1.048359   0.0018458   3.9150365402012674e-05   
1.0483610000000001   0.0018328   4.133677405034032e-05   
1.0483629999999999   0.0019424   4.8576903519631174e-05   
1.048365   0.002005   5.3325207714342546e-05   
1.048367   0.0019568   3.9737136283330735e-05   
1.0483690000000001   0.001998   5.1007624702369525e-05   
1.0483709999999999   0.0019622   4.9751783887615528e-05   
1.048373   0.0019968   5.5493102674516628e-05   
1.0483750000000001   0.0020346   1.8775989395442727e-05   
1.0483770000000001   0.0020182   4.8114169777034845e-05   
1.0483789999999999   0.0020324   5.4185524922354597e-05   
1.048381   0.0021016   5.0766393083088606e-05   
1.0483830000000001   0.002031   2.6196267757916288e-05   
1.0483850000000001   0.0020634   4.8988932990580184e-05   
1.048387   0.002083   4.676299581696812e-05   
1.048389   0.002107   1.9759104793037111e-05   
1.0483910000000001   0.0020842   3.8631535764910455e-05   
1.0483930000000001   0.0021916   5.3054940077872735e-05   
1.048395   0.00214   3.4357596604600335e-05   
1.048397   0.002197   7.9110190381658305e-05   
1.0483990000000001   0.0022006   5.6019084049793048e-05   
1.0484010000000001   0.0022566   5.9213399384486165e-05   
1.048403   0.002236   5.8010726977382764e-05   
1.048405   0.0022684   4.0972402636137631e-05   
1.0484070000000001   0.0023172   5.8709984008022199e-05   
1.0484089999999999   0.0023162   4.9783040396415234e-05   
1.048411   0.0023876   5.8617251916327689e-05   
1.048413   0.0022992   3.1383222694087149e-05   
1.0484150000000001   0.0023206   4.5168376351405662e-05   
1.0484169999999999   0.0023502   7.6208748404191321e-05   
1.048419   0.002391   5.4947449642565052e-05   
1.048421   0.0024748   6.6695460448552603e-05   
1.0484230000000001   0.002397   5.0733508541090363e-05   
1.0484249999999999   0.0024832   3.132084857655609e-05   
1.048427   0.0024962   3.5430620780461763e-05   
1.0484290000000001   0.0024808   4.0300206781934341e-05   
1.0484310000000001   0.0025008   5.881284818057285e-05   
1.0484329999999999   0.0025496   2.4487275607275438e-05   
1.048435   0.002539   4.4284183281267464e-05   
1.0484370000000001   0.0025356   4.7628002967442026e-05   
1.0484390000000001   0.0025922   4.113765509441036e-05   
1.048441   0.0025298   4.3287616910356451e-05   
1.048443   0.0025664   6.1187362529637875e-05   
1.0484450000000001   0.0026074   4.5693714617609669e-05   
1.0484470000000001   0.0025754   6.513715444267495e-05   
1.048449   0.0026182   4.3215686452439414e-05   
1.048451   0.0026116   3.901771677356611e-05   
1.0484530000000001   0.0026472   4.5161635636160624e-05   
1.0484550000000001   0.0026778   5.2544541951461417e-05   
1.048457   0.002691   3.8874441760907928e-05   
1.048459   0.0026782   3.8016896828179499e-05   
1.0484610000000001   0.002683   5.3091325928901878e-05   
1.0484629999999999   0.0026844   4.5088357699077929e-05   
1.048465   0.0026966   3.6866184445309167e-05   
1.048467   0.002743   5.7084926985053496e-05   
1.0484690000000001   0.0028054   3.8261149428049802e-05   
1.0484709999999999   0.0027756   6.4196780812332534e-05   
1.048473   0.0027942   4.7321547828540952e-05   
1.048475   0.0028072   4.4987109264766057e-05   
1.0484770000000001   0.0028596   4.0286529317433695e-05   
1.0484789999999999   0.002804   3.0172835465033777e-05   
1.048481   0.0027468   3.8799999999999998e-05   
1.0484830000000001   0.0028222   2.9978436694842292e-05   
1.0484850000000001   0.0029026   3.6776864708370366e-05   
1.0484869999999999   0.0028462   4.6764136305981795e-05   
1.048489   0.0029018   4.5228751917336831e-05   
1.0484910000000001   0.0028536   3.766731562862778e-05   
1.0484930000000001   0.0028982   4.1892401856820448e-05   
1.048495   0.0028972   3.9963538937942476e-05   
1.048497   0.002902   3.2189715403802156e-05   
1.0484990000000001   0.0029412   5.1149627999081719e-05   
1.0485010000000001   0.0029106   5.2389184634489844e-05   
1.048503   0.00303   4.9496127794673662e-05   
1.048505   0.0029624   5.8666515151319495e-05   
1.0485070000000001   0.0029544   4.0247898495863526e-05   
1.0485090000000001   0.0029988   4.8697889527621672e-05   
1.048511   0.0029584   4.6255137852759425e-05   
1.048513   0.0030818   4.7621143763388688e-05   
1.0485150000000001   0.0029992   3.5053229364623293e-05   
1.0485169999999999   0.0030352   3.7368079069351868e-05   
1.048519   0.002969   5.9750034867493315e-05   
1.048521   0.0030522   5.8562369411688859e-05   
1.0485230000000001   0.0030674   3.7589655787493216e-05   
1.0485249999999999   0.003087   4.268150783549137e-05   
1.048527   0.0031808   3.8043483892339128e-05   
1.048529   0.003113   4.9176552678419147e-05   
1.0485310000000001   0.003086   4.3882671852211652e-05   
1.0485329999999999   0.0030282   3.7490680323396522e-05   
1.048535   0.0031596   7.9317533440665633e-05   
1.0485370000000001   0.0032102   5.7813839173678822e-05   
1.0485390000000001   0.0031646   2.4563839728800991e-05   
1.0485409999999999   0.0030648   3.0540610486512691e-05   
1.048543   0.0031642   6.5326836411658229e-05   
1.0485450000000001   0.0031134   4.6038679390269222e-05   
1.0485470000000001   0.0031568   4.6992387090298408e-05   
1.048549   0.003046   4.0725640299174888e-05   
1.048551   0.003132   3.0401754335344968e-05   
1.0485530000000001   0.0032224   5.5582411286705118e-05   
1.0485550000000001   0.0030838   4.4190949299602061e-05   
1.048557   0.0031494   4.4780997954241457e-05   
1.048559   0.0032046   2.0157270538333193e-05   
1.0485610000000001   0.0032192   7.4889666992330939e-05   
1.0485630000000001   0.0031982   4.2117771387701257e-05   
1.048565   0.003225   4.9516102880219125e-05   
1.048567   0.0031862   6.4149443576005484e-05   
1.0485690000000001   0.0031884   4.405733637986855e-05   
1.0485710000000001   0.0031806   5.013851923532556e-05   
1.048573   0.0032354   4.7643164369205274e-05   
1.048575   0.0032528   3.7450055629687208e-05   
1.0485770000000001   0.0032144   4.7125176097519492e-05   
1.0485789999999999   0.0032342   5.6276657880707719e-05   
1.048581   0.0032292   5.5834835800679928e-05   
1.048583   0.0032372   4.9423521165983756e-05   
1.0485850000000001   0.0031964   4.9356571103664717e-05   
1.0485869999999999   0.0032178   4.5137272107797267e-05   
1.048589   0.0031812   6.539466508991557e-05   
1.0485910000000001   0.003275   6.0048313881407194e-05   
1.0485930000000001   0.0032692   4.9442401955316766e-05   
1.0485949999999999   0.0033086   3.2741478959332983e-05   
1.048597   0.0032248   5.3972997363908228e-05   
1.0485990000000001   0.003272   3.433559863076998e-05   
1.0486010000000001   0.0032572   5.5494704452066615e-05   
1.048603   0.0032898   4.9732126884383746e-05   
1.048605   0.0032176   5.8239963369951853e-05   
1.0486070000000001   0.0032132   4.6200721495087784e-05   
1.0486090000000001   0.0032512   4.1390498104436162e-05   
1.048611   0.003258   6.1626112791395319e-05   
1.048613   0.003349   3.832985491464555e-05   
1.0486150000000001   0.0032688   2.4468029026557174e-05   
1.0486170000000001   0.0032622   4.8930290550264805e-05   
1.048619   0.0032464   4.607317850743291e-05   
1.048621   0.0032992   3.1251239975399378e-05   
1.0486230000000001   0.0033034   5.071931475176778e-05   
1.0486250000000001   0.0032896   3.6839350941320585e-05   
1.048627   0.0032574   4.2303716674122674e-05   
1.048629   0.0032534   5.1062532469729917e-05   
1.0486310000000001   0.0033346   2.5977853816065885e-05   
1.0486329999999999   0.0032802   4.8550958338178614e-05   
1.048635   0.0032312   5.5593924528175239e-05   
1.048637   0.003288   4.1882374972455101e-05   
1.0486390000000001   0.0032852   4.4044623836387673e-05   
1.0486409999999999   0.0032756   4.0370286102528431e-05   
1.048643   0.0032624   4.6951322310097576e-05   
1.048645   0.0031722   4.1962364089741179e-05   
1.0486470000000001   0.003152   4.424678268278698e-05   
1.0486489999999999   0.0031762   4.2960912467032168e-05   
1.048651   0.0032218   5.2552153989050618e-05   
1.0486530000000001   0.0031934   5.3088647039121691e-05   
1.0486550000000001   0.0032518   6.502543092257572e-05   
1.048657   0.0032116   5.7376572842154934e-05   
1.048659   0.0031556   4.5346860726821849e-05   
1.0486610000000001   0.0031842   5.117156328361377e-05   
1.0486630000000001   0.0032582   4.696140259120604e-05   
1.048665   0.0032162   5.1754505976667276e-05   
1.048667   0.0031778   3.4655703394647437e-05   
1.0486690000000001   0.003205   3.5892741451286345e-05   
1.0486710000000001   0.0032516   5.7514288079861804e-05   
1.048673   0.0032822   4.9908761199256833e-05   
1.048675   0.003179   4.521676188710947e-05   
1.0486770000000001   0.0032354   8.007166234761903e-05   
1.0486790000000001   0.0032264   4.9661789469705312e-05   
1.048681   0.0032846   4.4951381143037938e-05   
1.048683   0.0031244   6.4655531687379833e-05   
1.0486850000000001   0.003226   4.1555317884049985e-05   
1.0486869999999999   0.0032302   4.9636411366388417e-05   
1.048689   0.0032314   3.8948455967114055e-05   
1.048691   0.0031088   3.8665747115502628e-05   
1.0486930000000001   0.0031522   7.0605917284286843e-05   
1.0486949999999999   0.0031818   4.6091165699682141e-05   
1.048697   0.0031428   3.2690059651215074e-05   
1.048699   0.0030944   4.4679401169766015e-05   
1.0487010000000001   0.0030688   5.4167805116241428e-05   
1.0487029999999999   0.0031462   5.2157411319538814e-05   
1.048705   0.0031096   5.2375397108014583e-05   
1.0487070000000001   0.0030618   4.8793852071751827e-05   
1.0487090000000001   0.0030522   4.5910492627865945e-05   
1.0487109999999999   0.0030966   5.4852570080575481e-05   
1.048713   0.003108   6.0005925633316508e-05   
1.0487150000000001   0.0030548   6.6058694439953257e-05   
1.0487170000000001   0.0030008   5.9546583072041635e-05   
1.048719   0.0030198   7.0286682791107576e-05   
1.048721   0.0030292   5.5636279131116914e-05   
1.0487230000000001   0.0030152   3.9740491525227347e-05   
1.0487250000000001   0.0029148   5.8586460324321808e-05   
1.048727   0.0029368   6.8048479450723627e-05   
1.048729   0.0029778   4.4412660857512741e-05   
1.0487310000000001   0.0029808   3.7566178642201257e-05   
1.0487330000000001   0.0029428   4.2161804726289621e-05   
1.048735   0.0029336   2.3562305112662947e-05   
1.048737   0.00296   3.1816138462526632e-05   
1.0487390000000001   0.0028862   5.8483387954757432e-05   
1.0487409999999999   0.0028628   5.1087028142616051e-05   
1.048743   0.0028214   5.3079437324322369e-05   
1.048745   0.0028604   3.7215050718761621e-05   
1.0487470000000001   0.0028236   5.930396276809839e-05   
1.0487489999999999   0.0028054   3.8534313713018599e-05   
1.048751   0.0028086   6.4333886007988737e-05   
1.048753   0.0027354   5.5115273140331377e-05   
1.0487550000000001   0.0027886   3.6479583330953769e-05   
1.0487569999999999   0.0027664   5.4053307021864999e-05   
1.048759   0.0026614   4.0293423781058864e-05   
1.0487610000000001   0.0026888   4.7983515687971195e-05   
1.0487630000000001   0.0027488   5.7120690938864993e-05   
1.0487649999999999   0.0027254   3.757309912394475e-05   
1.048767   0.0027552   4.5209831772401994e-05   
1.0487690000000001   0.0027098   6.8790470916318698e-05   
1.0487710000000001   0.0025874   5.2444298493205574e-05   
1.048773   0.0027026   5.2691175731805417e-05   
1.048775   0.0026294   4.7140499219531679e-05   
1.0487770000000001   0.002572   4.0113173231080418e-05   
1.0487790000000001   0.0025664   3.1070958215742955e-05   
1.048781   0.002582   4.3504278205967539e-05   
1.048783   0.0024698   4.3600662584160092e-05   
1.0487850000000001   0.002533   5.261790992090473e-05   
1.0487870000000001   0.002487   4.1604754001863244e-05   
1.048789   0.0025004   4.1037435484093192e-05   
1.048791   0.0024772   6.3358731749372073e-05   
1.0487930000000001   0.0025332   2.7142750208644829e-05   
1.0487949999999999   0.0024988   6.8832937851971228e-05   
1.048797   0.0025306   5.2134910462077989e-05   
1.048799   0.002427   4.6950801673430217e-05   
1.0488010000000001   0.0024466   6.2955398674158377e-05   
1.0488029999999999   0.0023964   4.7994258915925444e-05   
1.048805   0.0023566   5.3311703947423945e-05   
1.048807   0.0023634   5.0543754422392398e-05   
1.0488090000000001   0.0023666   3.0112455894529758e-05   
1.0488109999999999   0.0022874   4.2112072694972718e-05   
1.048813   0.0023138   3.7261180275932695e-05   
1.0488150000000001   0.0022978   4.864880950924356e-05   
1.0488170000000001   0.0022248   6.0230815295088868e-05   
1.0488189999999999   0.0022898   2.6106533877769204e-05   
1.048821   0.0022566   6.8660226235184126e-05   
1.0488230000000001   0.0022086   4.9916419031105276e-05   
1.0488250000000001   0.0021992   3.0892214049641842e-05   
1.048827   0.0021678   3.96276558871593e-05   
1.048829   0.0021718   5.55109198466592e-05   
1.0488310000000001   0.002153   6.0301649139048337e-05   
1.0488330000000001   0.0021576   2.933606047928802e-05   
1.048835   0.0021052   2.6795024413747663e-05   
1.048837   0.0021088   7.0847065335599235e-05   
1.0488390000000001   0.0020868   4.4124268958376083e-05   
1.0488410000000001   0.0020948   3.8462911428485956e-05   
1.048843   0.00209   3.9575525545748881e-05   
1.048845   0.0020414   5.3925092077395247e-05   
1.0488470000000001   0.0020144   4.5400734208453795e-05   
1.0488490000000001   0.0020256   4.2726832578863393e-05   
1.048851   0.0020064   2.8064687182768787e-05   
1.048853   0.001958   4.7676688923064556e-05   
1.0488550000000001   0.0019286   3.461412685274291e-05   
1.0488569999999999   0.0019656   6.1813195283136035e-05   
1.048859   0.0019018   3.3707829621287955e-05   
1.048861   0.0019206   5.0987623770654166e-05   
1.0488630000000001   0.0019132   4.7256463402727603e-05   
1.0488649999999999   0.0018392   4.6382180486331888e-05   
1.048867   0.0018424   3.0849887448020869e-05   
1.0488690000000001   0.0017792   4.2791691820829997e-05   
1.0488710000000001   0.001774   4.7173438854225301e-05   
1.0488729999999999   0.0017846   4.3712240848531204e-05   
1.048875   0.0018214   4.472240303621143e-05   
1.0488770000000001   0.0017396   4.4190295566133321e-05   
1.0488790000000001   0.0017556   4.5878874344420342e-05   
1.048881   0.001711   4.2134440913712278e-05   
1.048883   0.0016812   4.1202157440815861e-05   
1.0488850000000001   0.0016774   3.6309839499017954e-05   
1.0488870000000001   0.0017606   4.3159703428082079e-05   
1.048889   0.0016186   2.7508463344133847e-05   
1.048891   0.0016338   4.0057125874597309e-05   
1.0488930000000001   0.001655   3.5870445897547592e-05   
1.0488950000000001   0.0015904   3.0001185161775045e-05   
1.048897   0.0016088   3.0261379861320124e-05   
1.048899   0.0015814   3.8159955741879762e-05   
1.0489010000000001   0.0015932   2.8016185797975188e-05   
1.0489030000000001   0.0015412   4.3305837430484536e-05   
1.048905   0.0015694   3.1125623599286239e-05   
1.048907   0.0014668   2.8573803075933421e-05   
1.0489090000000001   0.0015412   4.1630330823144373e-05   
1.0489109999999999   0.0014478   3.7072241786963884e-05   
1.048913   0.0014778   2.7410379218261262e-05   
1.048915   0.0014378   2.4372024034855118e-05   
1.0489170000000001   0.0014426   4.1422538148532939e-05   
1.0489189999999999   0.0013998   3.8922658353886021e-05   
1.048921   0.0013762   3.595608432518758e-05   
1.048923   0.0014054   3.7215349282550368e-05   
1.0489250000000001   0.001388   3.8056098941781548e-05   
1.0489269999999999   0.001345   1.9754605651453648e-05   
1.048929   0.0012704   2.7128992281731038e-05   
1.0489310000000001   0.001302   3.5980241491376594e-05   
1.0489330000000001   0.0012754   3.7242806911760379e-05   
1.048935   0.0012618   2.072990325324479e-05   
1.048937   0.0013178   4.3054951967095363e-05   
1.0489390000000001   0.0013064   4.0414298899715625e-05   
1.0489410000000001   0.0012394   3.465006012500796e-05   
1.048943   0.0012522   2.6406144066191195e-05   
1.048945   0.001194   3.8401388863772449e-05   
1.0489470000000001   0.0011966   3.1982008831355308e-05   
1.0489490000000001   0.0011816   1.8525178061822299e-05   
1.048951   0.0012122   3.2966582406363501e-05   
1.048953   0.001182   3.7479475864946552e-05   
1.0489550000000001   0.0011722   2.8151100235060875e-05   
1.0489570000000001   0.001143   3.5019042438840805e-05   
1.048959   0.001155   3.502411867397792e-05   
1.048961   0.0010956   3.5952808575192627e-05   
1.0489630000000001   0.0010852   3.1531571480026173e-05   
1.0489649999999999   0.0010798   2.217997094477608e-05   
1.048967   0.0010436   3.6554738254963458e-05   
1.048969   0.0010602   2.4859516398263977e-05   
1.0489710000000001   0.001012   3.1772804583654731e-05   
1.0489729999999999   0.0010556   2.813744045849863e-05   
1.048975   0.000976   2.9158570304838717e-05   
1.048977   0.001008   2.2947282579376971e-05   
1.0489790000000001   0.001015   2.1915494265219958e-05   
1.0489809999999999   0.0009612   2.2207506238507135e-05   
1.048983   0.0009632   1.9165246324184478e-05   
1.0489850000000001   0.0009684   3.7109807029648885e-05   
1.0489870000000001   0.0009266   2.5695741108423223e-05   
1.0489889999999999   0.0009162   1.7757502326872687e-05   
1.048991   0.0008928   2.3983698167250558e-05   
1.0489930000000001   0.0009256   3.325163320968026e-05   
1.0489950000000001   0.0008652   3.1907087335296248e-05   
1.048997   0.000847   2.3457289793248589e-05   
1.048999   0.0008482   1.8497927811874857e-05   
1.0490010000000001   0.0008456   1.4930356846222918e-05   
1.0490030000000001   0.000784   1.8811344095164138e-05   
1.049005   0.0008178   3.847359845111681e-05   
1.049007   0.0008064   1.2592060990957756e-05   
1.0490090000000001   0.0007526   3.1760282674364779e-05   
1.0490110000000001   0.0008018   2.5115643642072077e-05   
1.049013   0.0007364   2.712735396851918e-05   
1.049015   0.0007304   3.067796893175586e-05   
1.0490170000000001   0.000767   3.9142190933966779e-05   
1.0490189999999999   0.0007262   3.0226478458464195e-05   
1.049021   0.0007062   2.5613277806637713e-05   
1.049023   0.000706   2.1201677082511919e-05   
1.0490250000000001   0.0006706   3.0495245531065986e-05   
1.0490269999999999   0.0006892   1.9727476608358539e-05   
1.049029   0.0006722   2.5442658840791166e-05   
1.049031   0.0006824   2.6435329895173744e-05   
1.0490330000000001   0.0006808   1.8967106028888833e-05   
1.0490349999999999   0.0006544   2.2214709841304102e-05   
1.049037   0.000591   2.0836399774326551e-05   
1.0490390000000001   0.0006638   1.568991183319184e-05   
1.0490410000000001   0.00065   3.63318042491699e-05   
1.0490429999999999   0.0006096   1.9477166118303761e-05   
1.049045   0.0006252   1.8267639876751092e-05   
1.0490470000000001   0.000627   2.1281708369186697e-05   
1.0490490000000001   0.0005634   2.3369590877415415e-05   
1.049051   0.0005584   1.9656607596994508e-05   
1.049053   0.0005832   1.8586016248782309e-05   
1.0490550000000001   0.0005408   2.0487828364936854e-05   
1.0490570000000001   0.0005344   1.5468390708509761e-05   
1.049059   0.0005088   1.2910632999370885e-05   
1.049061   0.0005338   2.9893812068720844e-05   
1.0490630000000001   0.0004944   2.3947720837969807e-05   
1.0490650000000001   0.000523   3.1992012892109319e-05   
1.049067   0.0004998   9.5519631490076428e-06   
1.049069   0.000485   2.0221550660399689e-05   
1.0490710000000001   0.0004976   2.4863717430111782e-05   
1.0490729999999999   0.0004782   2.2557482128996578e-05   
1.049075   0.0004664   1.757472933251352e-05   
1.049077   0.0004454   2.1581988375083103e-05   
1.0490790000000001   0.0004852   1.9137397942249098e-05   
1.0490809999999999   0.000429   1.8074537031107848e-05   
1.049083   0.0004122   2.2434992509222928e-05   
1.049085   0.0004402   2.1143845965723034e-05   
1.0490870000000001   0.0004296   2.6132653052370239e-05   
1.0490889999999999   0.0004246   1.7173752582874186e-05   
1.049091   0.000414   2.2064551761693335e-05   
1.0490930000000001   0.0004038   1.9746054458211814e-05   
1.0490950000000001   0.0003788   1.6522577146303647e-05   
1.0490969999999999   0.0003966   9.9735204973525328e-06   
1.049099   0.0003852   2.1598765396815316e-05   
