-0.0000195129654     -0.0113504701    0
0.0000195129654     0.0113504701    0
0.0999804870     -0.0113504701    1
0.100019512     0.0113504701    1
0.199980487     -0.0113504701    2
0.200019512     0.0113504701    2
0.299980487     -0.0113504701    3
0.300019512     0.0113504701    3
0.399980487     -0.0113504701    4
0.400019512     0.0113504701    4
0.499980487     -0.0113504701    5
0.500019512     0.0113504701    5
0.599980487     -0.0113504701    6
0.600019512     0.0113504701    6
0.699980487     -0.0113504701    7
0.700019512     0.0113504701    7
0.799980487     -0.0113504701    8
0.800019512     0.0113504701    8
0.899980487     -0.0113504701    9
0.900019512     0.0113504701    9
0.0499804870     0.0886495298    10
0.0500195129     0.111350470    10
0.149980487     0.0886495298    11
0.150019512     0.111350470    11
0.249980487     0.0886495298    12
0.250019512     0.111350470    12
0.349980487     0.0886495298    13
0.350019512     0.111350470    13
0.449980487     0.0886495298    14
0.450019512     0.111350470    14
0.549980487     0.0886495298    15
0.550019512     0.111350470    15
0.649980487     0.0886495298    16
0.650019512     0.111350470    16
0.749980487     0.0886495298    17
0.750019512     0.111350470    17
0.849980487     0.0886495298    18
0.850019512     0.111350470    18
0.949980487     0.0886495298    19
0.950019512     0.111350470    19
0.0999804870     0.188649529    20
0.100019512     0.211350470    20
0.199980487     0.188649529    21
0.200019512     0.211350470    21
0.299980487     0.188649529    22
0.300019512     0.211350470    22
0.399980487     0.188649529    23
0.400019512     0.211350470    23
0.499980487     0.188649529    24
0.500019512     0.211350470    24
0.599980487     0.188649529    25
0.600019512     0.211350470    25
0.699980487     0.188649529    26
0.700019512     0.211350470    26
0.799980487     0.188649529    27
0.800019512     0.211350470    27
0.899980487     0.188649529    28
0.900019512     0.211350470    28
0.999980487     0.188649529    29
1.00001951     0.211350470    29
0.149980487     0.288649529    30
0.150019512     0.311350470    30
0.249980487     0.288649529    31
0.250019512     0.311350470    31
0.349980487     0.288649529    32
0.350019512     0.311350470    32
0.449980487     0.288649529    33
0.450019512     0.311350470    33
0.549980487     0.288649529    34
0.550019512     0.311350470    34
0.649980487     0.288649529    35
0.650019512     0.311350470    35
0.749980487     0.288649529    36
0.750019512     0.311350470    36
0.849980487     0.288649529    37
0.850019512     0.311350470    37
0.949980487     0.288649529    38
0.950019512     0.311350470    38
1.04998048     0.288649529    39
1.05001951     0.311350470    39
0.199980487     0.388649529    40
0.200019512     0.411350470    40
0.299980487     0.388649529    41
0.300019512     0.411350470    41
0.399980487     0.388649529    42
0.400019512     0.411350470    42
0.499980487     0.388649529    43
0.500019512     0.411350470    43
0.599980487     0.388649529    44
0.600019512     0.411350470    44
0.699980487     0.388649529    45
0.700019512     0.411350470    45
0.799980487     0.388649529    46
0.800019512     0.411350470    46
0.899980487     0.388649529    47
0.900019512     0.411350470    47
0.999980487     0.388649529    48
1.00001951     0.411350470    48
1.09998048     0.388649529    49
1.10001951     0.411350470    49
0.249980487     0.488649529    50
0.250019512     0.511350470    50
0.349980487     0.488649529    51
0.350019512     0.511350470    51
0.449980487     0.488649529    52
0.450019512     0.511350470    52
0.549980487     0.488649529    53
0.550019512     0.511350470    53
0.649980487     0.488649529    54
0.650019512     0.511350470    54
0.749980487     0.488649529    55
0.750019512     0.511350470    55
0.849980487     0.488649529    56
0.850019512     0.511350470    56
0.949980487     0.488649529    57
0.950019512     0.511350470    57
1.04998048     0.488649529    58
1.05001951     0.511350470    58
1.14998048     0.488649529    59
1.15001951     0.511350470    59
0.299980487     0.588649529    60
0.300019512     0.611350470    60
0.399980487     0.588649529    61
0.400019512     0.611350470    61
0.499980487     0.588649529    62
0.500019512     0.611350470    62
0.599980487     0.588649529    63
0.600019512     0.611350470    63
0.699980487     0.588649529    64
0.700019512     0.611350470    64
0.799980487     0.588649529    65
0.800019512     0.611350470    65
0.899980487     0.588649529    66
0.900019512     0.611350470    66
0.999980487     0.588649529    67
1.00001951     0.611350470    67
1.09998048     0.588649529    68
1.10001951     0.611350470    68
1.19998048     0.588649529    69
1.20001951     0.611350470    69
0.349980487     0.688649529    70
0.350019512     0.711350470    70
0.449980487     0.688649529    71
0.450019512     0.711350470    71
0.549980487     0.688649529    72
0.550019512     0.711350470    72
0.649980487     0.688649529    73
0.650019512     0.711350470    73
0.749980487     0.688649529    74
0.750019512     0.711350470    74
0.849980487     0.688649529    75
0.850019512     0.711350470    75
0.949980487     0.688649529    76
0.950019512     0.711350470    76
1.04998048     0.688649529    77
1.05001951     0.711350470    77
1.14998048     0.688649529    78
1.15001951     0.711350470    78
1.24998048     0.688649529    79
1.25001951     0.711350470    79
0.399980487     0.788649529    80
0.400019512     0.811350470    80
0.499980487     0.788649529    81
0.500019512     0.811350470    81
0.599980487     0.788649529    82
0.600019512     0.811350470    82
0.699980487     0.788649529    83
0.700019512     0.811350470    83
0.799980487     0.788649529    84
0.800019512     0.811350470    84
0.899980487     0.788649529    85
0.900019512     0.811350470    85
0.999980487     0.788649529    86
1.00001951     0.811350470    86
1.09998048     0.788649529    87
1.10001951     0.811350470    87
1.19998048     0.788649529    88
1.20001951     0.811350470    88
1.29998048     0.788649529    89
1.30001951     0.811350470    89
0.449980487     0.888649529    90
0.450019512     0.911350470    90
0.549980487     0.888649529    91
0.550019512     0.911350470    91
0.649980487     0.888649529    92
0.650019512     0.911350470    92
0.749980487     0.888649529    93
0.750019512     0.911350470    93
0.849980487     0.888649529    94
0.850019512     0.911350470    94
0.949980487     0.888649529    95
0.950019512     0.911350470    95
1.04998048     0.888649529    96
1.05001951     0.911350470    96
1.14998048     0.888649529    97
1.15001951     0.911350470    97
1.24998048     0.888649529    98
1.25001951     0.911350470    98
1.34998048     0.888649529    99
1.35001951     0.911350470    99
