0.50882954214656695   0.00057809666634776202  5.3819749294854734e-06     
1.0176590842931339   0.00063846464065542405  5.890635314754886e-06     
1.5264886264397008   0.00075749289467966875  7.0272615065860463e-06     
2.0353181685862678   0.00097270411490401555  8.9855742986324134e-06     
2.544147710732835   0.001371722036590768  1.2704014612118617e-05     
3.0529772528794017   0.0021763082654558081  2.0171733103235448e-05     
3.5618067950259684   0.0040750602358643176  3.7742448760838322e-05     
4.0706363371725356   0.010003070488297858  9.208832411682388e-05     
4.5794658793191028   0.044941379397957752  0.00041405950436768815     
5.0882954214656699   198.15532970615947  0.005551159071966695     
5.5971249636122362   0.071664599453032125  0.00067745369083948046     
6.1059545057588034   0.023084714349988747  0.0002145138924048344     
6.6147840479053706   0.014164245665326782  0.00013210706021981083     
7.1236135900519368   0.011794351409636382  0.00010900252654357632     
7.632443132198504   0.012152727402826431  0.00011297650289754615     
8.1412726743450712   0.015147176524575607  0.00014140247516619433     
8.6501022164916375   0.023367433513459916  0.0002168897980792893     
9.1589317586382055   0.048766880978432087  0.00045023193642143955     
9.6677613007847718   0.1890011185711519  0.0017320473284635138     
10.17659084293134   192.70288123778528  0.021824154700631165     
10.685420385077906   0.26310925455561514  0.0025374686477199727     
11.194249927224472   0.076633801657597608  0.00072076449951936303     
11.70307946937104   0.043438700253231594  0.00040881784513356564     
12.211909011517607   0.033766983640651773  0.00031341500430166787     
12.720738553664173   0.032710554436959809  0.00030639200696366229     
13.229568095810741   0.038531400657840306  0.00036364476949879305     
13.738397637957307   0.056385003923183936  0.00052651174189821109     
14.247227180103874   0.11174226379531381  0.0010399941490035546     
14.756056722250442   0.40838823932239732  0.0037427324007100772     
15.264886264397008   183.88256528960135  0.047700168745032312     
15.773715806543576   0.56776846687272126  0.0056126788861622506     
16.282545348690142   0.15744735259133724  0.001506257242343154     
16.79137489083671   0.086188721428307698  0.00082150660463798525     
17.300204432983275   0.064973877863067812  0.00060801009664862294     
17.809033975129843   0.061148872718903804  0.00057926323392198831     
18.317863517276411   0.070036744863082914  0.00067072376728325507     
18.826693059422976   0.09964658197224273  0.00093983911637949926     
19.335522601569544   0.19159671426470199  0.0018073993416351667     
19.844352143716112   0.6730882030661965  0.0062048083999596736     
20.35318168586268   172.07863862125194  0.081388657645665047     
20.862011228009244   0.96645117224623917  0.0098398598052404891     
21.370840770155812   0.25888902832688498  0.0025319443962605823     
21.87967031230238   0.13872861042268424  0.0013440548919422578     
22.388499854448945   0.10266254807761298  0.00097232427711964217     
22.897329396595513   0.094890728532824335  0.00091242899116343093     
23.406158938742081   0.10669315771416786  0.0010406176197761997     
23.914988480888645   0.14883855135256186  0.001423719364164743     
24.423818023035214   0.27969612415213258  0.0026894025304156657     
24.932647565181782   0.95081228704337559  0.0088722385397009449     
25.441477107328346   157.79743338275654  0.12053420600940957     
25.950306649474914   1.42920724914327  0.015061349404869393     
26.459136191621482   0.37217255532152427  0.003740287289421127     
26.967965733768047   0.19646792050096122  0.0019417981484051694     
27.476795275914615   0.14354595170585699  0.0013812705920139311     
27.985624818061183   0.13096586947862975  0.001282739130062651     
28.494454360207747   0.14518652887841174  0.0014471786243510555     
29.003283902354315   0.19929893365186445  0.0019414230511732006     
29.512113444500883   0.36706415314588802  0.0036187757070293095     
30.020942986647452   1.2104080991819061  0.011512005480861742     
30.529772528794016   141.63833195985525  0.16235759555850787     
31.038602070940584   1.9178414847851758  0.021028528563890339     
31.547431613087152   0.48726254235376537  0.0050588918488380278     
32.05626115523372   0.25440598817047679  0.0025741552200497847     
32.565090697380285   0.18416512190073537  0.001807068969964762     
33.073920239526849   0.16634171983067082  0.001664791423272328     
33.582749781673421   0.18222807925103245  0.0018621057917549556     
34.091579323819985   0.24653199120688979  0.0024555348860555543     
34.60040886596655   0.44535175766238074  0.0045288372317348439     
35.109238408113121   1.4249633752521765  0.013918347743284695     
35.618067950259686   124.25994311551344  0.20382308727108747     
36.12689749240625   2.3894630440926802  0.027412951556433408     
36.635727034552822   0.59393590732506041  0.0064052820245937305     
37.144556576699387   0.30767875274660841  0.0031977093622705504     
37.653386118845951   0.22127309537740819  0.0022212837340649383     
38.162215660992523   0.19826100921053149  0.0020327520470196593     
38.671045203139087   0.21491809190872589  0.0022569770872827721     
39.179874745285652   0.28669647570615588  0.002930644827968584     
39.688704287432223   0.50771272399546317  0.0053576188615047047     
40.197533829578788   1.5743068762955717  0.015922684617246889     
40.706363371725359   106.34372960784214  0.24182236348972071     
41.215192913871924   2.8007615694900309  0.033824633963997829     
41.724022456018488   0.68289189169314198  0.0076923775457451789     
42.23285199816506   0.35209797155061978  0.003769440433620982     
42.741681540311625   0.2521974296916967  0.0025967706658140113     
43.250511082458189   0.22454836417539754  0.0023620927629857498     
43.759340624604761   0.24106364041468188  0.0026051564551399719     
44.268170166751325   0.31701441171126806  0.0033355988125586303     
44.77699970889789   0.54949400332707831  0.0060511700638031768     
45.285829251044461   1.6466871226158412  0.017398979548750023     
45.794658793191026   88.557464147416911  0.27336455586851488     
46.30348833533759   3.1126081405887132  0.039836336132063647     
46.812317877484162   0.74679068185141312  0.0088341891065141232     
47.321147419630726   0.38462307051018592  0.0042498030479589147     
47.829976961777291   0.27514079703299734  0.0029093591823007924     
48.338806503923863   0.24385169679286937  0.0026310992425119847     
48.847636046070427   0.25941539930913099  0.0028834195166802021     
49.356465588216992   0.33605685942033361  0.0036451407317892773     
49.865295130363563   0.56867203049905279  0.0065658346762577371     
50.374124672510128   1.6395045399440525  0.018264820294763043     
50.882954214656692   71.520842829350546  0.29576139634094856     
