0.44102683529415743   15.163993526563869  0.0059728573241739684
0.88205367058831485   4.3253219062185015  0.0069293481232376619
1.3230805058824724   0.28406531802715303  0.0010428616685127366
1.7641073411766297   7.8426068330781196e-06  3.1212621238193325e-08
2.205134176470787   0.1092720485685657  0.00095725838184317174
2.6461610117649448   1.0571429777041313  0.0096698108825958698
3.0871878470591021   0.57851106003320285  0.0040905681592013371
3.5282146823532594   4.1969099621048639e-05  1.3770511618810621e-07
3.9692415176474167   0.019461554047560866  0.00042033102444920604
4.410268352941574   0.053535873829378823  0.0014254783910607017
4.8512951882357314   0.023438829524997842  0.00049065142440467244
5.2923220235298896   0.00016958559430232941  4.3739906030574327e-07
5.7333488588240469   0.52872150123461032  0.0033309033928586537
6.1743756941182042   1.0743950812551898  0.0092455899868435547
6.6154025294123615   0.12495026396711829  0.0010793121687284831
7.0564293647065188   0.00016864869102521109  6.2161393563686361e-07
7.4974562000006761   0.22526683383241506  0.00088135675141177218
7.9384830352948335   3.922286953649109  0.0067119392614312342
8.3795098705889917   15.103339592597494  0.017294871197174638
8.8205367058831481   194.29874309592228  0.01326029521817314
9.2615635411773063   14.363242317132283  0.021855056201380324
9.7025903764714627   4.50225775959252  0.0066341170249648782
10.143617211765621   0.33653605229594135  0.0012692760630470067
10.584644047059779   0.00044178704269504245  1.2068166200499312e-06
11.025670882353936   0.090196670885396327  0.00077222188255956238
11.466697717648094   0.98172510206529452  0.0093600792971442707
11.90772455294225   0.58875503142177885  0.0045675597487098728
12.348751388236408   0.00056267756853884282  2.0348538959287992e-06
12.789778223530565   0.016051008564075496  0.00033907304475326685
13.230805058824723   0.067402475558786172  0.0013831504280493694
13.671831894118879   0.02837407619655402  0.0005399565008667047
14.112858729413038   0.002282411614770717  5.2446540609883152e-06
14.553885564707196   0.44870799802897967  0.002456340413142032
14.994912400001352   1.0320064221500707  0.008231355462837631
15.43593923529551   0.13593077977364518  0.0011070481095563087
15.876966070589667   0.0016264572486120095  4.6763968058751318e-06
16.317992905883823   0.16827820467592374  0.00075277195031669617
16.759019741177983   3.3530488362851786  0.0060206990734520041
17.20004657647214   14.156685735010426  0.026862303549917262
17.641073411766296   177.9897299551649  0.049838471010984986
18.082100247060456   12.854099549939759  0.042263496895452977
18.523127082354613   4.4268260533079756  0.0063237027050301729
18.964153917648769   0.37647692564695068  0.0015556941891612146
19.405180752942925   0.0028378547921629544  5.5741079320340766e-06
19.846207588237085   0.071607159695352857  0.00056966667029133578
20.287234423531242   0.86076444548997613  0.0083385905166102367
20.728261258825398   0.56064918218691225  0.0046558995308442587
21.169288094119558   0.0031301734361682617  9.7097015377114683e-06
21.610314929413715   0.014390425447265228  0.00025814168320550817
22.051341764707871   0.092354684691357297  0.0013390328450423165
22.492368600002028   0.036165565375555299  0.00056253979834944829
22.933395435296188   0.01000960469366915  2.1709268931177063e-05
23.374422270590344   0.35602815038673016  0.0016513796943642781
23.8154491058845   0.93987981093442893  0.0069012347233545859
24.256475941178657   0.14381411227568625  0.0010386622578930463
24.697502776472817   0.0069686913723809762  1.7660347057453283e-05
25.138529611766973   0.12163908210618118  0.00062612575322510299
25.57955644706113   2.6985732432800645  0.0052353697308306377
26.02058328235529   12.438699140280741  0.028900576491950352
26.461610117649446   153.3067404974794  0.10090025750062387
26.902636952943602   10.881961766995826  0.059417504977547242
27.343663788237759   4.1128048648921276  0.0068679400684359018
27.784690623531919   0.40108986209585186  0.0018523171027163089
28.225717458826075   0.010338055799368047  1.6973872972532182e-05
28.666744294120232   0.059126779012588528  0.00039433276622525577
29.107771129414392   0.71542193338197354  0.0067892892421209881
29.548797964708548   0.50549480442374267  0.0043442831869812747
29.989824800002705   0.011630213515059622  3.2379503676589351e-05
30.430851635296861   0.016977496309051693  0.000188045039777983
30.871878470591021   0.1237987293514579  0.0013347779558854989
31.312905305885177   0.049809757114439638  0.00056034818462039494
31.753932141179334   0.028243107490042207  5.9028849630331699e-05
32.194958976473494   0.27210955268178051  0.0010694418752747038
32.635985811767647   0.81708376506163399  0.0055856740533940477
33.077012647061807   0.15279341524779925  0.000913295421274565
33.518039482355967   0.020051989499093353  4.883009592310952e-05
33.95906631765012   0.09297083643278824  0.00049581607896382864
34.400093152944279   2.0453136093551787  0.0047904771219805898
34.841119988238439   10.185334346901543  0.023967788149551232
35.282146823532592   123.50498703755051  0.15410146235979414
35.723173658826752   8.7327619787079259  0.07019788100457684
36.164200494120912   3.6124364555196517  0.0084491167576376199
36.605227329415065   0.41200323803117362  0.0020874026364737821
37.046254164709225   0.027135343013639693  4.014512526766968e-05
37.487281000003378   0.058938679537334888  0.00027845672392341322
37.928307835297538   0.57102804193182519  0.0050157152370662499
38.369334670591698   0.44173970407561329  0.0037263590177532951
38.810361505885851   0.031548877101475962  8.3977247108966472e-05
39.251388341180011   0.02710578288116343  0.00013933371056875287
39.692415176474171   0.15692807354209458  0.0013650561537864839
40.133442011768324   0.07270561991479219  0.0005445614157116371
40.574468847062484   0.061762011531987076  0.00012551398804582668
41.015495682356644   0.21699394311762766  0.00076795613703316076
41.456522517650797   0.68771752309413929  0.0045555744408488607
41.897549352944957   0.16873346665931072  0.00080664409008594502
42.338576188239117   0.045085968297063878  0.00010929565454245565
42.779603023533269   0.088004320544308109  0.00037766568213443649
43.220629858827429   1.4701083220107197  0.0047661446009626358
43.661656694121582   7.7103531276698315  0.014653307018861816
44.102683529415742   92.269498723840347  0.19651293511458453
