0.44102683529415743   7.6454338722011017  0.0059127456528861036
0.88205367058831485   2.2294750112879808  0.0044363345231669433
1.3230805058824724   0.15021112331010978  0.0007172771076475644
1.7641073411766297   2.7618869002234675e-06  4.69311943258551e-08
2.205134176470787   0.065969386805586505  0.00059220063785387539
2.6461610117649448   0.73901377304875048  0.007426855087867301
3.0871878470591021   0.42586903803490015  0.0019579489970504397
3.5282146823532594   2.4757529161374894e-05  3.8424579236509045e-07
3.9692415176474167   0.0083552660764270442  0.00029991782108718653
4.410268352941574   0.022279560016377483  0.0010924709911386684
4.8512951882357314   0.0098662965677874609  0.00035106903745865623
5.2923220235298896   5.4882353726423633e-05  8.471839352825926e-07
5.7333488588240469   0.36822013073326043  0.001558751640440421
6.1743756941182042   0.73703687414537801  0.0074729077570478635
6.6154025294123615   0.076264203777657481  0.00065444262349336913
7.0564293647065188   4.4956805231707998e-05  7.5367158501711605e-07
7.4974562000006761   0.12245782924405939  0.00065024789508534159
7.9384830352948335   2.0838657996739524  0.00446137940001854
8.3795098705889917   7.8393037352520238  0.011135741115660761
8.8205367058831481   99.623636076950392  0.00047053934682182519
9.2615635411773063   7.3974825130047369  0.010886273874198762
9.7025903764714627   2.3649299800028957  0.0044052708479114085
10.143617211765621   0.18122948477616243  0.00081058304498918076
10.584644047059779   0.00010020770911424414  1.6621530779167501e-06
11.025670882353936   0.055961639783028182  0.00053021688152821764
11.466697717648094   0.73182898104847766  0.0072986793596042688
11.90772455294225   0.47956783464903698  0.002397861856016425
12.348751388236408   0.00031046428365541644  4.7666548608500942e-06
12.789778223530565   0.0069958451488353501  0.00025165528073291368
13.230805058824723   0.028324988293246066  0.0010712323038563253
13.671831894118879   0.011462066329644696  0.00040447467643919141
14.112858729413038   0.00038829641682662833  5.8536737541262607e-06
14.553885564707196   0.30863131020891357  0.00121760565200764
14.994912400001352   0.72594999243745151  0.0074328913413914601
15.43593923529551   0.086610143534756368  0.00071788135520546279
15.876966070589667   0.00023661122047678457  3.7861006110704125e-06
16.317992905883823   0.098046202225069877  0.00059399703907264752
16.759019741177983   1.9307071275932257  0.0044696764149018387
17.20004657647214   7.9746897877705776  0.019570998183598924
17.641073411766296   98.502130100431599  0.0018598897424223386
18.082100247060456   7.1009047755655798  0.018940930728947756
18.523127082354613   2.4877908783198128  0.0043809811073974334
18.964153917648769   0.21535153542148669  0.00094667407262647564
19.405180752942925   0.00034838223016557253  5.4381997577182303e-06
19.846207588237085   0.046460340907538764  0.00046771146731410663
20.287234423531242   0.71569619643851957  0.0070938114837554036
20.728261258825398   0.52750946506879151  0.0028573066766512444
21.169288094119558   0.00094048841047624577  1.4091726167998391e-05
21.610314929413715   0.0058800789620793921  0.00020656030299268092
22.051341764707871   0.040236739063426721  0.0010373741457247294
22.492368600002028   0.013108584746841621  0.00045911583208700737
22.933395435296188   0.0010309043268106972  1.4888163973474889e-05
23.374422270590344   0.24924109317455563  0.00094486074264287853
23.8154491058845   0.70606847928010957  0.007304817001291126
24.256475941178657   0.096762378181584914  0.00078323376669763936
24.697502776472817   0.00060528374160949899  9.021035492847447e-06
25.138529611766973   0.076973625769924803  0.00053788729353717833
25.57955644706113   1.7726905876116876  0.0044528948187236937
26.02058328235529   8.0483724084844225  0.028127734868930134
26.461610117649446   96.658011061183215  0.0041025143833305673
26.902636952943602   6.7620542921299114  0.026893625773639049
27.343663788237759   2.5958566828306324  0.0043775402355395805
27.784690623531919   0.25232838118824479  0.001137689963189891
28.225717458826075   0.00078113287184621586  1.1159395969586774e-05
28.666744294120232   0.037661584074517856  0.00040437198538899157
29.107771129414392   0.69108664432958976  0.0068187257917447947
29.548797964708548   0.56815406199662234  0.003313398629500717
29.989824800002705   0.0019556055379661961  2.8297745549890045e-05
30.430851635296861   0.0051165721063362369  0.00016455851308367719
30.871878470591021   0.057663830765952515  0.0010078071946510097
31.312905305885177   0.014810964070180204  0.00051353881352799156
31.753932141179334   0.0020082031473436581  2.7261608336921897e-05
32.194958976473494   0.19223394323698155  0.00073968052401221899
32.635985811767647   0.67795998892317656  0.0070890910496006751
33.077012647061807   0.1064755097201193  0.00085063781129221299
33.518039482355967   0.0011920367088935359  1.6328540977758356e-05
33.95906631765012   0.059166239173579636  0.00047683552279027689
34.400093152944279   1.6125153533891105  0.0044051424094028147
34.841119988238439   8.0584150114977565  0.036219537356547577
35.282146823532592   94.128074796929347  0.0070933322657817275
35.723173658826752   6.3880102120800413  0.03416201469644468
36.164200494120912   2.6872316729804982  0.0044089791726038848
36.605227329415065   0.2918239967183809  0.0013885158871773222
37.046254164709225   0.0014554339651436238  1.8838839954526544e-05
37.487281000003378   0.029732731013860586  0.00034053383921150467
37.928307835297538   0.65871189880767865  0.0064805857667428912
38.369334670591698   0.60027960461484482  0.0037432212175855818
38.810361505885851   0.0034043544998914333  4.7230631109533819e-05
39.251388341180011   0.0048215514480462017  0.00012528193028563636
39.692415176474171   0.080097508290677366  0.0010049845089704559
40.133442011768324   0.016617648624387664  0.00056583546957091962
40.574468847062484   0.0033649469069970457  4.2214030267805305e-05
41.015495682356644   0.13975403163736465  0.00058749638330332501
41.456522517650797   0.6424240338344386  0.006788854691576031
41.897549352944957   0.11551211679503121  0.00091941457467503085
42.338576188239117   0.0020464325891484081  2.5737548418317932e-05
42.779603023533269   0.044488809617473587  0.00041013548263873685
43.220629858827429   1.4528110692888689  0.0043228392062365711
43.661656694121582   8.0042304909866395  0.043555620274662731
44.102683529415742   90.962285703826802  0.010693680937366944
