0.44213184308663317   80.417739658745992  0.015072799472997862     
0.88426368617326634   2.0912298989477177e-06  5.4249766326243889e-08     
1.3263955292598995   8.3873847642579408  0.015174583500577897     
1.7685273723465327   3.9127060192536646e-06  1.4106238399135459e-07     
2.2106592154331657   2.6679972976480355  0.015354436842656212     
2.6527910585197989   7.6289024263014757e-06  2.8170553331796105e-07     
3.0949229016064321   1.1621179558993996  0.015648830104742405     
3.5370547446930654   1.8948767025950062e-05  4.4026687660487556e-07     
3.9791865877796986   0.66272097335893876  0.016251116159628459     
4.4213184308663314   0.0036145732483221157  7.142344490318456e-05     
4.8634502739529646   0.56947702804617721  0.01638510117034488     
5.3055821170395978   9.5348518104992379e-05  8.6468248372780487e-07     
5.747713960126231   0.94270610929667332  0.017512229343543511     
6.1898458032128643   9.7679774068517478e-05  1.4588997246597386e-06     
6.6319776462994975   2.2312129618596663  0.019298221261014146     
7.0741094893861307   9.3549718649326974e-05  2.1949591518375865e-06     
7.5162413324727639   7.4423296624997355  0.023508875914505742     
7.9583731755593972   0.00020386996428003858  4.568992741592718e-06     
8.4005050186460295   75.770702985563628  0.053233487585109229     
8.8426368617326627   194.3209686642102  0.05591024911462052     
9.2847687048192959   80.49222088265184  0.018455774150686811     
9.7269005479059292   0.00048675841999991383  6.9847282454679069e-06     
10.169032390992562   8.939583419341502  0.0063717662157571777     
10.611164234079196   0.00026015577635844103  5.0676477765198977e-06     
11.053296077165829   3.0225162144766095  0.010381517387529155     
11.495427920252462   0.00023799301488327212  5.2353073106255716e-06     
11.937559763339095   1.3831759127317231  0.012572174091493176     
12.379691606425729   0.00026504362633155095  5.7131617403661481e-06     
12.821823449512362   0.79934310741970095  0.014972609161326226     
13.263955292598995   0.030436250095624616  0.00059201242414322415     
13.706087135685628   0.53186916687957947  0.015449989837200959     
14.148218978772261   0.0014352119839548935  6.7293133898241434e-06     
14.590350821858895   0.75658861521283355  0.017954957109266421     
15.032482664945528   0.0013657080564448202  8.7916213773931546e-06     
15.474614508032161   1.7744705039068795  0.021814015154433637     
15.916746351118794   0.0010375288381828498  1.0582612103018768e-05     
16.358878194205428   6.2419339895687352  0.031219761726920128     
16.801010037292059   0.001930513315925892  3.4597948373891354e-05     
17.243141880378694   67.267433988841663  0.11939287967347144     
17.685273723465325   178.22896691874193  0.20697502220100511     
18.12740556655196   76.056674569800535  0.077949022864965575     
18.569537409638592   0.0034502949387961488  3.3029876389089163e-05     
19.011669252725227   9.0194883017559981  0.0050308123642578372     
19.453801095811858   0.0018712581865738139  1.6742079487442462e-05     
19.895932938898493   3.2430683633082589  0.005022850866958552     
20.338064781985125   0.0019087442253462241  1.6146774594698129e-05     
20.78019662507176   1.5719119807220147  0.0087066891573882436     
21.222328468158391   0.0017880864846292996  1.5885910954585703e-05     
21.664460311245026   0.95471527816677426  0.012748067769566827     
22.106592154331658   0.074090905970925737  0.0014013155475192878     
22.548723997418293   0.54810604865379103  0.013716417819335513     
22.990855840504924   0.0065965049197030287  2.7947677319815521e-05     
23.432987683591559   0.62634860399824924  0.016995218804228438     
23.875119526678191   0.0063804105399461178  2.9436574813875322e-05     
24.317251369764826   1.3573824454222839  0.022638426426330393     
24.759383212851457   0.0047192331744839945  2.500778650670702e-05     
25.201515055938092   4.9512513060616892  0.037555611328074134     
25.643646899024723   0.0084947920071188274  0.00014011280426047735     
26.085778742111358   56.236634442787035  0.19835092158189079     
26.52791058519799   154.31740308963015  0.40928280259187862     
26.970042428284625   67.912330281019422  0.16081092209082413     
27.412174271371256   0.012307743644199914  9.9815720068635953e-05     
27.854306114457891   8.6237901506448891  0.016167161726200177     
28.296437957544523   0.0071249054899948162  3.6323547940318552e-05     
28.738569800631154   3.3000157211531564  0.0035682349959157462     
29.180701643717789   0.0078536760464568501  3.8912616435756567e-05     
29.622833486804421   1.699851539869283  0.0048980154757821676     
30.064965329891056   0.0071882397243327054  3.4435639116009033e-05     
30.507097172977687   1.0981080246542311  0.010134723020777628     
30.949229016064322   0.11959321012398494  0.0021929189190385036     
31.391360859150954   0.60510247266912066  0.011534438153402875     
31.833492702237589   0.019051017815658507  8.6704605074296685e-05     
32.27562454532422   0.56163188535850088  0.01487574890569111     
32.717756388410855   0.018694820695056142  8.3035944618665801e-05     
33.15988823149749   1.0253736302734058  0.021730045003571193     
33.602020074584118   0.013927729151049294  5.1627646277788051e-05     
34.044151917670753   3.7288851539973509  0.041462961441323534     
34.486283760757388   0.02421845045790612  0.00034387133945605889     
34.928415603844023   44.294399048813597  0.26680713109007238     
35.370547446930651   126.18251070370243  0.60731163541712679     
35.812679290017286   57.375673081110965  0.24722253205812349     
36.254811133103921   0.030808952716090773  0.00022579453466968567     
36.696942976190556   7.8252087778687229  0.028142516464586115     
37.139074819277184   0.019050113992952343  7.4482767937718572e-05     
37.581206662363819   3.1920683688731388  0.008828430827465091     
38.023338505450454   0.021925215791792962  9.1650018837182434e-05     
38.465470348537089   1.7505772287506583  0.0039321172903304699     
38.907602191623717   0.020025452778841636  9.2953192716675148e-05     
39.349734034710352   1.2016449488305269  0.0082290433077959754     
39.791865877796987   0.15420817860363128  0.0027789466845187656     
40.233997720883622   0.68389131886783366  0.0092232899780861967     
40.67612956397025   0.042292401229642934  0.00021020316427135906     
41.118261407056885   0.55887655604314359  0.012017170820051499     
41.56039325014352   0.041876081133261827  0.00019384665669890103     
42.002525093230155   0.80275736721520806  0.019317425242154572     
42.444656936316782   0.031736627182101743  0.00011313082232425533     
42.886788779403417   2.6986632021224726  0.04215979583232306     
43.328920622490052   0.052751151190130918  0.00059268974068899836     
43.77105246557668   32.964681039030709  0.30715791818103503     
44.213184308663315   97.58273896395187  0.75250237569634561     
