0.50882954214656695   0.00028926575228986976  5.3309081270017579e-06     
1.0176590842931339   0.00031956680212997372  5.9081534815275881e-06     
1.5264886264397008   0.00037921744773333541  7.0254761150786448e-06     
2.0353181685862678   0.0004871249307727167  9.014188604885518e-06     
2.544147710732835   0.00068730774370124209  1.2699175757712877e-05     
3.0529772528794017   0.001091279060207997  2.0158012014895301e-05     
3.5618067950259684   0.0020448170076732073  3.7731977477519229e-05     
4.0706363371725356   0.0050217025120164778  9.2126962771240398e-05     
4.5794658793191028   0.022529621903679858  0.00040856005537854356     
5.0882954214656699   99.898815149896039  0.0017063823165408441     
5.5971249636122362   0.036327508034839344  0.00067928953569868786     
6.1059545057588034   0.011681739207180311  0.00021724186090663301     
6.6147840479053706   0.0071692807187214567  0.00013309658344759181     
7.1236135900519368   0.0059758844314067913  0.00011056756048476919     
7.632443132198504   0.0061677786771535265  0.00011374041374924362     
8.1412726743450712   0.0077041797590834122  0.00014178322095195006     
8.6501022164916375   0.011910433299307695  0.0002184808178996845     
9.1589317586382055   0.024900193452606131  0.00045243667408063426     
9.6677613007847718   0.09635374381949711  0.0017164842784480703     
10.17659084293134   99.595981215352384  0.0068046182032827215     
10.685420385077906   0.13714239918265207  0.0025981016483301414     
11.194249927224472   0.039759525048533872  0.00074238082795478587     
11.70307946937104   0.022528882720250467  0.00041832039313898025     
12.211909011517607   0.017536022821950441  0.00032378647435237402     
12.720738553664173   0.01703318694926841  0.00031289558222445455     
13.229568095810741   0.020138516674162866  0.00036852211911330505     
13.738397637957307   0.029586259144172072  0.00053846171481386042     
14.247227180103874   0.058854816986964746  0.0010570757895001034     
14.756056722250442   0.2149642836890302  0.0037551873842875804     
15.264886264397008   99.093651678418351  0.015232303114364514     
15.773715806543576   0.30893982353154273  0.0059211514220744507     
16.282545348690142   0.084947033696125963  0.0015896203353372693     
16.79137489083671   0.046425313536221856  0.00086054428875204689     
17.300204432983275   0.035039937014543609  0.00064438851383276232     
17.809033975129843   0.033094463930999692  0.00060439400730464298     
18.317863517276411   0.038108510656229277  0.00069203945472547825     
18.826693059422976   0.054558510688637248  0.00098318204596372986     
19.335522601569544   0.10560066830407726  0.0018710238435505895     
19.844352143716112   0.37155311111297732  0.0063526212652852366     
20.35318168586268   98.395387918037211  0.026886518951239248     
20.862011228009244   0.55753847616556855  0.010796100324987209     
21.370840770155812   0.14736501820576632  0.0027587357999900926     
21.87967031230238   0.078677414105574696  0.001453045363499085     
22.388499854448945   0.058255806816974676  0.0010649306156085556     
22.897329396595513   0.054072956720101795  0.00097978732830779133     
23.406158938742081   0.061236580375564302  0.0011012997241061016     
23.914988480888645   0.086201915576535723  0.0015349544539074625     
24.423818023035214   0.16369829196766793  0.0028551439007777076     
24.932647565181782   0.55938917695093781  0.0093417296604987485     
25.441477107328346   97.506118013401839  0.041625447240536733     
25.950306649474914   0.88827671200689111  0.017355525850742825     
26.459136191621482   0.22684958660467091  0.0042406289417651483     
26.967965733768047   0.1189567597060989  0.0021846170777963751     
27.476795275914615   0.086851638624882466  0.0015749913140832655     
27.985624818061183   0.079606239531336868  0.001428192582862514     
28.494454360207747   0.089061832690812627  0.001582909601515531     
29.003283902354315   0.12379418737847197  0.002173464752688503     
29.512113444500883   0.23158566100897625  0.0039673952800040059     
30.020942986647452   0.77190127977703564  0.012563354518295621     
30.529772528794016   96.432079940709855  0.059270585978647922     
31.038602070940584   1.3059227860322001  0.025713707336959774     
31.547431613087152   0.32294618084495223  0.0060172008514623863     
32.05626115523372   0.16679191716914498  0.0030397862455721223     
32.565090697380285   0.12040142527989014  0.0021614414351972029     
33.073920239526849   0.10925565120069236  0.001936606378719311     
33.582749781673421   0.1210501683689218  0.0021215258501217583     
34.091579323819985   0.16653213102286085  0.0028764039346223711     
34.60040886596655   0.30761129227786116  0.0051640850461326889     
35.109238408113121   1.0027546310869831  0.015868883032879831     
35.618067950259686   95.180750016675701  0.07960952954939861     
36.12689749240625   1.8145899834454537  0.035963625206345065     
36.635727034552822   0.43490912085107215  0.008061465728930437     
37.144556576699387   0.22157573335593179  0.0039991581994867796     
37.653386118845951   0.1583932963576674  0.0028087972861751651     
38.162215660992523   0.14251538467209543  0.0024902820618483854     
38.671045203139087   0.15660576011301034  0.0027003175997024254     
39.179874745285652   0.21354899522363575  0.0036201470377318831     
39.688704287432223   0.39006778756416423  0.0064011276450619724     
40.197533829578788   1.2459202567537485  0.019122602411027373     
40.706363371725359   93.760757659718765  0.10239926091996194     
41.215192913871924   2.4176580911125029  0.048174237664598658     
41.724022456018488   0.56170690341855349  0.010337914117496385     
42.23285199816506   0.2825755428988092  0.0050398848090609034     
42.741681540311625   0.20023948641451008  0.0034996483162137397     
43.250511082458189   0.1788229190205077  0.0030731603017391331     
43.759340624604761   0.19508363140018509  0.0033014707975617124     
44.268170166751325   0.26393266864769123  0.0043804611838735123     
44.77699970889789   0.4772251059967899  0.0076352838591356357     
45.285829251044461   1.495736426998943  0.022203739800303831     
45.794658793191026   92.181787738294416  0.12736989617850096     
46.30348833533759   3.1177025870297157  0.062388095162388997     
46.812317877484162   0.70203333113969955  0.012803129304473286     
47.321147419630726   0.34894611521689869  0.0061362470352053371     
47.829976961777291   0.24528790587298016  0.0042151494392856882     
48.338806503923863   0.21757055441311001  0.0036683423762333207     
48.847636046070427   0.23580304299352388  0.0039067220073374154     
49.356465588216992   0.31674430707783649  0.0051332252816383035     
49.865295130363563   0.56736290362435019  0.0088253530647737826     
50.374124672510128   1.7469614720282096  0.025008176732512641     
50.882954214656692   90.454471952013063  0.15422881350654445     
