0.00052178458759577   -0.00942350040104428   62.8658125730594   0.0500201048833246
0.100572122264704   -0.0095571968580815   71.9362893597994   0.0500056937898991
0.200583801480614   -0.00960053871485024   55.0170905926607   0.0500416088931184
0.300608720163813   -0.00945831323045334   84.8971544440922   0.0500176947640734
0.40047904609195   -0.00944058180303052   54.6963662559683   0.0500047973784362
-0.499658621583656   -0.00933910595923171   57.644784198956   0.0500227026652557
-0.399607957055715   -0.00926640194720488   49.9647819644998   0.0501371476722223
-0.299437729951495   -0.0092869941591862   37.6759885961917   0.0500111046165563
-0.199275793206063   -0.00928341584835683   42.6499136923916   0.0500092508936861
-0.0993818613241114   -0.00944406064559519   90.0457436739226   0.0500321027706979
0.0508025024722103   0.0905957140759914   50.0980097185868   0.0500052925306445
0.15071544902774   0.0903660048975956   92.918222062831   0.0500004867633155
0.250680718176183   0.0904495081839163   62.5889265930393   0.0500470130996542
0.350745763184964   0.090561071519025   5.59761902125735   0.050004153516698
0.450730618050364   0.0906402814194719   72.6330270526026   0.0500026118971456
-0.449208774129162   0.090579655043087   42.4359580506545   0.050004334738102
-0.349157581636268   0.0907061233866131   33.6358595303211   0.0500437759053046
-0.249095945283315   0.0906163064828154   44.567565751998   0.0500125069748588
-0.149135036929593   0.090672415553138   44.8487063648611   0.0500990834474601
-0.0491675840736341   0.0906419616303432   58.0098902697173   0.0500094010297703
0.100891937954247   0.190648634367424   94.3163865459524   0.0500032604144922
0.200846500651841   0.190406957225539   56.5899525206525   0.0500410511119739
0.30084519350516   0.190476117699726   57.0923232838023   0.0500024155751106
0.40081013708317   0.190507578786756   35.6194030121071   0.0500175062651421
0.500971893163926   0.190451426081255   31.1123783642055   0.0500068502160439
-0.398932920727077   0.190606460088132   43.2346451430419   0.0500733020554207
-0.298750985904962   0.190557689153857   57.1995457071838   0.0501000407379113
-0.198843939718665   0.190629143038072   96.5862669116389   0.0500033879621881
-0.0989975886929529   0.190636283667035   71.0413686416237   0.0500062263232179
0.000976981278685466   0.190638222283835   66.6303126112248   0.050003645332047
0.150963372960544   0.290583936075158   112.36882300766   0.0500527903778868
0.250961370530884   0.290473107033611   22.2425133196225   0.0500025192224496
0.351094891558862   0.290438855530653   48.2545526328543   0.0500632992142426
0.451035480377749   0.290354582449539   74.7087980824413   0.0500310253341733
0.551156540457129   0.290311288824664   33.4113176331566   0.0500047140719617
-0.348756637688678   0.290462018765628   50.2147341176576   0.0500556016993236
-0.248740277943996   0.290562277721519   43.0452175382939   0.0500035232280446
-0.148748466645691   0.290660896977825   79.9240700740543   0.0500050737489265
-0.0487990683413357   0.290641837405271   74.4620588525319   0.0500018791378255
0.051076268691874   0.290664192678379   51.4264907848092   0.0500157269717423
0.201127157840072   0.390508773142756   97.0100119602208   0.0500195435330759
0.301119606658968   0.390408480563842   54.1298769828945   0.0500580458164707
0.401209905828235   0.39049785249596   49.4293196418125   0.0501088056594703
0.501229952968752   0.390267659535951   65.7467759096566   0.0501577001871768
0.601302208892643   0.3902775086559   44.4304746115222   0.0500250560886236
-0.298605372612575   0.390518741250601   37.7427451089227   0.0500085875821431
-0.198482371562151   0.390644758573374   48.0969057991601   0.0500867614873545
-0.0985282172117462   0.39070261255107   70.372409008177   0.050047706578708
0.00136147301372133   0.390786458348085   84.8629760095672   0.0500033442481036
0.101201941413921   0.39086765307697   77.9137843685986   0.0500466363288487
0.251450184522865   0.490587870561225   66.1129893185194   0.0500993698541155
0.35145680570921   0.490560084263046   72.5778232112878   0.0500266915805405
0.451521347069089   0.490362518299734   69.691713188083   0.0500962730200491
0.551479178548153   0.490322717340143   66.2052777192   0.0500063211798362
0.651574449054686   0.490326763289022   41.8349145584667   0.0500354837293603
-0.248321623396375   0.49057635093891   43.6822023123029   0.0500826055215802
-0.148429403116914   0.490708472148466   63.2173884796603   0.0500324484962984
-0.0485284754389105   0.490942592008353   52.7520612755528   0.0500094513140218
0.0514637750856262   0.490955729623168   65.2754747170833   0.0500200978246212
0.151563167034552   0.490677564574562   85.4646526320603   0.0500053577523095
-0.19991033607289   -0.40937661381177   65.7513621678581   0.0500846701796577
-0.0999261772765405   -0.409498258844236   94.5835000240368   0.0500339127569057
-8.64964479680483e-05   -0.409602844677592   102.761600838262   0.0500110131439785
0.0998960441389846   -0.409727877332347   95.2611240610264   0.0500706230464366
0.199815904774253   -0.40952345917287   59.9831940143603   0.0500755541407089
-0.700029603055655   -0.40927173239433   27.3262589389036   0.0500120947869696
-0.599894219156372   -0.409123253132905   38.4240907085925   0.0500161375904864
-0.499880732961225   -0.409109080180107   51.2774483810942   0.0500134062924803
-0.399784933010105   -0.409159978970894   69.5732137745371   0.0500327042762813
-0.299906784802664   -0.409451538541571   78.5011626682968   0.0500085800879998
-0.149889860317775   -0.309334696614616   46.444467208543   0.0500151924599774
-0.049872733090432   -0.309499879826931   99.0064666085271   0.050016905938475
0.0500020486047223   -0.309743286313776   88.506453174252   0.0500319439540626
0.149949916803012   -0.309683165712629   68.4102637590466   0.0500502938346496
0.250053131229542   -0.309464219909299   30.4443070766722   0.050000869115079
-0.649911859913591   -0.30926260813251   6.19810339491521   0.0500111497394418
-0.549774342833022   -0.309192566245018   5.94540257879473   0.050157642266761
-0.44970995495017   -0.309197528876621   60.2255752292209   0.0500323236627533
-0.349777624494702   -0.309047299095558   81.0901412526028   0.0500323330296329
-0.249888466346631   -0.309379379198388   79.4337914828891   0.0500053221018972
-0.0998320985812914   -0.209415636393662   60.8468210568585   0.0500279652478737
0.000237680055111681   -0.209633694353589   51.8876377179088   0.05017442935879
0.100171704562562   -0.209671736611874   82.0105071856339   0.0500635345819515
0.200099796202438   -0.209568110454041   44.2208895191015   0.0500050535373179
0.300182197617545   -0.209519188942147   20.7240324854119   0.050028127318475
-0.59967680519119   -0.209386607779404   51.5901146589047   0.0500151821067394
-0.499725666995545   -0.209169452046785   63.5129535461882   0.0500254139926817
-0.399674839799572   -0.20913171732543   22.5202340140626   0.0500043118473853
-0.299630654162947   -0.209212388490599   99.8700762574727   0.0500620953222511
-0.19979260799147   -0.209358299242723   69.6661029854042   0.0500054489469509
-0.0496077756570216   -0.10955418443061   58.9057975949274   0.0500235824187477
0.050364626461844   -0.109545360952189   68.1316239502669   0.0500126315952651
0.150283867298895   -0.109629595102168   44.0534746810106   0.0500202640261278
0.250383825616939   -0.109553075504839   51.7052022281728   0.0500849452417189
0.350305201260639   -0.109561890089195   52.3731265527955   0.0500262639821595
-0.549608837124997   -0.109429082710347   42.474218059128   0.0500308002013187
-0.449574173311659   -0.109314408655182   40.035148772893   0.0500329154656531
-0.349612281265168   -0.109128644746665   106.611623497119   0.0500681236598702
-0.249613747015523   -0.109173015373542   47.8163672571635   0.0500181278609036
-0.149625024298431   -0.109364017450003   67.9626213507188   0.0500465734253104
