0.0064796213473364795   0   0   
0.019438864042009438   0   0   
0.032398106736682399   0   0   
0.045357349431355359   0   0   
0.058316592126028313   0   0   
0.071275834820701281   0   0   
0.084235077515374235   0   0   
0.097194320210047189   0   0   
0.11015356290472016   0   0   
0.12311280559939311   0   0   
0.13607204829406608   0   0   
0.14903129098873902   0   0   
0.16199053368341199   0   0   
0.17494977637808495   0   0   
0.18790901907275789   0   0   
0.20086826176743086   0   0   
0.21382750446210383   0   0   
0.2267867471567768   0   0   
0.23974598985144974   0   0   
0.2527052325461227   0   0   
0.26566447524079567   0   0   
0.27862371793546864   4.3006375969824345e-05   1.325767982066525e-06   
0.29158296063014155   0.91739874931071564   0.00044943603501349917   
0.30454220332481452   24.519365040639692   0.00097398733403328268   
0.31750144601948749   9.508882781655253   0.0011527137327596446   
0.33046068871416046   0.066383373110297195   7.8350917381329575e-05   
0.34341993140883342   1.0919428023830113e-05   7.1978905433752581e-07   
0.35637917410350639   0   0   
0.36933841679817936   0   0   
0.38229765949285227   0   0   
0.39525690218752524   0   0   
0.40821614488219821   0   0   
0.42117538757687117   0   0   
0.43413463027154414   0   0   
0.44709387296621711   0   0   
0.46005311566089002   0   0   
0.47301235835556299   0   0   
0.48597160105023596   0   0   
0.49893084374490893   0   0   
0.51189008643958189   0   0   
0.52484932913425486   0   0   
0.53780857182892783   0   0   
0.5507678145236008   0   0   
0.56372705721827376   0   0   
0.57668629991294673   0   0   
0.58964554260761959   0   0   
0.60260478530229256   0   0   
0.61556402799696552   0   0   
0.62852327069163849   0   0   
0.64148251338631146   0   0   
0.65444175608098443   0   0   
0.66740099877565739   0   0   
0.68036024147033036   0   0   
0.69331948416500333   0   0   
0.7062787268596763   0   0   
0.71923796955434927   0   0   
0.73219721224902223   0   0   
0.7451564549436952   0   0   
0.75811569763836806   0   0   
0.77107494033304103   0   0   
0.78403418302771399   0   0   
0.79699342572238696   0   0   
0.80995266841705993   0   0   
0.8229119111117329   0   0   
0.83587115380640586   0   0   
0.84883039650107883   0   0   
0.8617896391957518   0   0   
0.87474888189042477   0   0   
0.88770812458509774   0   0   
0.9006673672797707   0   0   
0.91362660997444356   0   0   
0.92658585266911653   0   0   
0.9395450953637895   0   0   
0.95250433805846246   0   0   
0.96546358075313543   0   0   
0.9784228234478084   0   0   
0.99138206614248137   0   0   
1.0043413088371542   0   0   
1.0173005515318272   0   0   
1.0302597942265002   0   0   
1.0432190369211731   0   0   
1.0561782796158461   0   0   
1.0691375223105191   0   0   
1.082096765005192   0   0   
1.095056007699865   0   0   
1.108015250394538   0   0   
1.1209744930892109   1.1150860987726319e-06   1.0646667583072374e-07   
1.1339337357838839   0.00010415233744634541   3.6333927784091594e-06   
1.1468929784785569   0.0036028638228081284   5.1419933417212398e-05   
1.1598522211732298   0.050194478346562855   0.00035703358621200864   
1.1728114638679028   0.3861150904243361   0.0010470631904039326   
1.1857707065625758   2.0087420391566454   0.0013062881904982884   
1.1987299492572487   4.777912672489781   0.00128341668008944   
1.2116891919519217   4.6410897885790061   0.0023951654778114542   
1.2246484346465947   3.0738879319167507   0.00077477371215806452   
1.2376076773412676   2.1423828509185797   0.00092253503264586099   
1.2505669200359406   1.7100998105946875   0.0014674120058502833   
1.2635261627306136   1.7759050413825515   0.0010824379010392808   
1.2764854054252865   1.9055458784223485   0.00060957453313639706   
1.2894446481199595   1.6814035481256207   0.00041525049262335343   
1.3024038908146325   1.2235552515729567   0.00079108983641071202   
1.3153631335093054   0.94918169712023035   0.0012832423390730352   
1.3283223762039782   1.1698080212694973   0.0014676131122531642   
1.3412816188986512   1.9237029850664071   0.0015048869777547275   
1.3542408615933241   2.9713822499195226   0.00097540392032488658   
1.3672001042879971   3.9404765414078444   0.0011757145208718287   
1.3801593469826701   4.585474077540309   0.0027483348315364619   
1.393118589677343   4.8014613249956103   0.0028253943153902979   
1.406077832372016   4.4422057249777106   0.0011565032922681426   
1.419037075066689   3.4466581287209688   0.00097630765363402859   
1.4319963177613619   2.1485190119667222   0.0014415799823268654   
1.4449555604560349   1.0990036005345191   0.0015838931288451792   
1.4579148031507079   0.62039656697677842   0.0016304888720695646   
1.4708740458453808   0.8288765440299253   0.0019393609922070216   
1.4838332885400538   2.2865589966641567   0.0014345745769263997   
1.4967925312347268   5.7202070876039669   0.0017796748687699879   
1.5097517739293997   6.3251186056997921   0.0027214776709078048   
1.5227110166240727   3.1284054313128446   0.0008510807697691568   
1.5356702593187457   1.4123233042986496   0.001267948783685276   
1.5486295020134186   0.79850256852894016   0.0013801026738016686   
1.5615887447080916   0.43508277798703938   0.0010893570267068384   
1.5745479874027646   0.2610515035928165   0.0008280957363656332   
1.5875072300974375   0.30989976836031259   0.00080138553345664989   
1.6004664727921105   0.57090148359191206   0.0010946443680103325   
1.6134257154867835   0.92742750454659833   0.0010848563016113594   
1.6263849581814565   1.1540155618424817   0.00055709189596962531   
1.6393442008761294   1.0869919520227127   0.00072332694176068591   
1.6523034435708024   0.80282562355200412   0.00092185166498758735   
1.6652626862654751   0.5421014204264789   0.00068253609131942045   
1.6782219289601481   0.46485656144231663   0.00031017124395865067   
1.6911811716548211   0.52855406112699412   0.000327942802102929   
1.704140414349494   0.56684190068636815   0.00023768308241197655   
1.717099657044167   0.46637295040299324   0.0005308376708285368   
1.73005889973884   0.27572840763763352   0.00050163535964703088   
1.7430181424335129   0.11989127419891223   0.00036529399262612241   
1.7559773851281859   0.056030064141729132   0.00034115586734948261   
1.7689366278228589   0.089092573196146269   0.00052827215413800547   
1.7818958705175318   0.30854246885207287   0.00059007516021919985   
1.7948551132122048   1.1238468325361102   0.00035304614007756172   
1.8078143559068778   1.9609607106796804   0.00085721663104633203   
1.8207735986015507   1.0605919120756861   0.00044873386053039838   
1.8337328412962237   0.18018786712096373   8.5682903469256876e-05   
1.8466920839908967   0.010987321367655474   1.9634916152871387e-05   
1.8596513266855697   0.00026389229971411915   1.3011390041980957e-06   
1.8726105693802426   2.7851207857782491e-06   1.7053003607444505e-07   
1.8855698120749156   2.2859331092269859e-08   1.5239554061513239e-08   
1.8985290547695886   0   0   
1.9114882974642615   0   0   
1.9244475401589345   0   0   
1.9374067828536075   0   0   
1.9503660255482804   0   0   
1.9633252682429534   0   0   
1.9762845109376264   0   0   
1.9892437536322993   0   0   
2.0022029963269721   0   0   
2.0151622390216453   0   0   
2.028121481716318   0   0   
2.0410807244109912   0   0   
2.0540399671056639   0   0   
2.0669992098003371   0   0   
2.0799584524950099   0   0   
2.0929176951896831   0   0   
2.1058769378843558   0   0   
2.118836180579029   4.0685414971562869e-08   2.2489709316763691e-08   
2.1317954232737018   3.5383326318353874e-07   8.0100196690594473e-08   
2.1447546659683749   3.7279701571790729e-06   3.4951938029432442e-07   
2.1577139086630477   3.4309075780580427e-05   1.4568955025022312e-06   
2.1706731513577204   0.00024113240463171014   4.8037962129232779e-06   
2.1836323940523936   0.0014531703229774719   1.7708977780473882e-05   
2.1965916367470664   0.0080584767923239535   5.9548412372714923e-05   
2.2095508794417396   0.039314203647633484   0.00015933483693155435   
2.2225101221364123   0.15807365915870916   0.00027946019989118229   
2.2354693648310855   0.49166602717051449   0.00050500709519636378   
2.2484286075257582   1.1735959583148947   0.00045492755892098976   
2.2613878502204314   2.1689227369638055   0.00048448977927621855   
2.2743470929151042   3.0279751359278822   0.00071595313116561381   
2.2873063356097774   3.1514468727458963   0.0013714961579392179   
2.3002655783044501   2.7196033107294064   0.0014409270197508176   
2.3132248209991233   2.4015518768432425   0.00061309967558136276   
2.326184063693796   2.2935815558598457   0.00054615708892894675   
2.3391433063884692   2.1028203738116818   0.0006265979140798827   
2.352102549083142   1.7152141133463995   0.00052520723832867478   
2.3650617917778152   1.2688392108189022   0.00067212093746249189   
2.3780210344724879   0.94096620904420189   0.00069630296686724913   
2.3909802771671611   0.78272876257194054   0.00057157935434580813   
2.4039395198618339   0.71543051570104056   0.00042002536026600276   
2.416898762556507   0.63606468360899916   0.00018116658776963425   
2.4298580052511798   0.50889017447172064   0.00037368984609206586   
2.442817247945853   0.37869290499058186   0.0006028253156811486   
2.4557764906405257   0.33838665900890335   0.00080513127988931854   
2.4687357333351989   0.50375599394653836   0.0011601098995991709   
2.4816949760298717   0.95565658458904272   0.0015629248986616446   
2.4946542187245444   1.5703848756341014   0.0014164568567828564   
2.5076134614192176   1.9570432718582114   0.00049342686510111762   
2.5205727041138903   1.8648956957008336   0.0015018279465113547   
2.5335319468085635   1.6226780085378082   0.0029790259900900391   
2.5464911895032363   1.8297235519918026   0.0035465129451047379   
2.5594504321979095   2.5062352728211136   0.0024981790235707248   
2.5724096748925822   2.8114771135224453   0.0011161170758420789   
2.5853689175872554   2.3505238041234529   0.002658519094097829   
2.5983281602819281   1.8581774253324124   0.0017898722878249344   
2.6112874029766013   1.7604366262874531   0.00086109151169022807   
2.6242466456712741   1.7178862921808423   0.00064809591216009217   
2.6372058883659473   1.4537437340270903   0.00038429561141016526   
2.65016513106062   1.0434986591478218   0.00050397764038982372   
2.6631243737552932   0.70343988731209279   0.00078647702940389401   
2.676083616449966   0.58602522115970681   0.00079293429876092894   
2.6890428591446391   0.96282242295422032   0.00067161896262000272   
2.7020021018393119   2.2639564787884446   0.00095319207435225641   
2.7149613445339851   2.184636929890765   0.0020885459257265462   
2.7279205872286578   1.8575124652244148   0.0017284837432564255   
2.740879829923331   1.9246287786888207   0.000856334841684177   
2.7538390726180038   1.9843419823249044   0.00072098513289078015   
2.7667983153126769   1.8517409457081614   0.0019635819452210084   
2.7797575580073497   1.6230595279963007   0.0027830297431279542   
2.7927168007020229   1.5040159623466881   0.0024455927892377078   
2.8056760433966956   1.5498657807873213   0.00136735412592465   
2.8186352860913688   1.6326292895668363   0.00022973810555909281   
2.8315945287860416   1.6787067248530526   0.00073125856808667355   
2.8445537714807143   1.7620033499957341   0.00099940839173061277   
2.8575130141753875   1.8599482578018081   0.001058875289130021   
2.8704722568700602   1.7691344980805106   0.00134115379620463   
2.8834314995647334   1.4966103256342534   0.00059448995820081732   
2.8963907422594062   1.2238938894312683   0.00052792437257439153   
2.9093499849540794   0.95625179431197902   0.00061186125046776809   
2.9223092276487521   0.64303099734735411   0.00026757978456584075   
2.9352684703434253   0.34752586174027756   0.00029814530057517966   
2.9482277130380981   0.16591708583946209   0.00053614960235216166   
2.9611869557327712   0.1285733315463904   0.00063383956176395068   
2.974146198427444   0.22316474913867704   0.00059106915836735416   
2.9871054411221172   0.4262273859601349   0.00045096129385467403   
3.0000646838167899   2.0431269238084392   0.0011568553549765872   
3.0130239265114631   2.6639329254624785   0.0010627197092328955   
3.0259831692061359   1.2554001572872386   0.00063812668603458676   
3.038942411900809   0.59703305582022982   0.00050870876744186855   
3.0519016545954818   0.34854259753400533   0.00061835298917230641   
3.064860897290155   0.22585339084554578   0.00041740151464894434   
3.0778201399848277   0.20034136542688838   0.00019648958557138234   
3.0907793826795009   0.25099612018272664   0.00028662987347108433   
3.1037386253741737   0.3083651132759808   0.00019056112264716517   
3.1166978680688469   0.30074459720442281   0.00018506270721490559   
3.1296571107635196   0.22361297784819428   0.0003727231833767403   
3.1426163534581928   0.14156070991499266   0.00029062203804661605   
3.1555755961528655   0.11622756980454557   0.00018108291744669268   
3.1685348388475383   0.15864070577916941   0.00028037836126678076   
3.1814940815422115   0.2328932244744861   0.00027503380043928709   
3.1944533242368842   0.27936449459804147   0.00017802717865384438   
3.2074125669315574   0.25427853739277623   0.0002658563156840502   
3.2203718096262302   0.17127154965400272   0.00033633026065703107   
3.2333310523209033   0.085866619174635613   0.00025003066816540694   
3.2462902950155761   0.036770320222348505   0.00019568825291715488   
3.2592495377102493   0.025809676317718956   0.00019804563681960553   
3.272208780404922   0.044724469814924986   0.00019318953671229526   
3.2851680230995952   0.0969517072522501   0.00015478354487420703   
3.298127265794268   0.31587231673810124   0.00017415785792911077   
3.3110865084889411   0.8956452216203833   0.00042231830361430474   
3.3240457511836139   0.45932566336611074   0.00029341800438275388   
3.3370049938782871   0.083745672948126243   0.00011088537412546415   
3.3499642365729598   0.007944489591618838   2.0524960353444862e-05   
3.362923479267633   0.0004087751833121328   2.3309084432083339e-06   
3.3758827219623058   1.9860436945453929e-05   2.6483734361258364e-07   
3.388841964656979   7.0965962922240968e-05   7.7160223824281552e-07   
3.4018012073516517   0.00050784400985623449   2.6671948797492301e-06   
3.4147604500463249   0.0029379471423268993   1.0720225802373305e-05   
3.4277196927409976   0.013689252584880536   2.5120284906596745e-05   
3.4406789354356708   0.049147939221066363   5.7425550250974646e-05   
3.4536381781303436   0.13548442460097648   0.00012073282522934241   
3.4665974208250168   0.289355504872477   0.00020357731844397955   
3.4795566635196895   0.49269620766445915   0.00032208078365661132   
3.4925159062143623   0.7114272260711537   0.00044816080148927786   
3.5054751489090354   0.95911499626239022   0.00070316181991646339   
3.5184343916037082   1.3065520376638814   0.00099806709158148757   
3.5313936342983814   1.7849399311503474   0.0011413058380609689   
3.5443528769930541   2.3061286812276395   0.00084575988302092457   
3.5573121196877273   2.7378286664528195   0.00055752953981993495   
3.5702713623824001   3.0199413578491628   0.0012406397746920515   
3.5832306050770732   3.1311687977941869   0.0016915259841940184   
3.596189847771746   3.0397222020088777   0.001165458256802051   
3.6091490904664192   2.7996548683478521   0.00049753467648031641   
3.6221083331610919   2.4609875765455803   0.00052663115857105611   
3.6350675758557651   1.9452480667612582   0.00055108691745356161   
3.6480268185504379   1.4269558940873392   0.0010548139713222076   
3.6609860612451111   1.1759072136953103   0.00090524114143417849   
3.6739453039397838   0.94871549507181589   0.00051247129032918026   
3.686904546634457   0.64563035404934763   0.00094094865256819365   
3.6998637893291297   0.59272307943734078   0.0007133750320385774   
3.7128230320238029   0.86637791773610321   0.00087849413582961601   
3.7257822747184757   1.3019183923497415   0.0014471502474900268   
3.7387415174131489   1.6996474392971533   0.0016458279291965272   
3.7517007601078216   1.8660112513953198   0.0010150698283255505   
3.7646600028024948   1.7009625972152656   0.00064360198950871388   
3.7776192454971675   1.2789315663118758   0.0012679660883057373   
3.7905784881918407   0.80133146064655599   0.0012449464664753409   
3.8035377308865135   0.44891367241958747   0.0010879346620989592   
3.8164969735811862   0.31447478559589963   0.0011266306278929994   
3.8294562162758594   0.44534016350790342   0.0016370873458618825   
3.8424154589705322   0.83091802483906923   0.0020976732161603108   
3.8553747016652054   1.3059908445511337   0.0016522542281949039   
3.8683339443598781   1.6648430475910944   0.00053574021700473448   
3.8812931870545513   1.9082564032176748   0.0017533658327484484   
3.894252429749224   2.1108761275982427   0.0018335545705944855   
3.9072116724438972   2.0809627841898115   0.0008532467668503123   
3.92017091513857   1.6607379880882694   0.00051860592469632234   
3.9331301578332432   1.1785607409890729   0.00062958372609771425   
3.9460894005279159   1.1039671147192001   0.00051103812731055676   
3.9590486432225891   1.5273050096452272   0.00037294930893060999   
3.9720078859172618   1.8941842999771813   0.00075614548517441348   
3.984967128611935   1.7471202541623472   0.00093519081062931575   
3.9979263713066078   1.4408392141195825   0.00034707828390511169   
4.010885614001281   1.2394995933622115   0.00054662123628682577   
4.0238448566959537   1.0274931762674789   0.00030083444410268645   
4.0368040993906265   0.76171029973301127   0.00025891519006100311   
4.0497633420853001   0.5452281972074485   0.00063763406812051006   
4.0627225847799728   0.49026057930199908   0.00090409481924008206   
4.0756818274746456   0.63327933904986068   0.0009547908756910277   
4.0886410701693183   0.91385413286180948   0.00068229838846367808   
4.101600312863992   1.2006280694519762   0.00035155326998466554   
4.1145595555586647   1.3731320204059344   0.0012021127544339728   
4.1275187982533375   1.3837036266029628   0.0017532070952719766   
4.1404780409480102   1.257241672828725   0.0014333995417087749   
4.1534372836426829   1.098398572474345   0.00062586144493144099   
4.1663965263373566   1.0407957639888157   0.00052891497139436596   
4.1793557690320293   1.1459629256969699   0.00034269427111028497   
4.1923150117267021   1.4518357630107483   0.00057972458014783296   
4.2052742544213748   1.9131741114282087   0.00066454359801707023   
4.2182334971160484   1.8997794670537983   0.001182133857838183   
4.2311927398107212   1.4696152637603503   0.0015277926573934384   
4.2441519825053939   1.1139293212512787   0.00068448494447129008   
4.2571112252000667   0.9416592528305495   0.00062155334056185295   
4.2700704678947403   0.87336996396458757   0.00094499668587633976   
4.2830297105894131   0.7390748221449146   0.00052350618460411677   
4.2959889532840858   0.56890376201517316   0.00023709116411772483   
4.3089481959787586   0.45368408583080834   0.0001104691428031659   
4.3219074386734322   0.35256587614675068   0.0003444221859730878   
4.3348666813681049   0.24040543286209195   0.00034674965876414502   
4.3478259240627777   0.15837004704853439   0.00024434766547951315   
4.3607851667574504   0.14773148393150963   0.00027238034819734362   
4.3737444094521241   0.21711207980547084   0.00037160838115823353   
4.3867036521467968   0.33945094964285508   0.00045450126679906765   
4.3996628948414696   0.45691202413065131   0.00038531697632443667   
4.4126221375361423   0.5080484579519365   0.00035613764491241352   
4.4255813802308159   0.47234373982626337   0.00025381410933471989   
4.4385406229254887   0.37537341588619912   0.00025736493801869047   
4.4514998656201614   0.2630486330523548   0.00037960079943971534   
4.4644591083148342   0.18659091091320836   0.00042337485095523914   
4.4774183510095078   0.20670102724190435   0.00043566042745761167   
4.4903775937041805   0.43005594794701752   0.00059455273267228292   
4.5033368363988533   0.97145169194286609   0.00067802996697785704   
4.516296079093526   1.1927306347532199   0.00062080141875383604   
4.5292553217881988   0.68807168186018313   0.00071456860214892422   
4.5422145644828724   0.26940482710677308   0.0004500353709874779   
4.5551738071775452   0.1346911043248538   0.00023496222576435968   
4.5681330498722179   0.1570956894925139   0.00013467791193809078   
4.5810922925668907   0.27241028052203688   7.3965438840801605e-05   
4.5940515352615643   0.43204867014724265   0.00025463224180419758   
4.607010777956237   0.58091616581404056   0.00053574560123754732   
4.6199700206509098   0.68651887983402588   0.00060179316096552241   
4.6329292633455825   0.76020568015340538   0.0004193272289675916   
4.6458885060402562   0.82325876782388102   0.00020284943431634401   
4.6588477487349289   0.86986082702910718   0.00024965247377590723   
4.6718069914296017   0.87586343903220313   0.00034863071929990642   
4.6847662341242744   0.82970391306391791   0.00044483596599698689   
4.697725476818948   0.74096418656637683   0.00037161274589919533   
4.7106847195136208   0.63209136855571905   0.00020147087643841818   
4.7236439622082935   0.53995814975780374   0.00024230179894506535   
4.7366032049029663   0.51297641258702629   0.00046030832157342514   
4.7495624475976399   0.58109202606063076   0.00064231585390983685   
4.7625216902923126   0.71737353361411815   0.0004566319137016896   
4.7754809329869854   0.85829685247824181   7.5180944246038413e-05   
4.7884401756816581   0.99763703750880887   0.00026861964104251355   
4.8013994183763318   1.2463837132844544   0.00033029507420778009   
4.8143586610710045   1.6085218476766209   0.00027342485844491864   
4.8273179037656773   1.8386706227458781   0.00037924721896638996   
4.84027714646035   2.0196006338731831   0.00095467255938060857   
4.8532363891550228   2.1140417410116738   0.0017591796767264774   
4.8661956318496964   2.0006158457456237   0.0016125842225335543   
4.8791548745443691   1.7641260650251023   0.00060636026709755379   
4.8921141172390419   1.5352737304557812   0.00056273497004401593   
4.9050733599337146   1.3873778773968416   0.0012911128411316497   
4.9180326026283883   1.3422368089771786   0.001588241045999287   
4.930991845323061   1.3572908576145114   0.0017433319281414644   
4.9439510880177338   1.3388051556680051   0.0013560807992034587   
4.9569103307124065   1.2158729084907845   0.00060411867799572665   
4.9698695734070801   1.0367638718856193   0.00067754037121259926   
4.9828288161017529   0.9446207483590301   0.0012943101048764643   
4.9957880587964256   1.025809479787763   0.0016966258700188571   
5.0087473014910984   1.2207174699334677   0.0016795953558014442   
5.021706544185772   1.4150061743519931   0.0011350228657499108   
5.0346657868804447   1.5856131400085017   0.00037274716177127526   
5.0476250295751175   1.7948111459286008   0.00022784528614357607   
5.0605842722697902   2.0130527171543271   0.00074610776789223668   
5.0735435149644639   2.0484130243480696   0.001319384314195504   
5.0865027576591366   1.841936642034867   0.0024389321110625296   
5.0994620003538094   1.660830512241984   0.003331413643512604   
5.1124212430484821   1.6757856424474667   0.0029891891861443028   
5.1253804857431557   1.6396468619089337   0.0010355487087428341   
5.1383397284378285   1.3124961719509172   0.0013576984661514232   
5.1512989711325012   0.84432736779684778   0.0022046883726483307   
5.164258213827174   0.49997876728429503   0.0015425443943256678   
5.1772174565218467   0.41722785389749301   0.00053428817579581766   
5.1901766992165204   0.57708097377317652   0.00075924523245375102   
5.2031359419111931   0.84777453097694967   0.00057594602729723388   
5.2160951846058659   1.0800514965419752   0.00040026911065175606   
5.2290544273005386   1.2159872542567336   0.001068796499634665   
5.2420136699952122   1.2648247371737991   0.0013282581649747292   
5.254972912689885   1.2257463483107031   0.0009926632533927396   
5.2679321553845577   1.1015218870969453   0.00016763714815435548   
5.2808913980792305   0.93209293856826534   0.0010462506309502877   
5.2938506407739041   0.76656683093368296   0.0011500219260604657   
5.3068098834685768   0.64826998248369971   0.00052663869593196016   
5.3197691261632496   0.65139811514755217   0.00051069299752493533   
5.3327283688579223   0.87051160393072391   0.00066070397244918253   
5.345687611552596   1.262375870170488   0.00065915276425366385   
5.3586468542472687   1.524379026282499   0.00060831321322813457   
5.3716060969419415   1.4192684858215611   0.00070397048554942464   
5.3845653396366142   1.1523542665892158   0.0012123901920041179   
5.3975245823312878   1.0503558638529707   0.0015650405074932529   
5.4104838250259606   1.1693450618095348   0.0010266146911029017   
5.4234430677206333   1.2866423246048165   0.00085377209428888558   
5.4364023104153061   1.1573065553799675   0.0026165659220160537   
5.4493615531099797   0.95059699775277387   0.0025517387802048639   
5.4623207958046525   0.93269251748652498   0.0013237449399533578   
5.4752800384993252   1.0520658853289189   0.0001333051428227659   
5.488239281193998   1.1400043078580026   0.0011415821201218587   
5.5011985238886707   1.0915938122862394   0.0014458577985559489   
5.5141577665833443   0.90182188277515443   0.0010536655734311841   
5.5271170092780171   0.66346873535236551   0.00055428999531032188   
5.5400762519726898   0.47555491855718206   0.0003558874960316997   
5.5530354946673626   0.37224294420545916   0.00069010154228930591   
5.5659947373620362   0.36349314729459582   0.00083916390548597002   
5.578953980056709   0.4686321281513113   0.0005503879508434855   
5.5919132227513817   0.67595907812505484   0.00015667805387048469   
5.6048724654460544   0.90469420681886547   0.00059731432569383137   
5.6178317081407281   1.0408483235515194   0.00078091238999796809   
5.6307909508354008   1.0281188126719922   0.00058851259502313927   
5.6437501935300736   0.88672138390542301   0.00040819385743376065   
5.6567094362247463   0.66676788043709407   0.00037520095170801546   
5.6696686789194199   0.46622033531306476   0.0003818151419455579   
5.6826279216140927   0.38900020557383059   0.00035490879001401896   
5.6955871643087654   0.47044623036594999   0.00039768742528846978   
5.7085464070034382   0.69842730778500385   0.00025391706066545502   
5.7215056496981118   0.71767900560166705   0.00040315667034784152   
5.7344648923927846   0.5056152903926477   0.00073978772843000621   
5.7474241350874573   0.28419939014697749   0.00063129363221155567   
5.7603833777821301   0.18324461623791679   0.0003107037708748577   
5.7733426204768037   0.2296122363585075   0.00023056827717076905   
5.7863018631714764   0.38418100583005512   0.00015353903854060455   
5.7992611058661492   0.58820099252744384   0.00030839644154554155   
5.8122203485608219   0.78459192654483131   0.00073479126599015543   
5.8251795912554947   0.94818675617318607   0.0010527371015553637   
5.8381388339501683   1.0871764831250801   0.0010157490835393241   
5.8510980766448411   1.2054534989801249   0.00064328279198892347   
5.8640573193395138   1.2903306124708995   0.00022443244539080877   
5.8770165620341865   1.330906305180661   0.00066918910379955306   
5.8899758047288602   1.3229613220517913   0.0010299447309536396   
5.9029350474235329   1.2590267625278183   0.001062605391071532   
5.9158942901182057   1.1190869097090891   0.00076859857810876977   
5.9288535328128784   0.8961392173750673   0.00029270456576922714   
5.941812775507552   0.64781854375701951   0.00050977724551073798   
5.9547720182022248   0.47751197836326693   0.00065179503364824329   
5.9677312608968975   0.45239861491801787   0.00058228662483321372   
5.9806905035915703   0.59166404977151448   0.00041672842632164183   
5.9936497462862439   0.8412404385292343   0.00027571505347785903   
6.0066089889809167   1.2084645516025133   0.00045420150336755071   
6.0195682316755894   1.3681488865421561   0.00059758130259375042   
6.0325274743702622   1.1007064033115866   0.00059173262557221572   
6.0454867170649358   0.81368198443844794   0.00038235335384602391   
6.0584459597596085   0.66514607924997977   0.00024502777872462439   
6.0714052024542813   0.62707521722136068   0.00024189777461492972   
6.084364445148954   0.62247278854945663   0.00054750034328865296   
6.0973236878436277   0.69029438216492221   0.00056879533976849938   
6.1102829305383004   0.8797551081857111   0.00053702045301392326   
6.1232421732329732   1.0936532489353798   0.00045209027873513835   
6.1362014159276459   1.2300099350968837   0.00034481377603607763   
6.1491606586223186   1.2838922921617222   0.00051016443163296338   
6.1621199013169923   1.3949203261318672   0.00087761995327179533   
6.175079144011665   1.5082630028161564   0.001150459854813552   
6.1880383867063378   1.5829195982466706   0.0013135767492137938   
6.2009976294010105   1.6024714589970908   0.0013401222431109971   
6.2139568720956841   1.5802050494374195   0.0012441208817816289   
6.2269161147903569   1.4654632414249607   0.00085364449652072097   
6.2398753574850296   1.2664827911253587   0.00026319029885185282   
6.2528346001797024   1.0527865993180641   0.00097244139799276952   
6.265793842874376   0.8760831355675764   0.0013705249054420662   
6.2787530855690488   0.74603445590561631   0.0014890396357241894   
6.2917123282637215   0.67850218769407214   0.0013993949424343667   
6.3046715709583943   0.68244724563246928   0.0011432057298254592   
6.3176308136530679   0.73600502232666281   0.00063184701880733733   
6.3305900563477406   0.68143981088014059   0.00040189501991313128   
6.3435492990424134   0.5821748911485004   0.00082521521740637576   
6.3565085417370861   0.55918085871774965   0.00085420915467141291   
6.3694677844317598   0.66727275560789644   0.0003622102203949937   
6.3824270271264325   0.91973970115150215   0.0014076117608940926   
6.3953862698211053   1.2248872491214593   0.0021240339029283871   
6.408345512515778   1.312027161148736   0.00066662516464788013   
6.4213047552104516   1.1787667446887136   0.00044584447139772851   
6.4342639979051244   1.0402011101978601   0.00026590087999994013   
6.4472232405997971   0.94366941448584367   0.00028417542522696564   
6.4601824832944699   0.81926574277716435   0.00052825067136841322   
6.4731417259891426   0.69897711954993691   0.00064616896348869631   
