1.086001   1.4e-06   8.4590516936330136e-07   
1.0860030000000001   4e-07   4e-07   
1.0860050000000001   0   0   
1.0860070000000002   6e-07   4.2687494916218991e-07   
1.086009   2e-07   2e-07   
1.0860110000000001   0   0   
1.0860130000000001   6e-07   6e-07   
1.0860150000000002   2e-07   2e-07   
1.086017   0   0   
1.0860190000000001   0   0   
1.0860210000000001   1e-06   6.8313005106397323e-07   
1.0860230000000002   8e-07   8e-07   
1.086025   0   0   
1.0860270000000001   0   0   
1.0860290000000001   6e-07   4.2687494916218991e-07   
1.086031   2e-07   2e-07   
1.086033   0   0   
1.0860350000000001   1e-06   6.8313005106397323e-07   
1.0860370000000001   0   0   
1.086039   0   0   
1.086041   0   0   
1.0860430000000001   0   0   
1.0860450000000001   0   0   
1.086047   0   0   
1.086049   2e-07   2e-07   
1.0860510000000001   0   0   
1.0860530000000002   0   0   
1.086055   2e-07   2e-07   
1.0860570000000001   2e-07   2e-07   
1.0860590000000001   2e-07   2e-07   
1.0860610000000002   2e-07   2e-07   
1.086063   4e-07   4e-07   
1.0860650000000001   2e-07   2e-07   
1.0860670000000001   0   0   
1.0860690000000002   2e-07   2e-07   
1.086071   0   0   
1.0860730000000001   6e-07   6e-07   
1.0860750000000001   2e-07   2e-07   
1.0860770000000002   2e-07   2e-07   
1.086079   8e-07   8e-07   
1.0860810000000001   0   0   
1.0860830000000001   0   0   
1.086085   6e-07   6e-07   
1.086087   0   0   
1.0860890000000001   6e-07   6e-07   
1.0860910000000001   2e-07   2e-07   
1.086093   2e-07   2e-07   
1.086095   2e-07   2e-07   
1.0860970000000001   1e-06   6.8313005106397323e-07   
1.0860990000000001   0   0   
1.086101   8e-07   8e-07   
1.086103   6e-07   4.2687494916218991e-07   
1.0861050000000001   0   0   
1.0861070000000002   8e-07   8e-07   
1.086109   2e-07   2e-07   
1.086111   0   0   
1.0861130000000001   0   0   
1.0861150000000002   2e-07   2e-07   
1.086117   0   0   
1.0861190000000001   2e-07   2e-07   
1.0861210000000001   0   0   
1.0861230000000002   4e-07   4e-07   
1.086125   2e-07   2e-07   
1.0861270000000001   8e-07   8e-07   
1.0861290000000001   0   0   
1.0861310000000002   4e-07   2.6666666666666667e-07   
1.086133   4e-07   4e-07   
1.0861350000000001   0   0   
1.0861370000000001   2e-07   2e-07   
1.086139   8e-07   6.1101009266077867e-07   
1.086141   4e-07   2.6666666666666667e-07   
1.0861430000000001   1.8e-06   8.1377037438224686e-07   
1.0861450000000001   4e-07   4e-07   
1.086147   0   0   
1.086149   1.6e-06   1.6e-06   
1.0861510000000001   1.2e-06   1.2e-06   
1.0861530000000001   2e-07   2e-07   
1.086155   2e-07   2e-07   
1.086157   0   0   
1.0861590000000001   0   0   
1.0861610000000002   0   0   
1.086163   0   0   
1.086165   0   0   
1.0861670000000001   0   0   
1.0861690000000002   0   0   
1.086171   1.4e-06   1.4e-06   
1.0861730000000001   0   0   
1.0861750000000001   8e-07   6.1101009266077867e-07   
1.0861770000000002   1.2e-06   9.977753031397177e-07   
1.086179   0   0   
1.0861810000000001   0   0   
1.0861830000000001   1.4e-06   9.4516312525052168e-07   
1.0861850000000002   2e-07   2e-07   
1.086187   8e-07   4.4221663871405331e-07   
1.0861890000000001   0   0   
1.0861910000000001   0   0   
1.0861930000000002   0   0   
1.086195   4e-07   4e-07   
1.0861970000000001   6e-07   6e-07   
1.0861990000000001   4e-07   4e-07   
1.086201   4e-07   4e-07   
1.086203   0   0   
1.0862050000000001   6e-07   4.2687494916218991e-07   
1.0862070000000001   6e-07   4.2687494916218991e-07   
1.086209   1e-06   6.8313005106397323e-07   
1.086211   0   0   
1.0862130000000001   1e-06   8.0277297191948637e-07   
1.0862150000000002   0   0   
1.086217   4e-07   4e-07   
1.086219   0   0   
1.0862210000000001   4e-07   4e-07   
1.0862230000000002   4e-07   4e-07   
1.086225   0   0   
1.0862270000000001   4e-07   4e-07   
1.0862290000000001   4e-07   4e-07   
1.0862310000000002   0   0   
1.086233   2e-07   2e-07   
1.0862350000000001   4e-07   2.6666666666666667e-07   
1.0862370000000001   4e-07   4e-07   
1.0862390000000002   0   0   
1.086241   1.2e-06   9.977753031397177e-07   
1.0862430000000001   0   0   
1.0862450000000001   2e-07   2e-07   
1.0862470000000002   1.4e-06   8.4590516936330136e-07   
1.086249   0   0   
1.0862510000000001   0   0   
1.0862530000000001   4e-07   4e-07   
1.086255   2e-07   2e-07   
1.086257   0   0   
1.0862590000000001   2e-07   2e-07   
1.0862610000000001   1e-06   1e-06   
1.086263   8e-07   4.4221663871405331e-07   
1.086265   6e-07   4.2687494916218991e-07   
1.0862670000000001   0   0   
1.0862690000000002   1.2e-06   1.2e-06   
1.086271   0   0   
1.086273   8e-07   6.1101009266077867e-07   
1.0862750000000001   4e-07   2.6666666666666667e-07   
1.0862770000000002   0   0   
1.086279   1e-06   1e-06   
1.0862810000000001   6e-07   4.2687494916218991e-07   
1.0862830000000001   2e-07   2e-07   
1.0862850000000002   4e-07   4e-07   
1.086287   2e-07   2e-07   
1.0862890000000001   6e-07   4.2687494916218991e-07   
1.0862910000000001   4e-07   4e-07   
1.0862930000000002   2e-07   2e-07   
1.086295   0   0   
1.0862970000000001   6e-07   6e-07   
1.0862990000000001   4e-07   4e-07   
1.0863010000000002   0   0   
1.086303   0   0   
1.0863050000000001   2e-07   2e-07   
1.0863070000000001   0   0   
1.086309   4e-07   4e-07   
1.086311   1.2e-06   8e-07   
1.0863130000000001   8e-07   6.1101009266077867e-07   
1.0863150000000001   4e-07   4e-07   
1.086317   0   0   
1.086319   2e-07   2e-07   
1.0863210000000001   0   0   
1.0863230000000001   0   0   
1.086325   1.2e-06   9.977753031397177e-07   
1.086327   1.4e-06   1.1944315244779278e-06   
1.0863290000000001   6e-07   4.2687494916218991e-07   
1.0863310000000002   0   0   
1.086333   4e-07   4e-07   
1.0863350000000001   2.6e-06   1.6069294390925266e-06   
1.0863370000000001   0   0   
1.0863390000000002   0   0   
1.086341   4e-07   4e-07   
1.0863430000000001   0   0   
1.0863450000000001   0   0   
1.0863470000000002   8e-07   6.1101009266077867e-07   
1.086349   0   0   
1.0863510000000001   2e-07   2e-07   
1.0863530000000001   0   0   
1.0863550000000002   0   0   
1.086357   2e-07   2e-07   
1.0863590000000001   0   0   
1.0863610000000001   0   0   
1.086363   2e-07   2e-07   
1.086365   6e-07   6e-07   
1.0863670000000001   1.4e-06   1.1944315244779278e-06   
1.0863690000000001   0   0   
1.086371   6e-07   6e-07   
1.086373   0   0   
1.0863750000000001   0   0   
1.0863770000000001   0   0   
1.086379   0   0   
1.086381   1.2e-06   8e-07   
1.0863830000000001   1.4e-06   1.0349449797506682e-06   
1.0863850000000002   1e-06   1e-06   
1.086387   0   0   
1.086389   6e-07   6e-07   
1.0863910000000001   0   0   
1.0863930000000002   1e-06   1e-06   
1.086395   1e-06   8.0277297191948637e-07   
1.0863970000000001   8e-07   8e-07   
1.0863990000000001   0   0   
1.0864010000000002   4e-07   4e-07   
1.086403   2e-07   2e-07   
1.0864050000000001   0   0   
1.0864070000000001   0   0   
1.0864090000000002   1.4e-06   8.4590516936330136e-07   
1.086411   0   0   
1.0864130000000001   2e-07   2e-07   
1.0864150000000001   6e-07   6e-07   
1.086417   1.2e-06   8e-07   
1.086419   6e-07   6e-07   
1.0864210000000001   4e-07   2.6666666666666667e-07   
1.0864230000000001   2e-07   2e-07   
1.086425   0   0   
1.086427   0   0   
1.0864290000000001   2e-07   2e-07   
1.0864310000000001   0   0   
1.086433   6e-07   4.2687494916218991e-07   
1.086435   0   0   
1.0864370000000001   0   0   
1.0864390000000002   4e-07   4e-07   
1.086441   0   0   
1.086443   0   0   
1.0864450000000001   1.2e-06   8e-07   
1.0864470000000002   0   0   
1.086449   4e-07   4e-07   
1.0864510000000001   4e-07   4e-07   
1.0864530000000001   8e-07   6.1101009266077867e-07   
1.0864550000000002   2e-07   2e-07   
1.086457   4e-07   4e-07   
1.0864590000000001   8e-07   8e-07   
1.0864610000000001   0   0   
1.0864630000000002   1.2e-06   1.2e-06   
1.086465   6e-07   4.2687494916218991e-07   
1.0864670000000001   4e-07   2.6666666666666667e-07   
1.0864690000000001   1.2e-06   1.2e-06   
1.0864710000000002   8e-07   6.1101009266077867e-07   
1.086473   1.4e-06   8.4590516936330136e-07   
1.0864750000000001   8e-07   5.3333333333333333e-07   
1.0864770000000001   0   0   
1.086479   4e-07   2.6666666666666667e-07   
1.086481   6e-07   4.2687494916218991e-07   
1.0864830000000001   0   0   
1.0864850000000001   4e-07   2.6666666666666667e-07   
1.086487   6e-07   4.2687494916218991e-07   
1.086489   6e-07   6e-07   
1.0864910000000001   0   0   
1.0864930000000002   0   0   
1.086495   1.8e-06   1.2806248474865697e-06   
1.086497   0   0   
1.0864990000000001   2e-07   2e-07   
1.0865010000000002   4e-07   4e-07   
1.086503   0   0   
1.0865050000000001   6e-07   6e-07   
1.0865070000000001   6e-07   6e-07   
1.0865090000000002   0   0   
1.086511   2e-07   2e-07   
1.0865130000000001   2e-07   2e-07   
1.0865150000000001   2e-07   2e-07   
1.0865170000000002   1.4e-06   1.0349449797506682e-06   
1.086519   0   0   
1.0865210000000001   4e-07   2.6666666666666667e-07   
1.0865230000000001   0   0   
1.0865250000000002   4e-07   4e-07   
1.086527   1e-06   5.3748384988656998e-07   
1.0865290000000001   0   0   
1.0865310000000001   0   0   
1.086533   1e-06   6.8313005106397323e-07   
1.086535   0   0   
1.0865370000000001   8e-07   8e-07   
1.0865390000000001   1.4e-06   9.4516312525052168e-07   
1.086541   0   0   
1.086543   0   0   
1.0865450000000001   0   0   
1.0865470000000002   8e-07   8e-07   
1.086549   2e-06   1.7888543819998318e-06   
1.086551   1.4e-06   8.4590516936330136e-07   
1.0865530000000001   0   0   
1.0865550000000002   6e-07   6e-07   
1.086557   2.2e-06   1.2806248474865697e-06   
1.0865590000000001   2e-07   2e-07   
1.0865610000000001   4e-07   2.6666666666666667e-07   
1.0865630000000002   8e-07   4.4221663871405331e-07   
1.086565   0   0   
1.0865670000000001   2e-07   2e-07   
1.0865690000000001   0   0   
1.0865710000000002   1e-06   8.0277297191948637e-07   
1.086573   2e-07   2e-07   
1.0865750000000001   0   0   
1.0865770000000001   4e-07   4e-07   
1.0865790000000002   4e-07   4e-07   
1.086581   0   0   
1.0865830000000001   1e-06   6.8313005106397323e-07   
1.0865850000000001   1.6e-06   1.39204086785474e-06   
1.086587   1.2e-06   8e-07   
1.086589   2e-07   2e-07   
1.0865910000000001   2e-07   2e-07   
1.0865930000000001   0   0   
1.086595   2.4e-06   1.1075498483890766e-06   
1.086597   1e-06   8.0277297191948637e-07   
1.0865990000000001   2e-07   2e-07   
1.0866010000000002   1.4e-06   8.4590516936330136e-07   
1.086603   6e-07   4.2687494916218991e-07   
1.086605   0   0   
1.0866070000000001   0   0   
1.0866090000000002   6e-07   6e-07   
1.086611   0   0   
1.0866130000000001   4e-07   4e-07   
1.0866150000000001   0   0   
1.0866170000000002   1.6e-06   1.1850925889754118e-06   
1.086619   2e-07   2e-07   
1.0866210000000001   4e-07   4e-07   
1.0866230000000001   1.2e-06   8e-07   
1.0866250000000002   2e-07   2e-07   
1.086627   0   0   
1.0866290000000001   4e-07   2.6666666666666667e-07   
1.0866310000000001   0   0   
1.0866330000000002   6e-07   4.2687494916218991e-07   
1.086635   2e-07   2e-07   
1.0866370000000001   2e-07   2e-07   
1.0866390000000001   2e-07   2e-07   
1.086641   4e-07   2.6666666666666667e-07   
1.086643   8e-07   5.3333333333333333e-07   
1.0866450000000001   0   0   
1.0866470000000001   2e-07   2e-07   
1.086649   4e-07   4e-07   
1.086651   8e-07   6.1101009266077867e-07   
1.0866530000000001   2e-07   2e-07   
1.0866550000000001   1e-06   1e-06   
1.086657   2e-07   2e-07   
1.086659   6e-07   6e-07   
1.0866610000000001   8e-07   8e-07   
1.0866630000000002   2e-07   2e-07   
1.086665   8e-07   8e-07   
1.086667   6e-07   6e-07   
1.0866690000000001   4e-07   4e-07   
1.0866710000000002   4e-07   4e-07   
1.086673   2e-07   2e-07   
1.0866750000000001   6e-07   6e-07   
1.0866770000000001   4e-07   2.6666666666666667e-07   
1.0866790000000002   6e-07   6e-07   
1.086681   1.2e-06   1.2e-06   
1.0866830000000001   1.8e-06   1.8e-06   
1.0866850000000001   4e-07   2.6666666666666667e-07   
1.0866870000000002   2e-07   2e-07   
1.086689   8e-07   6.1101009266077867e-07   
1.0866910000000001   0   0   
1.0866930000000001   1e-06   6.8313005106397323e-07   
1.086695   8e-07   6.1101009266077867e-07   
1.086697   4e-07   4e-07   
1.0866990000000001   4e-07   4e-07   
1.0867010000000001   0   0   
1.086703   0   0   
1.086705   6e-07   6e-07   
1.0867070000000001   4e-07   4e-07   
1.0867090000000001   8e-07   6.1101009266077867e-07   
1.086711   2e-07   2e-07   
1.086713   1e-06   1e-06   
1.0867150000000001   4e-07   4e-07   
1.0867170000000002   1.6e-06   8.3266639978645309e-07   
1.086719   1.6e-06   1.39204086785474e-06   
1.086721   6e-07   4.2687494916218991e-07   
1.0867230000000001   2e-07   2e-07   
1.0867250000000002   1e-06   6.8313005106397323e-07   
1.086727   0   0   
1.0867290000000001   6e-07   4.2687494916218991e-07   
1.0867310000000001   1.4e-06   6.6999170807472602e-07   
1.0867330000000002   1e-06   1e-06   
1.086735   2e-07   2e-07   
1.0867370000000001   4e-07   2.6666666666666667e-07   
1.0867390000000001   2e-07   2e-07   
1.0867410000000002   6e-07   3.0550504633038933e-07   
1.086743   6e-07   4.2687494916218991e-07   
1.0867450000000001   2e-07   2e-07   
1.0867470000000001   0   0   
1.0867490000000002   8e-07   4.4221663871405331e-07   
1.086751   6e-07   6e-07   
1.0867530000000001   0   0   
1.0867550000000001   0   0   
1.086757   1.2e-06   1.2e-06   
1.086759   1e-06   8.0277297191948637e-07   
1.0867610000000001   1.4e-06   1.0349449797506682e-06   
1.0867630000000001   1.8e-06   1.2092238098144703e-06   
1.086765   6e-07   6e-07   
1.086767   2.8e-06   1.4966629547095766e-06   
1.0867690000000001   0   0   
1.0867710000000002   2e-07   2e-07   
1.086773   8e-07   6.1101009266077867e-07   
1.086775   4e-07   4e-07   
1.0867770000000001   1e-06   8.0277297191948637e-07   
1.0867790000000002   0   0   
1.086781   0   0   
1.0867830000000001   0   0   
1.0867850000000001   1e-06   6.1463629715285915e-07   
1.0867870000000002   2e-07   2e-07   
1.086789   6e-07   6e-07   
1.0867910000000001   1e-06   8.0277297191948637e-07   
1.0867930000000001   4e-07   4e-07   
1.0867950000000002   2.6e-06   1.3012814197295423e-06   
1.086797   2e-07   2e-07   
1.0867990000000001   1.4e-06   8.4590516936330136e-07   
1.0868010000000001   1.8e-06   9.6378881965339735e-07   
1.0868030000000002   6e-07   6e-07   
1.086805   1e-06   6.8313005106397323e-07   
1.0868070000000001   1e-06   6.8313005106397323e-07   
1.0868090000000001   2e-07   2e-07   
1.086811   2e-07   2e-07   
1.086813   4e-07   4e-07   
1.0868150000000001   4e-07   4e-07   
1.0868170000000001   4e-07   2.6666666666666667e-07   
1.086819   2e-07   2e-07   
1.086821   2e-06   9.4280904158206337e-07   
1.0868230000000001   0   0   
1.0868250000000002   1.6e-06   1.39204086785474e-06   
1.086827   1e-06   8.0277297191948637e-07   
1.086829   0   0   
1.0868310000000001   8e-07   8e-07   
1.0868330000000002   2e-07   2e-07   
1.086835   3.2e-06   1.4360439485692011e-06   
1.0868370000000001   1e-06   5.3748384988656998e-07   
1.0868390000000001   8e-07   4.4221663871405331e-07   
1.0868410000000002   1.4e-06   1.4e-06   
1.086843   1.2e-06   9.977753031397177e-07   
1.0868450000000001   1.6e-06   8.8443327742810663e-07   
1.0868470000000001   2e-07   2e-07   
1.0868490000000002   8e-07   4.4221663871405331e-07   
1.086851   1.4e-06   9.910712498212337e-07   
1.0868530000000001   1.6e-06   1.1075498483890766e-06   
1.0868550000000001   2e-07   2e-07   
1.0868570000000002   4e-07   2.6666666666666667e-07   
1.086859   1.8e-06   1.590248058916875e-06   
1.0868610000000001   2e-07   2e-07   
1.0868630000000001   1.2e-06   6.7986926847903798e-07   
1.086865   1.4e-06   7.9162280580252782e-07   
1.086867   1.2e-06   8e-07   
1.0868690000000001   8e-07   5.3333333333333333e-07   
1.0868710000000001   6e-07   3.0550504633038933e-07   
1.086873   8e-07   4.4221663871405331e-07   
1.086875   1.2e-06   5.3333333333333333e-07   
1.0868770000000001   1.6e-06   6.5319726474218083e-07   
1.0868790000000002   8e-07   6.1101009266077867e-07   
1.086881   8e-07   6.1101009266077867e-07   
1.086883   4e-07   2.6666666666666667e-07   
1.0868850000000001   4e-07   2.6666666666666667e-07   
1.0868870000000002   1.2e-06   8.5374989832437982e-07   
1.086889   1.2e-06   6.7986926847903798e-07   
1.0868910000000001   2e-07   2e-07   
1.0868930000000001   1.2e-06   5.3333333333333333e-07   
1.0868950000000002   4e-07   2.6666666666666667e-07   
1.086897   1e-06   5.3748384988656998e-07   
1.0868990000000001   1.2e-06   5.3333333333333333e-07   
1.0869010000000001   1.2e-06   8.5374989832437982e-07   
1.0869030000000002   1.2e-06   6.7986926847903798e-07   
1.086905   6e-07   4.2687494916218991e-07   
1.0869070000000001   8e-07   4.4221663871405331e-07   
1.0869090000000001   1.2e-06   6.7986926847903798e-07   
1.0869110000000002   4e-07   2.6666666666666667e-07   
1.086913   6e-07   4.2687494916218991e-07   
1.0869150000000001   1e-06   5.3748384988656998e-07   
1.0869170000000001   1.2e-06   8.5374989832437982e-07   
1.086919   2.2e-06   1.0934146311237817e-06   
1.086921   1e-06   6.8313005106397323e-07   
1.0869230000000001   4e-07   4e-07   
1.0869250000000001   2e-06   1.2649110640673517e-06   
1.086927   1.2e-06   6.7986926847903798e-07   
1.086929   1.2e-06   8e-07   
1.0869310000000001   2e-06   1.3662601021279465e-06   
1.0869330000000001   1e-06   5.3748384988656998e-07   
1.086935   1.4e-06   1.1944315244779278e-06   
1.086937   1e-06   1e-06   
1.0869390000000001   1.2e-06   6.7986926847903798e-07   
1.0869410000000002   2e-07   2e-07   
1.086943   4e-07   4e-07   
1.0869450000000001   0   0   
1.0869470000000001   8e-07   8e-07   
1.0869490000000002   2e-07   2e-07   
1.086951   6e-07   4.2687494916218991e-07   
1.0869530000000001   6e-07   6e-07   
1.0869550000000001   6e-07   3.0550504633038933e-07   
1.0869570000000002   1e-06   4.4721359549995794e-07   
1.086959   8e-07   6.1101009266077867e-07   
1.0869610000000001   8e-07   6.1101009266077867e-07   
1.0869630000000001   4e-07   2.6666666666666667e-07   
1.0869650000000002   0   0   
1.086967   6e-07   6e-07   
1.0869690000000001   6e-07   6e-07   
1.0869710000000001   3.2e-06   1.7435595774162694e-06   
1.086973   8e-07   6.1101009266077867e-07   
1.086975   8e-07   5.3333333333333333e-07   
1.0869770000000001   0   0   
1.0869790000000001   2e-06   1.3662601021279465e-06   
1.086981   2e-06   8.4327404271156782e-07   
1.086983   2e-07   2e-07   
1.0869850000000001   6e-07   4.2687494916218991e-07   
1.0869870000000001   2e-07   2e-07   
1.086989   1e-06   1e-06   
1.086991   2.4e-06   1.1850925889754118e-06   
1.0869930000000001   4e-07   2.6666666666666667e-07   
1.0869950000000002   4e-07   2.6666666666666667e-07   
1.086997   1.4e-06   8.4590516936330136e-07   
1.086999   1.2e-06   6.1101009266077867e-07   
