0	1	0
1   0.85607000898019283   0.0002304770263453941   
2   0.8589833466096429   0.00021240395256944065   
3   0.86564466083579432   0.000216748965657714   
4   0.86598785384865862   0.00020783147444466208   
5   0.86623063576498123   0.00021051484268304514   
6   0.86640655200286355   0.00021835072623524498   
7   0.86636809016316597   0.00019199726678030871   
8   0.86648257465085102   0.00020160634508655819   
9   0.86663407399442194   0.00021121051581770323   
10   0.86657089954453141   0.00019629051714968984   
