0.23200314144828521   386.06193819771533  0.026885822707353177     
0.46400628289657042   8.0853366197273212  0.0075358630072906009     
0.69600942434485558   37.061878080704198  0.01023935353872927     
0.92801256579314084   8.1231792739824613  0.007389746491828551     
1.1600157072414261   8.9583790668929284  0.0094435526093960341     
1.3920188486897112   7.4791132919237701  0.0080386321569143734     
1.6240219901379964   1.8638138491200957  0.0016342592159652534     
1.8560251315862817   5.9250062785761079  0.0081973905469987927     
2.088028273034567   0.098010255274292374  0.00021113366480202295     
2.3200314144828522   3.9160150422567738  0.009617222814488277     
2.5520345559311375   0.12259628486401518  0.00038370087300637806     
2.7840376973794223   2.1501994497255429  0.0099033663672834332     
3.0160408388277076   0.49567956706938134  0.0024170337090157745     
3.2480439802759928   0.9760015281031734  0.007794901193660377     
3.4800471217242781   0.71712348353113478  0.0063741749354227268     
3.7120502631725634   0.3383969849292193  0.0041428981001895674     
3.9440534046208486   0.74648611978575933  0.01058961737533116     
4.1760565460691339   0.059362080182655654  0.0010080844504467287     
4.4080596875174187   0.6367814797232128  0.013491528207974059     
4.6400628289657044   0.0098760890275040284  6.834859327703799e-05     
4.8720659704139893   0.44995805454662702  0.014205195117500947     
5.104069111862275   0.069406723886696069  0.0021214627034806594     
5.3360722533105598   0.2799479037124543  0.011873422259417426     
5.5680753947588446   0.14808007272767539  0.0066574632908986064     
5.8000785362071303   0.1688795815391975  0.0081286278357196417     
6.0320816776554151   0.27024019688015311  0.013557151472980628     
6.2640848191037009   0.081152939412372842  0.0032878232154706365     
6.4960879605519857   0.52772595628945942  0.02087800438514886     
6.7280911020002714   0.01244807981626086  0.00023991060308081103     
6.9600942434485562   0.9360458833756174  0.027349415481990185     
7.1920973848968419   0.10711648352368719  0.0020545366579889933     
7.4241005263451267   1.4365698702217262  0.029083318037062958     
7.6561036677934116   0.76241916939313699  0.011758610194729081     
7.8881068092416973   1.9843808484218008  0.027095126799597002     
8.120109950689983   3.3405001684668326  0.035953388945854865     
8.3521130921382678   2.5859823982719855  0.02179681341208069     
8.5841162335865526   16.175430209124241  0.10371879395956907     
8.8161193750348374   2.1636123055657498  0.021166221244480421     
9.048122516483124   175.57472649436031  0.9084297336915564     
9.2801256579314089   421.54047526230065  1.7463366900787649     
9.5121287993796937   233.15265920042363  0.84309834129381591     
9.7441319408279785   6.9065149963325772  0.040988156401436158     
9.9761350822762633   25.742001820954865  0.042624516356341875     
10.20813822372455   8.1084525981779425  0.012334263925239291     
10.440141365172835   5.706466173558714  0.012008130135173433     
10.67214450662112   7.2624673014997653  0.012623215629666118     
10.904147648069404   0.90442458658521232  0.0021999844155934978     
11.136150789517689   5.4772243552522584  0.011279203750797864     
11.368153930965976   0.02743639373283336  9.0471736441934959e-05     
11.600157072414261   3.6520529040272606  0.0080450322479687904     
11.832160213862545   0.27467786654156133  0.0010129104108082983     
12.06416335531083   2.180138081418284  0.0035103515607069064     
12.296166496759117   0.73897465143600704  0.0012245117026265191     
12.528169638207402   1.1025444972552119  0.002352361325425335     
12.760172779655687   1.135307442529106  0.002334903636111315     
12.992175921103971   0.39720773884624623  0.00079184441875495919     
13.224179062552256   1.3154423250258114  0.0023226159824995885     
13.456182204000543   0.087076001154968384  0.00040887101309965249     
13.688185345448828   1.2209958744844003  0.002747455244717706     
13.920188486897112   0.10176479071240764  0.00042886483094191162     
14.152191628345397   0.90714990315303148  0.0036296249680260389     
14.384194769793684   0.24803145692978843  0.0010622549517384492     
14.616197911241969   0.55933032324241083  0.0024669341381479836     
14.848201052690253   0.38950821464510536  0.0017182776398997831     
15.080204194138538   0.28289775329724752  0.0019451986331896473     
15.312207335586823   0.47894733697675402  0.0045117930019876068     
15.54421047703511   0.12066886113225886  0.00047368689202581056     
15.776213618483395   0.4832982968445217  0.0064068109664040816     
16.008216759931681   0.076153920465054857  0.0003074305361076327     
16.240219901379966   0.42070463399726606  0.0090371556483864541     
16.472223042828251   0.099539284749294268  0.0013227250487802173     
16.704226184276536   0.32957283980997953  0.0094884239809709827     
16.93622932572482   0.18881107227325042  0.0053434477350323726     
17.168232467173105   0.29486354767871079  0.0099998967852312938     
17.40023560862139   0.62910355242315018  0.01780020502463195     
17.632238750069675   0.33741073117424962  0.0076481232390837998     
17.86424189151796   4.1787715954090758  0.065962986082631645     
18.096245032966248   3.224491790288169  0.081543030965253254     
18.328248174414533   13.2286212446252  0.3674847144918215     
18.560251315862818   49.884607436660099  0.91762296208991879     
18.792254457311103   39.632338159833952  0.49938419449702196     
19.024257598759387   2.7690041138062624  0.024249323681612914     
19.256260740207672   4.7372758685581771  0.039344841375107192     
19.488263881655957   2.6940198365634474  0.019835531765143264     
19.720267023104242   1.0322044804359747  0.0047973170284283079     
19.952270164552527   2.2291587083146303  0.010766534224857535     
20.184273306000815   0.2198198064708292  0.0011081434496351933     
20.4162764474491   1.7464098224915016  0.0089950666399269878     
20.648279588897385   0.10364996960340813  0.00031742711264603621     
20.88028273034567   1.3249110097114602  0.0082387143887825206     
21.112285871793954   0.2321913215504234  0.0016049691571298972     
21.344289013242239   0.90735056452315606  0.0041721512012863716     
21.576292154690524   0.48827642197436125  0.0020275216003876361     
21.808295296138809   0.51382373749322028  0.0024781943040201096     
22.040298437587094   0.74198286645632759  0.0037929426691738408     
22.272301579035378   0.24382960255636983  0.0014037134926841744     
22.504304720483667   0.87000457925805447  0.0045823885039764082     
22.736307861931952   0.16679617694946684  0.00055788735738891435     
22.968311003380236   0.85970446578584658  0.0046735768455535129     
23.200314144828521   0.25950192052815532  0.00081156958808248914     
23.432317286276806   0.74090107050317362  0.0035267220777930984     
23.664320427725091   0.39883078543958782  0.0013546279635123413     
23.896323569173376   0.56590985579832048  0.0039697937401451973     
24.128326710621661   0.53875942204117048  0.0032660530696753648     
24.360329852069945   0.39259253876657209  0.0017691353708644949     
24.592332993518234   0.65417529355301144  0.0045658065749130872     
24.824336134966519   0.25572631959526915  0.001093092550779374     
25.056339276414803   0.68081093894657299  0.0048579218484629886     
25.288342417863088   0.21384795413085511  0.00071097987390635773     
25.520345559311373   0.63152373772786183  0.0051127091734465956     
25.752348700759658   0.27012445065513218  0.00098438438325097645     
25.984351842207943   0.50329988055203663  0.004310293608772658     
26.216354983656228   0.42063570611608253  0.0044388448834565837     
26.448358125104512   0.40673991543182146  0.00291797648369057     
26.680361266552801   0.68841487670622195  0.0093773918352212008     
26.912364408001086   0.48650939736945648  0.0042248978399674929     
27.14436754944937   1.7310392015617333  0.041574907039153989     
27.376370690897655   3.8206557901689153  0.052717442860370919     
27.60837383234594   4.6098100829448696  0.036068102179766413     
27.840376973794225   3.5109566113851444  0.044169254013782384     
28.07238011524251   2.8063771010443641  0.067834326902722687     
28.304383256690794   1.0040179063399557  0.01547813314587923     
28.536386398139079   0.86255895735960881  0.0051410324987241877     
28.768389539587368   0.71963904658061973  0.0049513061234677552     
29.000392681035652   0.45092577556299976  0.003456710390230263     
29.232395822483937   0.67783313978084011  0.0068039754228619612     
29.464398963932222   0.28132521548664672  0.00094756944486866505     
29.696402105380507   0.66518514066335754  0.004703445505704429     
29.928405246828792   0.24697351992099753  0.0010878419365513306     
30.160408388277077   0.59259871106720315  0.0068595940739532192     
30.392411529725361   0.3170562922860168  0.0017778538374326715     
30.624414671173646   0.48076093280312073  0.0045212661742847734     
30.856417812621935   0.43614340433762976  0.0023125039261701183     
31.088420954070219   0.37792559066649645  0.0021904693086666327     
31.320424095518504   0.53514499806872874  0.0034094054160324351     
31.552427236966789   0.30673214639974213  0.00093450580401388209     
31.784430378415074   0.61367502322540847  0.0041962454458007021     
32.016433519863362   0.32056240291138937  0.00075222863148642434     
32.248436661311644   0.65923837332466938  0.0058470597794098519     
32.480439802759932   0.46091937858626401  0.0018088506649652826     
32.712442944208213   0.67875698508901939  0.0051643891621938176     
32.944446085656502   0.58994397760374587  0.0020131071573069684     
33.176449227104783   0.63472364894236079  0.0027331010113129609     
33.408452368553071   0.67510642926781436  0.0033641898635651986     
33.640455510001352   0.5417039573723045  0.0024477838585119293     
33.872458651449641   0.73794398170143595  0.0049534093932927411     
34.104461792897929   0.45062310361027627  0.0017554250458336351     
34.33646493434621   0.75948189619358538  0.006420246732919173     
34.568468075794499   0.44659781523915911  0.0019252001285090792     
34.80047121724278   0.75036576576624519  0.0043844611187500669     
35.032474358691069   0.52298421434263795  0.0019413634143045371     
35.26447750013935   0.70910744133851472  0.0071726381275825512     
35.496480641587638   0.69897861000605432  0.0052519188965435234     
35.728483783035919   0.68087331235727333  0.0074428471391825582     
35.960486924484208   1.1096981176671601  0.015479472880097524     
36.192490065932496   0.63051164894991476  0.0033389187600103637     
36.424493207380777   3.5738112637501468  0.074964389701854524     
36.656496348829066   4.625137123650914  0.13715881067465699     
36.888499490277347   3.530228009413635  0.058986133046286001     
37.120502631725635   4.8187612337712223  0.075775785002776065     
37.352505773173917   3.5298042319454019  0.056164530240218492     
37.584508914622205   1.0649405836067838  0.0092898039511638108     
37.816512056070486   1.0154994757453783  0.010903880456370639     
38.048515197518775   0.7794965646035191  0.0057486031959755522     
38.280518338967063   0.58678935239780134  0.0025737436983546285     
38.512521480415344   0.69690249475057476  0.0058498530238391341     
38.744524621863633   0.47236063171178723  0.0012894672462035143     
38.976527763311914   0.64983148490206485  0.0024760269575654286     
39.208530904760202   0.47081671990200722  0.0015861586198153987     
39.440534046208484   0.59313004491527314  0.0027323135422112846     
39.672537187656772   0.50213873888714606  0.0013595779977358675     
39.904540329105053   0.5438893873097066  0.0025546041570861586     
40.136543470553342   0.55401486279254781  0.0020091973749793679     
40.36854661200163   0.50341490359706265  0.0016818506940933635     
40.600549753449911   0.59911543442042049  0.0029173978794018921     
40.8325528948982   0.47006850252757012  0.0014134421812455891     
41.064556036346481   0.6591063200381471  0.0027264797665903013     
41.296559177794769   0.52908647377278654  0.0012312153647629023     
41.528562319243051   0.71669580874175087  0.0047587188162109834     
41.760565460691339   0.68651885253732687  0.0026414316848607384     
41.99256860213962   0.77517226164405444  0.0039236244319620011     
42.224571743587909   0.78824030936940902  0.0027028403109861245     
42.456574885036197   0.78579335641285711  0.0019724066119944824     
42.688578026484478   0.83153078328323995  0.0038952707393263285     
42.920581167932767   0.73217454481870893  0.0033735314719926251     
43.152584309381048   0.86369421086386431  0.0049692831041619036     
43.384587450829336   0.67523000030627524  0.0026558563428080172     
43.616590592277618   0.88474832838153935  0.0070515813442616256     
43.848593733725906   0.68641411590901592  0.0030112417946021866     
44.080596875174187   0.90341264108379642  0.0070488662932615074     
44.312600016622476   0.75596312459036253  0.0035932394749973297     
44.544603158070757   0.8940773280839958  0.006063380564997639     
44.776606299519045   1.0009723907932  0.0078509024056601049     
45.008609440967334   0.85009746977137283  0.0060315226862280393     
45.240612582415615   1.7421708330753778  0.022743898650872315     
45.472615723863903   0.86322480533353758  0.0046503221054822005     
45.704618865312185   7.6677081572299124  0.14491802961865383     
45.936622006760473   15.75015344146217  0.30803995297510517     
46.168625148208754   8.898200907888158  0.16357340218373682     
46.400628289657043   2.3124403311928943  0.026731703999812705     
