0.44213184308663317   80.998783234537748  0.025537223173062173     
0.88426368617326634   1.0311431726708471e-06  1.5148035769888501e-09     
1.3263955292598995   8.9740243235801788  0.025585891805613125     
1.7685273723465327   1.4609254970450096e-06  1.5622029732767272e-09     
2.2106592154331657   3.2668734306043624  0.025695440853749175     
2.6527910585197989   2.9717675401146485e-06  1.7745904499335565e-09     
3.0949229016064321   1.7804459059422346  0.025867624920165885     
3.5370547446930654   9.1241034433762009e-06  1.1621314428011562e-08     
3.9791865877796986   1.3027979138599963  0.02613158545781732     
4.4213184308663314   2.5292679434476569e-05  3.1350610097717152e-08     
4.8634502739529646   1.2898182265370004  0.026514003800879758     
5.3055821170395978   2.8800714337771099e-05  3.6141610602637316e-08     
5.747713960126231   1.7382191987175574  0.027126151284868781     
6.1898458032128643   2.4236500862213795e-05  2.8160687534263096e-08     
6.6319776462994975   3.1817558293316158  0.028169037865726133     
7.0741094893861307   2.858230224530801e-05  2.2412224735847165e-08     
7.5162413324727639   8.79542826170756  0.030498855422140745     
7.9583731755593972   8.103673906260692e-05  1.1560613428943717e-07     
8.4005050186460295   80.236499780572589  0.041559670517555171     
8.8426368617326627   199.29103452524841  0.00024081000389574153     
9.2847687048192959   81.192284804013089  0.0094738067749964757     
9.7269005479059292   0.00015467994384615782  2.1670878157169986e-07     
10.169032390992562   9.0945985418520747  0.020382112923234871     
10.611164234079196   7.2621853653463323e-05  8.1046107195069626e-08     
11.053296077165829   3.3344310856062635  0.022922985797913185     
11.495427920252462   6.815000510610015e-05  3.4636227307134984e-08     
11.937559763339095   1.8157544610053578  0.024307515131509648     
12.379691606425729   0.00011307896234152445  1.1300485691081728e-07     
12.821823449512362   1.3124905529797513  0.025430177152184492     
13.263955292598995   0.00027073020945244594  2.9345899239133675e-07     
13.706087135685628   1.2738889954700503  0.026570505201986536     
14.148218978772261   0.00032277373890595969  3.7575102453004588e-07     
14.590350821858895   1.6900555104406539  0.02806012960802793     
15.032482664945528   0.00025784174414273596  3.593035091220649e-07     
15.474614508032161   3.0809145180964197  0.030298810008988988     
15.916746351118794   0.00024164921355991919  1.3536411148789206e-07     
16.358878194205428   8.562560916175214  0.03502967818816938     
16.801010037292059   0.00042787654483828184  5.4599967303787736e-07     
17.243141880378694   78.92142719623577  0.057144311435688863     
17.685273723465325   197.17937120840658  0.00095420817699668772     
18.12740556655196   80.813294595812637  0.0072877533542232003     
18.569537409638592   0.0007647292681749729  9.9448463981675175e-07     
19.011669252725227   9.1548038519569651  0.014995251002065811     
19.453801095811858   0.00041497090460419278  4.4122296613516443e-07     
19.895932938898493   3.3831408946982529  0.019904942243078055     
20.338064781985125   0.00037470236084034463  3.066558892643406e-07     
20.78019662507176   1.8434896878733324  0.022476708832898836     
21.222328468158391   0.00046983303918332993  4.0242411892731771e-07     
21.664460311245026   1.318783334509504  0.024425208220116556     
22.106592154331658   0.00098648672002177044  9.9483770119237146e-07     
22.548723997418293   1.2555574774894915  0.02630287966156506     
22.990855840504924   0.0013099295900832673  1.4708382301965204e-06     
23.432987683591559   1.6372231800446455  0.028655112009206808     
23.875119526678191   0.0011000013865522111  1.606583555181043e-06     
24.317251369764826   2.9666669536144705  0.032049074863386815     
24.759383212851457   0.00098110766324261639  5.1871839798081803e-07     
25.201515055938092   8.280443093128029  0.039100508769211215     
25.643646899024723   0.0013251055221785169  1.4774839914379324e-06     
26.085778742111358   77.08127933793366  0.072004611656968896     
26.52791058519799   193.71015975228662  0.002113543823483202     
26.970042428284625   79.870497938434497  0.022774710304004374     
27.412174271371256   0.0022888773043309769  2.7719801900440797e-06     
27.854306114457891   9.1537667534674986  0.0095705369540942461     
28.296437957544523   0.00144307289050976  1.4576993121151519e-06     
28.738569800631154   3.4122970855750269  0.016702032964024833     
29.180701643717789   0.0013399943226974767  1.3105314802607517e-06     
29.622833486804421   1.8633354585559383  0.020413155570549155     
30.064965329891056   0.0014712861215288909  1.3912565228907311e-06     
30.507097172977687   1.3217824259823246  0.023140055175154025     
30.949229016064322   0.0025990827616642007  2.7647990407666282e-06     
31.391360859150954   1.2355460085409179  0.025721493558626555     
31.833492702237589   0.0036379996199803349  4.0419578969818096e-06     
32.27562454532422   1.5812153359209981  0.02890544596080446     
32.717756388410855   0.0031788079914485797  4.688287201060596e-06     
33.15988823149749   2.8417149336916456  0.033394240292320494     
33.602020074584118   0.0028065158744796276  1.5875207291525516e-06     
34.044151917670753   7.9551762359182873  0.042647338537635501     
34.486283760757388   0.0032753642991125245  3.2727034615581318e-06     
34.928415603844023   74.754507853849218  0.085884127130369981     
35.370547446930651   188.95684566300137  0.0036758597709612503     
35.812679290017286   78.384634081443718  0.037805511009245467     
36.254811133103921   0.0053744193779722928  6.1245184962901431e-06     
36.696942976190556   9.0920918124274985  0.0044814902946875959     
37.139074819277184   0.0037696693641036822  3.6513058257155339e-06     
37.581206662363819   3.4217759085619253  0.013382533452860524     
38.023338505450454   0.0035987027665832825  3.7891384235593466e-06     
38.465470348537089   1.8753023884951155  0.018160837235487768     
38.907602191623717   0.0037284331174454818  3.8239652695989568e-06     
39.349734034710352   1.3217879415478424  0.021605185112195437     
39.791865877796987   0.0056927980412971655  6.601760879279232e-06     
40.233997720883622   1.214700734900507  0.024844803333085458     
40.67612956397025   0.0081203974900898054  8.9963260643672164e-06     
41.118261407056885   1.5236686594728196  0.028814218458424789     
41.56039325014352   0.0072919021128169503  1.0722099757186431e-05     
42.002525093230155   2.7090242533010219  0.03431929993447665     
42.444656936316782   0.0064406364709619256  3.9264889434904748e-06     
42.886788779403417   7.5937072426717271  0.04562090354280717     
43.328920622490052   0.0069469532684218264  6.4407069436024586e-06     
43.77105246557668   71.98894695433749  0.098555942345438641     
44.213184308663315   183.01856061336729  0.0055839791167852229     
