0.00159387686474508   -0.0105115697736179   53.0173868210857   0.0500226049323236
0.101625582925276   -0.0104769263536693   85.7000442737484   0.0500207908375911
0.201557741925248   -0.0105116574408882   91.9776421273015   0.0500781874223778
0.301548656844877   -0.010550426010881   94.4981920987743   0.0500786634351148
0.401521100025383   -0.0106315454906609   72.1263125270318   0.0500170982129553
-0.498679579489317   -0.0106849507852177   75.213409893825   0.0500472735458408
-0.398645547158274   -0.0107302005943999   62.8037310198895   0.0501455208457371
-0.298520126706364   -0.0106817307791984   30.4587283725037   0.0500233331622125
-0.198293202609163   -0.0105607764281172   40.7413023407398   0.0500047803108705
-0.0983691859729   -0.0105813499266969   72.8069617537674   0.050018267015417
0.0517564160823763   0.0895705551873757   44.9629963047826   0.050024911056237
0.151711131828382   0.0895741660367394   82.9550390779482   0.0500000064259699
0.251720864444677   0.0894155312601932   46.3224031126986   0.0500984949263796
0.351724938386962   0.0893312740230508   57.707368185306   0.0500107344309225
0.451708848313384   0.0893564193798629   70.5562212481405   0.0500358167071786
-0.448263555113824   0.0892597354762199   63.3167274337323   0.0500002605951263
-0.348313825943028   0.0893432717879269   61.9244276264614   0.0500143701910676
-0.248369606929516   0.0893088127707749   68.8590433264531   0.0500455068293984
-0.148352961844702   0.0893901722812897   46.283709316671   0.0500914241080422
-0.0482642464863901   0.0894897085909522   66.7880594223392   0.0500187875660238
0.101849439165969   0.189698645854298   43.944293304098   0.0500321636504244
0.201886822324119   0.189462171968929   75.9009894227408   0.050019839626257
0.301844986495984   0.18941387233815   73.7438786831639   0.050011091729104
0.401852131042567   0.189233686336747   81.8361535988492   0.050023155623042
0.501885723157244   0.189237571867807   84.9576182544965   0.0500042763669726
-0.398075244632598   0.189319212353183   69.5051114203006   0.0500507491328171
-0.297995580882088   0.189349685474869   88.429037141213   0.0500675710280863
-0.19816952836608   0.189281332294082   114.822980733182   0.0500019833312426
-0.0981983837083937   0.189343617091143   68.4120701756867   0.0500146227858826
0.00178139713232847   0.189516098910823   68.2671160616892   0.0500030376234069
0.151949468418738   0.289552577990343   126.248568205129   0.0500499353168628
0.252010947543939   0.289493770451518   41.6348749788036   0.0500075164361016
0.352090823490965   0.289276765323789   84.121134526583   0.0500623838224014
0.451998312075025   0.289198591369574   94.6675038037329   0.0500223918169119
0.552017029679406   0.289176490368988   68.3695691613352   0.0500130865805118
-0.348056697142827   0.289332526054274   67.0826258719123   0.0500524072270657
-0.248084003800127   0.289361562674662   63.5155203130893   0.0500210726951886
-0.148049759239489   0.289189771730801   74.0586063157532   0.0500005351403341
-0.0480332680874332   0.289379505148353   64.1200959008257   0.0500124929958077
0.051952924658104   0.289453321818758   73.0170601098314   0.0500125314775712
0.201892610003813   0.389382421693359   103.489246954491   0.0500043077083013
0.301944805748535   0.389427824727114   98.2328792069979   0.0500527423310091
0.40198139497606   0.389412337537443   114.922144941558   0.0500273052841624
0.502054954329318   0.389199303221723   91.5637011625178   0.0500560460872157
0.60205240800827   0.389322357447707   81.0995399166146   0.0500332493395754
-0.297961349615497   0.389433812736466   65.4820045368858   0.0500405768955663
-0.197870353079844   0.38926046730001   93.4251863790875   0.0501021679444932
-0.0979119375415241   0.389248996706479   70.4394499211193   0.0500006142596783
0.00207197899683407   0.389553228666248   93.6158888614497   0.0500236069386542
0.101935597832096   0.389706119077709   84.0920650343114   0.0500401814415195
0.251967756079644   0.489521742203823   56.5388259457618   0.0500787221674771
0.352017333720503   0.489469494666721   79.9585676336904   0.0500278372841856
0.452090582961165   0.48935044851028   94.5815410404708   0.0500583794182642
0.552092794047241   0.489418970140503   90.6341720489528   0.050012907605233
0.652164086843409   0.489409248020207   59.1579279762034   0.050007048957162
-0.247769194853106   0.489394538000689   77.2946667486425   0.0500404618273694
-0.147912608406466   0.48924197899119   87.1291718849507   0.0500713939631456
-0.0480307405577334   0.489560336338107   63.0895566709628   0.050007104898441
0.0520653808419718   0.489639243273265   71.7085367891496   0.0500220098940516
0.152105083555155   0.489517627124019   109.476894893696   0.0500050042932539
-0.198432416227527   -0.410554661939518   80.0514880877961   0.0500531240571425
-0.0984443364092898   -0.410617504068828   108.747576071962   0.0500437592848305
0.00142729306540082   -0.410519646904241   113.110981744086   0.0500046528290383
0.101406664131628   -0.410663894346867   106.32728366293   0.050039213186235
0.201384089799545   -0.410545451810667   125.903453876995   0.0500724476578763
-0.69843839921767   -0.410529835233745   90.299007253896   0.0500134173371126
-0.598471423291618   -0.410551500821602   67.5636561917997   0.0500343143507876
-0.498439346302201   -0.410466184437151   63.8214178976566   0.0500227449798655
-0.398349806805572   -0.410441091570448   65.7881644700317   0.0500053990643527
-0.29840819021447   -0.410580963706857   95.8325670789662   0.0500292281923916
-0.148438137819986   -0.310442726531959   48.7738745886883   0.050002827248333
-0.0484661594636151   -0.310517112475144   101.795919736643   0.0500175955845197
0.0514642008310585   -0.310678857980292   72.724626412198   0.0500284177472474
0.151423833632852   -0.310598011619434   99.8806719338931   0.0500148293046602
0.251416553165884   -0.310599059794735   90.4708846613899   0.0500055674578408
-0.648552693727714   -0.31047581660456   92.0300178496317   0.0500666026728567
-0.548485211019352   -0.310570525864852   18.7088165410875   0.0501247124747315
-0.448377401756178   -0.310567740472488   71.8083406368407   0.0500088958074378
-0.348443195848159   -0.310279142450711   90.2516757890403   0.0500058290569241
-0.248529163465025   -0.31057984254544   98.9730275406976   0.0500135332387863
-0.0984796061305404   -0.210451906645024   106.130025125718   0.0500032050541804
0.00151155723044079   -0.210718424950433   98.3323860911092   0.0500421707717509
0.10139139200962   -0.210530697669425   99.3837099788349   0.0500601806055066
0.201327340992562   -0.210582078457753   70.4519817273127   0.0500041351649203
0.301352546581769   -0.210622145452292   17.5302218299993   0.050002030827138
-0.598529894016233   -0.210695362562186   111.665889564702   0.0500653643125599
-0.498522482067451   -0.210597368475438   134.316850104065   0.0500336550223033
-0.398442062674763   -0.210445288376848   58.9068603003178   0.0500069568710557
-0.298444943982162   -0.210490352552339   148.91189380014   0.0501241163641007
-0.198457432272543   -0.21059069300064   70.7055947512424   0.0500055895099035
-0.0484563979757337   -0.110642786260661   83.4768727561113   0.0501096549204397
0.0515720152215543   -0.11048355295142   76.1031901082549   0.0500077888160921
0.15146482405135   -0.110568361692913   72.8594957837527   0.0500060547778574
0.251484798336952   -0.110560675988276   79.1849596148789   0.0500125902702158
0.351341139638241   -0.11064196663568   99.5236078216528   0.0500124735597475
-0.548672316558821   -0.11076908975713   81.2532878599931   0.0500062553659716
-0.448710617161944   -0.110735453576905   96.5053836401981   0.0500121241513029
-0.348583788879654   -0.110493613263213   150.99656351618   0.0500622859388107
-0.248534968708143   -0.110498453282367   63.6038075928276   0.0500263475521657
-0.148529736302809   -0.110533563249569   65.1609544391129   0.0500492847799027
