0.4848420195558783   0.016028390694500083  3.9941223491109237e-05     
0.9696840391117566   0.018846736620266594  5.4794423682941943e-05     
1.454526058667635   0.017462530210172685  4.3668072616786031e-05     
1.9393680782235132   0.024104802338820076  6.0614679162030768e-05     
2.4242100977793917   0.033750745241129822  9.0986398517607583e-05     
2.9090521173352699   0.052483353811590066  0.00013215528499707664     
3.3938941368911482   0.09067060868901502  0.00021987504396109034     
3.8787361564470264   0.26971442374241977  0.00077214580115133086     
4.3635781760029051   0.99313741073418114  0.0020884511590545638     
4.8484201955587833   94.859459798283581  0.011630601045470357     
5.3332622151146616   2.3489248875716673  0.0063588588920016141     
5.8181042346705398   0.68971313087748861  0.0019155784764246948     
6.3029462542264181   0.30983801022681867  0.00075129427033978345     
6.7877882737822963   0.27691696590472259  0.00064388555821676569     
7.2726302933381746   0.27524466455877172  0.00069401795155072588     
7.7574723128940528   0.32732852902294104  0.00076525717330056825     
8.2423143324499311   0.4599703830167468  0.0010006846046453755     
8.7271563520058102   1.1098010882995131  0.0029722643792604883     
9.2119983715616875   3.1089514310065297  0.0046962398534254237     
9.6968403911175667   80.75371843480464  0.040634396996979465     
10.181682410673444   9.6627285926508739  0.026746134834879546     
10.666524430229323   2.1333817240620533  0.0051940034731813219     
11.151366449785201   0.8203089129322836  0.0018649306735721897     
11.63620846934108   0.69055981588981763  0.0013471885944976449     
12.121050488896957   0.62481532177130404  0.0013613800880028672     
12.605892508452836   0.68305018785786524  0.0013554371437902119     
13.090734528008714   0.89583030648177379  0.001572920848816626     
13.575576547564593   1.9726535351216375  0.0047681189905704018     
14.06041856712047   4.6075617544916749  0.0033123382195223669     
14.545260586676349   61.160891341341595  0.072460802988865303     
15.030102606232226   22.232738286782338  0.059699947421813789     
15.514944625788106   3.7205599048839475  0.0067841047568448741     
15.999786645343985   1.2603242124215504  0.0029146146303769718     
16.484628664899862   1.056069263729719  0.0015282673835682949     
16.969470684455739   0.89307229109384014  0.0015470451388076018     
17.45431270401162   0.92134105577934946  0.0014274149015413916     
17.939154723567498   1.1526304361892341  0.0014885737795746204     
18.423996743123375   2.3844600296317234  0.0053944683086995465     
18.908838762679252   4.6977245008319329  0.004414854772827705     
19.393680782235133   40.515152221093216  0.09146793840519051     
19.878522801791011   38.499083678354431  0.09484670942824501     
20.363364821346888   4.6368666495009224  0.0043344774039816101     
20.848206840902765   1.3726449125664714  0.0043245401405232885     
21.333048860458646   1.1937096896069666  0.0015017145459018158     
21.817890880014524   0.94240374876266847  0.0014923617937817412     
22.302732899570401   0.92247709844892867  0.0014478515206518791     
22.787574919126278   1.1068957574659919  0.0016824403551485976     
23.272416938682159   2.1853820733772363  0.0057889343763697646     
23.757258958238037   3.572960307379324  0.010174316621280915     
24.242100977793914   22.771690196288169  0.088728947204693165     
24.726942997349795   55.34390011234837  0.1164185771729945     
25.211785016905672   4.3472854826314235  0.0061582306992797468     
25.69662703646155   1.0979753265354877  0.0059822653864702896     
26.181469056017427   1.0510088089388602  0.0024045145764494405     
26.666311075573308   0.76084052256484198  0.0020026258108519566     
27.151153095129185   0.70440548892023997  0.0020461279199302443     
27.635995114685063   0.81068337763036313  0.0025444136311923151     
28.12083713424094   1.5485718581234009  0.0063018021643085899     
28.605679153796821   2.008146354225008  0.012062618964876267     
29.090521173352698   10.311819673471756  0.065953475184401744     
29.575363192908576   69.026283175917995  0.11072820269635496     
30.060205212464453   2.9870989417326553  0.013110992490409207     
30.545047232020334   0.62936744110723676  0.0060970017830131885     
31.029889251576211   0.72322174715552784  0.003151000378329345     
31.514731271132089   0.46085649042142338  0.0023546917987979858     
31.99957329068797   0.39975664122423222  0.0022470776974159323     
32.484415310243847   0.44016149795331198  0.0026657206456241879     
32.969257329799724   0.82509591142218069  0.0056240717906451939     
33.454099349355602   0.81101319114425507  0.0082565551606501068     
33.938941368911479   3.5595339959722385  0.034052972881219692     
34.423783388467356   76.409898654018473  0.074813594691871491     
34.908625408023241   1.4483588512188543  0.012404677577739554     
35.393467427579118   0.31220225241064553  0.0032466877803974111     
35.878309447134995   0.38798105541005593  0.0025209768761983979     
36.363151466690873   0.20885800070292359  0.0016668067076333862     
36.84799348624675   0.17163021491973037  0.0013842612655635835     
37.332835505802628   0.18286748036219641  0.0015256486265171647     
37.817677525358505   0.33047800647839362  0.0032161425813785632     
38.302519544914382   0.41384776934227255  0.0027819999343712114     
38.787361564470267   1.3401068060578528  0.011790354291674356     
39.272203584026144   75.98215185145966  0.037306021067418554     
39.757045603582021   1.0758836653603153  0.0097261087979690584     
40.241887623137899   0.44246998122738276  0.0045060734005956404     
40.726729642693776   0.198827788076878  0.0009595540693337994     
41.211571662249654   0.13133592398765538  0.0006238959626385584     
41.696413681805531   0.12248301177897945  0.00083612442940974435     
42.181255701361415   0.1361933411040455  0.00091664838381956327     
42.666097720917293   0.19648102265144853  0.0012230423411818935     
43.15093974047317   0.75857574198361835  0.0083767569170382628     
43.635781760029047   1.7033589121432366  0.017889787340241284     
44.120623779584925   68.264098268671351  0.081019971085443831     
44.605465799140802   3.0895927175025685  0.042960197714947675     
45.090307818696679   1.0820785629552645  0.011248741449678608     
45.575149838252557   0.20459091321206362  0.0032673737944564655     
46.059991857808441   0.25288764034103936  0.0022326770777750595     
46.544833877364319   0.24809923607054365  0.0024096894711761029     
47.029675896920196   0.27195512932891348  0.0024651722569103875     
47.514517916476073   0.35086650314282216  0.0031697560633339828     
47.999359936031951   1.4511765510759943  0.012293457673504727     
48.484201955587828   2.797176547242948  0.018461051470370767     
