-0.106114798069291   -0.0330074074736911   68.4834629186321   0.312085278939211
-0.00660834810683625   -0.0307447957160623   70.8227489937514   0.301151244749724
0.0924149916408529   -0.0319769952081793   68.4251419167392   0.314842261447719
0.192977345707236   -0.034359297088763   66.2853190861483   0.303149537604863
0.293783024940533   -0.0323052423630762   56.5959716276964   0.312046398800291
0.39443543913944   -0.0325231172912429   67.7210960432748   0.314957755924543
-0.506657011925671   -0.0318398017209532   68.9277786306044   0.30522191776155
-0.407461108121234   -0.0312318668457455   68.5477294422509   0.3135571983827
-0.307144717506315   -0.03200057851457   73.331011158208   0.308746154161366
-0.206177975310399   -0.0308010284337741   69.2195376949097   0.308446764705514
-0.0502982694841167   0.0697124910919639   58.460934749619   0.308203231613382
0.0509663327623324   0.0693675450432555   56.4099234571453   0.31153487016102
0.151859444250491   0.0675264938916897   70.3612773031178   0.309846388768979
0.251397228493738   0.0660229739708937   68.8476943606969   0.30511532503956
0.351638060299008   0.0689277742773503   64.0823044559204   0.310410666828454
0.451102569315458   0.0682922570993365   60.362210764645   0.319174656113179
-0.44969303925864   0.0682160468516463   64.7149061584008   0.305323889994039
-0.351251845181174   0.0692780765610317   77.0008676186028   0.31176398423396
-0.249762920200854   0.0686489349847217   58.9430042908573   0.3009056555504
-0.149688439575634   0.0682278889564308   74.9221951961294   0.310349018542955
0.00693387400989859   0.168814593955632   58.1290136442734   0.305517925096848
0.108759174409895   0.167682786989757   66.8021785867563   0.321460225550742
0.208608308787718   0.167513408188628   87.7168431313716   0.302242514128752
0.307515433504179   0.167220793899104   72.4453409872977   0.306578010290157
0.40776967328855   0.168565983271922   63.7547716486032   0.305987270898315
0.507270071814282   0.169174674723187   73.1518723061358   0.308622991140063
-0.394076498844797   0.169450246108587   69.3258788295928   0.31251668114418
-0.295352576360387   0.16586927949372   76.5276567337588   0.299771196853083
-0.193531888284902   0.168903375653192   63.1069326353469   0.31585532253755
-0.0939562351045838   0.16803439625022   63.9118344704142   0.316872065945841
0.0569080833941471   0.266538617548874   124.624066281431   0.303895515362196
0.1565191247813   0.268206488239329   119.106065219154   0.306126143626042
0.256030525422264   0.26691432238831   108.931101323205   0.307653090377254
0.355335810467586   0.267605534709998   108.256666394935   0.31829088689838
0.454498268733116   0.269574921939977   117.61874252065   0.314450535877255
0.553788828002101   0.268979663232663   116.530562285964   0.308681020951983
-0.344614281587599   0.268064679594101   115.630875916792   0.309516018313531
-0.24511913366462   0.265491188384159   109.337553954827   0.301656195718882
-0.144268801920206   0.26908516107324   123.011477642234   0.317523797807394
-0.043536086075144   0.267116777778247   106.355725123693   0.299293414309254
0.0982377167049545   0.366615070477802   102.947404483321   0.302550786352901
0.19890660286322   0.367585520886902   119.519130910842   0.303047094946983
0.298689538480882   0.367730210755838   108.129473799199   0.306319153402591
0.398311620884027   0.370712237068118   87.8791005495725   0.305626011259002
0.498010485590822   0.368514094531051   109.240122827014   0.30746806777137
0.599279539818875   0.367994840519259   102.9013116867   0.305522569078294
-0.301713746506268   0.367312418706974   117.793290862539   0.308898414846848
-0.200408652770931   0.366763147232483   108.471940077625   0.313240847527339
-0.100314799696538   0.366036685147095   112.715582090276   0.308616444568779
-0.000405564231256601   0.367748667540214   108.248960385422   0.308294201013851
0.1420827622886   0.468276266064019   111.835442854088   0.30999649271628
0.241392986623045   0.468183127446238   112.707860669198   0.311402699651781
0.342278829037514   0.468736753772433   116.6390117168   0.308571868844977
0.442689177685345   0.469994721085252   114.179980535764   0.3049100730705
0.542624521029889   0.467528133298237   108.862684003848   0.298072040908131
0.642276249362705   0.468584823905329   122.395279443972   0.311391616284952
-0.257536292681222   0.466165737562826   110.135326664942   0.307621082564146
-0.159037486917279   0.466593684011008   105.292886323732   0.304656280744212
-0.0595851078159465   0.466899368964858   118.355617783086   0.304296529161196
0.0408586410299747   0.467445068763985   130.712825817785   0.314471097789424
-0.301467247038739   -0.433341275891216   119.266723612419   0.30927635897786
-0.200801318695788   -0.431883498218193   123.367818349979   0.308907158110068
-0.100153753872075   -0.429004072148744   106.244435829014   0.30970950157428
4.4674638824562e-05   -0.43132245215202   113.063670359118   0.312008760418434
0.10002842650222   -0.432230100843031   124.194458984464   0.311272200634756
0.200001398209737   -0.433052323864128   110.419006371895   0.310954223867122
-0.701183095985608   -0.433768660604148   115.332424303001   0.30691040320129
-0.601264521095953   -0.43285057206869   106.146209394159   0.303997351044431
-0.501561257619466   -0.432199137746173   110.157532261526   0.313105616511867
-0.402464563517166   -0.431587419244115   117.154707823695   0.303174546927652
-0.260350365804394   -0.332005582920906   112.066600812806   0.309018780366492
-0.158820674835934   -0.331655156306571   119.356831011178   0.304730352063981
-0.0571936461265459   -0.330192133928865   120.545698524942   0.307307586200318
0.0431313900463234   -0.33188807773226   114.224742361789   0.309508119098428
0.143409944646159   -0.333557343484352   101.070460596072   0.29668807041297
0.24272032689261   -0.332688818692463   112.689814317893   0.302583731005803
-0.658727480704774   -0.333460024732725   102.952993984874   0.302983771454169
-0.558395381100862   -0.33250071647483   125.782626354177   0.308877740653555
-0.457740855027569   -0.330945318639371   105.115815560098   0.30997553978314
-0.358523746657113   -0.332093516074567   113.880249122857   0.307668352440307
-0.214813055345698   -0.232459347683686   112.580162825185   0.301747132094759
-0.115619364418033   -0.231383771287468   113.803740829346   0.301440226924902
-0.0137092082106854   -0.231602684331553   121.764135883863   0.305407498274129
0.0864163179091614   -0.232746534251551   118.59463606566   0.303965940198407
0.186498680718474   -0.231955464866524   107.536429922996   0.304348994363663
0.285589556073658   -0.231453611255897   117.393770421733   0.312385383915059
0.386269470361788   -0.233000687693079   113.979721782651   0.308146341025949
-0.514182129194431   -0.233167511298898   103.8003795836   0.311902487109421
-0.414361945500414   -0.231223498202344   109.487904690881   0.307175906964457
-0.314432328601804   -0.230434747837376   99.9048747516526   0.307857968148525
-0.164349547570755   -0.131100591876662   57.8594009149245   0.301103441242579
-0.063714032119654   -0.132372423747297   60.2712057577896   0.308797901527106
0.0356209940641688   -0.131634752549976   80.5263675940883   0.312516480987173
0.134926707932633   -0.133601565915588   66.0411644504446   0.306895960243222
0.235915447185533   -0.132443541380745   54.5951388133456   0.301600889215279
0.336365725918272   -0.130971974114533   69.9565112407583   0.309577115810771
-0.563301864534252   -0.13272126882953   66.7260323449794   0.308900115550441
-0.464411387927635   -0.13259046416831   79.498618449422   0.302381341852304
-0.364623627074705   -0.131221573780161   77.6643758907924   0.30725853167363
-0.264041236105792   -0.13143425589097   74.9465032973429   0.302200942243356
