0.42972788892272645   5.4766169421808854  0.018027517510202275
0.85945577784545291   2.8301377507234941  0.0078714241329768644
1.2891836667681793   0.56934063085446754  0.0059248102348281233
1.7189115556909058   0.018983759420152708  0.0003319529311863071
2.1486394446136323   0.0031161867699566608  0.00011432593112049688
2.5783673335363586   0.048854103702533751  0.00042232158369730209
3.0080952224590853   0.10020742774730204  0.002126678119391076
3.4378231113818116   0.030273754004721652  0.00065009501882790694
3.8675510003045379   0.079794362092583594  0.001147682938960593
4.2972788892272646   0.77574689232621731  0.0081353968835704618
4.7270067781499909   0.066537659801798759  0.0025916046631447594
5.1567346670727172   0.12552340372494541  0.0021682301099422998
5.5864625559954435   1.8895669536602839  0.0051166877817850344
6.0161904449181707   0.065615311897827141  0.0010444875867588429
6.445918333840897   0.01685826134913426  0.00025597735959544241
6.8756462227636232   0.021746319353131284  0.00035107001480741356
7.3053741116863495   0.039061023483981009  0.0006025350883987784
7.7351020006090758   0.083541957400057916  0.001724063833726236
8.1648298895318021   0.14861564411725593  0.0012071689024998909
8.5945577784545293   0.10586087823489203  0.00070729084477308718
9.0242856673772547   0.038581834299618184  0.00031364553796931047
9.4540135562999819   0.062348473511159862  0.00057743037480047868
9.883741445222709   0.12328976905344103  0.0012463553328449043
10.313469334145434   0.10845672337421901  0.0051011284099446827
10.743197223068162   0.090522996769929159  0.0013010245400777302
11.172925111990887   0.036238979497876316  0.00040838974893338145
11.602653000913614   0.1030844760629361  0.0011255841944594364
12.032380889836341   0.14811253947998614  0.0024913251627705937
12.462108778759067   0.26371452131832884  0.005497229446568967
12.891836667681794   0.89617679802284704  0.0040808089361493431
13.321564556604519   0.16571755469567001  0.0029957495009428334
13.751292445527246   0.27366649918729  0.0011511764022234026
14.181020334449974   0.13543570888170944  0.0019554682757545822
14.610748223372699   0.055521967396178541  0.0010340988636843334
15.040476112295426   0.045177374540143714  0.00088007499759864558
15.470204001218152   0.034130315908804496  0.00032646330323218942
15.899931890140879   0.063635214250729735  0.0011671007380853904
16.329659779063604   0.7509609166343381  0.0082947376623251752
16.759387667986331   0.58206730812755785  0.0068249010499821334
17.189115556909059   1.1807223648046177  0.0066066513890687525
17.618843445831786   0.10332592926075441  0.0011134985633959219
18.048571334754509   0.18179991926901585  0.001318282887145924
18.478299223677237   0.17997262520340877  0.001594071672895232
18.908027112599964   0.17892664434754331  0.0020817499085157372
19.337755001522691   0.26054930482751304  0.002741461410005323
19.767482890445418   0.7257993660978815  0.0048310519053304251
20.197210779368142   0.26501016396842867  0.010318972344066551
20.626938668290869   2.6248150276979722  0.014528181735829093
21.056666557213596   6.4220281470017241  0.046501813136706853
21.486394446136323   3.8585642898672357  0.016173491411959377
21.91612233505905   0.66845097538679439  0.011892400020147565
22.345850223981774   0.54827555546524538  0.0029176043593391358
22.775578112904501   1.4964538691692568  0.011250979865518881
23.205306001827228   0.32015326653045045  0.0029672572703729949
23.635033890749956   0.36281460356249221  0.0037922208443397471
24.064761779672683   0.082234939140190011  0.00074460349718502177
24.494489668595406   0.046480216112453204  0.00032334919612802903
24.924217557518134   0.096165477542824056  0.00062640351345229198
25.353945446440861   0.15659401327366842  0.00081421775959518066
25.783673335363588   0.2231251867259523  0.0020657562003093248
26.213401224286315   0.17771224110804885  0.0010844318636669231
26.643129113209039   0.0875676612741149  0.00032734842919505986
27.072857002131766   0.10049568699966596  0.00036837508423619397
27.502584891054493   0.35051923050557349  0.002390312435962888
27.93231277997722   0.20487960682341799  0.003378069005644946
28.362040668899947   0.53528907477363263  0.0034519667087900591
28.791768557822671   0.40836027108235973  0.0042162203301979927
29.221496446745398   1.1687459653807583  0.0072892784117106242
29.651224335668125   1.6298727302175077  0.0066156854047695687
30.080952224590852   0.50697797137080539  0.0093313091473744352
30.51068011351358   1.4827526108458863  0.017225954200006835
30.940408002436303   0.88939191183596372  0.008233129454239536
31.37013589135903   1.0382456189018563  0.0087913038403258207
31.799863780281758   0.34339042935089845  0.001773001311036528
32.229591669204481   0.18091258984278763  0.00061621969470719262
32.659319558127208   0.18181935448166558  0.0017630557537830166
33.089047447049936   0.1447731724502042  0.0014113883463289875
33.518775335972663   0.1337278365223012  0.00038306619243270138
33.94850322489539   0.19046503975942788  0.0023747073015040431
34.378231113818117   0.2677676129258289  0.0016749956188276721
34.807959002740844   0.27188443414406746  0.0013559529947595503
35.237686891663571   0.15240918049396271  0.00035221434951472926
35.667414780586299   0.13202399256654014  0.00025697292378752038
36.097142669509019   0.12812253151645154  0.00054553401093348303
36.526870558431746   0.22659838756072646  0.00096761162906879476
36.956598447354473   0.5009132023117254  0.0029639036778725229
37.3863263362772   0.81325495985514471  0.0034078944655337809
37.816054225199927   0.6573046292249805  0.0036935304597142623
38.245782114122655   0.58559496340314352  0.0041561243767315086
38.675510003045382   0.40031774532772423  0.0086341011391996922
39.105237891968109   2.3973976694421235  0.019738819993274651
39.534965780890836   1.8503859613301012  0.038684275526194019
39.964693669813563   9.3410009711786282  0.044106980258466636
40.394421558736283   2.5080536220659826  0.031883081737605191
40.824149447659011   2.6504435240965912  0.0092226128268051875
41.253877336581738   0.30050521930994826  0.0019176323647653788
41.683605225504465   0.32226829251505255  0.00073905166425842525
42.113333114427192   0.398891843376924  0.0015525741474633709
42.543061003349919   0.2634496144055874  0.00085613700328847201
42.972788892272646   0.50691009573985494  0.0041105083080332463
