1.086001   6e-07   4.2687494916218991e-07   
1.0860030000000001   1.4e-06   9.4516312525052168e-07   
1.0860050000000001   0   0   
1.0860070000000002   0   0   
1.086009   0   0   
1.0860110000000001   8e-07   6.1101009266077867e-07   
1.0860130000000001   1.2e-06   8.5374989832437982e-07   
1.0860150000000002   6e-07   4.2687494916218991e-07   
1.086017   1e-06   6.8313005106397323e-07   
1.0860190000000001   4e-07   4e-07   
1.0860210000000001   4e-07   4e-07   
1.0860230000000002   8e-07   8e-07   
1.086025   1.2e-06   6.1101009266077867e-07   
1.0860270000000001   1.8e-06   8.1377037438224686e-07   
1.0860290000000001   0   0   
1.086031   1e-06   6.8313005106397323e-07   
1.086033   1e-06   5.3748384988656998e-07   
1.0860350000000001   4e-07   4e-07   
1.0860370000000001   0   0   
1.086039   2e-07   2e-07   
1.086041   0   0   
1.0860430000000001   2e-07   2e-07   
1.0860450000000001   2e-07   2e-07   
1.086047   6e-07   6e-07   
1.086049   6e-07   4.2687494916218991e-07   
1.0860510000000001   8e-07   8e-07   
1.0860530000000002   4e-07   2.6666666666666667e-07   
1.086055   1.2e-06   9.977753031397177e-07   
1.0860570000000001   2.8e-06   1.4047538337136985e-06   
1.0860590000000001   2.4e-06   1.6e-06   
1.0860610000000002   4e-07   4e-07   
1.086063   1e-06   8.0277297191948637e-07   
1.0860650000000001   2e-07   2e-07   
1.0860670000000001   1.6e-06   6.5319726474218083e-07   
1.0860690000000002   0   0   
1.086071   4e-07   2.6666666666666667e-07   
1.0860730000000001   2e-07   2e-07   
1.0860750000000001   1.2e-06   9.977753031397177e-07   
1.0860770000000002   6e-07   3.0550504633038933e-07   
1.086079   1e-06   5.3748384988656998e-07   
1.0860810000000001   8e-07   6.1101009266077867e-07   
1.0860830000000001   4e-07   2.6666666666666667e-07   
1.086085   8e-07   8e-07   
1.086087   0   0   
1.0860890000000001   4e-07   2.6666666666666667e-07   
1.0860910000000001   4e-07   4e-07   
1.086093   8e-07   6.1101009266077867e-07   
1.086095   1.8e-06   1.2092238098144703e-06   
1.0860970000000001   0   0   
1.0860990000000001   1.4e-06   9.910712498212337e-07   
1.086101   1e-06   6.1463629715285915e-07   
1.086103   1.4e-06   1.4e-06   
1.0861050000000001   2e-07   2e-07   
1.0861070000000002   0   0   
1.086109   8e-07   6.1101009266077867e-07   
1.086111   4e-07   4e-07   
1.0861130000000001   6e-07   6e-07   
1.0861150000000002   2.2e-06   1.8e-06   
1.086117   0   0   
1.0861190000000001   1e-06   6.8313005106397323e-07   
1.0861210000000001   2e-07   2e-07   
1.0861230000000002   0   0   
1.086125   1e-06   5.3748384988656998e-07   
1.0861270000000001   2e-07   2e-07   
1.0861290000000001   1.6e-06   1.0241527663824811e-06   
1.0861310000000002   6e-07   4.2687494916218991e-07   
1.086133   4e-07   2.6666666666666667e-07   
1.0861350000000001   4e-07   4e-07   
1.0861370000000001   1e-06   5.3748384988656998e-07   
1.086139   1.6e-06   8.3266639978645309e-07   
1.086141   0   0   
1.0861430000000001   1e-06   6.8313005106397323e-07   
1.0861450000000001   8e-07   6.1101009266077867e-07   
1.086147   0   0   
1.086149   8e-07   4.4221663871405331e-07   
1.0861510000000001   2.2e-06   1.6451950239004088e-06   
1.0861530000000001   2e-07   2e-07   
1.086155   8e-07   6.1101009266077867e-07   
1.086157   1.2e-06   9.977753031397177e-07   
1.0861590000000001   2e-07   2e-07   
1.0861610000000002   1.4e-06   8.4590516936330136e-07   
1.086163   8e-07   5.3333333333333333e-07   
1.086165   8e-07   5.3333333333333333e-07   
1.0861670000000001   1e-06   1e-06   
1.0861690000000002   2e-07   2e-07   
1.086171   2e-07   2e-07   
1.0861730000000001   1.4e-06   7.3333333333333333e-07   
1.0861750000000001   6e-07   6e-07   
1.0861770000000002   1e-06   8.0277297191948637e-07   
1.086179   8e-07   4.4221663871405331e-07   
1.0861810000000001   1.4e-06   1.4e-06   
1.0861830000000001   1.8e-06   8.1377037438224686e-07   
1.0861850000000002   0   0   
1.086187   1e-06   1e-06   
1.0861890000000001   1.6e-06   7.1802197428460054e-07   
1.0861910000000001   0   0   
1.0861930000000002   4e-07   4e-07   
1.086195   6e-07   4.2687494916218991e-07   
1.0861970000000001   0   0   
1.0861990000000001   6e-07   6e-07   
1.086201   2e-06   8.4327404271156782e-07   
1.086203   4e-07   4e-07   
1.0862050000000001   1.4e-06   6e-07   
1.0862070000000001   6e-07   4.2687494916218991e-07   
1.086209   1e-06   6.8313005106397323e-07   
1.086211   6e-07   6e-07   
1.0862130000000001   4e-07   4e-07   
1.0862150000000002   0   0   
1.086217   4e-07   4e-07   
1.086219   4e-07   4e-07   
1.0862210000000001   6e-07   6e-07   
1.0862230000000002   6e-07   4.2687494916218991e-07   
1.086225   1.6e-06   6.5319726474218083e-07   
1.0862270000000001   2e-07   2e-07   
1.0862290000000001   2e-07   2e-07   
1.0862310000000002   4e-07   2.6666666666666667e-07   
1.086233   2e-06   1.2292725943057183e-06   
1.0862350000000001   1.8e-06   6.9602043392737001e-07   
1.0862370000000001   2e-06   7.8881063774661547e-07   
1.0862390000000002   1.2e-06   8.5374989832437982e-07   
1.086241   0   0   
1.0862430000000001   4e-07   2.6666666666666667e-07   
1.0862450000000001   1.2e-06   8.5374989832437982e-07   
1.0862470000000002   0   0   
1.086249   1.2e-06   1.2e-06   
1.0862510000000001   6e-07   4.2687494916218991e-07   
1.0862530000000001   2e-06   1.3984117975602021e-06   
1.086255   8e-07   6.1101009266077867e-07   
1.086257   6e-07   6e-07   
1.0862590000000001   8e-07   6.1101009266077867e-07   
1.0862610000000001   1e-06   5.3748384988656998e-07   
1.086263   1.8e-06   1.2806248474865697e-06   
1.086265   2e-07   2e-07   
1.0862670000000001   4e-07   4e-07   
1.0862690000000002   2e-07   2e-07   
1.086271   4e-07   4e-07   
1.086273   6e-07   4.2687494916218991e-07   
1.0862750000000001   4e-07   4e-07   
1.0862770000000002   1.2e-06   8e-07   
1.086279   2e-06   8.9442719099991588e-07   
1.0862810000000001   1e-06   6.1463629715285915e-07   
1.0862830000000001   2e-07   2e-07   
1.0862850000000002   3.2e-06   2.7680719322702259e-06   
1.086287   1e-06   5.3748384988656998e-07   
1.0862890000000001   2.4e-06   1.3266499161421599e-06   
1.0862910000000001   1e-06   6.8313005106397323e-07   
1.0862930000000002   2.8e-06   1.6653327995729062e-06   
1.086295   6e-07   4.2687494916218991e-07   
1.0862970000000001   4e-07   2.6666666666666667e-07   
1.0862990000000001   6e-07   3.0550504633038933e-07   
1.0863010000000002   1.6e-06   1.0241527663824811e-06   
1.086303   0   0   
1.0863050000000001   1.4e-06   7.3333333333333333e-07   
1.0863070000000001   4e-07   4e-07   
1.086309   1.8e-06   1.0519822558706333e-06   
1.086311   2.8e-06   1.8903262505010434e-06   
1.0863130000000001   1.6e-06   1.2220201853215573e-06   
1.0863150000000001   6e-07   3.0550504633038933e-07   
1.086317   2e-07   2e-07   
1.086319   0   0   
1.0863210000000001   1e-06   6.8313005106397323e-07   
1.0863230000000001   6e-07   3.0550504633038933e-07   
1.086325   6e-07   3.0550504633038933e-07   
1.086327   1.6e-06   1.0241527663824811e-06   
1.0863290000000001   8e-07   4.4221663871405331e-07   
1.0863310000000002   2e-07   2e-07   
1.086333   1.4e-06   7.3333333333333333e-07   
1.0863350000000001   1.2e-06   8e-07   
1.0863370000000001   0   0   
1.0863390000000002   2.6e-06   1.2310790208412925e-06   
1.086341   1.6e-06   9.3333333333333333e-07   
1.0863430000000001   1e-06   5.3748384988656998e-07   
1.0863450000000001   1.2e-06   6.1101009266077867e-07   
1.0863470000000002   1.4e-06   6.6999170807472602e-07   
1.086349   1e-06   1e-06   
1.0863510000000001   4e-07   4e-07   
1.0863530000000001   1e-06   5.3748384988656998e-07   
1.0863550000000002   8e-07   5.3333333333333333e-07   
1.086357   1.4e-06   1.0349449797506682e-06   
1.0863590000000001   6e-07   3.0550504633038933e-07   
1.0863610000000001   1.2e-06   4.4221663871405331e-07   
1.086363   1.6e-06   7.1802197428460054e-07   
1.086365   1.8e-06   1.2092238098144703e-06   
1.0863670000000001   1.6e-06   1.0666666666666667e-06   
1.0863690000000001   8e-07   4.4221663871405331e-07   
1.086371   6e-07   4.2687494916218991e-07   
1.086373   2e-07   2e-07   
1.0863750000000001   8e-07   8e-07   
1.0863770000000001   4e-07   2.6666666666666667e-07   
1.086379   0   0   
1.086381   4e-07   4e-07   
1.0863830000000001   1.2e-06   6.7986926847903798e-07   
1.0863850000000002   1.6e-06   7.1802197428460054e-07   
1.086387   1e-06   4.4721359549995794e-07   
1.086389   1.8e-06   1.4126413400278061e-06   
1.0863910000000001   0   0   
1.0863930000000002   1.6e-06   1.39204086785474e-06   
1.086395   3.4e-06   2.1092389359408499e-06   
1.0863970000000001   2.2e-06   1.0934146311237817e-06   
1.0863990000000001   1.4e-06   8.4590516936330136e-07   
1.0864010000000002   2e-07   2e-07   
1.086403   4e-07   2.6666666666666667e-07   
1.0864050000000001   2e-07   2e-07   
1.0864070000000001   1.6e-06   8.3266639978645309e-07   
1.0864090000000002   6e-07   6e-07   
1.086411   1e-06   8.0277297191948637e-07   
1.0864130000000001   6e-07   4.2687494916218991e-07   
1.0864150000000001   4e-07   4e-07   
1.086417   4e-07   2.6666666666666667e-07   
1.086419   2.8e-06   2.1746008573733454e-06   
1.0864210000000001   1.4e-06   7.3333333333333333e-07   
1.0864230000000001   1e-06   8.0277297191948637e-07   
1.086425   1.8e-06   1.2806248474865697e-06   
1.086427   0   0   
1.0864290000000001   8e-07   5.3333333333333333e-07   
1.0864310000000001   8e-07   4.4221663871405331e-07   
1.086433   1.4e-06   6.6999170807472602e-07   
1.086435   2.8e-06   1.3727506854649334e-06   
1.0864370000000001   0   0   
1.0864390000000002   2.4e-06   1.6e-06   
1.086441   2.4e-06   1.7587874611030559e-06   
1.086443   2e-07   2e-07   
1.0864450000000001   6e-07   4.2687494916218991e-07   
1.0864470000000002   2e-06   6.6666666666666667e-07   
1.086449   1e-06   1e-06   
1.0864510000000001   1.8e-06   1.0519822558706333e-06   
1.0864530000000001   1.6e-06   8.3266639978645309e-07   
1.0864550000000002   4e-07   2.6666666666666667e-07   
1.086457   2e-07   2e-07   
1.0864590000000001   4e-07   4e-07   
1.0864610000000001   1e-06   8.0277297191948637e-07   
1.0864630000000002   1e-06   5.3748384988656998e-07   
1.086465   1.2e-06   9.977753031397177e-07   
1.0864670000000001   1e-06   6.8313005106397323e-07   
1.0864690000000001   1.8e-06   8.1377037438224686e-07   
1.0864710000000002   8e-07   6.1101009266077867e-07   
1.086473   1.2e-06   8e-07   
1.0864750000000001   1e-06   5.3748384988656998e-07   
1.0864770000000001   8e-07   5.3333333333333333e-07   
1.086479   1.6e-06   1.1075498483890766e-06   
1.086481   6e-07   4.2687494916218991e-07   
1.0864830000000001   6e-07   3.0550504633038933e-07   
1.0864850000000001   2e-07   2e-07   
1.086487   1.4e-06   6.6999170807472602e-07   
1.086489   4.6e-06   2.0011108026404846e-06   
1.0864910000000001   4e-07   2.6666666666666667e-07   
1.0864930000000002   1.4e-06   9.4516312525052168e-07   
1.086495   2.4e-06   1.4544949486180953e-06   
1.086497   1.4e-06   7.9162280580252782e-07   
1.0864990000000001   1.2e-06   9.977753031397177e-07   
1.0865010000000002   6e-07   6e-07   
1.086503   2.2e-06   1.2092238098144703e-06   
1.0865050000000001   1e-06   6.8313005106397323e-07   
1.0865070000000001   2e-06   1.5776212754932309e-06   
1.0865090000000002   3e-06   1.7191729277636836e-06   
1.086511   1.2e-06   5.3333333333333333e-07   
1.0865130000000001   4e-07   2.6666666666666667e-07   
1.0865150000000001   4e-07   2.6666666666666667e-07   
1.0865170000000002   0   0   
1.086519   1e-06   4.4721359549995794e-07   
1.0865210000000001   2e-07   2e-07   
1.0865230000000001   1.8e-06   9.16515138991168e-07   
1.0865250000000002   2e-07   2e-07   
1.086527   1.2e-06   6.7986926847903798e-07   
1.0865290000000001   1e-06   8.0277297191948637e-07   
1.0865310000000001   1e-06   8.0277297191948637e-07   
1.086533   4e-07   4e-07   
1.086535   3.6e-06   2.124983660067897e-06   
1.0865370000000001   1.4e-06   1.0349449797506682e-06   
1.0865390000000001   1.6e-06   1.0241527663824811e-06   
1.086541   8e-07   8e-07   
1.086543   1e-06   6.1463629715285915e-07   
1.0865450000000001   2e-06   1.3984117975602021e-06   
1.0865470000000002   2.6e-06   1.1175369742826807e-06   
1.086549   3.2e-06   1.8427033281447004e-06   
1.086551   3.2e-06   1.2e-06   
1.0865530000000001   1.2e-06   6.7986926847903798e-07   
1.0865550000000002   3.2e-06   1.5260697523012796e-06   
1.086557   1.2e-06   8e-07   
1.0865590000000001   1.2e-06   1.2e-06   
1.0865610000000001   1e-06   6.1463629715285915e-07   
1.0865630000000002   4e-07   4e-07   
1.086565   1.6e-06   8.3266639978645309e-07   
1.0865670000000001   1e-06   1e-06   
1.0865690000000001   2.4e-06   1.1469767022723502e-06   
1.0865710000000002   0   0   
1.086573   4e-07   2.6666666666666667e-07   
1.0865750000000001   1.2e-06   6.7986926847903798e-07   
1.0865770000000001   2.8e-06   1.3727506854649334e-06   
1.0865790000000002   2e-06   9.4280904158206337e-07   
1.086581   2e-06   1.5776212754932309e-06   
1.0865830000000001   1.2e-06   8e-07   
1.0865850000000001   1.4e-06   7.9162280580252782e-07   
1.086587   6e-07   4.2687494916218991e-07   
1.086589   2.2e-06   1.2454361128179603e-06   
1.0865910000000001   1.2e-06   6.1101009266077867e-07   
1.0865930000000001   1.6e-06   1.1075498483890766e-06   
1.086595   1.4e-06   9.4516312525052168e-07   
1.086597   1.6e-06   6.5319726474218083e-07   
1.0865990000000001   2e-06   1.2649110640673517e-06   
1.0866010000000002   1.6e-06   5.8118652580542314e-07   
1.086603   1.8e-06   1.2092238098144703e-06   
1.086605   2.6e-06   1.1944315244779278e-06   
1.0866070000000001   1.6e-06   8.3266639978645309e-07   
1.0866090000000002   1.6e-06   1.39204086785474e-06   
1.086611   6e-07   4.2687494916218991e-07   
1.0866130000000001   1.8e-06   1.0934146311237817e-06   
1.0866150000000001   2.4e-06   1.0666666666666667e-06   
1.0866170000000002   1.8e-06   8.1377037438224686e-07   
1.086619   1.4e-06   8.4590516936330136e-07   
1.0866210000000001   8e-07   6.1101009266077867e-07   
1.0866230000000001   1.2e-06   4.4221663871405331e-07   
1.0866250000000002   1.2e-06   8e-07   
1.086627   2.2e-06   1.4742229591663987e-06   
1.0866290000000001   1e-06   6.8313005106397323e-07   
1.0866310000000001   2.8e-06   1.5832456116050556e-06   
1.0866330000000002   4.2e-06   2.0537229067665817e-06   
1.086635   1e-06   8.0277297191948637e-07   
1.0866370000000001   6e-07   6e-07   
1.0866390000000001   2.2e-06   9.16515138991168e-07   
1.086641   1.4e-06   7.9162280580252782e-07   
1.086643   1.4e-06   1.0349449797506682e-06   
1.0866450000000001   2e-07   2e-07   
1.0866470000000001   2e-07   2e-07   
1.086649   6e-07   6e-07   
1.086651   1.2e-06   6.1101009266077867e-07   
1.0866530000000001   2.8e-06   1.4666666666666667e-06   
1.0866550000000001   2.4e-06   1.3266499161421599e-06   
1.086657   8e-07   5.3333333333333333e-07   
1.086659   3.2e-06   1.4666666666666667e-06   
1.0866610000000001   1.8e-06   8.1377037438224686e-07   
1.0866630000000002   3.6e-06   1.9275776393067947e-06   
1.086665   6e-07   6e-07   
1.086667   1.6e-06   7.7746025264604006e-07   
1.0866690000000001   2e-06   1.3662601021279465e-06   
1.0866710000000002   2.8e-06   1.1623730516108463e-06   
1.086673   1.2e-06   9.977753031397177e-07   
1.0866750000000001   1.6e-06   6.5319726474218083e-07   
1.0866770000000001   8e-07   6.1101009266077867e-07   
1.0866790000000002   2e-07   2e-07   
1.086681   2.8e-06   1.3063945294843617e-06   
1.0866830000000001   6e-07   3.0550504633038933e-07   
1.0866850000000001   1.8e-06   1.0934146311237817e-06   
1.0866870000000002   1.8e-06   1.2092238098144703e-06   
1.086689   8e-07   4.4221663871405331e-07   
1.0866910000000001   3.2e-06   1.9367785395111933e-06   
1.0866930000000001   2.4e-06   1.0666666666666667e-06   
1.086695   3.8e-06   1.0934146311237817e-06   
1.086697   3.8e-06   1.3148721948877347e-06   
1.0866990000000001   2.2e-06   1.171893055416463e-06   
1.0867010000000001   3.4e-06   1.634353422950835e-06   
1.086703   1.8e-06   6.2893207547044025e-07   
1.086705   3.2e-06   1.6384274303259343e-06   
1.0867070000000001   1e-06   6.1463629715285915e-07   
1.0867090000000001   6e-07   4.2687494916218991e-07   
1.086711   1.8e-06   1.3808210118138653e-06   
1.086713   3.8e-06   1.6983652270475996e-06   
1.0867150000000001   6e-07   4.2687494916218991e-07   
1.0867170000000002   2.4e-06   1.4544949486180953e-06   
1.086719   1.4e-06   9.910712498212337e-07   
1.086721   1.8e-06   8.1377037438224686e-07   
1.0867230000000001   2e-06   8.4327404271156782e-07   
1.0867250000000002   1e-06   4.4721359549995794e-07   
1.086727   1e-06   6.8313005106397323e-07   
1.0867290000000001   1.6e-06   1.1075498483890766e-06   
1.0867310000000001   2e-06   9.4280904158206337e-07   
1.0867330000000002   2.4e-06   7.1802197428460054e-07   
1.086735   1.2e-06   6.7986926847903798e-07   
1.0867370000000001   1.2e-06   6.7986926847903798e-07   
1.0867390000000001   2e-06   1.07496769977314e-06   
1.0867410000000002   1.6e-06   9.7979589711327124e-07   
1.086743   2.6e-06   9.4516312525052168e-07   
1.0867450000000001   1.2e-06   8e-07   
1.0867470000000001   2.2e-06   9.6378881965339735e-07   
1.0867490000000002   8e-07   5.3333333333333333e-07   
1.086751   2.4e-06   1.3266499161421599e-06   
1.0867530000000001   2e-06   1.1925695879998878e-06   
1.0867550000000001   6e-07   3.0550504633038933e-07   
1.086757   1.4e-06   9.910712498212337e-07   
1.086759   1e-06   6.8313005106397323e-07   
1.0867610000000001   3.6e-06   1.4236104336041748e-06   
1.0867630000000001   8e-07   3.2659863237109041e-07   
1.086765   1.8e-06   8.1377037438224686e-07   
1.086767   1e-06   6.8313005106397323e-07   
1.0867690000000001   2.2e-06   1.775136927425913e-06   
1.0867710000000002   2.4e-06   1.4544949486180953e-06   
1.086773   1.4e-06   9.910712498212337e-07   
1.086775   1.6e-06   1.1075498483890766e-06   
1.0867770000000001   1e-06   6.8313005106397323e-07   
1.0867790000000002   8e-07   6.1101009266077867e-07   
1.086781   3.6e-06   1.2578641509408805e-06   
1.0867830000000001   2.4e-06   7.7746025264604006e-07   
1.0867850000000001   4e-06   1.6865480854231356e-06   
1.0867870000000002   2.2e-06   8.1377037438224686e-07   
1.086789   1.2e-06   6.7986926847903798e-07   
1.0867910000000001   1.8e-06   6.2893207547044025e-07   
1.0867930000000001   2e-06   1.0327955589886445e-06   
1.0867950000000002   6e-07   4.2687494916218991e-07   
1.086797   2.4e-06   1.39204086785474e-06   
1.0867990000000001   1.8e-06   1.2806248474865697e-06   
1.0868010000000001   1.4e-06   1.1944315244779278e-06   
1.0868030000000002   4e-06   1.9550504398153574e-06   
1.086805   5.6e-06   2.9028721409436322e-06   
1.0868070000000001   1e-06   4.4721359549995794e-07   
1.0868090000000001   1.4e-06   5.2068331172711029e-07   
1.086811   2.2e-06   1.2092238098144703e-06   
1.086813   6e-07   6e-07   
1.0868150000000001   1e-06   5.3748384988656998e-07   
1.0868170000000001   1.4e-06   6.6999170807472602e-07   
1.086819   2e-06   9.4280904158206337e-07   
1.086821   1e-06   4.4721359549995794e-07   
1.0868230000000001   1.6e-06   7.1802197428460054e-07   
1.0868250000000002   6e-07   3.0550504633038933e-07   
1.086827   2.4e-06   8.8443327742810663e-07   
1.086829   3.2e-06   1.4666666666666667e-06   
1.0868310000000001   2.8e-06   1.6918103387266027e-06   
1.0868330000000002   1.2e-06   6.1101009266077867e-07   
1.086835   3e-06   1.6397831834998458e-06   
1.0868370000000001   1.6e-06   1.1075498483890766e-06   
1.0868390000000001   4e-06   1.9550504398153574e-06   
1.0868410000000002   3.6e-06   1.9955506062794354e-06   
1.086843   2.6e-06   1.1566234381931648e-06   
1.0868450000000001   2.2e-06   8.1377037438224686e-07   
1.0868470000000001   3.4e-06   1.3678856352455461e-06   
1.0868490000000002   2.4e-06   7.7746025264604006e-07   
1.086851   2.6e-06   1.6069294390925266e-06   
1.0868530000000001   3.4e-06   1.1566234381931648e-06   
1.0868550000000001   2.2e-06   9.16515138991168e-07   
1.0868570000000002   3.8e-06   1.9194906731850625e-06   
1.086859   2.4e-06   1.0666666666666667e-06   
1.0868610000000001   4.6e-06   2.459448899426229e-06   
1.0868630000000001   2.4e-06   9.7979589711327124e-07   
1.086865   2.2e-06   1.0088497300281037e-06   
1.086867   1.2e-06   8.5374989832437982e-07   
1.0868690000000001   3.4e-06   1.7650936393164969e-06   
1.0868710000000001   1.6e-06   1.6e-06   
1.086873   4.8e-06   2.5681813712344297e-06   
1.086875   2.2e-06   9.6378881965339735e-07   
1.0868770000000001   1e-06   5.3748384988656998e-07   
1.0868790000000002   1.4e-06   6.6999170807472602e-07   
1.086881   4.2e-06   1.2454361128179603e-06   
1.086883   3.2e-06   1.2719189352225942e-06   
1.0868850000000001   2.8e-06   1.1234866364235145e-06   
1.0868870000000002   1.6e-06   1.1850925889754118e-06   
1.086889   1.2e-06   8e-07   
1.0868910000000001   3.8e-06   1.775136927425913e-06   
1.0868930000000001   8e-07   6.1101009266077867e-07   
1.0868950000000002   1e-06   5.3748384988656998e-07   
1.086897   1.8e-06   1.2806248474865697e-06   
1.0868990000000001   1.8e-06   8.1377037438224686e-07   
1.0869010000000001   2.6e-06   1.3349989596333857e-06   
1.0869030000000002   2.4e-06   8.3266639978645309e-07   
1.086905   3.8e-06   9.6378881965339735e-07   
1.0869070000000001   3.4e-06   1.5790292376436015e-06   
1.0869090000000001   8e-07   4.4221663871405331e-07   
1.0869110000000002   3e-06   1.6666666666666667e-06   
1.086913   3e-06   1.6666666666666667e-06   
1.0869150000000001   1.2e-06   8e-07   
1.0869170000000001   1.8e-06   1.0519822558706333e-06   
1.086919   1.4e-06   7.9162280580252782e-07   
1.086921   1.2e-06   6.7986926847903798e-07   
1.0869230000000001   1.2e-06   6.7986926847903798e-07   
1.0869250000000001   1.2e-06   4.4221663871405331e-07   
1.086927   2.2e-06   1.2454361128179603e-06   
1.086929   3.4e-06   1.5790292376436015e-06   
1.0869310000000001   1.8e-06   6.2893207547044025e-07   
1.0869330000000001   2.2e-06   1.2092238098144703e-06   
1.086935   3.8e-06   1.6179548132682129e-06   
1.086937   1.8e-06   9.6378881965339735e-07   
1.0869390000000001   2.2e-06   1.4126413400278061e-06   
1.0869410000000002   1.4e-06   7.9162280580252782e-07   
1.086943   2.2e-06   1.5333333333333333e-06   
1.0869450000000001   5.4e-06   1.661324772583615e-06   
1.0869470000000001   2.4e-06   1.1075498483890766e-06   
1.0869490000000002   4.2e-06   1.443760521847181e-06   
1.086951   1.4e-06   9.910712498212337e-07   
1.0869530000000001   2e-07   2e-07   
1.0869550000000001   3.2e-06   9.977753031397177e-07   
1.0869570000000002   2e-06   8.9442719099991588e-07   
1.086959   1.8e-06   1.0088497300281037e-06   
1.0869610000000001   3.6e-06   2.1664102412362561e-06   
1.0869630000000001   1.2e-06   5.3333333333333333e-07   
1.0869650000000002   2.4e-06   1.5719768163402128e-06   
1.086967   4e-06   1.6599866130651643e-06   
1.0869690000000001   1.6e-06   9.3333333333333333e-07   
1.0869710000000001   3.8e-06   1.4126413400278061e-06   
1.086973   3.4e-06   1.4621141466307539e-06   
1.086975   2.2e-06   1.0088497300281037e-06   
1.0869770000000001   6e-07   3.0550504633038933e-07   
1.0869790000000001   3.2e-06   1.339983416149452e-06   
1.086981   2.8e-06   1.1623730516108463e-06   
1.086983   2.6e-06   1.978776277287444e-06   
1.0869850000000001   5e-06   1.960725489313699e-06   
1.0869870000000001   3e-06   8.5634883857767527e-07   
1.086989   2.4e-06   9.3333333333333333e-07   
1.086991   3.2e-06   1.8903262505010434e-06   
1.0869930000000001   3e-06   1.9832633040858023e-06   
1.0869950000000002   8.8e-06   4.6970439876822766e-06   
1.086997   4.4e-06   1.2220201853215573e-06   
1.086999   2e-06   8.9442719099991588e-07   
