0.4848420195558783   0.031698467377770911  7.8792166761596266e-05     
0.9696840391117566   0.036012735950222143  0.00010692910826980138     
1.454526058667635   0.031907806396105609  8.6753706502923407e-05     
1.9393680782235132   0.040888448836064285  0.0001385482588641027     
2.4242100977793917   0.053003032481565508  0.00022484631660341777     
2.9090521173352699   0.076153224905011953  0.00035202166694791765     
3.3938941368911482   0.12047623985623835  0.00050340940306036214     
3.8787361564470264   0.35843391076518898  0.001688670008853489     
4.3635781760029051   1.2360356101803365  0.0036239009500183518     
4.8484201955587833   113.26596838731604  0.026760897122486931     
5.3332622151146616   2.6727969398419401  0.007795895455250821     
5.8181042346705398   0.72246112353296681  0.0023197116224425309     
6.3029462542264181   0.32112566946301234  0.0015490433734002781     
6.7877882737822963   0.23242598075815042  0.0012504938902929531     
7.2726302933381746   0.18762448719862654  0.00106089653723627     
7.7574723128940528   0.16717153861931304  0.00088015835330683105     
8.2423143324499311   0.15954976761397573  0.0011788762861029308     
8.7271563520058102   0.26611261557351187  0.0009627986703211215     
9.2119983715616875   0.40204647818987895  0.001549501881831054     
9.6968403911175667   6.2492658994429837  0.015412820563283636     
10.181682410673444   0.66788368534718949  0.0072788942003299455     
10.666524430229323   0.19943195522461294  0.0046375799652114467     
11.151366449785201   0.16626853872313428  0.0043770399717735445     
11.63620846934108   0.15995178971006664  0.0038630929940050187     
12.121050488896957   0.18605360836810228  0.0043729908020337825     
12.605892508452836   0.24744645177656044  0.0047376873437454348     
13.090734528008714   0.37875737065154033  0.0062038556480479011     
13.575576547564593   0.66365603377057648  0.0078726591478776758     
14.06041856712047   1.9266138182176639  0.01355907784269188     
14.545260586676349   26.89715612067716  0.068166743432641283     
15.030102606232226   10.726436456790849  0.036355602265734301     
15.514944625788106   2.1007063030990995  0.0097696905352885867     
15.999786645343985   0.82284675625329043  0.001833020515515516     
16.484628664899862   0.89300186491031803  0.0030834368720897602     
16.969470684455739   0.90315016807055032  0.0019135481079321169     
17.45431270401162   1.1187142115264615  0.0018596989760250167     
17.939154723567498   1.6093703893323523  0.0023238849827650874     
18.423996743123375   3.3661902603790397  0.0042592969262277427     
18.908838762679252   7.563383311726248  0.016485932043711609     
19.393680782235133   67.431996464124791  0.17440701352724111     
19.878522801791011   65.096695893006118  0.16666274491749407     
20.363364821346888   7.8917952334837015  0.01790944513755592     
20.848206840902765   2.2826042968916821  0.0046049233369190153     
21.333048860458646   2.025816662799801  0.007652233362707919     
21.817890880014524   1.5889934151639769  0.0066162846649762006     
22.302732899570401   1.5679459716256589  0.0060328849004740961     
22.787574919126278   1.9017644284517364  0.006210600447346526     
23.272416938682159   3.8889248717960327  0.013646757208507061     
23.757258958238037   6.2504661210258692  0.017653344452233231     
24.242100977793914   39.937199977130873  0.15373604943224237     
24.726942997349795   95.948261253739052  0.20949534060721107     
25.211785016905672   7.301275060030616  0.008666944901037224     
25.69662703646155   1.7899608366435024  0.008365587527808727     
26.181469056017427   1.4771871674424836  0.0025706942957273069     
26.666311075573308   0.96682802237157127  0.0018951138068508993     
27.151153095129185   0.75532653192965729  0.0019837526414635085     
27.635995114685063   0.75319488540291596  0.0026434194389444041     
28.12083713424094   1.4531607283495991  0.0094238436409979915     
28.605679153796821   1.256376603439828  0.00679924260263805     
29.090521173352698   5.9476493608150405  0.033695249547437487     
29.575363192908576   37.723790041432984  0.073647340833870676     
30.060205212464453   1.6232642629886571  0.011986711234707085     
30.545047232020334   0.44487145947523064  0.0066646610957786867     
31.029889251576211   0.33939425077362665  0.0047221570277665459     
31.514731271132089   0.23662344284786933  0.0037696225066804287     
31.99957329068797   0.17898716344728496  0.0032480980950427482     
32.484415310243847   0.1693315640146943  0.0036786712824128153     
32.969257329799724   0.20472778374404733  0.0015964769598519692     
33.454099349355602   0.20576152933292855  0.0034860177688285758     
33.938941368911479   0.24095375857379265  0.0052551205925702079     
34.423783388467356   2.2461631830567065  0.0047747809496612125     
34.908625408023241   0.18864685008411101  0.001485572305507934     
35.393467427579118   0.15877975668509474  0.001843696595367124     
35.878309447134995   0.21016882025533178  0.0013218287065471595     
36.363151466690873   0.17550897208600371  0.0016465359293380655     
36.84799348624675   0.19360973413426821  0.001954748118521503     
37.332835505802628   0.22212992810411181  0.0022727623682433898     
37.817677525358505   0.29423387525951218  0.0026792953649636239     
38.302519544914382   0.4896145564465151  0.0044322778096443918     
38.787361564470267   1.4029182382796358  0.012575539630185428     
39.272203584026144   72.536660227868643  0.040772644551063004     
39.757045603582021   1.0586335186472383  0.0096727483019427081     
40.241887623137899   0.47793283100819828  0.004974113948940508     
40.726729642693776   0.29215531066393487  0.002117592961357621     
41.211571662249654   0.20824933751075846  0.0012736506045846173     
41.696413681805531   0.21320799361843623  0.0015341823813092631     
42.181255701361415   0.26395676371190487  0.0017277236372892602     
42.666097720917293   0.38246650049573618  0.0025218222658618561     
43.15093974047317   1.250262026839161  0.012370502370445677     
43.635781760029047   3.0818871544863043  0.031364107820622678     
44.120623779584925   120.46010324185119  0.15682893622333796     
44.605465799140802   5.3231348675451266  0.074524911286585199     
45.090307818696679   1.8370238221585771  0.019314468953253485     
45.575149838252557   0.35448496136054028  0.0042079335358794731     
46.059991857808441   0.41534291039760416  0.0037425358339754733     
46.544833877364319   0.38639470679324547  0.0038832740810235397     
47.029675896920196   0.3854002670433747  0.0036578862391910395     
47.514517916476073   0.45029452779361367  0.0042009042377064452     
47.999359936031951   2.1238625962694499  0.017937484696235249     
48.484201955587828   3.3983179016614535  0.022420144767972706     
