1.086001   5.74e-05   8.9693304593424859e-06   
1.0860030000000001   3.24e-05   4.8332183894378288e-06   
1.0860050000000001   2.72e-05   4.9549077802832124e-06   
1.0860070000000002   2.24e-05   3.8157568056677826e-06   
1.086009   2.2e-05   3.7947331922020552e-06   
1.0860110000000001   3.5e-05   3.5683796509527028e-06   
1.0860130000000001   3.26e-05   4.2168972268982585e-06   
1.0860150000000002   3.1e-05   4.8739671270491306e-06   
1.086017   2.82e-05   4.0710359042058734e-06   
1.0860190000000001   3.46e-05   6.7859331627189557e-06   
1.0860210000000001   2.64e-05   4.6360903068569893e-06   
1.0860230000000002   3.86e-05   7.705986129122101e-06   
1.086025   2.96e-05   5.7333333333333333e-06   
1.0860270000000001   2.9e-05   6.1191865835619398e-06   
1.0860290000000001   3.08e-05   5.4503822495919189e-06   
1.086031   2.46e-05   2.5307003861469742e-06   
1.086033   4.02e-05   6.2783578886343981e-06   
1.0860350000000001   3.24e-05   5.119027685453991e-06   
1.0860370000000001   2.34e-05   4.6384863431463885e-06   
1.086039   2.46e-05   4.0337465353082252e-06   
1.086041   3.24e-05   6.698590233109584e-06   
1.0860430000000001   2.98e-05   4.3964632250126793e-06   
1.0860450000000001   2.32e-05   4.4542114902640175e-06   
1.086047   3.18e-05   4.5062918976323168e-06   
1.086049   2.52e-05   4.2184778718816999e-06   
1.0860510000000001   2.56e-05   2.9333333333333333e-06   
1.0860530000000002   3.62e-05   7.4024020125602173e-06   
1.086055   3.02e-05   5.9288372478177465e-06   
1.0860570000000001   2.74e-05   4.6766559752788221e-06   
1.0860590000000001   2.46e-05   4.2588470009825168e-06   
1.0860610000000002   2.94e-05   3.5282982993064644e-06   
1.086063   3.44e-05   6.9333333333333333e-06   
1.0860650000000001   2.7e-05   2.6708300832013506e-06   
1.0860670000000001   2.48e-05   4.0133111848779764e-06   
1.0860690000000002   2.84e-05   4.3081318457076032e-06   
1.086071   2.36e-05   3.550273854851826e-06   
1.0860730000000001   2.66e-05   3.7718253759508362e-06   
1.0860750000000001   3.72e-05   7.0880180586677402e-06   
1.0860770000000002   2.98e-05   4.5357836515130804e-06   
1.086079   3.18e-05   6.5689505334650763e-06   
1.0860810000000001   3.58e-05   3.6203130619694572e-06   
1.0860830000000001   2.72e-05   6.3470027922196824e-06   
1.086085   3.38e-05   6.2357392861187233e-06   
1.086087   3.42e-05   5.3454030094402923e-06   
1.0860890000000001   2.74e-05   4.5806355696805026e-06   
1.0860910000000001   3.36e-05   6.8234888436927923e-06   
1.086093   2.4e-05   6.0369234254249444e-06   
1.086095   2.86e-05   4.4427218884123028e-06   
1.0860970000000001   2.78e-05   4.4367155018599564e-06   
1.0860990000000001   3.32e-05   9.0539125980613118e-06   
1.086101   2.92e-05   5.8666666666666667e-06   
1.086103   3.18e-05   6.9502997537276525e-06   
1.0861050000000001   2.68e-05   2.9089898972361905e-06   
1.0861070000000002   2.72e-05   2.8782710859897204e-06   
1.086109   3.36e-05   4.6552240666922909e-06   
1.086111   2.78e-05   5.3868151794708697e-06   
1.0861130000000001   2.96e-05   6.2737548565432488e-06   
1.0861150000000002   2.16e-05   4.7309853331227124e-06   
1.086117   3.84e-05   5.3979419946659095e-06   
1.0861190000000001   2.74e-05   2.9066972475455522e-06   
1.0861210000000001   3.74e-05   5.2750987352528926e-06   
1.0861230000000002   2.58e-05   5.6760706283288775e-06   
1.086125   3.42e-05   5.0106553130969473e-06   
1.0861270000000001   2.82e-05   5.3120408298296972e-06   
1.0861290000000001   3.06e-05   3.1979159880563884e-06   
1.0861310000000002   2.88e-05   5.9643384656920111e-06   
1.086133   2.68e-05   4.8735111686658841e-06   
1.0861350000000001   2.36e-05   3.3172947478999276e-06   
1.0861370000000001   2.78e-05   4.7558151538698156e-06   
1.086139   3.04e-05   5.2982177296814739e-06   
1.086141   2.34e-05   4.7800511387315606e-06   
1.0861430000000001   3.38e-05   6.6295634178361331e-06   
1.0861450000000001   3.12e-05   4.8184829332247072e-06   
1.086147   2.84e-05   6.3651830732160057e-06   
1.086149   2.66e-05   2.9672284112357182e-06   
1.0861510000000001   3.06e-05   5.1730068625510251e-06   
1.0861530000000001   2.74e-05   3.6153991634549996e-06   
1.086155   2.9e-05   5.0881125074912493e-06   
1.086157   2.8e-05   3.7712361663282535e-06   
1.0861590000000001   3.36e-05   6.8234888436927923e-06   
1.0861610000000002   3.48e-05   6.7078726549894755e-06   
1.086163   3.02e-05   5.6603886792339623e-06   
1.086165   3e-05   4.3204937989385735e-06   
1.0861670000000001   3.36e-05   5.7642576856579431e-06   
1.0861690000000002   2.64e-05   6.3090763543045225e-06   
1.086171   4.12e-05   6.4992307237087683e-06   
1.0861730000000001   2.54e-05   5.0512924638705642e-06   
1.0861750000000001   2.76e-05   6.6184926111951235e-06   
1.0861770000000002   2.68e-05   5.0261538199922038e-06   
1.086179   2.96e-05   3.7688784066940186e-06   
1.0861810000000001   2.8e-05   7.8088269143180384e-06   
1.0861830000000001   3.16e-05   7.1851699121639891e-06   
1.0861850000000002   3e-05   8.2999330653258216e-06   
1.086187   3.18e-05   4.623130252689549e-06   
1.0861890000000001   3.14e-05   4.5122056690713911e-06   
1.0861910000000001   2.48e-05   2.9544693074880451e-06   
1.0861930000000002   2.9e-05   4.6690470119715008e-06   
1.086195   2.4e-05   4.0879225911349044e-06   
1.0861970000000001   2.48e-05   3.4149995932975193e-06   
1.0861990000000001   2.88e-05   4.7253453724451601e-06   
1.086201   3.22e-05   5.8305707744229943e-06   
1.086203   2.82e-05   4.3558389930452357e-06   
1.0862050000000001   2.68e-05   4.8092503458323823e-06   
1.0862070000000001   2.82e-05   4.8483674228204556e-06   
1.086209   2.52e-05   3.9687669509699245e-06   
1.086211   2.82e-05   5.1850211614268697e-06   
1.0862130000000001   2.18e-05   3.811677962379415e-06   
1.0862150000000002   3.54e-05   7.1432952246611414e-06   
1.086217   2.9e-05   5.7445626465380287e-06   
1.086219   2.8e-05   6.1608080278122249e-06   
1.0862210000000001   2.92e-05   5.6584253797127852e-06   
1.0862230000000002   2.92e-05   5.7364332704797209e-06   
1.086225   2.48e-05   6.3540013639700561e-06   
1.0862270000000001   2.56e-05   4.0748551439829667e-06   
1.0862290000000001   2.52e-05   4.3838085927396257e-06   
1.0862310000000002   3.08e-05   3.7380922050336497e-06   
1.086233   3.02e-05   5.6760706283288775e-06   
1.0862350000000001   2.88e-05   4.6303347611160902e-06   
1.0862370000000001   3.52e-05   3.8087618285561867e-06   
1.0862390000000002   3.08e-05   3.957552554574888e-06   
1.086241   2.92e-05   3.9911012125588708e-06   
1.0862430000000001   2.54e-05   4.2168972268982585e-06   
1.0862450000000001   2.68e-05   4.9459298642643753e-06   
1.0862470000000002   2.68e-05   6.7869155160663539e-06   
1.086249   3.86e-05   5.2919225659909693e-06   
1.0862510000000001   3.22e-05   6.3836596957475037e-06   
1.0862530000000001   2.42e-05   3.9603591307411055e-06   
1.086255   3.34e-05   5.1987177906351742e-06   
1.086257   2.46e-05   3.4775470281986602e-06   
1.0862590000000001   3.04e-05   6.605048574133779e-06   
1.0862610000000001   3.18e-05   4.5062918976323168e-06   
1.086263   3.2e-05   5.4160256030906402e-06   
1.086265   1.72e-05   4.6970439876822766e-06   
1.0862670000000001   3.44e-05   3.4615346628659119e-06   
1.0862690000000002   3.56e-05   6.2382333681544453e-06   
1.086271   2.58e-05   7.0770364167809992e-06   
1.086273   2.46e-05   3.8534256044315802e-06   
1.0862750000000001   2.4e-05   3.9327683210007002e-06   
1.0862770000000002   3.64e-05   5.256107558513873e-06   
1.086279   3.12e-05   3.2138588781850532e-06   
1.0862810000000001   3.2e-05   3.73571352696584e-06   
1.0862830000000001   3.18e-05   5.4524204614912897e-06   
1.0862850000000002   2.34e-05   3.3869028789014767e-06   
1.086287   2.9e-05   5.7135316962842207e-06   
1.0862890000000001   2.86e-05   4.5806355696805026e-06   
1.0862910000000001   3.12e-05   4.9369356217529648e-06   
1.0862930000000002   2.8e-05   2.1705094128132942e-06   
1.086295   2.78e-05   3.1756014303505477e-06   
1.0862970000000001   2.92e-05   3.6295086903509865e-06   
1.0862990000000001   2.56e-05   3.6733272837215762e-06   
1.0863010000000002   3.48e-05   7.2675840399528768e-06   
1.086303   3.02e-05   7.0895854760502198e-06   
1.0863050000000001   2.88e-05   4.8826222462934812e-06   
1.0863070000000001   3.18e-05   6.1784571968520858e-06   
1.086309   2.94e-05   3.9333333333333333e-06   
1.086311   2.74e-05   4.7427137098219763e-06   
1.0863130000000001   2.34e-05   4.8630123266231692e-06   
1.0863150000000001   2.84e-05   4.2978030563429859e-06   
1.086317   3.74e-05   6.1611687202997452e-06   
1.086319   2.7e-05   3.6908294761777091e-06   
1.0863210000000001   2.56e-05   4.5294100670568077e-06   
1.0863230000000001   2.78e-05   4.8207883172775799e-06   
1.086325   2.88e-05   3.8087618285561867e-06   
1.086327   2.7e-05   4.0249223594996215e-06   
1.0863290000000001   3.26e-05   6.1827717624595093e-06   
1.0863310000000002   2.72e-05   5.3682192371193055e-06   
1.086333   2.92e-05   6.3958319761127767e-06   
1.0863350000000001   2.46e-05   5.0950956811427987e-06   
1.0863370000000001   3.3e-05   6.4515286732852875e-06   
1.0863390000000002   3.52e-05   1.0185828935884949e-05   
1.086341   3.54e-05   6.3108372397540619e-06   
1.0863430000000001   3.48e-05   6.0236570656408092e-06   
1.0863450000000001   2.88e-05   4.9906579392567737e-06   
1.0863470000000002   2.82e-05   5.0106553130969473e-06   
1.086349   2.62e-05   4.4467216388406115e-06   
1.0863510000000001   2.78e-05   3.3790202393264498e-06   
1.0863530000000001   2.98e-05   5.0548106899379636e-06   
1.0863550000000002   2.14e-05   2.6507860469428057e-06   
1.086357   2.22e-05   4.5259744193316476e-06   
1.0863590000000001   3.06e-05   5.2412890696002554e-06   
1.0863610000000001   3.44e-05   6.9589271203732739e-06   
1.086363   3e-05   5.4405882034941773e-06   
1.086365   1.94e-05   3.0411985941218783e-06   
1.0863670000000001   2.94e-05   3.9558676531058125e-06   
1.0863690000000001   3.04e-05   5.4552726787943424e-06   
1.086371   3.12e-05   6.2410825271831738e-06   
1.086373   3.44e-05   4.1718634259098708e-06   
1.0863750000000001   3.3e-05   4.5533870177411159e-06   
1.0863770000000001   3.32e-05   6.852088084015785e-06   
1.086379   3.1e-05   7.012686915710538e-06   
1.086381   3.2e-05   6.2538876797645727e-06   
1.0863830000000001   2.38e-05   4.0819385372911021e-06   
1.0863850000000002   2.38e-05   5.7228586485349357e-06   
1.086387   2.38e-05   4.9571497186723474e-06   
1.086389   2.06e-05   3.2530327730015605e-06   
1.0863910000000001   3.12e-05   4.7347415745505876e-06   
1.0863930000000002   2.94e-05   4.1745259211875385e-06   
1.086395   2.34e-05   5.8731025304632077e-06   
1.0863970000000001   3.06e-05   4.7800511387315606e-06   
1.0863990000000001   3.34e-05   5.1730068625510251e-06   
1.0864010000000002   3.36e-05   5.6788105170791611e-06   
1.086403   2.92e-05   4.5723808531952658e-06   
1.0864050000000001   2.36e-05   4.5392118748131205e-06   
1.0864070000000001   3.7e-05   6.472162612982533e-06   
1.0864090000000002   3.02e-05   7.7885956514780135e-06   
1.086411   2.8e-05   3.4896672875473068e-06   
1.0864130000000001   2.98e-05   6.70290152761391e-06   
1.0864150000000001   3.1e-05   5.9870230035005248e-06   
1.086417   3.54e-05   6.5730087817105831e-06   
1.086419   2.44e-05   5.3897021150420631e-06   
1.0864210000000001   2.56e-05   6.22396800905803e-06   
1.0864230000000001   2.88e-05   3.6902273341594794e-06   
1.086425   2.62e-05   3.4698703145794945e-06   
1.086427   2.78e-05   4.7370877129308045e-06   
1.0864290000000001   3.24e-05   8.2181371233253207e-06   
1.0864310000000001   2.9e-05   4.1553178779326458e-06   
1.086433   2.78e-05   4.6038631121652124e-06   
1.086435   2.64e-05   5.119027685453991e-06   
1.0864370000000001   2.9e-05   4.2084570938897679e-06   
1.0864390000000002   2.76e-05   4.9781745873585252e-06   
1.086441   2.54e-05   5.5541776068909508e-06   
1.086443   2.8e-05   4.1633319989322655e-06   
1.0864450000000001   2.88e-05   5.2763623833091677e-06   
1.0864470000000002   2.54e-05   4.4126081982327766e-06   
1.086449   2.92e-05   5.1224993899462789e-06   
1.0864510000000001   3.22e-05   6.3557498027813804e-06   
1.0864530000000001   3.12e-05   6.5537097213037374e-06   
1.0864550000000002   2.34e-05   3.5030145747785736e-06   
1.086457   2.3e-05   5.7831171909658241e-06   
1.0864590000000001   2.38e-05   5.2277039786974251e-06   
1.0864610000000001   2.28e-05   4.4840457922133965e-06   
1.0864630000000002   2.8e-05   3.1552425509864619e-06   
1.086465   3.22e-05   6.6829800405374714e-06   
1.0864670000000001   1.72e-05   3.4149995932975193e-06   
1.0864690000000001   2.38e-05   5.9438109735159722e-06   
1.0864710000000002   3.34e-05   6.646970905775218e-06   
1.086473   3e-05   4.8258562855610287e-06   
1.0864750000000001   2.92e-05   6.3329824464202225e-06   
1.0864770000000001   3.56e-05   5.9389486536853567e-06   
1.086479   2.66e-05   4.8170991732000333e-06   
1.086481   2.46e-05   3.6763508477232631e-06   
1.0864830000000001   3.56e-05   6.1809743927996049e-06   
1.0864850000000001   3.2e-05   7.26636084983398e-06   
1.086487   2.46e-05   4.1317201152923114e-06   
1.086489   2.92e-05   4.6303347611160902e-06   
1.0864910000000001   2.54e-05   4.7893400148431493e-06   
1.0864930000000002   2.78e-05   4.6518813398452029e-06   
1.086495   3.22e-05   7.1830046328507652e-06   
1.086497   2.8e-05   6.6599966633291608e-06   
1.0864990000000001   3.2e-05   4.4522154285504e-06   
1.0865010000000002   2.46e-05   3.9106691669499906e-06   
1.086503   3.46e-05   4.0447496832313369e-06   
1.0865050000000001   3.14e-05   5.7352709904008314e-06   
1.0865070000000001   3.1e-05   6.7214416443035327e-06   
1.0865090000000002   3.2e-05   6.4841687550868418e-06   
1.086511   2.9e-05   3.5559027608252232e-06   
1.0865130000000001   3.2e-05   4.7140452079103168e-06   
1.0865150000000001   3.12e-05   5.0614007722939484e-06   
1.0865170000000002   2.8e-05   4.131182235954578e-06   
1.086519   2.88e-05   4.5136829012828685e-06   
1.0865210000000001   2.22e-05   3.811677962379415e-06   
1.0865230000000001   2.96e-05   5.9089386149760902e-06   
1.0865250000000002   2.2e-05   4.2791484095683233e-06   
1.086527   2.62e-05   4.0601039942893636e-06   
1.0865290000000001   2.96e-05   4.5975839065511113e-06   
1.0865310000000001   2.42e-05   5.3868151794708697e-06   
1.086533   3.46e-05   4.2379240200834182e-06   
1.086535   3.04e-05   6.4553164996854423e-06   
1.0865370000000001   2.46e-05   7.2237263391010475e-06   
1.0865390000000001   2.8e-05   3.1269438398822864e-06   
1.086541   2.1e-05   3.4928498393145961e-06   
1.086543   3.12e-05   3.8895872388839524e-06   
1.0865450000000001   2.78e-05   9.6629878057117165e-06   
1.0865470000000002   2.34e-05   5.6257345199439414e-06   
1.086549   2.76e-05   7.0603745572659875e-06   
1.086551   3.08e-05   4.9279249633536877e-06   
1.0865530000000001   2.9e-05   4.6308146631499348e-06   
1.0865550000000002   2.62e-05   5.8685603004484839e-06   
1.086557   2.32e-05   2.6532998322843199e-06   
1.0865590000000001   3.08e-05   4.3939352142090883e-06   
1.0865610000000001   3.42e-05   4.9301791718624858e-06   
1.0865630000000002   2.42e-05   3.2310988842807024e-06   
1.086565   2.8e-05   6.8766917110547343e-06   
1.0865670000000001   2.56e-05   5.2982177296814738e-06   
1.0865690000000001   2.52e-05   4.474123129483338e-06   
1.0865710000000002   2.44e-05   5.3731844478959692e-06   
1.086573   2.28e-05   3.666060555964672e-06   
1.0865750000000001   3.5e-05   6.1264454076840784e-06   
1.0865770000000001   3.22e-05   5.0898591991003707e-06   
1.0865790000000002   2.84e-05   5.2306787322488083e-06   
1.086581   3.06e-05   5.3170585017574436e-06   
1.0865830000000001   3.54e-05   4.3415307080439831e-06   
1.0865850000000001   3.12e-05   5.4910027418597335e-06   
1.086587   3.04e-05   5.2221749406843037e-06   
1.086589   2.4e-05   4.4721359549995794e-06   
1.0865910000000001   2.32e-05   3.3359989341858143e-06   
1.0865930000000001   3.04e-05   5.1016337252557309e-06   
1.086595   2.68e-05   3.129785225148134e-06   
1.086597   2.52e-05   3.5925849560819945e-06   
1.0865990000000001   3.26e-05   3.9558676531058125e-06   
1.0866010000000002   2.12e-05   5.0438080851673966e-06   
1.086603   2.5e-05   4.6308146631499348e-06   
1.086605   2.5e-05   3.6908294761777091e-06   
1.0866070000000001   2.68e-05   4.3122564343456612e-06   
1.0866090000000002   3.2e-05   5.0332229568471665e-06   
1.086611   2.78e-05   6.5757128891094386e-06   
1.0866130000000001   3.1e-05   4.7632855141056671e-06   
1.0866150000000001   2.96e-05   6.3860960079082919e-06   
1.0866170000000002   2.82e-05   5.2531472048245093e-06   
1.086619   3.52e-05   4.4241760061432155e-06   
1.0866210000000001   2.64e-05   6.1304340973720794e-06   
1.0866230000000001   3.32e-05   6.3189309925721525e-06   
1.0866250000000002   2.84e-05   4.2037020721158524e-06   
1.086627   2.78e-05   5.6446631628665162e-06   
1.0866290000000001   2.96e-05   6.503332479070506e-06   
1.0866310000000001   2.84e-05   5.5200644118625202e-06   
1.0866330000000002   2.78e-05   4.1144730997891928e-06   
1.086635   2.84e-05   4.2666666666666667e-06   
1.0866370000000001   3.46e-05   5.8045958802773973e-06   
1.0866390000000001   2.86e-05   5.7352709904008314e-06   
1.086641   3e-05   3.8528488738133039e-06   
1.086643   2.22e-05   5.2021363133065076e-06   
1.0866450000000001   3.16e-05   5.2306787322488083e-06   
1.0866470000000001   2.72e-05   6.0750857332770759e-06   
1.086649   2.88e-05   5.8362849675304771e-06   
1.086651   3.28e-05   6.4442911859171051e-06   
1.0866530000000001   2.56e-05   5.5441661030111443e-06   
1.0866550000000001   2.62e-05   4.6327337741577836e-06   
1.086657   2.68e-05   6.5875303077523336e-06   
1.086659   2.48e-05   3.3359989341858143e-06   
1.0866610000000001   3.06e-05   5.8351425765690498e-06   
1.0866630000000002   2.38e-05   3.5080858978460984e-06   
1.086665   2.66e-05   4.7986109101141621e-06   
1.086667   2.74e-05   5.5059563706549252e-06   
1.0866690000000001   2.48e-05   5.8057442818872643e-06   
1.0866710000000002   3.14e-05   6.5797669664915439e-06   
1.086673   3.2e-05   3.6270588023294516e-06   
1.0866750000000001   2.56e-05   5.3483122987017544e-06   
1.0866770000000001   2.7e-05   5.919834832530756e-06   
1.0866790000000002   2.74e-05   4.8630123266231692e-06   
1.086681   2.68e-05   7.1504467614890252e-06   
1.0866830000000001   2.92e-05   3.5801924218926806e-06   
1.0866850000000001   2.72e-05   4.197353663652585e-06   
1.0866870000000002   2.64e-05   5.1880203888916585e-06   
1.086689   3.26e-05   6.9987300435309135e-06   
1.0866910000000001   2.72e-05   5.9269628722380984e-06   
1.0866930000000001   2.62e-05   3.6203130619694572e-06   
1.086695   2.6e-05   6.0442810435430063e-06   
1.086697   2.58e-05   4.5259744193316476e-06   
1.0866990000000001   2.96e-05   6.0280824295772348e-06   
1.0867010000000001   2.68e-05   5.7441757942768043e-06   
1.086703   2.96e-05   5.6552826827862657e-06   
1.086705   2.08e-05   4.6494922064433851e-06   
1.0867070000000001   2.12e-05   2.2744962812309308e-06   
1.0867090000000001   2.88e-05   6.0969937947592938e-06   
1.086711   2.72e-05   3.4279893685819843e-06   
1.086713   3.08e-05   6.4786829937367157e-06   
1.0867150000000001   2.68e-05   5.1570878948836576e-06   
1.0867170000000002   2.7e-05   2.9401436094933262e-06   
1.086719   2.28e-05   3.9237170585499097e-06   
1.086721   2.74e-05   4.7986109101141621e-06   
1.0867230000000001   2.76e-05   5.5281099844341013e-06   
1.0867250000000002   2.88e-05   6.5469246385018227e-06   
1.086727   2.44e-05   4.4301993935563066e-06   
1.0867290000000001   2.58e-05   4.948175870403602e-06   
1.0867310000000001   3e-05   6.456693340161734e-06   
1.0867330000000002   2.26e-05   5.3170585017574436e-06   
1.086735   3e-05   4.5801504099513782e-06   
1.0867370000000001   2.42e-05   4.7744691386117007e-06   
1.0867390000000001   2.54e-05   2.423037579384833e-06   
1.0867410000000002   2.26e-05   5.4082241899618852e-06   
1.086743   3.32e-05   6.8391032550571521e-06   
1.0867450000000001   2.46e-05   3.0991038131118558e-06   
1.0867470000000001   2.44e-05   5.3897021150420631e-06   
1.0867490000000002   3.28e-05   5.3599336645978081e-06   
1.086751   2.9e-05   4.1231056256176605e-06   
1.0867530000000001   2.6e-05   5.672545969648706e-06   
1.0867550000000001   3.28e-05   6.7277204328228609e-06   
1.086757   2.22e-05   4.0491425704160573e-06   
1.086759   3.38e-05   3.9938842135333757e-06   
1.0867610000000001   2.66e-05   5.6178287620752557e-06   
1.0867630000000001   2.48e-05   5.2763623833091677e-06   
1.086765   3.08e-05   4.5136829012828685e-06   
1.086767   2.52e-05   3.3888706739036892e-06   
1.0867690000000001   2.54e-05   4.8994330737795005e-06   
1.0867710000000002   2.56e-05   3.6246072584181831e-06   
1.086773   2.22e-05   2.6068286394689536e-06   
1.086775   2.66e-05   4.9893219312180421e-06   
1.0867770000000001   2.54e-05   5.0424861592935153e-06   
1.0867790000000002   1.98e-05   3.4826554364290604e-06   
1.086781   2.96e-05   4.3389706920727947e-06   
1.0867830000000001   3.94e-05   6.6e-06   
1.0867850000000001   2.38e-05   4.0710359042058734e-06   
1.0867870000000002   2.24e-05   4.616877251514876e-06   
1.086789   3.52e-05   4.8735111686658841e-06   
1.0867910000000001   2.76e-05   4.7870194856043312e-06   
1.0867930000000001   2.68e-05   3.8781438859330632e-06   
1.0867950000000002   3.32e-05   7.0313583324987783e-06   
1.086797   2.9e-05   4.6975170746540844e-06   
1.0867990000000001   1.76e-05   4.4301993935563066e-06   
1.0868010000000001   1.88e-05   3.3625387234449311e-06   
1.0868030000000002   2.98e-05   4.3353841301037623e-06   
1.086805   2.42e-05   6.9630772252248104e-06   
1.0868070000000001   2.56e-05   5.8636355806122725e-06   
1.0868090000000001   2.56e-05   3.3704599092705435e-06   
1.086811   2.26e-05   4.1638657252339175e-06   
1.086813   2.46e-05   3.1979159880563884e-06   
1.0868150000000001   2.44e-05   4.0199502484483561e-06   
1.0868170000000001   2.46e-05   4.1745259211875385e-06   
1.086819   2.74e-05   3.6520922466139567e-06   
1.086821   2.92e-05   5.8742375391761837e-06   
1.0868230000000001   3.1e-05   7.5967829448465296e-06   
1.0868250000000002   3.22e-05   4.6423174289476491e-06   
1.086827   2.32e-05   2.8472208672083497e-06   
1.086829   2.56e-05   5.1965800719746871e-06   
1.0868310000000001   2.68e-05   5.5872871572685234e-06   
1.0868330000000002   2.78e-05   6.9821995897504327e-06   
1.086835   3.28e-05   6.1982076262237116e-06   
1.0868370000000001   2.66e-05   4.9893219312180421e-06   
1.0868390000000001   3.68e-05   4.1547830535687687e-06   
1.0868410000000002   2.54e-05   5.1211977765623021e-06   
1.086843   2.22e-05   4.2211109648737947e-06   
1.0868450000000001   2.8e-05   4.9620784175809054e-06   
1.0868470000000001   2.74e-05   7.1990740145289982e-06   
1.0868490000000002   3.26e-05   9.1605434094029354e-06   
1.086851   2.72e-05   5.1742954431819346e-06   
1.0868530000000001   2.52e-05   4.1867515914953551e-06   
1.0868550000000001   2.62e-05   3.8695391629150535e-06   
1.0868570000000002   2.44e-05   4.7309853331227124e-06   
1.086859   2.24e-05   5.623759122390171e-06   
1.0868610000000001   3.18e-05   5.7461097951377311e-06   
1.0868630000000001   2.76e-05   3.0811253355443581e-06   
1.086865   3.2e-05   4.5509461775669366e-06   
1.086867   2.58e-05   3.8810078874207692e-06   
1.0868690000000001   2.36e-05   5.0490923276697301e-06   
1.0868710000000001   2.2e-05   3.6878177829171549e-06   
1.086873   2.66e-05   3.9558676531058125e-06   
1.086875   2.7e-05   4.1446082779652141e-06   
1.0868770000000001   2.84e-05   4.1611964091539293e-06   
1.0868790000000002   2.18e-05   3.5832945734337834e-06   
1.086881   2.5e-05   5.1055525329455446e-06   
1.086883   2.74e-05   4.8170991732000333e-06   
1.0868850000000001   3.44e-05   4.2037020721158524e-06   
1.0868870000000002   2.56e-05   4.1718634259098708e-06   
1.086889   3.02e-05   3.74106342575952e-06   
1.0868910000000001   2.52e-05   5.2e-06   
1.0868930000000001   2.74e-05   4.0116497022214357e-06   
1.0868950000000002   3.06e-05   3.2666666666666667e-06   
1.086897   3.08e-05   5.3516352641038608e-06   
1.0868990000000001   2.44e-05   5.119027685453991e-06   
1.0869010000000001   2.64e-05   5.9464274989274022e-06   
1.0869030000000002   2.88e-05   6.6412850162198781e-06   
1.086905   3.26e-05   4.8994330737795005e-06   
1.0869070000000001   2.74e-05   5.7738875792465667e-06   
1.0869090000000001   2.84e-05   2.9784410538251569e-06   
1.0869110000000002   2.56e-05   4.1718634259098708e-06   
1.086913   2.66e-05   3.7600236405876197e-06   
1.0869150000000001   2.98e-05   6.735973079914537e-06   
1.0869170000000001   2.98e-05   5.4360933685056506e-06   
1.086919   2.82e-05   4.496418327711266e-06   
1.086921   2.82e-05   4.168133075290823e-06   
1.0869230000000001   2.66e-05   3.3072311346166566e-06   
1.0869250000000001   2.3e-05   2.8790430508918912e-06   
1.086927   2.46e-05   4.331281565541543e-06   
1.086929   2.44e-05   4.4502184715409697e-06   
1.0869310000000001   3.1e-05   6.7741338109671918e-06   
1.0869330000000001   2.24e-05   5.3399958385335429e-06   
1.086935   3.08e-05   4.474123129483338e-06   
1.086937   2.42e-05   3.1333333333333333e-06   
1.0869390000000001   2.58e-05   4.2316269526822265e-06   
1.0869410000000002   3.12e-05   3.666060555964672e-06   
1.086943   2.44e-05   5.6395429286817602e-06   
1.0869450000000001   2.34e-05   3.944616584663204e-06   
1.0869470000000001   2.88e-05   5.6662744962335408e-06   
1.0869490000000002   2.38e-05   3.4826554364290604e-06   
1.086951   2.52e-05   3.5175749222061118e-06   
1.0869530000000001   2.36e-05   2.9028721409436322e-06   
1.0869550000000001   2.7e-05   4.6115796281390032e-06   
1.0869570000000002   3.22e-05   6.6962676171132826e-06   
1.086959   2.14e-05   2.3485219938411383e-06   
1.0869610000000001   2.52e-05   5.1138157095373618e-06   
1.0869630000000001   2.9e-05   4.5338235029118144e-06   
1.0869650000000002   3.32e-05   6.2907339264455728e-06   
1.086967   2.82e-05   6.0915241661399216e-06   
1.0869690000000001   2.52e-05   3.8666666666666667e-06   
1.0869710000000001   2.66e-05   5.1815913471528116e-06   
1.086973   1.92e-05   3.2138588781850532e-06   
1.086975   2.46e-05   4.0227132910788239e-06   
1.0869770000000001   2.92e-05   5.5633722786733508e-06   
1.0869790000000001   2.3e-05   3.7623869492059898e-06   
1.086981   2.56e-05   4.7777260979117112e-06   
1.086983   2.7e-05   4.0249223594996215e-06   
1.0869850000000001   2.92e-05   5.2340763803708057e-06   
1.0869870000000001   2.32e-05   3.3359989341858143e-06   
1.086989   2.34e-05   6.7596844107793474e-06   
1.086991   2.88e-05   5.8968918366655949e-06   
1.0869930000000001   2.72e-05   3.542754734823046e-06   
1.0869950000000002   2.96e-05   5.3814496188294841e-06   
1.086997   2.88e-05   5.6819402007100043e-06   
1.086999   3.12e-05   4.9638694583963426e-06   
