0.50882954214656695   5.4285096427676912e-07  1.2130561373221788e-09     
1.0176590842931339   5.9616009191913825e-07  9.447983916079428e-10     
1.5264886264397008   7.0431365359864551e-07  6.3362777969981793e-10     
2.0353181685862678   9.0045075929370642e-07  5.1456686280994419e-10     
2.544147710732835   1.2605068625614489e-06  1.5067590574407176e-09     
3.0529772528794017   1.9836110080164526e-06  1.0012042816384732e-09     
3.5618067950259684   3.690815068762364e-06  2.7562945812726669e-09     
4.0706363371725356   9.1051419369595214e-06  1.4275620608423807e-08     
4.5794658793191028   4.220880907290978e-05  9.3667050934534404e-08     
5.0882954214656699   196.9080599769633  4.9894527204338914e-05     
5.5971249636122362   6.7330574018223045e-05  1.4965103005565768e-07     
6.1059545057588034   2.2975219709690729e-05  3.5919839647369796e-08     
6.6147840479053706   1.4692494714369334e-05  1.5369518251855917e-08     
7.1236135900519368   1.2518793263316441e-05  8.4875808470009726e-09     
7.632443132198504   1.2839222971685023e-05  1.5159754458614664e-08     
8.1412726743450712   1.5465014539355869e-05  7.5224416213589801e-09     
8.6501022164916375   2.263314404058889e-05  1.3862254342550176e-08     
9.1589317586382055   4.5247610293451165e-05  6.763090810129579e-08     
9.6677613007847718   0.00017780334193664965  3.8637808716490014e-07     
10.17659084293134   187.82385848994503  0.00019346136711864186     
10.685420385077906   0.00024745023687657803  5.4079551153123655e-07     
11.194249927224472   8.3824417793016049e-05  1.2806855446482365e-07     
11.70307946937104   5.3359505163709604e-05  6.2435328841452474e-08     
12.211909011517607   4.4610479930085569e-05  3.6072648724782013e-08     
12.720738553664173   4.3734925333152156e-05  5.3406237998949269e-08     
13.229568095810741   4.8616004250077158e-05  2.6432378691746526e-08     
13.738397637957307   6.348762420597633e-05  3.4069774956182725e-08     
14.247227180103874   0.00011085942572613461  1.5155947455718598e-07     
14.756056722250442   0.00038599476786045794  8.0773175606913698e-07     
15.264886264397008   173.31031161112798  0.00041292214874727599     
15.773715806543576   0.00053493990306391064  1.136500728780645e-06     
16.282545348690142   0.00019374302928452586  2.8999116659738987e-07     
16.79137489083671   0.00012988007254493436  1.6417906142099853e-07     
17.300204432983275   0.00011125901545038524  1.0354448275668975e-07     
17.809033975129843   0.00010833045911234308  1.4250918419412953e-07     
18.317863517276411   0.0001153225738540904  7.5320091774088323e-08     
18.826693059422976   0.00013851110274528925  7.6259477297812616e-08     
19.335522601569544   0.00021298201865218973  2.584138221733066e-07     
19.844352143716112   0.00064277804866052511  1.2690549716151649e-06     
20.35318168586268   154.26656088608552  0.00068047230275568444     
20.862011228009244   0.00091359858239288633  1.8643999691131825e-06     
21.370840770155812   0.00036464097396404142  5.3933134410031224e-07     
21.87967031230238   0.00026089570631832979  3.466891974690055e-07     
22.388499854448945   0.00023077789011441784  2.3709686266558431e-07     
22.897329396595513   0.00022558196046470055  3.2032744159611028e-07     
23.406158938742081   0.000234157071878381  1.7978972091226228e-07     
23.914988480888645   0.00026468230587500799  1.6741696421693343e-07     
24.423818023035214   0.00036329124811614262  3.924780998850076e-07     
24.932647565181782   0.00092637695928612602  1.6838523855842935e-06     
25.441477107328346   131.87196307075727  0.00096086515414913922     
25.950306649474914   0.0013593086033551662  2.6301871318305159e-06     
26.459136191621482   0.00060782391815020656  8.9651264720883237e-07     
26.967965733768047   0.00046394067401311258  6.353766758643234e-07     
27.476795275914615   0.00042292952492355709  4.6445531204970361e-07     
27.985624818061183   0.00041619149914864748  6.2831297420690959e-07     
28.494454360207747   0.00042568318428054196  3.6862693964302697e-07     
29.003283902354315   0.0004613752277082062  3.4078665296384763e-07     
29.512113444500883   0.00057686856190065527  5.8389054264606343e-07     
30.020942986647452   0.0012222762317513084  1.9919952382330888e-06     
30.529772528794016   107.51264500612583  0.0012147131622912726     
31.038602070940584   0.0018437939586594975  3.3356827754853576e-06     
31.547431613087152   0.00093207690668708777  1.3795998834757521e-06     
32.05626115523372   0.0007545793098460228  1.0503380336673516e-06     
32.565090697380285   0.00070574846749124839  8.102997717566362e-07     
33.073920239526849   0.00069933008496149689  1.104258718725247e-06     
33.582749781673421   0.00070928148504493078  6.6962426322847135e-07     
34.091579323819985   0.00074752255341125194  6.3032802490679778e-07     
34.60040886596655   0.00087041009893118888  8.8939718481345574e-07     
35.109238408113121   0.0015276982021214419  2.188928801132685e-06     
35.618067950259686   82.695216304646878  0.0014022264519198421     
36.12689749240625   0.0023393484331256732  3.901676704157202e-06     
36.635727034552822   0.0013419537988465386  1.9984211735896068e-06     
37.144556576699387   0.0011435726853933051  1.6021139545005601e-06     
37.653386118845951   0.0010923223335014508  1.291771519064222e-06     
38.162215660992523   0.0010892738575975561  1.7755986021448216e-06     
38.671045203139087   0.001099842091664572  1.1052266808549296e-06     
39.179874745285652   0.0011385679856542667  1.0671561577981676e-06     
39.688704287432223   0.0012600304583445876  1.3696919995548526e-06     
40.197533829578788   0.0018548673688504077  2.3545421329697662e-06     
40.706363371725359   58.953033487727579  0.0014870683118972418     
41.215192913871924   0.0028239366049900913  4.2941313672932803e-06     
41.724022456018488   0.0018364616490837242  2.7497992869728975e-06     
42.23285199816506   0.0016343993516627065  2.2883078245783385e-06     
42.741681540311625   0.0015879005164004002  1.914493629203918e-06     
43.250511082458189   0.0015923385043888125  2.6533862155745884e-06     
43.759340624604761   0.0016046979303511212  1.6883376323105303e-06     
44.268170166751325   0.0016435402056075249  1.6752780950807679e-06     
44.77699970889789   0.001758867431076429  2.0676604518359854e-06     
45.285829251044461   0.0022325100588472245  2.647460113510835e-06     
45.794658793191026   37.750871696718713  0.0014399911042990665     
46.30348833533759   0.0032860045308183199  4.5498135917310761e-06     
46.812317877484162   0.0024082942118389225  3.6148121202994114e-06     
47.321147419630726   0.0022214307137566895  3.0914609693450927e-06     
47.829976961777291   0.0021876817788527828  2.6695747654319993e-06     
48.338806503923863   0.0022044823302957026  3.7276365447199065e-06     
48.847636046070427   0.0022211636885357208  2.4188388905751674e-06     
49.356465588216992   0.0022625843930261006  2.4672698066445912e-06     
49.865295130363563   0.0023747272338035832  3.0028642592233115e-06     
50.374124672510128   0.0027052071480211268  3.2113451087443277e-06     
50.882954214656692   20.393955266869401  0.0012419321147919406     
