0.25441477107328347   3.3041408189268167e-05  2.6495726169908136e-07     
0.50882954214656695   3.3156416601876398e-05  2.7947075469504377e-07     
0.76324431321985042   3.3081639586327591e-05  3.20217533799429e-07     
1.0176590842931339   3.3114784762431306e-05  3.2980851407703443e-07     
1.2720738553664175   3.3420205446153218e-05  3.7829794379736602e-07     
1.5264886264397008   3.4207886898177371e-05  4.3931282094311195e-07     
1.7809033975129842   3.5789339351900834e-05  5.206712664182333e-07     
2.0353181685862678   3.8613213512642471e-05  6.2896314837097509e-07     
2.2897329396595514   4.3498990551382087e-05  7.7504900359738908e-07     
2.544147710732835   5.1605027677274783e-05  9.4685203371799257e-07     
2.7985624818061181   6.4868900770674638e-05  1.158722823431572e-06     
3.0529772528794017   8.6604017451196065e-05  1.4176143471676873e-06     
3.3073920239526853   0.00012290754049824099  1.7990396974064167e-06     
3.5618067950259684   0.00018530638469060219  2.3948234101466759e-06     
3.816221566099252   0.00029913498371268064  3.4039028250425171e-06     
4.0706363371725356   0.00052675836545490725  5.2642604427217669e-06     
4.3250511082458187   0.0010555889690078328  1.0223235543855375e-05     
4.5794658793191028   0.0026650994679350702  2.2383379087387075e-05     
4.8338806503923859   0.01177689850316783  9.3764726830275919e-05     
5.0882954214656699   399.93119601845971  0.00050368800667415304     
5.3427101925389531   0.014753799148897052  0.00011912251930890842     
5.5971249636122362   0.0040414852666878823  3.4176843022697811e-05     
5.8515397346855202   0.0019561118343955518  1.8919300109556588e-05     
6.1059545057588034   0.0011986783175669021  1.1894872271495482e-05     
6.3603692768320865   0.00083981827326423619  9.4543406932171377e-06     
6.6147840479053706   0.00064538348358398007  8.2342162235505918e-06     
6.8691988189786537   0.000534585068499567  7.727723677524321e-06     
7.1236135900519368   0.00047438033662367902  7.6869059031075958e-06     
7.3780283611252209   0.00045228671665834343  8.0358367285267836e-06     
7.632443132198504   0.00046432033387676846  8.516567209495114e-06     
7.886857903271788   0.00051417679758729826  9.2046803122145992e-06     
8.1412726743450712   0.00061371912390628325  1.0092221212336969e-05     
8.3956874454183552   0.00078835211058716257  1.1606781522038499e-05     
8.6501022164916375   0.0010870788183447908  1.41342316191949e-05     
8.9045169875649215   0.0016191550098250929  1.8517846327056544e-05     
9.1589317586382055   0.0026502934319186391  2.6571187827458546e-05     
9.4133465297114878   0.0049670563724064157  4.8119192006263035e-05     
9.6677613007847718   0.0117827164709526  9.8575049783190029e-05     
9.9221760718580558   0.048976743724025153  0.00038703665591884594     
10.17659084293134   399.7248548799951  0.00201363295946109     
10.431005614004622   0.056926143741910639  0.00046263672382684222     
10.685420385077906   0.014833067458728408  0.00012580832095975019     
10.93983515615119   0.0068756571156571374  6.6430276371040183e-05     
11.194249927224472   0.004049591757212097  4.0030115804751413e-05     
11.448664698297756   0.0027341228098874969  3.0604846780213003e-05     
11.70307946937104   0.0020290457456167263  2.5712538754620825e-05     
11.957494240444323   0.0016258565765763731  2.3346348409538292e-05     
12.211909011517607   0.0013977245426147429  2.2524167623425556e-05     
12.466323782590891   0.0012927487614601552  2.2895977101910845e-05     
12.720738553664173   0.0012890849891255123  2.3628817709778604e-05     
12.975153324737457   0.0013885083245580437  2.4903361118057485e-05     
13.229568095810741   0.0016145276171581556  2.6664022271351229e-05     
13.483982866884023   0.0020235378463084501  2.9957754190402535e-05     
13.738397637957307   0.0027265802762545874  3.5657455582969018e-05     
13.992812409030591   0.0039737243199640508  4.5666708922879951e-05     
14.247227180103874   0.0063713386073525607  6.4068665231652936e-05     
14.501641951177158   0.011705509783069476  0.00011340364929748372     
14.756056722250442   0.02722031823480126  0.00022677245030100062     
15.010471493323726   0.11060463645644091  0.00086726095812481734     
15.264886264397008   399.38118888119783  0.0045264782740836878     
15.519301035470292   0.12751306291972416  0.0010427699735675222     
15.773715806543576   0.032538766728064231  0.00027671446230926313     
16.02813057761686   0.014836904922077558  0.00014315981812087763     
16.282545348690142   0.0086087254616480121  8.4748530318003015e-05     
16.536960119763425   0.0057300525185845796  6.3761898655330634e-05     
16.79137489083671   0.0041939799159915417  5.2773957085154402e-05     
17.045789661909993   0.0033151140989352294  4.7273124564519754e-05     
17.300204432983275   0.0028116349629924966  4.5045894145506038e-05     
17.554619204056561   0.0025656919108219186  4.5283293616549679e-05     
17.809033975129843   0.0025245683138526316  4.6229368387465791e-05     
18.063448746203125   0.002684263978544043  4.8217851041699552e-05     
18.317863517276411   0.0030828200230938096  5.1116048845142708e-05     
18.572278288349693   0.0038189120343251842  5.6835647347369754e-05     
18.826693059422976   0.0050895668568480613  6.6930923446120317e-05     
19.081107830496261   0.0073412086063494594  8.4757484714874627e-05     
19.335522601569544   0.011654560923180152  0.00011752155809465087     
19.589937372642826   0.02120379405616127  0.0002053813058582412     
19.844352143716112   0.048801671801274076  0.00040473775528509176     
20.098766914789394   0.19561566811655459  0.0015214344868802014     
20.35318168586268   398.90055144376506  0.008036641341284662     
20.607596456935962   0.22745124783398409  0.0018710971129678574     
20.862011228009244   0.057276853789846265  0.00048823264832578411     
21.11642599908253   0.025879076101915503  0.0002493080868850918     
21.370840770155812   0.0148955856272481  0.00014600433987851025     
21.625255541229095   0.009839195146146123  0.00010881674927319588     
21.87967031230238   0.0071475074222018475  8.9285128814078149e-05     
22.134085083375663   0.0056067926306906512  7.9375504248678451e-05     
22.388499854448945   0.0047182568340000311  7.5130107978847024e-05     
22.642914625522231   0.0042712074857309766  7.5098883157441956e-05     
22.897329396595513   0.0041687773729908728  7.6237177161647747e-05     
23.151744167668795   0.0043971699342605372  7.9084035125834981e-05     
23.406158938742081   0.0050116285271481991  8.3403167863206316e-05     
23.660573709815363   0.006163986530287054  9.2194037799642702e-05     
23.914988480888645   0.0081605441857043473  0.00010788777921732829     
24.169403251961931   0.011698169383979538  0.00013565824487213391     
24.423818023035214   0.018461796616211978  0.00018664337423681368     
24.678232794108496   0.03338979997076832  0.00032327070135223039     
24.932647565181782   0.076340568207711566  0.00063009054713377725     
25.187062336255064   0.30295030724362262  0.0023364218085563175     
25.441477107328346   398.28343650660588  0.012536327545208817     
25.695891878401632   0.35764880417407212  0.0029587553739485303     
25.950306649474914   0.089152558648766972  0.00076148689773792132     
26.204721420548196   0.040035262906979666  0.0003849657288383388     
26.459136191621482   0.02292623080445498  0.00022369211719279261     
26.713550962694764   0.015070956579304108  0.00016561986986983498     
26.967965733768047   0.010895452789761814  0.00013508012598319798     
27.222380504841333   0.0085042306707124371  0.0001194923763869567     
27.476795275914615   0.0071188793690954087  0.0001126282827485802     
27.731210046987897   0.0064086671609763857  0.00011221757650504686     
27.985624818061183   0.0062190606700154893  0.00011354476569425035     
28.240039589134465   0.0065222900959662347  0.00011741087458433464     
28.494454360207747   0.0073932486040622018  0.00012345225170144726     
28.748869131281033   0.0090473716661700185  0.00013595657265869652     
29.003283902354315   0.011922818505669201  0.00015842821889482587     
29.257698673427601   0.017019442024860386  0.00019819893769001784     
29.512113444500883   0.026752178115336136  0.00027109828041992324     
29.766528215574166   0.048186701862798888  0.00046620919002122541     
30.020942986647452   0.10964140858032066  0.0009003214310049371     
30.275357757720734   0.43153673784607746  0.0032990059118058942     
30.529772528794016   397.53047767689224  0.018015552086884411     
30.784187299867302   0.51898299282848366  0.0043163951189347648     
31.038602070940584   0.12825765220566961  0.001097378459501224     
31.293016842013866   0.057332282096487533  0.00055011127275548601     
31.547431613087152   0.032713196997150561  0.00031764611613657145     
31.801846384160434   0.021432515285507728  0.00023398114149633435     
32.05626115523372   0.015442114095549138  0.00018996098962513664     
32.310675926306999   0.01200965142742766  0.00016743474496693129     
32.565090697380285   0.010013925429154174  0.00015736603238151943     
32.819505468453571   0.0089767201940005283  0.00015648851528943106     
33.073920239526849   0.0086721130605150664  0.00015801871015860592     
33.328335010600135   0.0090540393364522926  0.00016308080620576808     
33.582749781673421   0.010219261983176437  0.00017116247446601484     
33.8371645527467   0.01245681186315268  0.00018801728042217448     
34.091579323819985   0.016358550152552201  0.000218419956103073     
34.345994094893271   0.023278217372226006  0.00027217232200622176     
34.60040886596655   0.036482266751483525  0.00037050327301104638     
34.854823637039836   0.065513205028843462  0.00063325815596257888     
35.109238408113121   0.14849980656452648  0.0012128059988740306     
35.3636531791864   0.58029318519361622  0.0043959383767888792     
35.618067950259686   396.64244714210933  0.024462167838686958     
35.872482721332972   0.71229800620187783  0.0059541315832090641     
36.12689749240625   0.17467005875305282  0.0014965772372097832     
36.381312263479536   0.077790543754349416  0.00074460894851412359     
36.635727034552822   0.044265431660901849  0.00042763982692836979     
36.890141805626101   0.028928782292644934  0.00031367018950699866     
37.144556576699387   0.020790237089379465  0.00025369840170766788     
37.398971347772672   0.016124146570273223  0.00022298651709316546     
37.653386118845951   0.013402943040143662  0.00020914391052799388     
37.907800889919237   0.011973292083966931  0.00020773584166655598     
38.162215660992523   0.011523981875148626  0.00020950024916309825     
38.416630432065801   0.011986197881290378  0.00021595026213251369     
38.671045203139087   0.013480560870585363  0.0002264057333908366     
38.925459974212373   0.01637922282357312  0.00024824100901217855     
39.179874745285652   0.021448809223695039  0.00028769881580031187     
39.434289516358938   0.030446126638642079  0.00035733503011887565     
39.688704287432223   0.04760619071023076  0.00048443049126722609     
39.943119058505502   0.085283802018573081  0.00082340844333691927     
40.197533829578788   0.19270320507234026  0.0015648190768807343     
40.451948600652074   0.74813022336598292  0.0056139888351415473     
40.706363371725359   395.62025434579652  0.031861898341851112     
40.960778142798638   0.93840278626721894  0.0078814978186620356     
41.215192913871924   0.2284535008655777  0.0019595140949445323     
41.46960768494521   0.10142393637334705  0.00096820694197131471     
41.724022456018488   0.057588236887101258  0.00055338575897614188     
41.978437227091774   0.037562366884706192  0.00040441685968130624     
42.23285199816506   0.026940993100419282  0.00032603247032085845     
42.487266769238339   0.020847662603575847  0.00028590539566436424     
42.741681540311625   0.017284598803048342  0.00026773831508907709     
42.99609631138491   0.015395584677367381  0.00026575949633196534     
43.250511082458189   0.014770074239549523  0.00026780600520589329     
43.504925853531475   0.015311926794124914  0.00027585030719808546     
43.759340624604761   0.017167373346806541  0.00028902719326373975     
44.013755395678039   0.020800730172740662  0.00031646398905517157     
44.268170166751325   0.027173633241953982  0.00036606945393782073     
44.522584937824611   0.038493329284373287  0.00045340875577454178     
44.77699970889789   0.060075787735099625  0.000612409661294457     
45.031414479971176   0.10740903691330659  0.0010355859739379621     
45.285829251044461   0.24203150530685786  0.0019535491901763209     
45.54024402211774   0.93395305901260972  0.006939993559606351     
45.794658793191026   394.46494443018901  0.040198377276060383     
46.049073564264312   1.1980688903735847  0.010107399039994361     
46.30348833533759   0.28965717810214727  0.0024863740909797428     
46.557903106410876   0.12823972870990409  0.0012205361002666504     
46.812317877484162   0.072683222030226854  0.00069453545554656247     
47.066732648557441   0.047333548172752373  0.00050591183417353035     
47.321147419630726   0.033893960834414916  0.00040667362349417202     
47.575562190704012   0.026178989931335945  0.00035592387095543708     
47.829976961777291   0.021656673235993575  0.00033290249214418766     
48.084391732850577   0.019240077733655194  0.00033033611988085862     
48.338806503923863   0.018405165575865451  0.0003327288153697211     
48.593221274997141   0.019023784517101928  0.00034258739031301927     
48.847636046070427   0.02126928985737322  0.00035884595107425324     
49.102050817143713   0.025706709418295271  0.00039249451995709093     
49.356465588216992   0.033512086614281442  0.00045330620028709628     
49.610880359290277   0.047388603566842935  0.00056008156223860799     
49.865295130363563   0.073840752077945591  0.00075393065831977612     
50.119709901436842   0.13179577667431049  0.0012686575241399771     
50.374124672510128   0.29625770601610763  0.0023761131798286449     
50.628539443583414   1.1366637859033716  0.0083609030309603483     
50.882954214656692   393.17769644960093  0.049453193350207762     
